#################################### 
# Matrix Size= (39.9997,23.9997,39.9995)
# Resol      = (40,24,40)
# VoxelSize  = (0.999993,0.999989,0.999989)
# nbVal      = 38400
#################################### 
0 0 0 0 0 0 0 0 0 0 0 0 0 2 0 1 0 0 0 1 0 1 1 0 0 1 0 0 0 0 0 0 0 0 0 1 0 0 0 0 
1 0 0 0 0 0 0 0 0 0 0 0 0 0 0 1 0 0 0 0 0 0 0 0 0 0 1 2 0 2 0 0 0 0 0 0 0 0 0 0 
0 0 0 0 0 0 0 0 0 0 1 0 0 1 0 0 0 0 0 0 0 0 0 0 0 0 0 1 0 1 0 0 0 0 0 0 0 0 0 0 
0 0 0 0 0 0 0 0 0 0 0 0 0 0 0 1 1 0 0 0 0 0 1 0 0 0 0 1 1 0 0 0 0 0 0 0 0 0 0 0 
0 0 1 0 0 0 0 0 0 0 0 1 0 0 0 0 0 0 1 1 0 0 0 1 0 0 0 1 0 0 1 0 0 0 1 0 0 0 0 0 
0 0 0 0 0 0 0 0 0 0 0 0 0 0 0 0 0 0 0 0 0 1 0 0 0 1 0 0 0 0 0 0 0 0 0 0 0 0 0 0 
0 0 0 0 0 0 0 0 0 0 0 0 0 1 0 1 0 1 0 0 0 0 0 0 2 5 0 0 0 0 0 0 0 0 1 0 0 0 0 0 
0 0 0 0 1 0 0 0 0 0 1 0 1 0 0 2 0 1 0 0 1 1 1 3 0 0 1 1 0 0 0 0 0 0 0 0 0 0 0 0 
1 0 0 0 0 0 0 0 0 0 0 0 0 0 0 0 0 0 0 0 0 0 0 1 0 1 0 2 0 1 2 0 0 0 0 0 0 0 0 0 
0 0 0 0 0 0 1 0 0 0 0 0 0 0 0 2 0 0 1 0 2 1 0 0 0 1 0 0 0 0 0 0 1 0 0 0 0 0 0 0 
0 0 0 0 0 0 0 0 0 0 1 1 0 1 0 0 2 1 0 1 0 0 2 2 0 0 1 0 0 0 0 0 0 0 0 0 0 0 0 0 
0 0 0 0 0 0 0 0 0 0 0 0 0 0 0 0 0 0 0 0 0 0 0 0 0 0 0 0 0 0 0 0 0 0 0 0 0 0 0 0 
0 0 0 0 0 0 0 0 0 0 0 0 0 0 0 0 0 2 0 1 0 0 0 0 1 0 0 0 0 0 0 0 0 0 0 0 0 0 0 0 
0 0 0 0 0 0 0 0 1 0 0 0 1 0 0 2 0 2 3 2 0 0 1 1 0 0 0 0 0 0 0 0 0 0 0 0 0 0 0 0 
0 0 0 0 0 0 0 0 0 0 0 0 0 0 0 0 0 0 0 0 0 0 0 0 0 2 0 0 0 0 0 0 0 0 1 0 0 0 0 0 
0 0 0 0 0 0 0 0 0 0 0 0 0 0 0 1 0 1 2 0 0 1 0 1 0 1 0 1 0 0 1 0 0 0 0 0 0 0 0 0 
0 0 0 1 0 0 0 0 0 0 0 0 0 0 0 1 0 1 1 1 1 0 0 1 1 1 1 0 0 0 0 0 0 0 0 0 0 0 0 0 
0 0 0 0 0 0 0 0 0 0 0 0 0 0 0 0 0 1 0 1 0 0 0 1 0 0 0 0 1 0 0 0 0 0 0 0 0 0 0 0 
0 0 0 0 0 0 0 0 0 0 0 0 0 0 0 0 0 1 0 0 0 0 0 2 0 0 0 0 0 0 0 0 0 0 0 0 0 0 0 0 
0 0 0 0 0 0 0 0 0 0 0 0 0 0 0 0 1 0 0 2 0 2 2 0 0 0 0 0 0 0 0 0 0 0 0 0 0 0 0 0 
0 0 0 0 0 0 0 0 0 0 0 0 0 0 0 0 0 0 0 0 1 0 0 1 2 0 0 0 0 0 0 0 0 0 0 0 0 0 0 0 
0 0 0 0 0 0 0 0 0 0 0 0 0 0 0 1 0 0 0 0 1 0 1 0 1 1 0 0 1 0 0 0 0 0 0 0 0 0 0 0 
0 0 0 0 0 0 0 0 0 1 0 2 0 0 1 1 2 1 1 1 0 1 1 0 2 0 0 0 0 0 0 0 0 0 0 1 0 0 0 0 
0 0 0 0 0 0 0 0 0 0 0 0 0 0 0 0 0 0 1 0 0 0 0 0 0 0 0 0 0 0 0 0 0 0 0 0 0 0 0 0 

0 0 0 1 0 0 0 0 0 0 0 0 1 0 0 0 0 0 0 0 0 0 0 0 0 0 0 2 0 0 0 0 0 0 0 0 0 0 0 0 
0 0 0 0 0 0 0 0 0 0 1 0 0 2 0 0 1 0 0 1 0 2 0 0 0 0 0 1 0 1 0 0 0 0 0 0 0 0 0 0 
0 0 0 0 0 0 0 0 0 0 0 0 0 0 0 2 0 0 0 0 0 0 1 0 0 0 0 0 0 0 0 0 0 0 0 0 0 0 0 0 
0 0 0 0 0 0 0 0 0 0 0 0 0 0 0 1 1 0 0 0 0 1 0 0 0 1 0 1 0 0 0 0 0 0 0 0 0 0 0 0 
0 0 0 0 0 0 0 0 0 0 1 0 0 1 0 1 0 1 0 0 0 1 0 0 1 0 0 0 0 0 0 0 0 0 0 0 0 0 0 0 
0 0 0 0 0 0 0 0 0 0 0 0 0 0 0 0 1 0 0 0 0 0 0 0 0 2 0 0 0 0 0 0 0 0 0 0 0 0 0 0 
1 0 0 0 0 0 0 0 0 0 0 0 0 0 0 1 0 0 0 0 0 0 0 0 0 0 1 0 0 0 0 1 0 0 0 0 0 0 0 0 
0 0 0 0 0 0 0 1 0 0 0 0 0 0 0 0 1 0 1 0 0 1 0 0 1 2 1 0 0 0 0 0 0 0 0 0 0 0 0 0 
0 0 0 0 0 0 0 0 0 0 0 0 0 0 0 0 1 0 0 0 0 0 0 0 1 1 0 0 0 0 0 1 0 0 0 0 0 0 0 0 
0 0 0 0 0 0 0 0 0 0 0 0 0 0 0 0 0 1 0 0 1 0 1 0 1 0 1 0 1 0 0 0 0 0 0 0 0 0 0 0 
0 0 0 0 0 0 0 0 0 0 0 0 0 0 0 1 0 0 0 1 0 0 1 0 0 0 0 0 1 1 0 0 0 0 1 0 0 0 0 0 
0 0 0 0 0 0 0 0 0 0 0 0 0 0 0 0 0 1 1 0 0 0 0 0 0 0 0 0 0 0 0 0 0 0 0 0 0 0 0 0 
0 0 0 0 0 0 0 0 0 0 0 0 1 0 0 1 0 1 1 0 1 0 1 0 0 0 0 0 0 0 0 0 0 1 0 0 0 0 0 0 
0 0 0 0 0 0 0 0 0 0 0 0 1 0 0 1 2 0 0 0 2 1 0 0 1 0 0 0 0 0 0 0 0 0 0 0 0 0 0 0 
0 0 0 0 0 0 0 0 0 1 0 0 0 0 0 0 0 0 0 0 0 0 0 1 0 0 1 0 0 0 0 0 0 0 0 0 0 0 0 0 
0 0 0 0 0 0 0 0 0 0 0 0 0 0 0 0 0 0 0 0 1 0 0 0 0 0 0 0 0 0 0 0 1 0 0 0 0 0 0 0 
0 0 0 0 0 0 0 0 0 0 0 0 0 0 0 1 1 0 1 0 0 1 1 0 1 1 0 0 0 0 0 0 0 0 1 0 0 0 0 0 
0 0 0 0 0 0 0 0 0 0 0 0 0 0 0 0 1 1 0 0 0 0 0 1 2 0 0 0 0 0 0 0 0 0 0 0 0 0 0 0 
0 0 0 0 0 0 0 0 0 0 0 0 0 0 0 0 1 0 0 0 0 2 0 0 1 0 0 0 0 0 0 0 0 0 0 0 0 0 0 0 
0 0 0 0 0 0 0 0 0 0 0 0 0 1 1 0 1 1 2 1 0 0 0 1 0 0 0 0 0 0 0 0 0 0 0 0 0 0 0 0 
0 0 0 0 0 0 0 0 0 0 0 0 0 0 0 0 0 0 0 0 1 0 1 0 0 0 0 0 0 0 0 0 0 0 0 1 0 0 0 0 
0 0 0 0 0 0 0 0 0 0 0 0 0 0 0 0 0 1 1 0 0 0 0 0 0 0 0 0 0 0 0 0 0 0 0 0 1 0 0 0 
0 0 0 0 0 0 0 0 0 0 0 0 0 0 1 1 0 0 1 0 0 0 0 0 1 0 0 0 0 0 0 0 0 0 0 0 0 1 0 0 
0 0 0 0 0 0 0 0 0 0 0 0 0 0 0 0 0 0 0 0 0 0 0 0 0 0 0 0 0 0 0 0 0 0 0 0 0 0 0 0 

0 0 0 0 0 0 0 0 0 0 0 0 1 1 0 0 0 1 0 0 0 0 0 0 0 0 1 0 0 0 1 0 0 0 0 0 0 0 0 0 
0 0 0 0 0 1 0 0 0 0 0 0 0 1 1 1 0 0 0 0 2 0 0 0 0 0 0 0 0 2 0 0 0 0 0 0 0 0 0 0 
0 0 0 0 0 0 0 0 0 0 0 0 0 0 0 0 0 0 0 0 0 0 0 0 0 2 0 1 0 0 0 0 0 0 0 0 0 0 0 0 
0 0 0 0 0 0 0 0 0 0 1 0 0 0 0 0 1 1 0 0 0 1 0 1 0 0 0 1 0 0 2 0 0 0 0 0 0 0 0 0 
0 0 0 0 0 0 0 1 0 0 0 0 2 0 2 0 1 0 0 1 1 1 0 2 0 0 1 2 0 0 0 1 0 0 0 0 0 0 1 0 
0 0 0 0 0 0 0 0 0 0 0 0 0 0 1 0 1 1 0 0 1 0 0 0 0 0 0 0 0 1 0 0 0 0 0 0 0 0 0 0 
0 0 0 1 0 0 0 0 0 0 0 0 0 0 0 1 1 0 0 0 0 0 0 0 0 1 0 1 0 0 0 1 0 0 1 0 0 0 0 0 
0 0 0 0 0 0 0 0 0 0 0 0 0 0 0 1 0 0 1 1 0 0 0 2 0 3 2 1 2 0 1 0 0 0 0 0 0 0 0 0 
0 0 0 0 0 0 0 0 0 0 0 0 0 0 0 0 0 0 0 0 0 0 0 0 0 1 0 0 0 0 0 0 0 1 0 0 0 0 0 0 
0 0 0 0 0 0 0 0 0 0 0 0 0 1 1 0 1 0 1 0 0 1 0 0 0 0 0 0 0 0 0 0 0 0 0 0 0 0 0 0 
1 0 0 0 0 0 0 0 0 0 0 1 0 0 0 1 0 0 0 1 0 0 1 1 1 1 2 0 0 0 0 0 0 0 0 1 0 0 0 0 
0 0 0 0 0 0 0 0 0 0 0 0 0 1 0 0 0 0 0 1 0 0 0 0 0 0 0 0 0 0 0 0 0 0 0 0 0 0 0 0 
0 0 0 0 0 0 0 0 0 0 0 0 0 0 0 0 1 0 0 1 0 1 0 1 0 0 0 0 0 0 0 0 0 0 0 0 0 0 0 0 
0 0 0 0 0 0 0 0 0 0 0 0 0 1 2 1 1 1 0 0 2 0 0 0 0 0 1 0 0 0 0 0 0 0 0 0 0 0 0 0 
0 0 0 0 0 0 0 0 0 0 0 0 0 0 0 0 0 1 0 0 0 0 0 0 0 1 1 0 0 1 0 0 0 0 0 0 0 0 0 0 
0 0 0 0 0 0 0 0 0 0 0 0 0 0 0 0 1 0 1 0 0 0 0 0 0 0 0 0 0 0 0 0 0 0 0 0 0 0 0 0 
0 0 0 0 0 0 0 0 0 0 0 1 0 0 0 0 1 0 0 0 1 0 1 1 0 0 0 0 0 0 0 0 0 0 0 0 0 0 0 0 
0 0 0 0 0 0 0 0 0 0 0 0 0 0 0 0 0 0 0 0 1 1 0 1 0 0 0 0 0 0 0 0 0 0 0 0 0 0 0 0 
0 0 0 0 0 0 0 0 0 0 0 0 0 0 0 0 0 0 1 0 1 0 0 0 1 1 0 0 0 0 0 0 0 1 0 0 0 0 0 0 
0 0 0 0 0 0 0 0 0 0 0 0 0 1 0 0 0 0 2 0 0 2 1 0 1 0 0 0 0 0 0 0 0 0 0 0 0 0 0 0 
0 0 0 0 0 0 0 0 0 1 0 0 0 0 0 0 0 0 0 0 0 1 1 2 0 0 0 1 0 0 0 0 0 0 0 0 0 0 0 0 
0 0 0 0 0 0 0 0 0 0 0 0 0 0 0 0 0 0 0 1 0 0 1 0 0 0 0 0 0 0 0 0 0 0 0 0 0 0 0 0 
0 0 0 0 0 0 0 0 0 0 0 0 0 0 0 0 0 0 0 0 0 1 0 0 1 0 0 0 0 0 0 0 0 0 0 0 0 0 0 0 
0 0 0 0 0 0 0 0 0 0 0 0 0 0 0 0 0 0 0 1 0 0 0 0 0 0 0 0 0 0 0 0 0 0 0 0 0 0 0 0 

0 0 0 0 0 0 0 0 0 0 0 1 0 0 0 2 0 0 0 1 0 0 0 0 0 0 0 1 0 0 0 0 0 0 0 0 0 0 0 0 
0 0 0 0 1 0 0 0 0 0 0 0 0 2 0 0 0 1 1 0 1 0 1 0 1 0 0 0 0 1 0 0 0 0 0 0 0 0 0 0 
0 0 0 0 0 0 0 0 0 0 0 0 0 0 1 0 0 1 0 0 0 0 0 0 0 0 0 0 0 0 0 1 0 0 0 0 0 0 0 0 
0 0 0 0 0 0 0 0 0 0 0 1 0 2 0 0 2 0 0 2 0 0 0 1 0 0 0 0 2 0 0 0 0 0 0 0 0 0 0 0 
0 0 0 0 0 0 0 0 0 0 0 1 1 0 0 1 1 0 0 0 1 1 0 0 0 1 0 2 1 0 0 0 0 0 0 0 0 0 0 1 
0 0 0 0 0 0 0 0 0 0 0 0 0 0 0 0 0 0 0 1 0 0 0 0 0 1 0 0 0 1 1 0 0 0 0 0 0 0 0 0 
1 0 0 0 0 0 0 0 0 0 0 0 0 0 0 0 1 0 1 0 0 0 0 0 1 0 1 0 0 0 0 0 0 0 0 0 0 0 0 0 
0 0 0 0 0 0 0 1 0 0 0 0 0 0 0 0 1 0 0 0 2 2 0 4 3 0 4 1 0 0 0 0 0 0 0 0 0 0 0 0 
0 0 0 0 0 0 0 0 1 0 0 0 0 0 0 0 0 0 0 0 0 0 0 1 0 1 1 0 0 0 1 0 0 0 0 0 0 0 0 0 
0 0 0 0 0 0 0 0 0 0 0 0 0 0 0 0 0 0 1 0 0 0 1 0 0 0 0 0 0 0 0 0 0 0 0 1 0 0 1 0 
1 0 0 0 0 0 0 0 0 0 0 1 0 0 1 0 1 0 0 0 1 1 0 0 2 3 0 0 0 0 0 0 0 0 0 0 0 0 0 0 
0 0 0 0 0 0 0 0 0 0 0 1 1 0 0 0 0 0 1 0 0 0 1 1 0 0 0 0 0 1 0 0 0 0 0 0 0 0 0 0 
0 0 0 0 0 0 0 0 0 0 0 0 0 0 0 1 0 1 0 0 1 0 0 0 0 0 1 0 0 1 0 0 0 1 0 0 0 0 0 0 
0 0 0 0 0 0 0 0 0 0 0 0 0 1 1 0 0 0 0 0 0 1 1 1 1 2 0 1 0 0 1 0 0 0 0 0 0 0 0 0 
0 0 0 0 0 0 0 0 0 0 0 0 0 0 0 0 2 0 0 0 0 0 0 1 1 1 0 0 1 1 0 0 0 0 0 0 0 0 0 0 
0 0 0 0 0 0 0 0 0 0 0 1 0 0 0 0 0 0 0 0 0 0 0 1 0 0 0 0 0 0 0 0 0 0 0 0 0 0 0 0 
0 0 0 0 0 0 0 0 0 0 0 0 0 0 0 2 2 1 2 0 1 0 0 2 1 2 0 0 0 0 0 0 0 0 0 0 0 0 0 1 
0 0 0 0 0 0 0 0 0 0 1 0 0 0 0 1 1 0 0 0 0 1 0 0 1 1 0 0 0 0 0 1 0 0 0 0 0 0 0 0 
0 0 0 0 0 0 0 0 0 0 0 0 0 0 0 2 1 0 0 0 0 1 1 0 1 0 0 0 0 0 0 0 0 0 0 0 0 0 0 0 
0 0 0 0 0 0 0 0 0 1 0 0 2 0 0 1 1 1 1 0 0 1 4 0 0 1 0 0 0 0 0 0 0 0 0 0 0 0 0 0 
1 0 0 0 0 0 0 0 0 0 0 0 1 0 0 0 0 0 1 1 0 0 0 0 0 0 0 0 0 0 0 0 0 0 0 0 0 1 0 0 
0 0 0 0 0 0 0 0 0 0 0 0 0 0 0 1 0 0 0 1 2 0 1 0 0 0 0 0 0 0 0 0 0 0 0 0 0 0 0 0 
0 0 0 0 0 0 0 0 0 0 0 1 0 0 1 1 0 1 0 2 4 0 1 0 0 0 0 0 0 0 0 0 0 0 0 0 0 0 0 0 
0 0 0 0 0 0 0 0 0 0 0 0 0 0 0 0 0 0 0 0 0 0 1 0 0 0 0 0 0 0 0 0 0 0 0 0 0 0 0 0 

0 0 0 0 0 0 0 0 0 0 0 2 0 0 1 3 0 1 0 0 1 0 0 0 0 0 1 1 1 0 0 1 0 0 0 0 0 0 0 0 
0 0 0 0 0 0 0 0 0 0 0 1 1 2 0 1 1 0 1 0 0 1 0 0 0 0 0 0 0 2 0 0 0 1 0 0 0 0 0 0 
0 0 0 0 0 0 0 0 0 0 0 0 0 1 0 0 1 0 1 1 0 0 0 0 1 1 1 3 0 0 1 0 0 0 0 0 0 0 0 0 
0 0 0 0 0 0 0 0 0 0 0 0 0 1 1 0 0 0 1 0 0 1 0 0 0 0 2 0 1 0 0 0 0 0 0 0 0 0 0 0 
1 0 0 0 0 0 0 0 0 0 0 0 0 0 1 0 0 0 0 0 0 0 3 1 1 1 1 0 2 0 0 0 0 0 1 0 0 0 0 0 
0 0 0 0 0 0 0 0 0 0 0 0 0 0 0 0 0 1 0 0 0 0 0 2 1 1 0 1 1 1 0 0 0 0 0 0 0 0 0 0 
0 0 0 0 0 0 0 0 0 0 0 0 0 0 0 1 1 0 0 0 2 3 1 0 0 1 0 1 0 0 0 0 0 0 0 0 0 0 0 0 
0 0 0 0 0 0 0 0 0 0 0 0 0 0 0 1 1 0 1 1 0 1 0 0 1 0 0 3 1 2 1 1 0 0 0 0 0 0 0 1 
0 0 0 0 0 0 0 0 0 0 0 0 1 0 0 0 0 0 0 1 0 2 0 2 0 0 0 0 1 0 0 0 0 0 0 0 0 1 0 0 
0 0 0 0 0 0 0 0 0 0 0 0 0 0 1 0 0 1 1 0 0 0 0 2 1 0 0 0 0 0 0 0 0 0 0 0 0 0 0 0 
0 0 0 0 0 0 0 0 0 0 0 1 1 0 2 0 1 1 0 0 0 0 0 1 0 2 0 1 0 0 0 0 0 0 0 0 0 0 0 0 
0 0 0 0 0 0 0 0 0 0 0 0 0 0 0 0 0 0 0 0 0 0 0 0 0 0 0 1 0 0 0 0 0 0 0 0 0 0 1 0 
0 0 0 0 0 0 0 0 0 0 0 0 0 0 1 0 1 1 0 1 1 0 0 1 0 1 0 0 1 0 0 0 0 0 0 0 0 0 0 0 
0 0 0 0 0 0 0 0 0 0 1 0 2 0 0 0 0 2 2 1 1 0 0 1 2 0 1 2 0 0 0 0 0 0 0 0 0 0 0 0 
0 0 0 0 0 0 0 0 0 0 0 0 0 0 0 2 0 0 0 0 0 0 0 0 0 0 0 0 0 0 0 0 0 0 0 0 0 0 0 0 
0 0 0 0 0 0 1 0 0 0 0 1 0 0 0 0 0 1 1 0 0 0 1 0 0 1 2 0 0 0 0 0 0 0 0 0 0 0 0 0 
0 0 0 0 1 0 0 0 0 0 0 1 0 0 0 0 0 0 1 1 1 0 0 1 2 0 1 0 0 0 0 1 0 0 0 0 0 0 1 0 
0 0 0 0 0 0 0 0 0 0 0 0 1 0 0 1 0 1 0 1 0 0 0 0 0 0 0 0 0 0 0 0 0 0 0 0 0 0 0 0 
0 0 0 0 0 0 0 0 0 0 0 0 0 0 0 0 0 1 0 0 0 0 0 0 0 1 1 0 0 0 0 0 0 0 0 0 0 0 0 0 
0 0 0 0 0 0 1 0 0 1 0 1 0 0 1 1 1 2 0 0 2 0 1 1 0 1 1 1 0 0 0 0 0 0 0 0 0 0 0 0 
0 0 0 0 0 0 0 0 0 0 0 0 0 0 0 0 0 0 0 0 0 0 1 2 0 0 0 0 0 0 1 0 0 0 0 0 0 0 0 0 
0 0 0 0 0 0 0 0 0 0 0 0 0 1 0 0 0 0 1 0 1 0 0 2 0 0 0 0 0 0 0 0 0 0 0 0 0 0 0 0 
0 0 0 0 0 0 0 0 0 0 0 0 1 0 0 0 0 0 4 1 1 3 0 0 1 0 0 0 0 0 0 0 0 0 0 0 1 0 0 0 
0 0 0 0 0 0 0 0 0 0 0 0 0 0 0 0 0 1 0 0 0 0 0 0 0 0 0 0 1 0 0 0 0 0 0 0 0 0 0 0 

0 0 0 1 0 0 0 0 0 1 0 0 0 1 1 0 0 1 0 2 1 1 0 1 0 0 2 4 0 0 1 0 0 0 0 0 0 0 0 0 
0 0 0 0 0 0 0 1 0 1 2 0 1 1 1 1 0 0 1 1 0 1 1 1 0 0 0 2 1 0 0 0 0 0 1 1 0 0 0 0 
0 0 0 0 0 0 0 0 0 0 0 0 0 0 0 2 1 0 1 0 0 0 0 0 0 0 0 5 2 0 0 0 0 1 1 0 0 0 0 0 
0 0 0 0 0 0 0 0 0 0 0 0 0 0 1 4 1 0 0 1 0 1 0 0 0 1 2 1 2 0 1 0 0 0 0 0 0 0 0 0 
0 0 0 0 0 0 0 0 0 0 0 0 0 1 0 2 0 0 0 1 2 3 1 1 3 1 0 1 3 3 0 0 0 0 0 0 0 0 0 0 
0 0 0 0 0 0 0 0 0 0 0 0 0 0 2 2 0 0 0 1 1 2 1 1 0 2 2 3 0 1 0 0 0 0 0 0 0 0 0 0 
0 1 0 0 0 0 0 0 0 0 0 0 0 0 0 2 1 1 0 0 0 0 0 1 1 0 0 1 0 0 0 0 0 0 1 0 0 0 0 0 
1 0 0 0 0 0 0 0 0 0 1 0 0 2 0 2 2 0 1 2 0 3 0 0 1 4 0 7 0 2 1 0 0 0 0 0 0 0 0 0 
0 0 0 0 0 0 0 0 0 0 0 0 0 0 0 0 1 0 0 0 0 1 1 0 2 1 1 0 1 2 0 0 0 1 0 0 0 0 0 0 
0 0 0 0 0 0 0 0 0 0 0 0 0 0 0 0 0 0 0 1 0 0 1 1 1 1 1 1 0 0 0 0 0 0 0 0 0 0 0 0 
0 0 0 0 0 0 0 0 0 1 0 0 0 1 2 2 1 1 1 1 1 0 0 1 2 3 1 0 0 0 0 0 1 0 0 0 0 0 0 0 
0 0 0 0 0 0 0 0 0 0 0 0 0 0 0 0 2 0 1 1 0 0 1 1 0 2 1 1 0 0 0 0 0 0 0 0 0 0 0 0 
0 0 0 0 1 0 0 0 0 0 0 0 0 0 0 0 0 0 0 2 0 0 0 1 0 0 1 0 0 0 0 1 0 0 0 0 0 0 0 0 
0 0 0 0 0 0 0 2 0 0 0 0 0 0 1 4 2 0 0 1 2 2 2 1 1 2 1 0 0 0 0 0 0 0 0 0 0 0 0 0 
0 0 0 0 0 0 0 0 1 0 0 0 0 0 0 0 0 1 0 0 1 2 0 0 0 0 1 1 0 0 0 0 0 0 0 0 0 0 0 0 
0 0 0 0 0 0 0 0 0 0 0 0 1 0 0 0 0 2 0 0 0 0 0 1 0 0 0 0 0 0 0 0 0 0 0 0 0 0 0 0 
0 0 0 0 0 0 0 0 0 0 0 1 1 0 0 2 2 1 1 0 0 2 0 3 3 2 2 0 0 0 0 0 0 0 0 0 0 0 0 0 
0 0 0 0 0 0 0 0 0 0 0 0 0 1 1 1 0 0 1 0 0 1 1 0 3 0 0 1 0 0 1 0 0 2 0 0 0 0 0 0 
0 0 0 0 0 0 0 0 0 0 1 0 0 0 0 0 1 1 0 0 0 1 0 0 0 0 0 0 0 0 0 0 0 0 1 0 0 0 0 0 
0 0 0 0 1 0 0 0 0 0 0 0 0 0 0 1 0 2 3 2 1 2 0 0 0 0 0 0 0 0 0 0 0 0 0 0 0 0 0 0 
0 0 0 0 0 0 0 0 1 0 0 1 0 0 0 1 0 0 1 0 0 0 0 0 0 0 0 0 0 0 1 0 0 0 0 0 0 0 0 0 
0 0 0 0 0 0 0 0 0 0 0 1 0 0 0 1 2 0 1 0 0 1 0 1 1 0 0 0 0 1 0 0 0 0 0 0 0 0 0 0 
0 0 0 0 0 1 0 1 0 0 0 0 1 0 1 0 0 2 3 2 1 1 0 2 2 0 1 0 0 0 0 0 0 0 0 0 0 0 0 0 
0 0 0 0 0 0 0 0 1 0 0 0 0 0 0 0 0 0 0 0 0 0 0 0 0 0 0 0 0 0 0 0 0 0 0 0 0 0 0 0 

1 0 0 0 0 0 0 0 1 0 0 2 0 3 0 0 2 1 1 0 0 1 0 3 0 1 0 0 2 2 1 3 2 0 0 0 0 0 0 0 
0 0 0 0 0 0 0 0 1 0 0 0 1 4 0 1 1 1 1 1 1 0 1 0 0 2 0 2 2 0 0 1 0 0 0 0 0 0 0 0 
0 0 0 0 0 0 0 0 0 0 0 0 0 1 0 0 0 1 0 0 0 0 0 1 1 0 2 1 2 0 2 0 0 0 0 0 0 0 0 0 
1 0 0 0 0 1 0 0 0 0 1 0 0 0 0 0 2 0 0 0 0 1 0 0 1 4 1 1 4 0 0 0 0 0 0 0 0 0 0 0 
0 0 0 0 0 0 0 0 0 0 2 1 0 0 0 3 3 1 2 0 1 1 2 1 1 2 2 5 2 1 0 1 0 0 1 0 0 0 0 0 
0 0 0 0 0 0 0 0 0 0 0 0 0 0 0 0 0 0 0 0 0 0 0 0 1 2 1 3 3 1 1 1 0 0 1 0 0 0 0 0 
0 0 0 0 0 0 0 0 0 0 0 0 0 0 0 0 1 2 0 0 0 0 1 1 0 1 1 1 1 2 0 0 0 1 1 0 0 0 0 0 
0 0 0 0 0 0 0 0 0 1 0 1 0 0 2 2 1 0 2 1 0 0 0 1 2 4 2 3 2 2 0 1 1 1 2 0 0 0 0 0 
0 0 0 0 0 0 0 0 0 0 0 0 0 0 0 0 1 1 0 0 0 2 0 1 0 1 0 0 1 0 0 0 0 0 1 0 0 0 0 0 
0 0 0 0 0 0 0 0 0 0 0 0 0 0 0 1 0 1 2 0 0 0 1 0 2 0 1 1 0 0 0 0 0 0 0 0 0 0 0 0 
0 0 0 0 0 0 0 0 0 0 0 0 2 1 0 3 1 1 1 2 2 0 3 1 2 0 0 0 3 0 0 0 1 0 0 0 0 0 0 0 
0 1 0 0 0 0 0 0 0 0 0 1 0 0 0 1 2 0 0 0 0 3 0 0 0 0 0 0 0 0 0 0 0 0 0 0 0 0 0 0 
0 0 0 0 0 0 0 0 0 0 0 0 0 0 1 2 0 2 0 0 1 0 0 1 0 2 1 0 0 0 0 0 0 0 0 0 0 0 0 0 
0 0 0 0 0 0 0 0 0 0 0 0 1 1 2 1 1 2 0 1 1 2 4 2 2 3 0 0 0 0 1 0 0 0 0 0 0 0 0 0 
0 0 0 0 0 0 0 0 1 0 0 0 0 0 0 0 0 0 0 0 0 0 0 2 1 0 1 0 0 1 0 0 0 0 0 0 0 0 0 0 
0 0 0 0 0 0 0 0 0 0 0 0 0 0 0 0 0 0 1 1 3 0 0 0 0 0 0 0 1 0 0 0 0 0 0 0 0 0 0 0 
1 0 0 0 0 0 0 0 0 0 0 1 0 1 1 1 1 1 0 0 1 0 0 0 2 4 2 0 0 0 0 0 0 0 0 0 0 0 0 0 
0 0 0 0 0 0 0 0 0 0 1 0 0 0 0 0 0 0 0 1 1 0 0 0 0 0 0 0 0 0 0 0 0 0 0 0 0 0 0 0 
0 0 0 0 1 0 0 0 0 0 0 0 0 0 0 0 0 0 0 0 1 0 1 0 0 0 0 0 0 0 0 0 0 0 0 0 0 0 0 0 
0 0 0 0 0 0 0 0 0 0 0 1 0 0 0 0 2 1 5 0 1 0 0 1 1 3 0 0 0 0 0 0 0 0 0 0 0 0 0 0 
0 0 0 0 0 0 0 0 0 0 0 0 0 0 0 0 0 2 0 0 1 0 0 0 0 2 1 0 0 0 0 0 0 0 0 0 0 0 0 0 
0 0 0 0 0 0 0 0 0 0 0 1 0 2 0 0 0 0 0 0 0 0 0 0 0 1 0 0 0 0 0 0 0 0 0 0 0 0 0 0 
0 0 0 0 0 0 0 0 0 0 0 3 0 0 1 1 1 0 2 1 2 1 1 0 0 1 0 0 0 0 0 0 0 0 0 0 0 0 0 0 
0 0 1 0 0 0 0 0 0 0 0 0 0 0 0 0 0 0 0 0 0 0 0 0 0 1 0 0 0 0 0 0 0 0 0 0 0 0 0 0 

0 0 0 1 0 0 0 1 0 0 1 1 1 7 5 1 0 0 0 1 0 3 1 2 1 2 2 5 3 2 1 0 1 0 0 0 0 0 0 0 
0 0 0 0 0 0 0 0 0 0 0 1 1 3 1 3 2 1 0 1 0 1 0 2 1 4 0 5 3 0 1 0 1 0 0 0 0 0 0 0 
0 0 0 0 0 0 0 0 0 0 0 0 0 0 0 0 0 2 0 0 0 1 4 1 3 2 0 5 1 3 8 2 0 0 0 1 0 0 0 0 
0 0 0 0 0 0 0 0 1 1 0 0 0 1 0 2 1 1 1 1 0 1 1 0 2 3 3 3 7 1 0 0 1 0 0 0 0 0 0 0 
0 0 0 1 0 0 2 0 0 0 2 1 1 2 1 1 5 0 0 0 3 1 0 1 3 6 5 8 4 3 3 1 0 0 1 0 0 0 0 1 
0 0 0 0 0 0 0 0 0 0 0 0 0 0 1 0 2 0 0 0 1 0 1 1 0 2 2 5 3 2 3 1 0 0 0 0 0 0 0 0 
1 0 0 0 0 0 0 0 0 0 0 0 1 0 0 0 0 1 1 0 0 0 0 0 1 4 2 2 1 2 0 0 0 0 0 0 0 0 0 0 
0 0 0 0 0 0 0 0 0 0 0 0 0 0 3 4 2 0 2 2 2 2 1 3 6 6 1 9 5 0 0 0 1 0 0 0 0 0 0 1 
0 0 0 0 0 0 0 0 0 0 1 0 0 0 1 1 0 0 3 0 2 3 2 1 2 1 3 0 1 1 0 1 0 0 0 0 0 0 0 0 
0 0 0 0 0 0 0 0 0 0 0 0 0 0 0 1 1 0 0 0 0 0 1 5 0 0 1 3 0 0 2 1 2 0 0 1 0 0 0 0 
0 0 0 0 1 0 0 1 0 0 0 0 0 0 0 5 1 3 2 3 2 2 2 3 3 6 5 1 0 0 0 0 0 0 0 0 1 0 0 0 
0 0 0 0 0 0 0 0 0 0 1 0 0 1 0 0 1 0 1 1 2 1 0 1 0 1 0 0 0 2 0 0 0 0 0 0 0 0 0 0 
0 0 0 0 0 0 0 0 0 0 0 0 0 0 0 1 0 1 0 1 0 1 1 1 1 1 1 1 0 1 1 0 1 0 0 0 0 0 0 0 
0 0 0 0 0 0 0 0 0 2 0 0 1 1 2 2 3 4 1 2 1 2 2 2 2 5 3 0 0 0 1 0 0 0 0 1 0 0 0 0 
0 0 0 0 0 0 0 0 0 0 0 0 2 0 1 1 1 1 0 0 3 0 2 1 2 0 1 0 0 3 0 1 0 0 0 0 0 0 0 0 
0 0 0 0 0 0 0 0 0 0 0 0 0 0 0 2 3 0 1 0 2 1 1 0 0 1 1 0 0 0 2 0 1 0 0 0 0 0 0 0 
0 0 0 0 0 0 0 0 1 0 1 2 0 1 1 0 3 3 0 1 3 1 1 1 4 3 0 2 1 0 0 0 0 0 0 0 0 0 0 0 
0 0 0 0 0 0 0 0 0 0 0 0 0 0 0 1 0 2 2 1 0 0 2 1 0 2 0 2 0 0 0 0 0 0 0 0 0 0 0 0 
0 0 0 1 0 0 0 0 0 0 0 0 0 0 1 0 0 1 1 1 0 0 0 1 4 0 2 1 0 0 0 0 0 0 0 0 0 0 0 0 
0 0 0 0 0 0 1 0 0 0 0 2 0 1 2 2 2 2 1 2 1 1 3 2 0 2 0 3 1 0 0 0 0 0 0 0 0 0 0 0 
0 0 0 0 0 0 1 0 0 0 0 0 0 1 1 0 1 0 1 1 1 1 0 1 0 0 0 0 0 0 0 0 0 1 0 0 0 0 0 0 
0 0 0 1 0 0 0 0 0 0 0 0 0 1 0 0 0 0 1 0 0 1 1 1 1 0 1 0 0 0 0 0 0 0 0 0 0 0 0 0 
0 0 0 0 0 0 0 0 0 0 0 0 0 0 1 2 3 1 1 4 1 3 3 2 1 0 0 0 0 0 0 0 0 0 0 0 0 0 0 0 
0 0 0 0 0 0 0 0 0 0 0 0 1 1 0 0 2 0 0 0 0 0 1 0 0 0 0 0 0 0 1 0 0 0 0 0 0 0 0 0 

0 0 0 0 0 0 0 0 0 0 1 0 1 2 2 5 1 1 0 1 0 2 2 1 2 3 1 9 4 1 2 1 1 0 0 0 0 1 0 0 
0 0 0 0 0 0 0 0 0 2 0 2 0 4 3 3 1 0 2 2 0 1 0 2 1 1 1 10 6 1 0 1 0 0 0 1 0 0 0 0 
0 0 0 0 0 0 0 0 0 0 0 0 1 0 0 0 3 1 2 2 0 0 0 1 0 3 0 7 5 2 1 0 0 0 0 0 0 0 0 0 
0 0 0 0 0 0 0 0 0 0 0 1 0 4 1 3 1 1 0 1 2 0 0 0 2 4 6 10 7 2 3 0 0 0 0 1 0 0 0 0 
0 0 0 0 0 1 0 0 0 1 0 0 1 0 0 2 4 0 0 1 2 0 1 1 3 5 2 6 7 2 2 0 0 0 0 0 0 0 0 0 
0 0 0 0 0 0 0 0 0 0 0 0 0 0 0 1 0 1 1 0 0 0 0 0 2 1 2 2 3 0 1 1 0 1 0 0 0 0 0 0 
0 0 0 0 0 0 0 1 0 0 0 0 1 0 0 0 2 1 0 2 1 1 1 4 0 4 5 4 4 1 4 1 0 1 0 0 0 0 0 0 
0 0 0 0 0 0 0 0 1 0 0 1 0 3 0 5 3 4 1 0 2 2 1 3 2 7 5 5 9 0 2 0 0 0 0 0 0 0 0 0 
0 0 0 0 0 0 0 0 0 0 0 0 0 1 0 1 0 1 0 2 1 0 2 1 1 1 2 3 1 0 0 0 0 0 0 0 0 0 0 0 
0 0 0 0 0 0 0 0 0 0 0 0 0 1 2 4 3 2 3 2 0 0 0 4 3 2 1 1 2 0 0 1 0 1 0 0 0 0 0 0 
0 0 0 0 0 0 0 0 0 0 0 0 0 1 3 2 5 5 3 3 3 0 1 2 3 6 3 4 1 0 0 0 0 0 0 0 0 0 0 0 
0 0 0 0 0 0 0 0 0 0 0 1 0 0 0 0 0 0 2 1 0 0 1 0 3 0 0 1 0 0 1 0 1 0 0 0 0 0 0 0 
0 0 0 0 0 0 0 0 0 0 0 0 1 0 0 1 1 1 0 1 0 0 2 0 1 0 3 1 0 1 0 0 0 1 0 0 0 0 0 0 
0 0 0 0 0 0 0 0 0 2 0 3 0 1 3 1 3 6 6 2 0 3 4 3 1 3 6 1 0 1 1 0 0 0 0 0 0 0 0 0 
0 0 0 0 0 0 0 0 0 0 0 0 0 1 0 2 1 0 0 0 0 0 1 1 1 0 0 0 1 0 0 0 0 0 0 1 0 0 0 0 
0 0 0 0 0 0 0 0 0 0 0 0 0 2 0 0 1 1 1 0 0 1 0 0 0 0 0 0 0 0 0 0 0 0 0 0 0 0 0 0 
0 0 0 0 0 0 0 0 0 1 0 1 0 0 0 2 1 6 3 3 1 3 2 2 3 2 2 0 0 0 0 0 0 0 0 1 0 0 0 0 
0 0 0 0 0 0 0 0 0 1 0 0 0 0 1 0 0 1 0 0 1 0 0 4 1 1 1 0 1 2 0 0 0 0 0 0 0 0 0 0 
0 0 0 0 0 0 0 0 0 0 0 0 0 1 0 0 0 2 1 2 1 0 0 2 0 2 0 1 0 0 0 0 1 0 0 0 0 0 0 0 
1 0 0 0 0 0 1 0 1 1 0 0 1 1 2 0 1 3 2 4 3 1 2 4 2 0 2 0 1 0 0 1 0 0 0 0 0 0 0 0 
0 0 0 0 0 0 0 0 0 0 0 0 1 0 2 1 0 0 0 1 1 0 0 0 3 0 1 1 0 0 0 1 0 0 0 0 0 0 0 0 
0 0 0 0 0 0 1 1 0 1 0 0 0 0 0 1 0 2 1 0 0 0 1 0 0 0 0 0 0 1 0 0 0 0 0 0 0 0 0 0 
0 0 0 0 0 0 0 0 0 0 1 1 1 0 2 1 2 6 4 3 1 1 2 0 0 4 0 1 0 0 1 0 0 0 0 0 0 0 0 0 
0 0 0 0 0 0 0 0 0 0 0 0 1 0 0 1 0 1 0 1 0 0 0 0 0 0 0 0 0 0 0 0 0 0 0 0 0 0 0 0 

0 0 0 0 1 0 0 1 0 2 0 6 3 8 8 4 3 1 2 3 1 2 3 5 1 5 1 14 12 4 0 1 0 0 1 0 0 0 0 0 
0 0 0 0 0 0 0 0 1 1 1 2 1 6 2 5 2 2 1 3 0 1 1 3 0 0 6 4 12 7 4 3 1 1 0 0 1 0 0 1 
0 0 0 0 0 0 0 0 0 0 0 0 0 2 0 2 4 2 1 0 0 2 1 3 4 2 3 13 8 6 4 3 1 2 0 0 0 1 0 0 
0 0 0 0 1 0 0 0 0 3 0 1 3 1 1 2 3 1 0 2 0 2 2 4 2 8 5 16 10 3 1 0 0 0 1 0 0 0 0 0 
0 1 0 0 1 0 1 0 0 0 2 3 3 6 3 9 8 2 2 4 1 1 4 1 7 4 12 25 15 5 5 0 1 0 3 0 0 0 1 0 
0 0 0 0 0 0 0 0 0 0 0 1 0 0 1 3 1 0 1 1 1 2 2 3 5 5 6 15 8 5 1 1 2 1 0 1 0 0 0 0 
0 0 0 0 0 0 0 0 0 0 0 0 0 0 2 2 6 3 3 1 0 3 1 2 3 8 5 13 6 1 2 1 0 1 1 0 0 0 0 0 
0 0 1 0 1 0 0 0 2 0 0 1 1 3 2 7 5 2 4 3 3 7 2 2 12 19 6 26 9 4 2 2 1 0 0 0 0 0 0 1 
0 0 0 1 0 0 0 1 1 1 0 0 0 3 1 4 0 2 0 1 0 0 2 1 2 1 5 5 6 1 3 2 0 0 0 0 0 0 0 0 
0 0 0 0 0 0 0 0 0 0 0 1 0 1 3 0 1 2 0 1 0 2 2 0 5 4 1 3 5 1 0 0 1 1 0 0 0 0 0 0 
0 0 0 1 0 0 0 0 0 0 0 0 1 3 2 11 4 7 4 2 2 3 5 5 6 11 8 1 4 2 1 1 0 0 1 0 0 1 0 0 
0 0 0 0 0 0 0 0 0 0 0 0 0 0 3 2 1 4 2 5 2 3 3 1 2 4 6 2 2 2 1 0 1 0 0 0 0 0 1 0 
1 0 0 0 0 0 0 0 0 1 0 1 1 1 0 0 1 4 3 2 3 2 1 2 3 1 1 2 1 1 0 0 0 0 0 0 0 1 0 0 
0 2 0 0 0 0 0 2 0 2 1 0 4 3 3 4 0 6 6 3 4 3 4 2 3 3 1 2 0 2 1 1 0 0 0 0 0 0 0 0 
0 0 0 1 1 0 0 0 0 1 0 0 1 1 2 1 1 1 1 1 2 2 1 0 4 1 4 3 0 1 2 0 0 0 0 0 0 0 0 0 
0 0 0 0 0 0 0 0 0 0 0 0 0 0 0 2 1 1 0 2 0 3 1 1 4 0 3 1 0 0 1 0 0 0 0 0 0 0 0 0 
0 0 0 0 0 0 0 0 0 0 1 2 2 3 2 6 5 13 6 7 3 7 2 3 2 6 2 3 1 1 1 0 0 0 0 0 0 0 0 0 
0 0 0 0 0 0 0 1 0 0 0 0 2 0 0 2 0 3 2 2 2 1 1 3 1 3 1 2 0 0 0 0 0 0 0 0 0 0 0 0 
0 0 0 0 0 0 0 0 0 0 0 0 0 0 0 2 3 1 1 3 0 2 3 3 1 0 3 0 0 0 0 0 0 0 0 0 0 0 0 0 
0 0 0 0 0 1 0 0 1 1 0 2 2 0 1 2 2 7 6 1 6 6 6 2 6 8 4 1 0 0 1 0 0 0 0 0 0 0 0 0 
0 0 0 0 0 0 0 0 0 0 0 0 0 1 0 1 5 6 4 2 5 2 4 0 3 1 0 0 1 1 0 0 0 1 0 0 0 0 0 0 
0 0 0 0 0 0 0 0 0 1 0 0 0 1 1 1 1 2 0 2 3 1 1 0 2 0 1 0 0 0 0 0 0 0 1 0 0 0 0 0 
0 0 0 0 0 0 0 1 0 2 0 2 0 1 1 2 2 2 8 4 5 0 3 3 0 2 2 0 0 0 0 1 0 0 0 0 0 0 0 0 
0 0 0 0 0 0 0 0 0 0 0 0 1 0 4 0 1 2 3 2 2 1 1 0 2 0 0 0 0 0 0 0 0 0 0 0 0 0 0 0 

1 0 0 0 0 0 0 2 0 0 2 5 1 16 5 10 1 0 1 0 1 5 2 2 1 9 7 37 23 3 1 0 1 0 1 0 0 0 0 0 
0 0 0 0 0 1 0 0 0 1 0 2 3 17 8 5 4 3 0 2 0 4 2 1 2 1 11 13 19 6 5 1 1 1 1 2 1 0 1 0 
0 0 0 0 0 0 0 0 0 0 0 1 1 2 4 3 5 0 0 0 0 2 3 2 1 3 9 9 9 3 3 1 0 0 0 0 0 0 1 0 
0 0 1 0 0 0 0 0 0 1 1 1 0 3 1 8 3 3 2 4 0 3 3 3 1 7 11 39 29 3 5 1 0 2 0 0 0 0 1 0 
0 0 0 2 0 0 0 0 0 1 0 1 1 8 2 17 6 1 2 3 4 4 9 1 6 5 14 32 23 7 3 1 1 0 0 0 0 1 0 0 
0 0 0 0 0 0 1 0 1 0 2 1 0 0 1 4 3 0 2 3 2 1 3 3 4 7 11 7 18 7 1 4 1 0 0 2 0 0 0 0 
0 0 0 0 0 0 0 0 0 1 0 2 1 2 2 5 5 1 4 3 1 4 1 7 3 9 13 28 19 5 4 0 2 0 0 1 0 0 1 0 
0 0 1 0 1 0 0 0 0 1 1 3 3 4 2 2 5 1 3 3 3 6 5 4 3 11 12 20 11 5 3 1 0 1 0 1 0 0 1 1 
1 0 0 0 0 0 0 0 0 0 0 0 1 1 1 1 2 0 4 1 1 2 0 0 1 4 3 2 5 4 1 1 0 0 0 0 0 0 0 0 
0 0 0 0 0 0 0 0 0 1 0 0 1 2 1 4 4 3 7 5 1 7 4 3 4 9 13 8 10 2 2 0 0 0 1 0 0 0 0 0 
0 0 1 0 1 0 0 0 0 1 0 2 0 0 8 6 4 7 5 1 1 3 7 5 5 11 2 3 2 1 0 0 3 0 0 0 0 0 0 1 
0 0 0 0 0 0 0 0 0 0 0 0 0 0 0 1 1 0 4 1 2 1 2 2 1 4 1 0 1 3 0 0 0 0 2 0 0 0 0 0 
1 0 0 0 0 0 0 0 0 0 0 1 0 1 2 3 4 5 3 1 0 4 3 2 1 2 4 2 1 1 0 0 1 0 0 0 0 0 1 0 
0 0 0 0 0 0 0 0 0 2 1 0 2 1 2 4 10 6 2 7 4 5 2 1 9 4 3 2 1 1 3 1 1 0 0 0 0 0 0 0 
0 0 0 0 0 0 0 0 0 0 0 0 0 0 1 1 1 2 6 4 1 1 1 7 0 4 4 1 2 0 0 0 0 0 0 0 0 0 0 0 
0 0 0 0 0 0 0 0 0 0 0 0 0 2 0 0 0 1 2 5 2 2 4 6 1 7 0 0 0 1 0 0 0 0 0 0 0 0 0 0 
0 0 0 0 0 0 0 0 1 0 0 4 3 1 4 2 3 6 5 6 3 4 1 5 10 2 0 3 0 1 0 0 0 0 0 0 0 0 0 0 
0 0 0 0 0 0 0 0 0 0 0 0 0 1 1 2 3 2 2 1 2 0 0 0 1 2 1 2 0 0 0 0 0 0 0 0 0 0 0 0 
0 0 0 0 0 0 0 1 0 0 0 0 0 0 0 1 0 2 2 2 3 2 0 2 2 2 5 0 3 1 0 2 0 0 0 0 1 0 0 0 
0 0 0 0 0 0 0 0 0 1 3 0 1 2 4 2 3 6 4 6 5 3 2 6 3 9 2 0 1 3 1 1 1 0 0 0 0 0 0 0 
0 0 0 0 0 0 0 0 2 0 0 0 0 0 0 1 1 1 1 0 4 3 1 1 1 2 0 2 1 0 0 0 0 0 0 0 0 0 0 1 
0 0 0 0 1 0 0 0 0 0 0 0 0 1 0 2 1 1 3 1 3 6 1 2 2 0 0 0 1 0 0 1 0 0 0 0 0 0 0 0 
0 0 0 1 0 1 0 0 0 0 1 2 3 1 5 4 7 7 8 9 8 5 3 2 4 2 0 1 1 0 0 0 0 0 0 0 0 0 0 0 
0 0 0 0 0 0 0 0 0 0 1 1 1 0 1 0 0 1 1 1 2 0 0 1 0 1 1 0 0 0 0 0 0 0 0 0 0 0 0 0 

0 0 0 0 1 1 1 0 0 3 2 8 7 14 14 16 8 3 0 2 1 3 4 2 3 17 7 324 155 11 8 4 0 0 2 0 1 0 0 0 
0 0 0 1 0 0 1 0 0 1 1 6 7 11 13 13 9 1 1 4 0 5 5 6 2 11 21 169 71 19 6 5 4 1 1 3 2 0 0 1 
0 0 0 1 2 0 0 1 0 0 2 0 1 3 3 7 3 4 5 1 3 7 6 9 6 8 37 313 47 14 11 6 3 3 0 1 1 0 1 0 
1 0 0 0 0 0 0 2 0 0 0 3 1 1 5 8 5 4 1 3 4 1 2 5 0 17 20 129 66 4 12 4 2 1 3 1 0 0 0 0 
0 0 1 0 0 1 1 3 1 0 10 4 8 6 11 14 14 7 5 3 10 9 5 5 9 24 107 155 39 11 6 4 2 0 2 2 1 0 0 0 
0 0 0 1 0 0 0 1 0 1 0 2 0 1 5 6 4 3 5 1 4 4 4 9 14 20 116 96 37 12 4 4 3 3 1 0 1 0 1 0 
4 0 0 0 1 0 1 0 0 0 0 0 1 2 4 5 3 3 1 0 3 8 3 6 4 25 45 62 51 7 8 1 2 0 1 1 0 0 0 0 
2 0 0 0 0 0 0 0 1 4 7 4 7 6 5 11 10 7 8 2 11 7 10 13 15 32 46 84 39 11 11 4 2 1 1 0 1 2 1 0 
0 1 0 1 0 1 1 0 0 1 1 2 0 1 3 6 3 4 3 5 3 6 7 14 15 30 75 48 22 18 14 4 2 2 2 0 1 0 0 0 
0 0 0 0 0 0 0 0 0 0 0 1 1 2 1 7 5 5 5 6 2 7 5 3 11 17 25 21 16 8 4 4 3 0 1 1 1 0 1 0 
1 0 0 0 0 0 0 0 0 2 0 3 4 9 8 10 8 15 9 11 6 9 9 9 14 27 15 13 2 2 3 1 0 0 0 0 0 0 0 0 
0 0 0 0 0 0 0 0 0 1 1 1 1 0 1 3 11 5 2 3 8 2 7 2 9 12 9 4 6 1 0 2 1 0 0 0 0 0 0 0 
0 0 0 0 0 0 1 2 1 2 2 1 1 4 0 2 6 4 3 4 5 3 4 2 5 10 10 1 5 2 1 1 2 1 0 0 0 0 0 0 
0 0 0 0 0 0 0 0 2 2 1 0 2 6 10 12 12 12 10 7 7 5 7 2 13 13 7 6 3 3 0 1 0 0 0 0 1 0 0 0 
0 0 0 0 1 0 0 0 0 0 2 0 0 2 4 5 5 1 8 5 0 3 8 5 4 1 5 7 2 1 2 0 1 0 0 0 0 1 0 0 
0 0 0 0 0 0 1 0 1 0 0 0 2 2 2 1 3 4 6 2 2 3 5 6 3 2 3 0 3 2 1 0 0 0 0 0 1 0 0 0 
0 0 0 0 0 0 0 1 1 1 1 3 5 7 3 7 14 9 14 6 6 7 5 9 7 24 3 6 0 1 3 1 0 0 0 0 0 1 0 0 
1 0 0 0 0 0 0 0 1 1 0 1 1 2 7 5 6 2 2 4 4 6 6 5 4 6 6 1 0 0 0 0 0 1 0 0 0 0 0 0 
0 0 0 0 0 0 1 0 0 0 0 0 2 2 2 3 5 6 3 1 3 0 5 1 2 3 2 1 2 0 0 1 0 0 0 0 0 0 0 0 
1 1 0 0 0 0 0 0 0 0 0 2 6 3 15 10 13 9 10 10 9 5 6 12 2 11 3 1 0 1 0 0 0 0 0 0 0 0 0 0 
0 0 0 0 0 1 0 0 0 1 0 1 1 3 2 2 4 8 9 3 3 1 4 3 3 5 3 4 1 0 0 0 0 0 0 0 0 0 0 0 
0 0 1 0 0 0 0 0 0 0 0 1 2 0 2 2 1 5 6 6 5 2 3 7 5 0 2 0 1 0 0 0 0 0 0 0 0 0 0 0 
0 0 0 0 1 1 0 0 1 0 0 2 3 4 3 10 5 16 13 15 11 7 6 8 1 1 2 2 0 1 1 0 0 1 0 0 0 0 0 0 
0 0 0 0 0 0 0 0 0 1 1 0 0 1 2 3 5 2 3 2 4 4 1 3 2 1 0 2 1 0 1 0 0 0 0 0 0 0 0 0 

0 0 0 0 0 1 0 4 0 3 1 13 9 34 24 19 8 8 5 7 3 9 2 6 3 12 10 90 84 15 4 2 1 1 0 1 1 0 0 0 
1 0 0 1 0 0 0 0 1 0 2 1 7 26 16 10 11 7 3 2 1 6 10 2 2 5 18 60 57 22 9 10 5 1 2 1 0 4 2 0 
0 0 0 0 0 0 0 1 0 0 1 1 0 1 2 7 5 2 6 2 2 4 2 3 3 8 16 106 41 13 11 6 2 2 1 0 1 0 2 1 
1 0 0 0 0 0 0 0 0 1 2 3 2 6 10 11 6 3 6 2 4 10 4 5 6 22 18 95 86 7 8 1 4 1 0 0 2 0 0 0 
0 0 0 0 0 0 2 2 0 2 7 2 8 11 9 22 7 6 3 3 4 10 4 1 11 6 75 158 40 9 11 4 2 3 0 1 0 0 2 0 
0 0 0 0 0 0 0 0 1 0 1 1 2 1 2 3 2 2 10 4 4 3 8 5 9 13 179 82 38 17 14 16 2 1 1 0 1 1 3 0 
0 1 0 0 0 0 0 0 0 0 1 1 3 6 6 12 12 5 5 6 4 8 7 5 11 17 160 91 63 10 15 9 2 3 3 1 1 0 1 0 
0 0 0 0 0 0 0 0 0 1 3 4 4 3 9 10 10 8 6 2 5 7 5 5 10 20 417 79 46 12 10 3 3 2 0 2 1 0 1 2 
0 0 0 0 0 0 0 0 0 1 1 4 1 1 2 5 4 2 3 4 2 2 4 10 14 43 204 52 36 17 12 7 7 5 0 1 0 2 1 2 
1 0 0 0 0 0 1 2 0 2 0 1 3 2 4 11 6 8 9 4 3 5 3 5 9 29 199 37 24 10 9 2 4 3 3 1 0 0 3 0 
0 0 0 0 0 1 1 4 0 1 1 4 3 3 5 8 11 13 12 7 8 11 13 16 24 37 47 22 15 5 2 0 0 1 1 0 1 1 0 0 
0 1 0 0 0 0 0 0 1 1 0 2 0 3 1 5 2 4 3 3 0 4 3 3 7 8 13 8 7 2 1 1 2 0 0 0 0 0 0 0 
0 0 0 0 0 0 0 1 1 0 1 1 2 2 3 3 6 7 13 7 12 2 7 4 5 15 22 4 8 3 5 2 1 1 0 1 1 0 2 0 
0 0 1 0 0 0 1 0 0 2 1 1 1 3 7 19 11 10 12 6 4 8 4 8 12 9 15 1 1 0 1 1 1 1 1 1 0 1 0 0 
0 0 0 0 0 0 0 1 0 0 2 0 1 0 2 8 7 6 7 4 1 4 4 3 4 4 4 1 2 1 0 1 1 1 0 1 0 0 0 0 
0 0 0 2 0 0 0 0 1 1 1 1 2 1 1 9 6 6 11 7 8 5 1 7 7 10 8 3 3 0 1 1 0 1 1 0 0 0 0 0 
0 0 0 0 0 0 1 0 2 0 0 1 1 5 4 16 13 10 8 7 5 4 7 10 20 14 9 2 2 2 0 1 2 2 0 0 0 0 1 0 
0 0 0 0 0 0 0 0 0 0 1 1 1 0 1 3 5 3 4 6 3 5 4 5 5 1 1 2 3 1 0 0 0 2 0 0 0 1 0 0 
0 0 0 0 0 0 0 0 0 1 1 2 0 1 1 5 3 6 8 5 4 3 3 4 10 8 9 4 4 1 2 1 0 0 0 0 0 0 1 1 
0 0 0 0 0 0 1 1 3 0 0 0 3 1 4 7 15 10 11 2 11 6 11 14 11 10 3 4 1 2 0 1 0 0 0 0 0 0 0 0 
0 0 0 0 0 0 0 0 0 1 1 0 0 0 4 4 3 7 4 2 6 6 3 4 5 2 0 3 0 0 0 2 0 0 1 0 0 0 0 0 
0 0 2 0 0 0 0 0 0 2 0 1 0 2 1 5 5 9 15 12 17 6 6 7 4 1 3 3 2 1 1 1 2 0 1 1 0 0 0 0 
0 0 0 0 0 0 0 0 3 1 4 1 2 1 10 6 13 21 14 20 10 5 6 9 4 8 5 2 1 1 0 0 0 0 0 0 0 0 0 0 
0 0 0 1 1 1 0 0 0 1 0 1 0 2 3 3 1 5 3 2 0 1 2 0 2 0 1 0 0 0 0 1 0 0 0 0 0 0 0 0 

0 0 0 0 0 1 1 2 3 1 2 16 18 110 35 43 15 2 5 4 3 9 7 2 3 8 3 30 22 11 9 0 0 0 0 0 1 0 0 0 
5 1 0 0 0 0 0 3 2 2 5 12 48 70 40 18 24 8 4 8 4 5 7 6 2 2 5 4 9 9 6 2 2 1 0 1 2 1 1 0 
0 0 0 0 0 1 1 0 3 2 2 10 23 28 15 20 15 10 6 6 3 7 3 8 3 4 4 15 11 5 0 0 2 3 0 1 2 0 0 0 
0 1 1 1 0 0 1 1 3 3 3 5 11 9 15 24 26 13 15 8 5 13 4 5 5 8 4 17 27 3 2 3 4 2 0 0 0 0 1 0 
0 0 0 0 3 0 0 1 3 1 13 7 13 22 22 36 18 9 10 5 11 14 8 4 4 7 8 21 10 6 4 0 2 2 0 0 0 0 0 0 
0 0 0 0 0 0 0 0 0 1 4 7 6 8 8 13 18 13 4 2 9 4 4 6 7 8 10 10 17 6 4 3 0 1 1 2 3 0 0 0 
0 0 0 0 0 0 0 1 0 1 1 5 2 5 7 25 18 11 9 7 5 7 9 6 5 18 20 34 29 5 1 2 6 2 1 0 0 0 0 1 
0 0 1 0 1 0 0 0 2 2 4 3 9 3 15 35 25 9 9 10 7 17 9 11 7 14 24 26 21 4 2 1 2 0 1 0 0 0 1 0 
1 0 0 0 0 0 0 0 0 3 1 1 1 1 7 19 13 9 11 9 7 6 4 3 11 22 52 19 16 6 3 8 3 2 0 2 1 0 0 1 
0 0 0 1 0 0 0 0 2 2 2 3 5 1 5 10 20 17 16 10 9 4 11 6 10 19 345 20 18 6 9 2 1 2 5 0 0 0 1 0 
0 0 0 1 0 0 0 0 0 0 1 3 11 4 23 29 31 30 32 14 11 15 12 8 27 49 343 23 11 6 3 0 0 1 1 0 1 0 1 0 
0 0 0 0 2 0 0 0 2 0 1 3 2 7 2 15 10 17 17 11 12 12 8 7 15 59 223 13 7 3 5 0 0 0 1 0 0 0 0 0 
1 0 0 0 0 1 0 0 1 1 0 0 4 2 8 12 14 14 14 8 8 4 10 1 5 85 98 10 6 1 2 0 0 1 1 0 0 0 0 0 
0 0 0 0 0 0 0 0 2 2 3 5 9 8 20 37 23 24 18 18 11 1 9 17 23 63 40 6 2 2 2 1 1 2 0 0 0 0 0 1 
0 0 0 0 0 0 0 0 0 1 0 0 2 3 7 12 13 15 14 14 5 6 12 11 12 46 25 5 5 4 3 0 1 0 1 1 1 0 0 0 
0 1 0 1 1 0 0 0 1 1 1 4 0 3 5 7 10 17 10 9 11 5 4 4 10 25 25 5 7 2 2 0 1 1 1 0 2 0 3 0 
0 0 0 0 0 0 0 0 0 0 2 2 3 3 15 17 22 25 24 19 18 16 6 16 37 47 27 3 4 3 2 2 2 2 1 0 1 0 0 0 
0 0 0 0 0 0 0 1 0 2 0 1 1 1 6 11 20 15 15 16 11 6 12 28 29 32 5 12 6 3 1 5 0 0 0 0 2 1 0 0 
0 0 0 1 0 0 1 1 0 0 0 2 0 4 6 7 7 11 22 11 8 5 6 16 13 20 27 3 11 4 2 1 0 0 1 0 1 0 0 0 
0 0 0 0 0 0 1 0 0 2 3 4 7 5 8 15 21 23 23 27 15 14 12 15 24 30 13 6 1 3 0 0 0 1 0 2 0 0 0 1 
2 0 0 0 1 1 0 0 0 2 0 4 7 4 7 15 19 37 35 30 22 24 18 22 21 20 16 10 1 4 0 0 0 2 1 1 1 0 0 0 
1 0 0 1 0 0 0 1 1 0 0 0 1 6 1 7 7 15 12 27 18 6 8 20 28 12 10 8 5 1 1 0 1 0 0 0 0 0 0 0 
0 1 0 0 0 0 0 1 0 0 2 1 2 1 8 13 24 37 34 65 26 11 15 21 13 12 8 2 0 0 0 0 1 1 0 0 0 0 0 0 
0 0 0 0 1 0 0 1 0 0 0 1 1 0 7 6 5 10 14 15 21 9 12 6 9 3 0 5 0 0 0 0 1 0 0 0 0 0 0 0 

0 0 0 0 0 0 1 1 2 4 0 33 29 246 87 94 23 16 7 3 6 17 8 6 2 5 4 13 7 2 3 0 1 1 0 0 0 0 0 0 
2 2 1 2 0 0 0 0 0 0 4 9 555 143 39 49 34 10 12 5 10 6 6 4 5 4 4 5 6 6 3 2 1 0 1 0 2 1 1 0 
0 0 0 1 0 1 1 1 5 6 0 10 48 29 29 25 18 7 5 6 3 7 6 1 2 2 3 6 8 5 0 1 0 1 0 0 1 0 0 1 
1 0 1 1 0 1 0 3 3 7 1 9 19 20 42 33 55 13 12 5 13 12 15 5 4 3 6 10 14 2 2 3 0 0 1 0 0 0 0 0 
0 1 0 0 0 0 0 1 2 1 5 9 10 20 10 45 26 11 16 8 11 12 11 6 5 7 4 5 11 3 5 0 0 2 1 0 0 0 0 0 
0 0 1 0 0 0 0 1 0 5 2 4 6 1 9 14 15 8 2 7 4 4 3 4 7 1 4 8 10 5 5 2 2 2 1 0 1 0 0 1 
1 1 0 0 1 0 1 1 0 2 3 10 3 11 13 27 35 18 8 9 9 8 9 10 5 10 12 6 13 2 2 3 2 1 1 0 1 0 1 0 
2 0 0 0 0 0 0 1 2 2 4 4 5 8 12 25 25 13 6 11 6 13 18 10 8 5 11 16 15 6 6 4 4 1 0 0 1 0 0 1 
0 0 0 0 0 0 0 0 1 3 0 2 2 2 8 10 24 9 5 7 7 8 10 5 9 14 9 11 5 8 4 4 2 0 0 2 0 1 0 1 
1 1 1 0 1 0 1 0 2 2 0 8 2 7 9 35 34 21 26 7 8 9 15 4 10 10 11 5 16 5 6 3 4 0 0 1 0 0 1 0 
0 1 0 0 0 0 0 1 3 3 3 1 6 7 20 37 32 45 28 13 14 10 15 20 13 13 22 9 3 4 2 1 3 1 1 0 1 0 1 0 
0 0 0 0 0 0 0 0 0 1 2 1 2 2 7 16 15 13 11 8 6 7 7 11 9 30 27 15 10 3 2 3 2 0 1 2 0 3 0 1 
0 1 0 0 0 0 1 1 0 1 1 1 2 9 10 29 32 22 23 18 16 9 8 11 11 37 40 6 9 4 4 0 1 3 0 0 0 0 0 0 
0 0 0 0 0 1 0 0 0 3 0 1 6 6 15 25 36 47 34 19 19 8 11 20 20 95 32 9 7 2 2 1 0 2 0 2 0 0 0 1 
0 0 0 0 0 0 0 0 1 0 1 2 3 3 2 11 12 16 9 10 11 3 5 10 10 94 37 10 5 2 5 2 1 0 1 0 1 0 0 0 
0 0 0 0 0 0 0 1 0 2 2 5 0 4 4 14 10 31 27 13 20 10 10 10 12 152 42 5 3 5 2 1 1 2 0 0 0 0 0 0 
0 0 0 0 0 0 0 0 0 0 2 3 3 8 7 11 26 46 39 28 12 19 9 12 63 172 31 9 6 5 1 0 0 2 0 1 0 0 0 0 
0 0 1 0 1 0 0 0 0 0 3 1 4 4 7 6 19 20 26 12 13 15 13 28 98 89 28 14 8 6 3 6 1 2 3 2 2 1 1 0 
2 1 1 0 0 0 0 0 1 0 1 1 3 5 2 19 9 29 49 19 20 13 8 20 77 60 42 5 10 5 3 3 1 1 1 2 0 1 0 0 
0 0 0 0 0 1 1 0 0 1 2 1 2 5 12 18 26 34 57 30 17 13 14 21 39 54 18 4 3 1 2 1 2 1 0 0 2 0 0 2 
0 3 0 0 0 1 1 0 1 1 2 3 2 5 7 15 24 39 79 42 29 22 35 36 85 40 22 11 6 6 1 0 0 1 0 0 0 1 0 1 
0 0 0 0 1 0 0 1 0 2 1 1 2 8 6 13 9 32 64 43 47 13 16 47 72 25 35 5 8 7 3 0 2 0 0 2 0 2 0 0 
0 0 0 0 0 2 0 1 0 0 2 0 4 3 9 14 29 36 84 87 24 19 11 26 37 12 7 0 2 1 1 0 0 1 0 0 1 1 0 2 
0 0 0 1 0 0 0 0 1 1 0 1 1 1 4 6 12 14 18 20 8 4 12 15 11 2 0 1 0 1 2 0 0 0 0 0 0 0 0 0 

0 0 1 1 0 2 0 2 1 3 2 39 33 364 173 169 74 20 15 9 9 30 16 8 5 5 8 5 6 1 1 1 0 0 0 0 0 0 0 0 
5 2 1 2 0 0 0 0 2 9 4 16 73 251 197 145 100 30 19 24 14 20 22 8 9 7 0 6 7 5 3 1 1 1 1 2 0 1 1 1 
2 0 0 0 2 0 3 1 3 8 7 15 25 59 126 180 95 35 25 22 17 19 21 6 11 7 3 5 5 6 1 5 0 1 1 0 0 1 0 0 
0 0 1 0 0 3 1 5 1 3 4 9 13 30 43 95 98 28 23 18 7 22 18 7 10 5 5 6 8 1 1 3 2 0 1 0 0 0 0 0 
0 1 0 0 0 0 2 1 5 6 13 10 26 31 66 148 109 43 18 16 12 31 25 11 6 10 9 5 7 4 2 2 2 0 0 0 1 0 0 0 
0 0 1 0 1 1 0 0 3 7 8 5 12 36 43 152 112 38 23 13 9 19 18 12 6 3 2 6 5 4 4 1 1 0 0 1 1 0 0 1 
3 0 1 2 0 0 1 2 4 4 4 6 5 14 15 79 100 30 21 16 15 18 22 7 15 6 8 5 10 3 4 2 3 1 0 1 0 0 1 0 
1 1 0 0 1 3 2 2 5 4 11 3 17 11 51 161 125 40 31 15 24 42 12 13 6 5 4 9 5 4 1 1 1 2 1 0 0 0 0 0 
0 0 0 0 2 1 0 1 3 5 4 11 9 19 49 232 145 48 26 31 20 20 12 15 9 7 5 0 7 5 3 2 2 4 0 0 0 0 0 0 
1 0 0 1 0 0 0 0 0 3 1 5 9 18 20 167 109 66 59 21 8 29 19 15 10 11 14 3 7 3 9 2 4 0 0 0 0 0 1 0 
1 0 1 1 0 0 4 2 5 3 5 6 14 19 47 214 126 127 50 37 18 32 26 14 15 21 12 6 3 3 0 2 2 0 0 0 0 0 0 0 
0 1 1 1 0 1 2 2 3 5 3 6 10 17 55 280 185 87 38 23 24 18 26 13 12 12 11 2 5 2 3 0 1 1 1 0 0 0 0 0 
0 0 0 1 1 1 1 0 0 0 0 8 11 14 13 109 129 71 66 15 24 10 12 12 13 19 13 6 9 1 5 5 0 1 0 1 1 1 1 0 
1 0 0 0 1 2 0 0 3 2 6 5 12 17 52 132 172 247 86 37 32 25 17 14 16 5 8 8 3 5 0 1 0 0 2 1 0 0 1 0 
0 2 0 1 0 2 1 0 0 1 3 4 7 13 26 98 164 288 73 32 47 34 14 14 15 14 13 6 1 1 3 2 0 0 1 1 0 0 0 0 
1 0 0 1 0 0 0 3 2 3 5 4 2 12 14 46 68 203 136 27 34 23 23 13 9 30 34 10 7 1 4 3 1 1 0 0 0 0 1 0 
0 0 1 1 0 3 1 3 0 5 6 5 18 14 18 55 83 307 182 37 30 11 18 14 25 44 19 4 4 2 2 1 1 0 0 1 0 1 1 0 
0 1 0 0 1 1 0 0 3 1 5 7 4 12 17 57 111 127 283 36 22 15 21 16 35 26 6 5 1 2 3 1 3 2 2 0 0 0 0 1 
2 0 0 1 0 1 1 3 1 3 0 5 2 11 4 51 58 85 417 26 23 18 6 32 169 47 22 4 8 0 4 1 0 0 0 1 1 1 1 1 
1 0 0 0 0 0 1 0 1 1 5 3 11 5 21 52 68 95 473 52 33 16 17 17 125 53 13 6 2 0 0 2 1 1 0 0 0 0 0 0 
0 1 0 0 2 0 0 3 1 4 0 4 6 5 11 18 54 49 193 40 22 24 14 15 78 26 8 8 5 4 5 0 1 0 2 0 0 0 0 0 
0 0 1 0 0 0 2 2 1 6 0 5 0 10 3 20 36 49 258 70 61 12 13 44 278 26 11 6 7 1 3 0 0 0 1 0 1 2 1 1 
3 0 2 1 0 1 1 1 0 0 6 1 4 8 16 37 52 106 422 177 58 23 30 69 309 20 8 1 4 2 2 2 0 0 0 1 0 0 0 0 
1 0 0 0 3 2 5 0 2 2 3 4 4 12 21 34 50 73 512 87 39 16 18 187 510 20 12 2 1 0 0 2 2 1 0 1 0 1 0 0 

1 0 0 2 1 2 0 1 1 7 1 21 9 260 349 435 122 30 27 14 11 44 44 12 8 7 4 1 5 4 1 0 1 0 0 0 0 0 0 0 
2 0 4 1 2 1 1 1 1 1 2 4 18 91 670 358 153 52 46 21 26 30 28 20 6 10 0 3 6 5 2 4 3 1 2 2 3 2 0 1 
2 3 3 0 0 2 5 2 2 6 7 18 29 46 181 423 111 48 35 18 21 27 17 7 9 6 4 7 3 2 4 3 0 1 1 3 0 0 1 1 
0 1 0 0 1 2 1 1 1 3 3 8 9 39 119 543 224 24 29 24 13 37 43 18 17 10 8 3 9 1 2 3 2 1 0 1 0 0 0 0 
0 0 0 0 2 1 3 1 0 1 5 3 9 22 58 514 201 29 34 22 28 51 34 15 8 4 7 11 7 9 3 2 0 3 2 1 0 0 1 2 
3 0 0 1 1 1 0 3 6 3 6 13 25 32 56 351 168 54 25 15 19 19 22 16 7 9 8 7 7 5 1 1 2 0 0 1 1 2 1 0 
0 0 0 0 0 4 2 1 0 6 4 9 8 20 38 279 273 29 45 22 27 38 32 7 13 6 12 4 15 1 0 1 1 1 0 0 1 0 0 0 
2 1 1 0 0 2 1 0 1 0 7 5 9 14 24 159 266 50 26 19 24 45 28 12 19 10 5 9 9 0 4 0 3 1 3 1 1 2 1 0 
1 2 2 0 3 1 5 3 3 5 5 10 16 23 31 216 277 51 31 22 33 23 21 19 10 13 15 6 5 6 2 2 0 1 0 2 0 1 1 0 
1 0 0 2 0 3 0 1 2 7 1 10 7 22 29 300 319 110 79 21 23 52 36 22 23 10 10 4 4 1 1 1 3 1 0 2 1 0 0 0 
1 0 0 1 0 0 1 1 0 4 4 4 10 8 38 172 186 121 50 21 33 47 33 22 20 15 10 5 2 1 1 2 0 2 0 1 0 0 0 0 
1 3 0 0 1 0 0 1 3 3 7 10 10 20 45 275 188 123 52 36 38 19 16 12 10 11 9 7 8 5 1 0 0 2 1 0 1 0 0 1 
1 0 0 0 0 2 0 3 0 3 3 7 7 17 25 182 180 164 74 41 51 23 14 24 16 7 17 4 4 4 2 1 1 0 0 1 0 0 0 0 
1 1 0 0 1 2 0 1 1 2 5 4 9 10 27 193 188 185 60 38 39 13 15 23 12 12 6 3 7 2 1 3 0 1 1 1 0 3 0 1 
2 0 0 1 0 2 2 1 1 4 3 9 8 21 23 162 221 127 77 67 58 39 20 20 10 8 7 5 3 3 4 2 1 1 1 1 0 0 0 0 
1 0 0 0 0 2 1 0 0 4 1 9 9 14 12 74 256 89 94 58 72 27 18 18 19 12 14 8 4 0 6 3 2 1 0 1 0 1 0 0 
1 0 0 1 1 2 1 1 1 1 4 6 8 11 20 67 161 80 58 46 47 16 11 19 10 15 7 3 2 6 2 2 0 1 0 0 0 1 0 1 
1 1 1 1 0 0 2 5 5 3 4 5 9 14 14 49 333 68 56 32 22 21 10 11 15 12 19 3 2 2 4 4 1 2 2 0 1 0 1 1 
0 1 0 0 0 1 0 3 1 6 2 7 4 17 16 77 539 60 74 29 43 17 24 17 19 13 13 7 4 3 4 3 0 2 0 4 0 0 1 0 
1 0 0 1 1 0 1 1 1 0 3 2 4 10 16 51 257 54 52 26 34 33 23 27 26 27 7 4 5 2 1 1 1 1 2 0 0 0 0 0 
1 1 0 1 2 0 1 0 5 1 3 4 6 17 23 44 134 47 36 19 28 15 12 18 9 9 9 8 4 3 3 2 0 0 3 1 0 0 2 2 
1 0 0 0 0 0 0 1 0 3 2 6 1 20 11 51 206 65 56 48 41 27 28 20 34 12 20 4 4 1 3 4 2 1 0 1 0 0 0 1 
1 0 1 1 0 0 0 0 2 1 2 2 6 3 14 43 360 129 82 60 48 28 26 25 24 7 8 2 1 0 1 1 0 0 0 1 0 1 1 2 
3 1 1 1 1 0 2 2 1 5 6 8 12 21 30 63 330 210 124 83 55 38 27 55 54 17 15 4 4 5 3 1 2 1 1 0 1 1 0 0 

1 0 0 0 0 0 1 1 0 0 2 7 8 94 73 183 74 15 15 15 17 173 157 35 11 5 7 7 8 7 2 3 1 0 0 0 0 0 0 0 
1 0 0 0 0 0 0 0 2 2 4 5 8 12 72 76 36 12 7 13 36 197 148 38 26 14 8 6 4 5 2 2 2 0 1 0 0 1 0 0 
0 0 0 1 0 0 0 1 3 0 1 8 0 14 28 73 37 23 24 23 54 367 117 40 28 15 6 8 1 7 2 1 0 0 0 1 0 2 1 1 
0 1 0 0 0 0 0 0 1 1 0 2 6 8 28 117 94 16 13 13 24 212 105 26 16 11 13 5 11 1 1 1 4 0 1 0 0 0 0 1 
0 0 0 0 0 1 1 1 1 0 1 3 14 18 39 124 63 14 16 23 83 315 99 37 22 14 10 5 3 6 4 2 1 1 0 0 1 0 1 0 
0 0 0 0 0 1 1 0 0 3 3 6 4 5 9 39 29 17 21 21 79 223 89 60 24 17 13 6 9 5 3 4 2 1 2 0 1 0 0 0 
1 0 1 0 0 2 0 0 0 0 0 1 1 12 13 45 76 23 20 21 37 168 83 24 22 10 10 2 5 1 5 1 0 1 1 1 1 0 0 0 
2 1 0 0 0 1 0 2 1 1 3 1 3 14 18 37 43 27 19 24 167 144 57 38 32 12 17 9 4 1 6 0 0 0 0 0 1 2 0 1 
1 1 0 0 0 0 1 1 0 1 2 3 4 10 9 30 29 22 27 21 304 98 72 43 32 24 17 6 7 7 5 1 3 1 2 2 0 0 1 0 
1 0 0 0 1 0 2 3 0 4 0 4 5 9 16 23 49 59 54 23 192 106 68 31 37 11 11 5 16 2 2 2 6 0 2 0 0 0 1 1 
0 0 0 0 1 0 0 3 0 2 4 6 12 8 34 35 51 53 41 35 232 105 73 59 34 23 9 4 5 1 0 0 1 0 1 0 0 1 0 0 
0 0 0 0 0 0 0 0 2 1 3 5 7 9 9 10 19 28 33 35 418 56 53 49 25 18 13 6 2 4 4 3 2 0 1 0 1 0 1 0 
0 0 0 0 1 0 0 3 2 2 1 3 4 19 13 31 43 37 36 57 422 37 30 20 27 15 18 7 7 5 3 0 2 0 1 0 0 0 0 0 
1 0 0 0 0 0 2 2 0 1 4 3 11 3 20 32 51 36 36 71 227 31 33 47 26 20 13 4 1 2 0 0 0 2 0 0 0 0 1 0 
1 0 2 0 0 1 0 0 1 2 5 1 6 7 7 17 32 20 34 42 187 34 44 36 33 25 10 10 3 4 1 3 1 1 0 1 1 0 1 0 
1 0 1 0 1 0 0 1 0 0 0 2 5 6 12 45 47 29 44 77 359 34 30 28 29 15 12 2 4 2 0 2 2 2 0 0 0 1 0 1 
0 0 0 0 0 0 0 4 0 3 1 3 4 7 11 25 30 31 35 89 399 40 42 41 30 18 7 2 6 5 1 0 1 1 0 0 0 0 0 0 
0 0 0 2 0 0 0 2 1 1 6 3 9 7 7 20 29 24 31 75 390 51 53 37 36 19 15 7 6 3 3 1 1 2 0 0 0 0 0 1 
0 0 0 0 0 1 0 1 0 3 1 1 5 15 5 31 48 27 29 43 178 36 36 29 36 13 16 6 8 1 4 1 2 1 0 1 1 1 0 0 
0 1 0 0 0 0 0 0 2 2 1 0 9 5 11 17 44 23 27 84 278 64 49 64 30 16 5 7 1 1 1 0 0 3 0 1 1 0 1 0 
0 0 2 0 0 1 1 0 2 1 3 5 4 4 9 15 22 15 27 66 358 63 61 32 24 17 12 9 7 5 2 2 0 1 0 0 1 0 2 0 
0 2 0 0 1 0 0 2 0 1 3 3 3 5 12 21 28 48 30 73 419 24 44 20 28 9 26 7 2 3 1 0 1 1 0 0 0 1 0 0 
0 0 0 0 0 0 2 1 2 0 3 2 2 4 13 21 60 83 61 79 274 65 27 27 20 10 6 4 1 0 0 0 0 0 0 1 0 0 0 1 
0 1 0 1 0 1 0 2 2 3 2 4 7 11 16 37 121 94 61 102 329 78 68 55 36 9 11 6 2 6 4 1 0 0 1 1 0 0 2 0 

0 0 0 0 0 0 0 0 0 1 1 3 1 36 22 67 38 12 6 23 18 386 755 33 16 11 6 6 1 8 2 2 0 0 0 0 0 1 0 0 
1 1 1 1 1 0 0 1 1 1 0 0 5 9 17 17 18 8 16 10 40 163 435 40 27 15 16 7 16 7 3 3 3 4 0 0 4 1 3 0 
1 0 2 0 2 1 0 3 1 3 2 5 2 6 18 33 21 22 11 17 20 109 164 49 27 10 11 7 5 3 3 3 2 0 0 1 0 0 0 1 
0 0 0 1 0 0 0 1 1 0 1 0 2 6 5 24 27 12 8 15 27 103 520 29 33 11 14 9 8 5 2 2 2 0 2 1 0 0 0 0 
0 1 0 1 1 0 1 0 1 1 2 1 2 8 15 13 18 9 11 12 29 106 219 45 32 9 13 11 12 5 4 4 1 0 1 0 1 0 0 1 
1 0 1 0 0 1 0 3 1 3 5 3 5 13 17 17 27 29 14 20 29 78 222 50 38 15 11 4 6 9 1 3 5 3 1 0 1 2 1 3 
1 0 0 0 1 0 0 0 0 3 2 4 2 6 3 17 32 11 16 22 40 68 647 56 38 11 17 8 12 1 4 0 1 0 0 0 0 0 0 0 
1 1 0 0 1 0 2 0 0 0 1 3 1 2 7 15 17 5 22 14 42 74 425 61 29 15 13 11 9 5 5 2 1 0 0 0 0 0 0 3 
0 0 1 1 0 0 0 1 2 3 1 1 4 5 9 11 15 13 19 25 59 63 169 64 28 19 19 10 11 5 5 2 3 0 1 2 0 1 0 4 
0 0 0 0 1 2 0 1 1 2 2 2 2 8 5 21 17 27 33 19 49 59 156 78 66 15 15 9 7 3 3 1 1 1 2 1 2 0 0 1 
1 0 0 0 1 0 0 0 1 2 0 1 4 11 8 17 13 21 28 18 45 62 221 81 36 22 12 6 2 3 3 1 2 1 0 1 0 0 1 0 
0 0 0 0 0 1 0 0 0 1 1 5 3 9 9 17 18 20 35 37 44 42 145 98 36 15 16 7 5 2 2 1 1 2 1 1 0 0 0 0 
0 0 0 0 1 1 0 0 0 0 0 2 1 4 8 10 22 17 23 19 37 28 144 96 75 16 18 7 8 4 3 2 3 1 1 1 0 0 0 0 
1 0 0 2 1 0 0 0 2 1 2 2 2 1 10 16 20 24 23 27 26 19 71 79 30 9 6 3 5 3 1 1 1 1 0 1 0 0 0 0 
0 0 2 1 0 0 0 0 1 1 2 2 4 8 8 15 16 19 20 35 41 43 91 63 32 19 9 13 7 4 2 1 0 0 0 1 0 1 0 1 
1 0 0 0 0 0 0 0 0 4 0 5 1 11 8 16 11 17 16 37 39 27 141 57 44 11 10 9 5 2 2 2 2 0 0 0 1 0 0 0 
0 1 0 0 0 0 1 0 0 1 1 2 1 7 8 9 14 21 27 34 47 28 156 60 24 13 10 3 3 3 3 1 0 2 0 1 0 1 0 0 
2 1 0 0 2 2 0 1 3 4 2 2 2 7 6 10 22 19 23 54 63 61 119 73 43 20 14 8 4 4 2 2 4 1 0 2 0 0 1 3 
0 0 0 0 0 0 2 0 0 1 2 4 1 6 5 14 11 18 20 35 40 48 167 72 57 9 28 9 9 4 5 2 5 0 1 0 1 1 0 3 
1 0 0 0 0 0 0 1 2 1 2 0 4 3 12 13 21 18 24 29 60 55 86 64 50 20 7 6 4 0 1 0 2 2 0 0 1 1 0 0 
2 1 0 1 1 1 1 1 1 2 2 2 5 6 6 16 11 16 21 45 62 89 132 59 37 12 19 6 5 3 1 1 0 1 0 1 0 0 1 1 
0 0 0 0 0 1 2 0 1 0 1 0 1 8 5 14 8 8 25 35 89 77 211 32 29 9 16 5 3 2 3 0 0 0 1 1 2 1 0 0 
2 1 0 0 0 2 0 0 1 1 1 3 4 1 12 10 20 36 34 56 101 79 189 23 11 6 4 4 1 0 2 2 0 0 0 0 1 1 0 0 
0 1 0 0 0 1 0 1 1 1 0 2 5 10 13 17 40 32 46 70 222 168 361 75 37 20 10 10 4 6 4 2 1 0 2 0 0 1 0 0 

1 0 0 0 0 0 0 0 0 2 1 3 3 19 14 46 13 8 9 8 8 73 63 20 10 5 2 7 4 16 11 2 1 1 0 0 1 0 0 0 
0 0 0 0 1 0 0 0 0 0 1 0 2 3 4 4 5 8 4 5 10 21 40 11 8 8 9 3 6 4 7 1 1 0 2 0 0 1 0 0 
0 2 1 0 0 0 0 0 0 0 0 1 3 2 4 6 10 9 2 3 14 25 30 14 11 8 6 6 9 3 6 2 1 2 1 1 0 0 0 0 
0 0 0 1 0 0 1 0 0 2 1 0 0 2 5 11 21 2 8 7 10 26 62 18 18 7 15 10 9 7 11 0 4 1 1 0 1 0 0 0 
1 0 0 0 0 0 1 1 0 0 0 0 0 2 1 11 17 11 3 11 16 29 44 19 10 12 11 9 9 4 3 3 4 0 1 0 0 0 1 0 
1 0 0 0 0 0 0 1 0 0 1 0 0 6 3 3 6 9 4 9 12 21 28 20 10 6 7 7 11 6 5 3 0 3 0 2 1 1 0 1 
0 1 0 0 0 0 0 0 0 1 0 3 3 3 1 12 10 6 13 8 22 33 84 14 13 8 9 16 12 3 5 3 2 0 2 1 0 0 0 0 
0 0 0 0 1 0 0 0 0 1 0 3 1 3 6 8 7 6 12 8 17 28 67 25 15 8 13 17 13 8 2 0 2 1 0 0 0 0 0 1 
1 0 0 0 0 0 0 1 1 1 0 1 1 5 5 1 9 4 11 13 14 14 41 24 14 9 17 10 3 6 6 3 0 0 0 1 0 0 0 1 
0 0 0 1 0 2 0 1 1 0 1 0 0 3 0 10 15 15 11 12 12 27 73 48 35 13 10 6 3 2 2 1 2 1 1 1 1 0 0 0 
0 0 0 0 0 0 1 1 0 0 0 3 6 3 6 8 12 13 10 16 15 18 82 56 39 26 13 7 3 2 2 2 1 1 1 1 0 0 0 1 
0 0 1 0 1 0 2 0 1 1 1 1 4 3 3 9 13 11 14 18 10 14 62 30 12 12 10 4 2 3 1 1 1 1 0 0 1 0 1 0 
1 0 0 0 0 1 0 0 0 3 0 2 1 5 6 8 9 17 14 17 20 25 91 64 39 17 10 4 5 2 1 0 2 0 0 0 0 0 0 0 
0 0 0 0 0 0 1 0 2 0 2 2 3 4 6 10 8 10 18 9 20 18 92 64 17 15 5 3 4 2 0 0 0 0 1 0 1 0 0 0 
0 0 0 0 0 0 1 0 1 1 3 1 1 3 4 9 10 10 17 11 14 16 48 22 18 9 12 7 3 1 0 1 2 0 0 0 0 0 0 0 
1 0 0 1 0 0 0 0 1 1 0 2 0 4 6 10 19 9 12 7 16 14 111 51 35 16 7 3 3 1 2 0 0 0 0 0 0 0 0 0 
0 0 0 0 0 0 0 0 2 0 2 3 3 2 3 9 14 12 18 12 12 13 96 56 18 11 8 4 2 1 0 0 2 0 0 0 0 0 0 0 
0 0 0 0 0 1 0 0 1 1 0 4 3 4 6 10 13 12 9 21 20 27 48 27 15 13 8 5 6 1 3 0 1 1 0 0 1 2 0 1 
0 0 1 0 1 0 1 1 0 1 1 6 1 5 5 9 7 10 19 26 22 46 219 58 44 13 8 4 10 3 4 0 2 4 0 1 0 0 1 0 
0 0 0 0 0 1 0 1 1 1 1 1 1 2 8 6 8 7 11 23 29 26 222 66 23 9 8 3 1 1 0 1 0 1 0 1 0 0 1 0 
0 0 0 1 0 0 1 0 0 0 4 2 2 9 9 9 7 10 13 19 11 28 77 17 16 9 8 7 4 2 1 0 3 0 0 1 2 0 1 1 
0 0 0 0 0 0 3 2 2 2 4 1 0 6 4 7 7 10 13 21 30 55 349 28 37 5 8 5 2 1 5 3 1 0 1 0 0 0 0 0 
0 0 0 0 1 1 0 1 1 0 1 0 2 2 6 8 11 18 17 27 29 46 134 17 11 7 2 4 1 1 0 2 0 0 0 0 1 0 0 0 
0 0 0 0 0 0 0 3 1 2 1 2 5 11 9 20 18 32 32 51 74 101 177 42 22 18 4 5 3 3 5 2 2 0 0 1 1 0 2 1 

0 0 0 0 0 0 0 1 1 0 0 1 1 9 4 22 9 5 1 7 5 38 18 2 5 7 2 6 4 21 5 4 2 0 0 0 1 0 1 0 
0 0 0 0 0 0 1 0 0 0 2 1 1 2 6 4 12 3 6 4 5 17 15 6 6 8 8 5 6 14 5 3 2 2 0 2 0 0 0 0 
0 1 0 0 0 0 0 2 0 0 0 1 2 2 3 5 12 7 7 4 12 7 12 10 7 5 3 6 9 3 5 4 1 1 1 1 0 1 0 1 
0 1 0 0 0 0 1 1 0 0 0 0 0 3 1 7 12 8 5 4 7 6 14 3 9 3 1 11 9 8 7 3 6 0 2 1 2 0 0 1 
0 0 1 0 0 0 1 0 0 1 0 3 1 2 3 6 3 5 9 5 7 11 22 2 7 5 13 19 13 11 6 7 2 1 1 0 0 1 1 1 
1 0 0 0 0 0 0 1 3 0 1 0 3 0 6 8 12 8 3 6 11 13 14 8 7 6 10 6 12 5 3 2 3 0 1 1 0 0 0 1 
0 0 0 0 1 1 0 0 1 0 0 1 0 0 1 5 7 1 5 2 12 11 19 10 14 3 13 26 10 8 7 2 1 0 4 1 0 1 0 0 
1 0 0 0 1 0 0 1 1 0 1 0 4 1 3 5 6 3 8 8 8 21 19 11 11 15 12 23 17 5 3 2 6 1 0 1 1 0 0 0 
0 0 0 0 0 0 0 0 3 0 1 2 1 3 2 3 8 8 5 6 12 19 12 12 8 11 22 13 7 5 3 2 1 0 0 1 0 1 1 0 
0 0 0 0 0 1 0 0 0 0 0 1 2 6 4 6 7 6 9 5 8 10 18 23 22 23 31 5 8 3 4 1 0 0 1 0 0 0 0 0 
0 1 0 0 0 0 1 0 0 2 0 0 2 5 8 4 7 11 7 16 13 13 13 22 25 38 18 7 4 5 2 1 0 2 1 0 0 2 0 0 
0 0 0 0 0 0 0 1 0 1 3 2 0 1 0 3 6 6 7 9 12 12 12 11 9 14 8 6 7 1 3 1 1 0 2 2 0 0 0 0 
0 1 0 0 0 2 0 0 0 0 1 1 0 5 2 5 7 7 5 6 11 11 13 19 11 9 8 6 3 3 3 0 1 0 0 0 0 0 0 0 
1 0 0 0 1 0 0 1 2 0 1 2 2 4 6 12 9 15 10 17 14 8 13 17 14 18 12 1 3 1 1 1 1 0 0 0 0 1 0 0 
0 0 1 0 0 0 0 0 0 1 1 0 2 0 0 8 11 6 9 13 6 12 10 9 13 6 13 6 7 1 1 0 1 0 1 0 0 1 0 0 
0 0 0 1 1 0 1 0 0 1 2 2 1 2 0 1 1 5 5 8 13 15 11 21 21 11 8 2 5 3 2 2 1 0 0 1 0 0 0 0 
0 0 0 0 0 2 0 0 1 1 0 2 2 5 1 4 12 12 17 15 12 17 18 16 20 20 12 4 4 3 3 3 0 0 1 0 0 1 0 0 
1 0 1 1 1 0 0 0 0 1 2 3 0 2 3 6 6 6 11 8 13 11 13 13 14 10 6 5 3 1 3 1 1 2 0 1 0 0 0 0 
0 0 0 0 0 0 0 0 2 2 2 1 3 4 4 3 9 2 14 16 9 16 11 22 18 7 16 3 4 2 3 3 1 0 0 0 0 0 0 0 
0 0 1 0 0 1 1 0 1 1 1 4 2 4 8 5 7 6 14 16 15 21 22 36 13 9 2 2 1 1 0 0 0 1 0 1 1 0 0 0 
2 0 0 0 0 1 0 1 0 0 0 2 2 4 1 2 5 8 7 17 13 15 14 15 12 5 4 9 3 1 1 0 1 0 0 0 1 1 1 0 
0 0 0 0 0 0 0 2 1 1 1 4 1 1 2 5 3 5 7 17 10 20 22 12 15 8 6 1 4 0 2 0 2 1 0 0 0 0 1 0 
0 0 0 0 0 2 0 0 1 2 1 3 2 3 4 3 8 8 15 28 21 20 30 14 14 5 1 0 1 1 2 0 0 0 0 1 0 0 1 0 
0 0 1 0 1 0 0 2 0 0 1 4 6 2 6 4 8 10 16 16 24 18 7 16 6 4 1 4 3 0 1 1 0 0 0 0 0 0 2 1 

0 0 0 0 0 0 0 0 0 1 0 1 2 7 8 9 3 3 1 9 5 18 11 10 4 6 3 8 7 29 22 1 1 2 1 0 0 0 0 0 
0 0 0 0 0 0 0 0 1 0 1 0 0 0 1 0 5 6 4 4 1 1 3 5 5 3 8 11 28 32 29 4 5 3 1 3 1 0 0 0 
0 0 0 0 1 0 0 0 0 1 1 0 0 0 2 1 6 4 3 6 7 8 8 6 6 13 13 36 35 28 27 7 3 8 3 2 1 0 1 1 
0 0 0 0 0 0 0 0 0 0 1 0 1 1 1 2 9 3 3 8 8 7 14 3 2 8 4 7 23 6 14 8 5 4 2 2 0 0 2 1 
0 0 0 1 0 0 0 0 1 0 0 1 0 0 1 3 4 4 5 4 4 7 7 8 7 10 23 27 33 25 17 9 5 2 1 0 1 1 0 1 
0 0 0 0 0 0 0 0 0 0 2 0 0 1 2 6 5 7 4 7 4 8 5 10 8 20 30 48 34 21 12 5 4 3 0 1 1 0 0 0 
0 0 0 0 0 0 0 0 0 2 0 0 0 1 0 0 2 4 3 7 10 6 8 12 4 14 16 30 40 7 14 4 5 0 0 0 0 0 1 0 
0 0 0 0 0 0 0 1 0 0 0 0 0 1 2 2 4 7 6 4 8 9 6 7 13 17 23 51 27 18 4 4 1 3 1 1 0 0 1 0 
0 0 0 0 0 0 0 1 2 1 0 0 0 1 4 0 4 1 4 10 7 9 12 10 21 45 38 28 18 4 7 6 2 3 0 1 0 0 3 0 
1 0 0 0 0 0 0 0 1 0 1 1 0 2 2 1 6 4 6 4 14 7 10 12 14 52 39 6 6 4 5 4 1 0 1 2 2 0 1 0 
0 0 0 0 0 0 0 0 0 0 1 0 3 5 3 2 5 6 9 16 8 13 6 12 67 105 52 13 9 5 5 3 2 2 0 0 0 1 0 0 
0 0 0 0 1 2 0 0 0 1 2 1 2 2 3 3 3 6 4 7 3 7 13 13 18 28 22 11 6 0 0 2 1 0 1 0 1 0 0 1 
0 0 0 0 0 0 1 0 0 0 0 0 2 3 1 5 8 7 8 5 7 5 9 13 12 22 32 5 8 5 2 3 1 0 0 0 1 0 0 0 
0 1 0 0 0 0 0 0 1 0 0 1 2 1 3 9 6 3 5 14 12 7 19 18 17 25 17 5 5 2 2 0 0 0 1 1 0 0 1 0 
0 0 0 0 0 0 0 1 0 2 1 1 0 1 4 5 7 8 10 3 9 7 8 19 13 10 15 5 6 2 0 0 0 0 0 1 0 0 0 0 
0 0 0 0 0 1 0 1 1 0 0 0 2 3 0 3 12 6 6 5 9 12 2 11 18 11 19 4 3 2 4 2 0 0 0 0 1 0 0 0 
0 0 0 0 0 0 2 0 0 0 3 2 0 2 5 3 3 4 7 13 7 11 7 13 17 27 17 3 6 3 2 0 2 0 0 0 0 0 0 0 
0 0 1 0 0 0 0 1 0 1 1 0 1 2 2 4 8 6 6 12 7 7 11 12 10 13 8 3 3 2 4 1 0 0 0 0 1 0 0 0 
0 0 0 0 0 1 0 0 0 0 1 0 1 3 2 9 4 6 5 11 7 5 10 13 20 7 8 3 4 2 3 1 0 1 1 0 0 0 1 0 
0 0 0 0 0 1 0 0 1 0 0 1 1 3 4 1 6 6 10 11 14 13 25 15 14 6 6 2 5 1 1 2 0 0 0 0 0 0 0 0 
0 2 0 0 0 0 1 0 0 0 1 0 0 2 1 4 9 4 12 14 16 7 11 10 15 7 8 3 3 0 1 1 0 2 0 1 0 0 0 0 
0 0 0 0 0 0 0 0 1 1 0 1 2 2 2 7 5 6 10 11 13 10 8 4 22 5 8 2 5 2 3 0 0 0 2 0 0 0 0 1 
0 1 0 0 0 0 0 1 0 0 2 2 0 1 1 7 4 7 14 14 12 16 12 16 7 4 7 2 2 0 2 0 1 0 1 0 0 0 1 0 
0 0 0 0 0 1 0 0 1 2 1 2 3 6 10 7 8 15 14 24 27 18 21 14 17 6 3 7 3 1 2 0 2 0 0 1 3 0 0 0 

0 0 0 0 0 0 0 0 0 0 0 2 1 5 4 5 5 1 1 8 5 12 9 3 5 2 3 5 16 157 63 5 1 0 0 0 0 0 0 0 
1 0 0 0 0 0 0 0 0 0 0 2 1 0 2 1 4 2 2 5 6 3 6 3 2 9 7 14 58 67 30 7 6 2 0 0 2 1 1 0 
0 0 0 0 0 0 0 0 2 0 0 0 1 1 2 3 4 3 4 2 1 5 3 3 5 2 11 25 80 56 32 5 6 3 0 0 2 2 0 1 
0 0 1 1 0 0 0 1 0 0 0 0 0 2 1 2 6 3 2 4 4 3 9 3 6 9 3 27 92 16 16 3 6 2 5 2 2 0 0 0 
0 1 0 1 0 0 0 0 0 0 0 0 1 1 1 4 3 4 3 3 8 8 3 2 6 4 18 44 51 16 10 3 1 0 1 1 1 2 1 2 
1 0 0 0 0 1 0 0 0 0 1 1 0 2 0 1 3 1 2 5 4 6 5 6 11 21 39 89 54 22 13 5 1 3 0 0 0 1 0 1 
0 0 0 0 1 1 0 0 0 0 3 1 1 2 2 3 1 4 1 10 10 6 10 5 7 11 20 76 48 11 13 3 6 2 2 1 1 0 0 0 
0 1 0 1 0 0 0 0 0 0 0 1 1 0 1 3 2 3 6 5 6 9 4 4 15 8 42 62 37 17 8 3 3 0 3 1 0 0 0 1 
1 1 0 0 0 0 0 0 1 0 1 1 1 1 1 3 1 3 5 3 4 7 5 4 22 48 53 30 17 10 7 7 4 2 1 2 0 0 1 0 
0 0 0 0 0 0 0 0 0 0 1 0 0 2 1 2 1 5 4 3 5 8 8 16 11 353 210 10 17 2 7 2 0 0 3 1 0 1 0 1 
0 0 1 0 0 0 0 0 0 0 0 0 3 2 2 2 3 13 9 12 11 7 7 14 45 131 74 14 7 2 2 1 0 1 0 0 0 0 0 0 
0 0 0 0 1 0 0 0 1 0 0 1 3 1 4 2 2 4 8 1 6 8 10 12 16 25 30 18 7 1 1 0 0 0 1 0 0 2 1 0 
0 0 1 0 0 0 0 1 0 0 1 2 0 0 3 3 1 4 4 7 6 6 9 13 14 41 36 11 12 4 6 1 0 1 2 1 0 3 1 0 
0 0 0 0 1 0 0 0 0 0 1 1 3 3 3 1 4 6 10 9 10 4 9 18 23 39 22 7 8 4 4 1 2 0 1 0 1 0 1 0 
0 0 0 0 0 1 0 0 0 1 1 1 0 0 1 1 3 4 3 5 10 5 8 5 6 14 7 3 3 4 0 0 2 0 0 0 0 0 0 1 
0 0 0 0 0 0 0 0 0 1 0 0 0 1 0 6 3 3 5 7 8 7 10 15 24 23 27 10 5 2 4 1 1 0 3 0 0 0 2 0 
0 1 0 0 0 0 0 0 1 0 1 0 2 3 0 2 4 7 8 6 18 7 7 9 26 29 13 5 4 3 2 1 1 0 0 0 0 0 0 0 
0 0 0 0 0 0 0 1 0 0 0 0 1 1 1 2 4 3 6 7 14 7 10 9 9 10 6 9 5 2 4 0 0 0 0 0 1 0 1 1 
0 0 0 0 0 0 0 0 0 0 0 0 0 4 0 6 4 3 2 14 13 13 16 13 29 7 12 5 5 0 4 0 3 0 0 0 0 0 1 0 
0 0 0 0 0 0 1 0 0 1 0 1 1 4 1 8 6 6 11 25 23 22 19 25 25 8 5 2 0 1 1 1 0 0 0 1 0 0 0 0 
0 0 0 0 0 0 0 1 1 0 0 0 0 5 3 0 5 5 7 11 7 7 12 7 8 5 9 0 4 1 1 1 1 0 1 0 0 1 0 0 
0 0 0 0 0 2 0 0 0 0 0 0 1 1 0 2 3 5 5 21 22 12 9 22 17 4 8 5 5 0 3 0 0 0 0 0 0 0 0 0 
0 0 0 0 1 0 1 0 0 1 1 1 3 0 4 6 7 8 14 17 25 15 21 25 27 8 4 4 0 2 1 0 0 0 2 0 2 0 0 0 
1 0 1 0 0 0 0 0 1 0 1 1 0 0 2 2 2 7 10 16 11 7 11 17 11 5 3 4 1 0 0 0 0 0 0 0 0 0 0 0 

0 0 0 0 0 1 0 0 1 1 0 1 0 3 1 4 5 1 2 9 8 11 7 4 1 3 3 8 8 417 63 6 0 1 0 0 1 0 0 0 
1 0 0 1 0 0 0 0 0 0 0 0 1 0 4 1 1 1 1 6 7 3 1 4 0 2 5 5 63 151 29 2 3 3 1 0 1 1 1 0 
0 0 0 0 1 0 0 0 0 0 0 1 0 1 1 2 4 1 3 3 4 7 0 2 1 2 8 22 162 18 11 3 1 1 0 0 0 0 1 0 
0 0 0 0 0 0 0 0 1 0 0 1 0 0 0 0 3 6 3 8 6 3 7 7 1 5 4 26 280 10 5 4 1 1 3 0 0 0 1 0 
0 0 0 0 0 0 0 0 0 0 2 0 0 1 4 2 3 3 3 11 11 5 8 4 1 5 16 281 112 14 10 3 0 2 1 2 2 2 0 0 
1 1 0 0 0 0 0 0 0 1 0 1 1 0 1 1 4 3 4 5 10 7 5 7 10 11 44 364 32 12 4 5 4 2 1 2 2 0 1 0 
0 1 0 0 0 0 0 0 2 0 0 1 0 0 1 1 2 6 4 6 8 4 4 7 8 8 38 528 65 3 7 1 2 3 4 1 2 0 0 0 
1 0 0 0 0 0 0 1 0 0 0 0 1 0 1 4 5 3 4 9 9 7 5 5 6 25 242 151 42 7 4 0 1 0 0 0 0 0 0 0 
0 1 0 0 0 0 0 0 0 0 0 0 0 0 0 3 3 4 2 14 4 9 18 9 13 54 498 33 27 7 8 3 1 1 0 3 1 2 0 1 
0 0 0 0 0 0 0 1 0 2 0 0 3 0 2 1 1 5 5 10 13 6 12 6 14 114 615 16 15 6 9 6 3 0 1 1 0 0 0 0 
0 0 0 0 0 0 0 0 0 0 1 1 0 3 2 5 4 9 10 19 12 10 8 19 47 206 230 15 12 1 3 1 2 2 0 0 0 0 0 0 
0 0 0 0 0 0 0 1 0 1 0 1 1 2 0 1 2 10 9 6 16 12 12 29 20 354 82 24 7 2 6 2 3 1 1 1 3 0 0 1 
0 0 0 0 0 0 1 2 0 1 1 1 1 1 1 1 3 3 5 7 10 9 15 11 18 167 86 14 15 4 3 0 1 0 2 1 1 0 2 0 
0 0 0 0 0 0 0 1 0 0 0 0 1 0 5 4 4 8 6 16 19 16 14 18 87 293 63 13 13 3 4 0 0 0 0 0 0 0 0 0 
0 0 0 0 0 0 0 0 0 0 1 1 0 3 1 5 5 12 5 12 10 7 12 33 157 287 36 13 8 8 3 1 1 2 0 0 0 0 0 0 
1 0 0 1 1 0 0 1 2 0 0 0 1 2 1 2 4 8 7 9 10 17 8 19 84 104 75 11 10 1 5 2 2 0 0 2 1 0 0 0 
0 0 0 0 0 0 0 0 0 0 0 1 0 2 2 1 3 6 21 17 28 23 18 24 143 128 35 7 8 5 3 0 1 0 0 0 0 0 0 1 
0 0 0 0 0 0 0 0 0 0 2 1 1 2 2 6 10 16 10 25 48 28 20 31 162 46 18 5 5 2 3 1 3 0 2 3 1 1 0 0 
0 0 1 0 1 0 0 0 0 0 0 0 0 1 1 2 2 9 9 27 39 16 14 33 116 24 13 3 5 2 5 3 2 1 1 0 2 0 0 0 
0 1 0 0 1 0 1 0 0 2 0 2 3 2 2 8 5 13 21 35 50 29 23 49 100 24 12 4 5 5 1 2 0 1 0 0 0 0 0 0 
0 0 0 0 0 0 0 0 2 1 0 1 2 3 2 5 6 5 14 41 46 25 18 67 77 24 16 3 2 4 4 2 0 0 0 1 0 0 1 0 
1 1 0 0 0 0 0 0 0 0 0 2 2 5 0 4 5 7 13 36 65 11 25 75 99 12 14 5 6 2 4 1 0 0 0 0 1 1 0 0 
0 0 0 0 0 0 0 0 1 1 1 0 5 2 4 5 9 19 26 55 79 24 36 174 84 18 4 5 1 0 1 1 1 0 1 0 0 0 1 0 
0 0 2 0 0 0 0 1 2 0 0 2 4 4 7 6 12 7 19 140 176 30 41 536 76 19 15 3 6 2 0 0 0 1 0 0 0 0 0 2 

0 0 0 0 0 0 0 0 0 0 0 0 1 3 2 3 3 2 2 12 7 8 2 4 2 11 4 11 2 35 12 5 4 0 0 0 0 0 0 0 
0 0 0 0 0 0 0 0 2 0 0 0 1 0 0 2 2 0 2 7 5 7 7 3 3 6 6 10 18 11 8 3 3 3 1 1 0 1 1 0 
0 0 0 0 0 0 0 0 0 0 0 0 1 2 1 0 0 0 1 5 2 2 1 2 4 5 8 7 9 6 12 7 1 2 2 1 0 2 0 0 
0 0 0 0 0 0 0 0 0 0 0 0 0 0 0 3 2 2 0 7 6 6 2 5 2 1 7 10 16 2 13 2 8 0 2 2 0 0 0 1 
0 0 0 1 0 0 0 1 0 0 0 0 0 0 0 0 1 2 2 7 10 2 5 4 2 1 11 21 38 13 12 5 5 1 2 0 3 1 1 0 
0 0 0 0 1 0 0 0 0 0 0 0 0 0 0 1 1 4 3 3 5 5 6 4 5 12 10 33 25 10 9 7 6 2 1 1 1 0 3 1 
1 0 0 0 0 0 0 0 0 0 0 0 0 0 0 1 4 1 8 5 11 8 3 4 8 9 22 34 40 9 6 3 4 3 6 1 2 0 0 0 
0 1 0 0 0 0 0 1 1 0 0 1 2 1 0 2 2 4 5 12 10 6 8 3 7 12 30 54 30 14 3 4 2 1 0 0 0 0 0 0 
1 0 0 0 0 0 0 0 1 0 0 1 1 3 0 1 2 4 5 7 5 7 10 10 12 22 43 28 31 14 11 6 2 3 2 0 3 0 0 2 
0 0 0 0 0 1 0 1 0 1 0 2 0 1 3 0 3 2 4 5 11 20 5 8 12 21 73 16 17 7 13 3 8 4 2 0 2 1 1 0 
0 0 0 0 0 0 0 0 0 0 1 0 2 0 2 3 3 8 12 19 13 4 12 10 35 52 58 22 9 6 4 5 0 0 1 0 0 0 0 0 
1 1 0 0 1 0 0 0 1 0 0 0 0 1 2 3 2 3 10 11 17 11 9 10 11 46 46 25 14 4 6 0 2 0 2 0 2 1 0 1 
0 0 0 0 0 0 0 0 0 0 0 1 2 1 0 1 0 10 5 14 19 4 16 12 20 54 63 13 18 5 6 3 4 1 1 1 1 0 0 0 
0 0 0 0 0 0 0 0 0 1 0 0 2 2 3 4 5 6 8 29 19 10 9 14 46 109 35 14 12 0 1 1 0 1 2 2 1 0 0 1 
0 0 0 0 1 0 0 0 0 1 0 2 2 0 2 1 2 5 3 13 18 19 15 14 42 114 31 11 10 4 4 3 2 2 4 0 1 0 1 1 
0 0 0 1 1 0 0 0 0 1 0 1 0 1 0 2 2 5 4 15 39 9 9 14 86 94 54 8 6 6 6 0 4 0 0 1 0 0 0 0 
0 0 0 0 0 0 0 0 0 0 0 0 0 0 2 3 5 5 10 32 73 17 16 19 68 70 23 6 5 3 1 2 0 0 0 0 1 0 0 1 
0 0 0 0 0 0 3 0 0 1 0 0 1 2 0 1 9 10 21 45 117 34 25 36 128 36 22 10 9 6 3 2 1 1 0 0 0 0 2 1 
0 0 0 1 0 0 0 0 0 0 0 4 1 3 3 6 4 8 9 54 216 30 27 38 302 23 32 12 3 6 3 2 0 3 0 1 0 0 0 1 
0 0 0 0 0 0 0 0 0 0 1 1 0 0 5 1 5 8 16 61 313 22 22 51 181 19 15 4 1 2 2 2 0 0 1 1 0 0 0 0 
1 0 0 0 0 0 0 0 1 2 1 2 2 1 5 4 6 10 12 62 158 22 19 70 114 24 10 3 4 2 0 2 0 1 0 1 0 3 0 3 
0 0 0 0 0 0 0 0 0 0 0 2 0 1 1 4 2 9 14 79 258 24 17 135 173 12 12 6 6 1 3 0 1 0 0 0 1 1 0 0 
1 0 0 0 0 0 0 0 0 0 0 0 2 0 6 4 8 6 22 101 161 26 31 166 60 16 4 3 1 0 2 1 0 0 0 1 1 0 0 0 
0 0 0 0 0 0 1 1 2 0 3 1 1 2 6 9 12 16 34 181 252 34 47 156 93 23 14 8 6 2 2 1 0 2 1 0 0 1 0 1 

0 0 0 0 0 0 0 0 0 1 0 0 0 2 2 4 0 5 1 21 16 7 7 3 1 7 1 6 2 21 9 3 2 0 0 0 0 0 0 0 
1 0 0 0 0 0 0 0 0 0 0 0 0 1 1 0 1 3 8 12 13 3 4 2 2 1 6 2 3 5 8 0 1 1 1 0 0 1 0 0 
0 0 0 0 0 0 0 0 0 0 0 0 0 1 1 1 2 1 3 10 12 2 2 3 2 3 1 5 5 3 5 1 2 3 0 0 1 0 0 0 
0 0 0 0 0 0 0 0 0 0 0 1 1 3 0 1 2 5 0 6 11 3 7 4 0 3 2 6 6 5 2 2 3 1 1 2 0 0 0 0 
1 0 0 0 0 0 0 0 0 1 0 1 2 1 1 4 5 6 6 23 12 7 7 3 5 4 3 5 4 4 6 2 1 1 1 0 0 0 1 0 
0 0 0 0 0 0 0 0 0 0 0 1 0 1 0 1 3 5 4 6 7 8 3 3 3 3 8 7 7 13 5 2 2 2 0 1 0 2 0 0 
0 0 0 0 0 0 0 0 0 1 0 0 0 0 0 3 2 3 6 10 13 6 5 5 5 6 10 13 16 13 6 3 1 1 4 0 0 0 2 0 
0 0 0 0 0 0 0 0 0 0 1 0 1 2 2 4 5 5 12 20 18 16 12 4 6 13 6 13 8 10 1 1 2 0 1 0 0 0 1 0 
0 0 1 0 0 0 0 0 0 1 0 2 2 1 4 2 3 8 21 35 46 13 12 16 4 15 10 10 11 5 4 7 1 3 1 2 0 0 1 2 
1 1 0 0 1 0 1 0 0 0 0 0 1 3 4 2 3 11 3 19 38 11 18 8 12 4 24 5 4 6 3 2 1 2 1 1 0 1 0 0 
0 1 0 0 0 0 0 0 0 1 0 3 2 5 3 4 7 11 30 56 81 37 14 6 14 17 17 5 5 4 5 1 2 0 0 0 0 0 0 1 
0 0 0 0 0 0 0 0 0 2 1 1 1 3 2 6 4 8 18 97 225 41 11 16 8 15 12 12 10 12 5 1 2 1 0 1 1 0 1 0 
0 0 0 0 0 0 0 0 0 0 0 0 0 3 3 2 3 4 6 29 233 36 22 9 14 21 29 15 15 3 10 1 3 0 2 0 0 0 1 0 
0 0 0 0 0 0 0 0 0 1 1 1 0 4 7 2 6 9 23 49 157 13 9 10 13 28 17 2 2 2 0 1 0 1 1 1 0 0 0 0 
1 0 0 0 0 0 0 0 0 0 0 5 2 1 1 1 3 4 9 26 530 22 10 16 13 8 12 8 10 1 4 2 2 1 0 1 1 0 0 1 
1 0 0 0 0 0 1 0 1 0 0 1 1 0 0 7 0 4 4 34 319 20 17 14 18 29 27 11 4 9 3 3 2 0 3 0 1 0 0 1 
0 0 0 0 0 0 1 0 0 0 0 1 1 1 2 2 2 7 9 40 222 12 13 8 10 25 9 8 0 1 5 2 2 1 0 0 0 0 0 1 
0 0 0 0 0 0 1 0 0 0 0 2 1 0 1 4 3 3 7 16 30 13 13 16 13 13 6 6 5 4 3 0 0 0 0 0 0 0 0 0 
0 1 0 0 0 0 0 1 0 1 0 0 1 4 0 6 6 4 7 35 70 14 17 12 27 12 11 4 7 5 4 1 3 0 0 0 0 0 0 0 
0 0 2 1 1 0 0 0 1 0 0 0 2 1 4 4 6 6 9 16 23 7 11 22 16 8 12 2 1 2 0 0 0 0 0 0 0 1 0 0 
1 0 0 0 0 0 0 0 0 1 0 0 1 1 0 4 5 6 6 21 20 16 6 12 15 6 10 2 1 4 0 0 2 0 2 0 1 0 0 2 
1 0 0 0 0 0 0 1 0 0 1 0 1 0 2 4 1 10 5 20 37 17 20 20 41 6 14 6 5 1 4 0 3 0 0 1 1 1 0 0 
0 0 0 0 0 0 0 0 0 0 0 1 0 0 0 4 8 8 22 27 19 6 14 21 14 7 3 1 0 1 2 1 0 0 0 0 1 0 0 0 
0 0 0 0 0 1 1 1 0 0 1 0 4 3 2 6 11 7 16 26 23 26 24 25 32 17 10 5 6 2 0 0 0 0 1 0 0 1 1 0 

0 0 0 0 0 0 0 3 0 0 0 0 0 4 3 4 2 5 3 30 25 5 1 3 1 4 2 3 1 9 1 1 0 1 0 0 0 0 0 0 
1 0 0 0 0 1 0 0 0 0 0 0 0 1 0 0 2 4 9 15 22 8 6 4 3 2 4 5 10 4 1 3 1 1 1 0 0 0 0 1 
0 0 0 0 0 0 0 0 0 0 0 0 0 1 0 1 0 0 1 5 11 4 1 3 4 2 1 0 2 5 4 0 2 1 0 0 0 0 0 0 
0 0 0 0 0 0 0 0 0 0 0 1 0 0 1 1 5 4 6 20 17 4 9 3 3 3 3 2 11 1 2 0 1 0 1 0 0 1 0 0 
0 0 0 0 0 1 0 0 0 0 0 0 0 1 1 5 3 5 6 26 22 14 8 4 4 0 1 2 4 3 3 1 2 2 0 1 0 2 0 0 
0 0 0 0 0 0 0 0 0 0 0 0 1 0 0 2 0 2 4 12 18 6 8 2 2 5 4 5 1 1 5 2 4 3 0 1 2 0 0 2 
0 1 0 0 0 0 0 0 0 0 0 0 0 1 0 3 3 3 3 26 30 3 9 5 5 1 8 3 13 4 2 2 4 0 0 0 1 0 0 0 
0 0 0 0 0 0 0 1 0 0 0 0 0 0 2 0 6 4 13 37 55 18 6 4 4 14 5 13 6 1 2 3 1 0 1 0 0 0 1 0 
0 0 0 0 0 1 1 0 0 0 1 2 1 2 5 6 8 15 29 59 117 23 12 12 7 10 9 11 8 1 1 2 2 3 0 1 0 0 0 1 
0 0 1 0 0 0 1 0 0 0 1 0 0 3 0 1 2 5 9 70 280 23 13 12 9 11 15 4 8 1 3 3 2 2 2 0 0 0 0 0 
0 0 0 1 0 1 1 0 0 0 0 0 1 2 3 4 4 5 17 92 326 28 19 11 11 15 13 5 4 2 2 0 0 1 0 1 1 0 0 0 
0 0 0 0 1 0 0 1 2 0 0 1 3 1 1 1 5 10 13 57 287 32 14 9 18 11 8 5 7 4 1 0 1 2 2 0 1 0 0 1 
0 1 0 0 0 0 0 0 2 1 0 0 2 2 0 4 0 6 6 40 158 28 22 6 17 9 19 7 11 1 5 3 2 0 0 0 0 0 0 0 
0 0 1 0 0 0 2 0 0 1 2 0 0 1 3 1 2 6 11 35 23 10 10 11 9 28 9 2 4 2 1 0 0 0 1 0 0 0 0 0 
0 0 0 0 0 0 0 0 0 2 0 0 1 2 2 2 0 4 7 17 37 8 14 3 6 9 4 3 4 3 3 0 0 2 0 0 0 0 0 0 
0 0 0 0 0 0 0 0 1 1 0 0 1 0 1 2 3 4 10 19 29 7 10 4 5 11 14 2 7 2 2 2 1 0 0 0 0 0 1 0 
0 0 0 1 0 0 0 0 0 0 1 1 0 1 2 5 2 6 7 12 19 4 13 4 14 23 12 3 2 1 0 2 0 0 0 0 0 0 1 0 
0 0 0 0 0 0 1 1 0 0 1 0 0 0 2 2 3 4 3 8 8 2 7 2 5 9 7 3 5 3 0 1 0 0 0 0 0 0 0 0 
0 0 0 0 0 0 0 0 0 0 0 0 0 0 1 3 0 5 3 8 12 7 4 5 16 8 4 4 6 0 2 0 0 1 0 1 0 0 0 0 
0 0 0 0 0 0 0 0 0 0 2 0 0 2 1 2 2 5 7 10 12 10 9 8 5 3 4 2 0 1 0 0 0 0 1 0 0 0 0 0 
0 0 0 0 0 0 0 0 1 0 0 0 1 1 0 3 3 5 5 8 7 9 4 7 4 2 5 2 3 0 0 3 0 0 1 0 0 0 0 0 
0 0 1 0 0 0 0 0 0 2 0 1 1 0 0 3 6 5 4 11 13 6 5 10 14 8 4 1 2 1 3 0 0 1 0 0 0 0 0 0 
0 0 0 0 0 0 0 0 0 1 0 0 0 0 7 1 3 5 6 20 18 11 14 14 6 7 3 2 3 0 0 0 1 1 0 0 0 0 0 0 
0 0 0 0 0 0 1 0 0 0 0 2 1 2 3 2 3 4 3 8 18 10 7 17 7 3 7 2 1 2 4 1 0 0 0 0 0 0 0 0 

0 0 0 0 0 1 0 0 0 0 0 0 0 0 3 0 1 7 4 81 33 10 3 1 4 3 1 1 3 5 2 1 1 0 0 0 0 0 0 0 
0 0 1 1 0 0 0 0 0 0 0 0 1 1 1 0 2 4 26 58 40 9 9 2 1 5 1 0 5 0 4 0 1 0 0 0 0 1 0 0 
0 0 0 0 0 1 0 0 0 2 0 0 2 0 3 4 8 7 21 71 48 26 8 6 2 1 1 3 2 0 1 0 1 3 0 0 0 0 0 0 
0 0 0 0 0 0 0 0 1 1 0 1 0 2 4 3 4 7 12 57 75 5 14 5 3 4 2 1 3 1 1 0 0 0 0 0 0 0 0 1 
1 0 0 0 0 0 0 0 0 2 0 1 2 1 1 1 5 14 32 216 127 29 5 1 4 1 2 2 3 1 1 1 0 0 0 0 0 0 0 1 
0 0 0 0 1 0 0 1 1 0 0 1 0 2 2 5 4 11 12 275 90 11 10 6 4 3 5 3 5 2 1 2 1 3 0 0 0 0 0 0 
0 0 0 0 0 0 0 0 1 0 0 0 0 4 1 3 1 9 8 96 104 12 5 2 5 3 6 4 4 1 5 1 1 0 0 0 0 0 0 0 
0 0 0 0 0 0 1 0 0 1 0 0 0 0 4 2 4 7 11 190 85 7 4 5 4 3 1 4 2 1 5 1 1 0 0 2 1 0 0 0 
0 0 0 0 0 0 0 1 0 1 0 0 0 0 1 2 3 4 8 18 31 9 8 5 3 3 1 7 7 5 2 3 0 1 0 0 0 0 0 0 
1 0 0 0 0 0 0 0 0 0 0 2 0 2 3 1 2 2 9 24 64 11 10 7 8 5 7 4 8 2 2 7 1 2 0 2 0 2 0 0 
1 0 0 0 0 1 0 0 0 0 0 1 1 2 3 3 1 5 5 32 30 12 6 3 3 5 4 2 1 1 2 3 3 0 0 0 0 0 0 1 
1 0 0 0 0 0 0 0 0 1 1 1 0 1 1 3 1 4 10 23 24 9 3 5 2 5 9 2 8 3 2 0 1 1 1 0 0 0 0 0 
0 0 0 0 0 0 0 0 0 0 0 1 1 2 1 3 2 4 2 20 29 5 17 4 11 5 12 2 9 2 5 0 4 0 1 0 1 1 0 0 
0 0 0 0 0 0 0 0 0 0 0 1 0 2 3 2 1 4 7 15 9 11 8 3 6 8 11 4 3 0 0 1 1 1 0 0 0 0 0 0 
0 0 0 0 1 1 0 0 0 0 0 0 1 0 0 2 2 2 1 1 9 13 5 7 4 4 3 5 5 3 0 0 2 0 0 0 0 0 1 0 
0 0 0 0 0 0 0 0 0 0 1 0 0 0 0 4 1 7 7 10 5 9 12 8 8 5 12 3 3 0 4 2 3 0 2 1 0 0 1 0 
0 0 0 0 0 0 0 0 1 0 1 0 1 0 0 1 2 2 7 3 5 1 7 6 1 5 4 1 2 1 0 0 0 1 0 0 0 0 0 0 
0 0 1 0 1 0 0 0 0 0 0 0 1 1 1 2 1 2 2 9 3 2 5 2 4 6 5 3 1 1 1 0 0 1 0 0 0 0 0 0 
0 0 0 0 0 0 1 0 0 0 1 0 0 0 0 1 0 3 1 7 9 3 3 8 8 4 5 4 6 0 2 1 1 0 0 0 1 0 0 0 
0 0 0 0 0 0 0 0 0 0 0 1 1 0 0 0 4 3 3 10 4 6 4 3 5 2 4 1 0 2 1 1 0 0 0 0 0 0 0 0 
0 1 0 0 0 0 0 0 0 0 0 1 1 1 2 0 4 1 2 4 7 4 8 4 4 1 2 3 0 2 1 0 0 0 0 0 0 1 0 0 
0 0 0 0 0 0 0 0 0 0 0 0 0 1 2 1 2 3 4 8 7 5 4 6 8 6 4 0 2 0 1 1 0 0 0 0 0 1 0 0 
1 0 0 0 0 0 1 0 0 0 1 1 1 0 3 3 1 2 3 6 5 7 4 6 3 1 3 0 0 0 0 3 1 1 0 0 0 0 0 0 
0 0 0 0 1 0 0 0 0 1 0 0 2 1 3 6 1 7 8 10 9 18 9 6 10 6 0 0 0 0 1 2 0 0 1 1 0 0 0 0 

0 0 0 0 0 0 0 0 0 1 1 0 0 2 0 3 2 9 10 309 148 12 6 0 4 2 0 4 2 5 0 1 1 0 0 0 0 0 1 0 
0 1 0 0 0 0 1 0 0 0 0 0 0 1 0 0 2 7 16 481 163 23 10 14 4 3 0 2 1 1 2 2 0 0 0 0 1 0 0 0 
0 0 0 1 0 0 0 0 0 1 1 1 1 0 2 1 2 5 16 94 74 28 15 7 4 1 5 3 1 2 3 2 1 1 0 1 0 0 0 0 
0 0 0 0 0 0 0 0 0 1 0 0 2 1 2 4 4 4 20 113 107 17 9 10 2 2 1 0 4 2 1 2 1 0 0 0 0 0 1 1 
0 0 0 0 0 0 0 0 0 0 0 0 0 1 1 3 1 8 20 173 102 12 6 4 5 1 1 6 2 0 2 1 0 2 0 1 0 1 0 0 
0 0 0 0 0 0 0 0 0 0 0 1 0 0 2 3 4 7 18 40 42 9 9 8 6 6 2 1 1 2 2 0 2 0 0 0 0 0 0 2 
2 0 0 0 0 1 0 0 0 0 0 0 0 1 1 3 4 6 10 18 60 13 15 6 6 4 8 3 4 2 2 0 1 0 1 0 0 0 0 0 
0 0 0 0 0 0 0 0 0 0 1 0 0 2 4 0 2 4 10 32 17 3 5 3 2 1 2 4 1 3 1 2 0 0 0 0 0 1 0 0 
0 0 0 0 0 0 0 1 0 0 0 1 0 2 2 4 4 1 6 8 12 3 7 6 3 1 4 1 4 5 1 1 1 1 1 0 1 0 0 0 
0 0 0 0 0 0 0 1 0 0 0 1 0 0 0 1 2 3 3 8 20 4 6 3 3 4 8 0 1 3 2 0 2 1 2 0 0 0 0 0 
0 0 0 0 0 0 1 0 0 0 0 0 2 0 3 2 2 5 14 14 4 5 1 3 4 5 3 1 0 1 0 0 0 0 0 0 0 0 0 0 
0 0 0 0 0 0 0 0 0 1 0 0 1 2 1 1 1 6 4 9 7 6 1 3 3 6 5 2 4 0 0 1 0 0 0 0 0 0 0 1 
0 0 0 1 0 0 0 0 0 0 0 1 0 0 0 0 0 3 2 6 11 5 5 5 2 7 4 2 5 0 3 0 1 0 0 0 0 0 0 0 
0 0 0 1 0 0 0 1 0 0 1 0 1 0 0 4 3 3 11 2 6 1 7 2 5 8 0 3 2 0 0 0 1 1 0 1 1 0 0 0 
0 0 0 0 0 0 0 0 0 1 0 0 1 0 0 1 2 3 4 7 7 2 0 3 2 2 1 2 0 1 1 0 1 2 0 0 1 0 0 1 
0 0 0 0 1 0 0 0 0 2 0 1 0 1 1 3 1 4 3 0 9 4 10 2 3 3 7 1 1 0 0 1 0 1 1 0 0 0 0 1 
0 0 0 0 0 1 1 0 0 0 0 0 0 2 1 2 6 3 6 8 7 5 6 4 3 10 5 2 3 0 2 0 0 0 0 0 0 0 0 0 
0 0 0 0 0 0 0 0 0 0 1 0 0 0 0 2 0 2 0 1 1 1 1 3 3 4 3 0 0 0 0 0 0 0 0 0 0 0 0 0 
0 0 0 0 0 0 0 0 0 0 0 0 0 1 1 2 0 1 0 3 3 0 6 4 3 0 1 0 3 1 0 0 0 0 1 1 1 0 0 1 
0 0 0 0 0 0 0 0 1 0 0 0 2 2 3 0 2 3 4 4 4 2 3 2 5 4 2 0 1 0 0 1 1 0 0 0 0 0 0 0 
0 0 0 0 0 0 0 0 0 2 0 1 0 0 0 0 1 1 0 3 5 1 2 1 3 0 0 0 2 0 0 0 1 0 0 0 0 0 0 0 
0 0 0 0 0 0 0 1 0 0 0 4 0 0 1 0 1 1 2 4 4 1 2 4 2 2 2 0 3 1 0 0 0 0 1 0 1 0 0 0 
0 1 0 0 1 1 1 0 0 0 1 0 1 1 3 0 1 0 5 8 4 6 5 5 2 1 0 0 0 1 1 0 0 0 1 1 0 0 0 0 
0 0 0 0 0 0 0 0 0 0 0 1 0 0 0 1 4 1 2 1 4 3 2 2 1 1 0 0 0 1 0 1 0 0 0 0 0 0 0 0 

0 0 0 0 0 0 0 0 0 0 1 0 0 0 0 2 2 3 12 511 148 4 5 2 2 1 1 1 0 1 1 1 0 0 0 0 0 0 0 0 
0 0 0 0 0 0 0 0 0 0 0 0 0 1 0 1 0 3 11 120 87 9 3 4 1 1 2 1 0 1 1 2 0 0 0 0 0 0 0 0 
0 0 0 0 1 1 0 0 0 0 0 0 0 0 0 0 0 0 10 21 14 8 4 5 1 2 1 0 1 1 0 0 0 0 0 0 1 0 1 0 
0 0 1 0 0 0 0 0 0 0 0 0 1 0 0 1 1 4 5 14 35 5 9 3 3 2 0 1 1 1 0 0 0 1 0 0 0 0 1 0 
0 0 0 0 0 0 0 0 0 0 0 0 2 0 1 1 4 3 6 16 19 4 1 1 2 2 1 0 0 0 0 0 0 0 0 0 0 0 0 0 
0 0 0 0 0 1 0 0 0 0 0 0 1 1 2 0 2 2 4 8 8 5 3 4 0 0 2 0 2 2 0 1 0 0 0 0 0 0 0 0 
1 0 1 0 0 1 0 0 0 0 0 0 1 0 0 0 1 3 3 8 20 5 6 2 2 1 2 1 3 0 1 1 1 0 2 1 0 0 0 0 
0 0 0 0 0 0 0 0 0 1 0 0 1 0 2 1 1 6 4 11 2 5 0 1 2 2 1 4 1 4 0 1 1 1 0 0 0 0 0 0 
0 0 0 0 1 0 0 0 0 0 0 0 0 1 1 2 0 4 4 3 5 5 3 2 0 1 1 3 1 1 0 1 0 0 0 0 0 0 0 0 
0 0 0 0 0 0 0 0 0 0 0 0 0 0 0 1 0 4 3 2 3 6 6 2 2 0 5 0 2 1 0 0 2 0 1 0 0 0 1 0 
0 1 0 1 0 0 0 0 0 0 1 1 1 0 2 0 2 4 2 9 2 4 4 1 3 2 2 0 1 0 1 0 0 1 0 0 0 0 0 0 
0 0 0 0 0 0 0 0 1 0 0 1 0 0 0 0 1 3 2 3 6 4 1 2 2 1 1 0 2 2 0 0 0 0 0 0 0 0 0 0 
0 0 0 0 1 0 0 0 0 0 0 2 0 0 0 1 0 1 4 6 9 5 3 5 8 3 2 0 5 2 0 0 2 0 2 0 0 0 0 0 
0 0 0 0 0 0 1 0 0 0 0 0 0 0 0 0 1 6 3 5 3 1 2 1 3 6 1 1 0 0 1 0 0 1 0 0 1 0 0 0 
0 0 0 0 0 0 0 0 0 0 0 1 0 0 0 1 0 4 4 2 7 2 1 1 3 2 3 1 3 2 2 0 1 1 0 0 0 0 0 0 
0 0 0 0 1 0 0 0 0 0 0 0 1 0 1 0 0 2 4 5 6 1 2 4 4 5 4 1 2 0 1 0 0 0 1 0 0 0 1 1 
0 0 0 0 0 0 0 0 0 0 1 0 0 0 0 0 0 6 5 4 2 3 3 1 3 3 1 0 0 0 0 0 0 0 0 0 0 0 0 0 
0 0 0 0 0 0 0 0 0 0 0 0 0 1 1 0 2 1 1 1 2 7 2 4 3 4 1 2 2 1 0 0 0 0 0 0 0 0 0 0 
0 0 0 0 0 0 0 0 0 1 0 1 1 0 1 2 2 1 1 6 1 1 1 4 3 2 1 1 1 0 2 0 0 0 0 0 0 0 0 0 
0 0 0 0 0 0 0 0 0 0 0 2 0 0 1 1 2 0 1 2 2 3 2 4 1 1 2 1 0 1 0 1 0 0 0 0 0 0 0 0 
0 0 1 0 0 1 0 0 0 0 0 0 0 1 0 0 2 0 0 3 3 1 0 2 0 0 1 0 0 0 0 0 0 0 0 0 0 0 0 0 
0 0 0 0 0 0 0 0 0 0 0 1 0 1 1 2 1 2 2 4 5 1 4 2 2 1 4 0 4 0 0 0 0 0 0 0 0 0 0 0 
0 0 0 0 0 0 0 0 0 0 0 0 3 1 2 1 2 2 4 2 6 2 1 4 1 0 0 1 0 1 0 1 0 0 0 0 0 0 0 0 
0 0 0 0 0 0 0 0 1 0 0 0 1 0 0 1 1 2 2 1 2 6 2 3 4 2 1 1 2 1 0 0 0 0 0 0 0 0 0 0 

0 0 0 0 0 0 0 0 0 0 0 0 0 0 1 0 0 2 2 44 22 6 5 1 0 0 1 1 1 0 0 0 0 0 0 0 0 0 0 0 
0 0 0 0 0 0 0 0 0 0 0 0 0 0 1 1 1 4 4 7 18 7 4 2 1 1 0 1 0 0 1 0 0 0 0 1 0 1 0 0 
0 0 0 0 0 0 0 0 0 1 0 0 0 1 0 0 0 4 8 14 13 4 5 1 3 4 2 0 2 3 1 0 1 0 1 0 1 0 1 0 
0 0 0 0 0 0 0 0 0 0 0 0 0 0 0 0 0 1 6 9 11 4 6 4 1 1 2 1 0 0 0 0 0 1 0 0 0 0 0 0 
0 0 0 0 0 0 0 0 0 0 1 0 0 0 1 1 1 5 4 10 6 2 2 1 1 0 1 2 3 1 0 0 1 0 0 0 0 0 0 0 
0 0 0 0 0 0 0 0 0 0 0 0 0 0 0 0 1 5 3 3 6 8 2 2 2 3 3 0 3 3 0 0 0 0 0 0 1 0 0 0 
0 0 0 0 0 0 0 0 0 0 1 0 0 0 0 2 2 0 3 2 3 2 1 3 2 3 2 1 2 0 2 0 0 0 0 0 0 0 0 0 
0 0 0 0 0 0 0 0 0 0 0 0 0 0 1 0 1 1 5 10 5 1 0 3 1 1 2 3 2 0 0 1 1 0 0 0 0 1 0 1 
0 0 0 0 0 0 0 0 0 0 0 1 0 0 0 1 0 1 3 3 7 5 4 0 2 0 2 1 0 0 0 0 0 0 0 0 0 0 0 0 
0 0 0 1 0 0 0 0 0 0 0 0 0 1 0 2 1 1 3 4 4 4 1 2 3 3 3 1 0 3 1 0 0 0 0 0 0 0 0 0 
0 0 0 0 0 0 0 0 0 0 0 0 0 0 1 1 2 0 3 5 3 2 1 0 5 4 1 2 0 2 0 0 0 0 0 0 0 0 0 0 
0 0 0 0 0 0 0 0 0 0 0 0 0 1 0 1 0 1 3 0 3 1 0 1 1 0 4 1 1 2 1 0 0 0 0 0 0 0 0 0 
0 1 0 0 0 0 1 0 0 0 0 0 0 0 1 1 0 2 0 3 2 2 1 2 0 2 0 1 2 0 0 0 0 0 0 0 0 0 0 0 
0 0 0 0 1 0 0 0 0 0 0 0 0 2 1 0 0 2 2 6 4 3 4 0 0 3 2 0 1 0 1 0 0 0 0 0 0 0 0 0 
1 0 0 0 0 0 0 0 0 0 0 0 0 0 0 1 1 1 2 1 0 0 3 2 1 1 2 0 1 1 0 0 0 0 0 0 0 0 0 0 
0 0 0 0 1 0 0 0 0 0 0 0 0 0 0 1 1 0 3 2 2 2 1 2 1 0 1 3 0 0 0 0 3 0 0 0 0 0 0 0 
0 0 0 0 0 0 0 0 0 0 0 0 0 0 2 2 0 4 3 4 0 0 1 2 6 7 1 1 0 1 0 1 0 0 0 0 0 0 0 0 
0 0 0 0 0 0 0 0 0 0 0 0 0 0 0 1 1 1 0 2 0 1 1 0 1 2 2 1 1 1 0 1 0 0 0 0 0 0 0 0 
0 0 0 0 0 0 0 0 0 0 0 0 0 0 0 1 1 0 0 3 2 0 1 1 0 2 2 2 0 0 1 0 1 0 0 0 0 0 0 0 
0 0 0 0 0 0 0 0 0 1 0 0 0 1 1 2 1 0 2 4 3 0 2 1 5 0 2 0 0 0 0 0 0 0 0 0 0 0 0 0 
0 0 0 0 0 0 0 0 0 0 0 0 0 0 0 0 1 1 0 0 0 1 1 1 1 0 0 0 1 0 0 0 2 0 0 0 0 0 0 0 
0 1 0 0 0 0 0 0 0 1 0 0 0 0 2 1 1 1 1 1 1 0 1 2 2 0 1 0 1 0 1 0 0 0 0 0 0 0 0 1 
0 0 0 0 0 0 0 0 1 0 2 0 0 0 0 1 1 1 1 2 5 0 4 0 2 0 3 1 0 0 0 0 0 0 0 0 0 0 0 0 
0 0 0 0 0 1 1 0 0 0 0 0 0 0 2 0 1 0 1 0 0 1 1 0 0 1 0 0 1 0 1 0 0 0 0 0 1 0 0 0 

0 0 0 0 0 0 0 0 0 0 0 0 0 0 0 0 1 2 1 29 15 8 1 3 1 0 1 1 0 0 2 0 0 0 0 0 0 0 0 0 
0 0 0 0 0 0 0 0 0 0 0 0 0 0 0 0 0 0 0 1 2 2 1 1 0 0 0 0 1 0 0 0 0 0 0 0 0 0 0 0 
0 0 0 0 0 0 0 0 0 0 0 0 0 0 1 1 1 2 2 7 2 2 1 1 0 1 0 0 0 1 0 0 0 0 0 0 0 0 0 0 
0 0 0 0 0 0 0 0 0 0 0 0 0 0 0 2 3 2 0 7 9 2 2 1 1 1 0 0 0 1 0 1 0 0 0 0 0 0 0 0 
0 0 0 0 0 0 0 0 0 0 0 0 0 1 0 0 0 4 0 5 4 3 1 0 1 1 0 0 0 1 0 0 0 0 0 0 0 0 0 0 
0 0 0 0 0 0 0 0 0 0 0 0 0 0 1 0 0 0 0 3 4 0 2 0 1 0 1 1 1 1 1 0 0 2 0 0 0 0 0 0 
0 0 0 0 0 0 0 0 0 0 0 0 1 0 1 0 0 3 3 0 5 2 3 0 1 1 2 0 2 0 0 0 0 0 0 0 0 0 0 0 
0 0 0 0 0 0 1 0 1 0 0 0 0 0 0 1 0 1 0 5 2 1 0 1 1 0 0 0 2 0 0 0 1 0 0 0 0 0 0 0 
0 0 0 0 0 0 0 0 0 0 0 0 0 0 0 1 3 1 0 1 4 1 1 0 4 1 1 0 0 1 0 0 1 0 0 0 0 0 0 0 
0 0 0 0 0 0 0 0 0 0 0 0 0 0 2 1 1 1 2 1 4 1 1 1 3 2 0 0 3 1 0 0 0 0 0 0 0 0 0 0 
0 0 0 0 0 0 0 0 0 0 0 0 0 0 0 0 0 1 1 2 1 2 2 2 0 1 2 0 1 0 0 0 0 0 0 0 0 1 0 0 
0 0 1 0 0 0 0 0 0 0 0 0 1 0 0 0 0 0 0 0 2 0 0 2 2 2 1 1 2 0 0 0 0 0 0 0 0 0 1 0 
0 0 0 0 0 0 0 0 0 0 0 0 0 1 0 0 0 0 1 4 3 1 1 1 3 3 1 2 1 0 0 1 0 0 0 0 0 0 0 0 
0 0 0 0 0 0 0 0 0 0 0 0 0 1 0 1 2 0 3 0 3 0 2 2 2 0 0 0 0 0 1 0 1 0 0 0 0 0 0 0 
0 0 0 0 0 0 0 0 0 0 0 0 1 1 0 0 1 0 1 1 1 2 1 0 0 0 2 0 0 0 0 1 0 0 0 0 0 0 0 0 
0 0 0 0 0 0 0 0 0 0 0 0 0 0 0 0 0 0 0 2 5 1 2 0 2 0 3 0 0 1 0 0 0 0 0 0 0 0 0 0 
0 0 0 0 0 0 0 0 0 0 0 0 1 0 0 1 0 0 0 1 2 2 2 1 1 4 0 0 0 0 0 0 0 0 1 0 0 0 0 0 
0 0 0 0 0 0 0 0 0 0 0 0 1 0 0 0 1 0 1 3 0 1 0 2 2 0 2 2 0 0 0 0 0 0 0 0 1 0 0 0 
0 0 0 0 0 0 0 0 0 0 0 0 0 1 0 1 0 0 0 2 1 0 2 1 0 0 0 0 0 0 1 0 1 0 1 0 0 0 0 0 
0 0 0 0 1 0 0 0 0 0 0 1 0 0 0 0 0 1 0 0 1 0 1 2 1 0 0 1 0 0 0 0 0 0 0 0 0 0 0 0 
0 0 0 0 0 0 0 0 0 0 0 0 0 0 0 0 1 1 0 0 0 0 2 2 1 1 0 1 0 1 1 0 0 1 0 0 0 0 0 0 
1 0 0 0 0 0 0 0 0 0 0 0 0 0 0 0 0 1 0 0 0 1 1 1 1 0 2 0 0 0 0 0 0 0 0 0 0 0 0 0 
0 0 0 0 0 0 0 0 0 0 0 0 0 0 0 1 0 1 0 2 0 0 3 5 0 0 1 0 0 1 0 0 0 0 0 0 0 0 0 0 
0 0 0 0 0 0 0 0 0 1 0 0 1 1 0 1 0 1 1 1 4 2 2 2 3 1 0 0 1 0 0 0 0 0 0 0 0 0 0 0 

0 0 0 0 0 0 0 0 0 0 0 0 0 1 2 0 0 2 1 15 6 1 1 0 0 0 0 1 0 0 1 0 0 0 0 0 0 0 0 0 
1 0 0 0 0 0 0 0 0 0 0 0 1 0 1 0 0 2 4 2 6 2 2 0 0 0 0 0 0 0 1 1 0 0 0 0 0 0 1 0 
0 0 1 0 0 0 0 0 0 0 0 0 0 0 0 0 1 0 1 2 3 1 2 4 1 0 0 0 0 0 0 0 0 0 1 1 0 0 0 0 
0 0 0 0 0 0 0 0 0 0 0 0 0 0 1 0 1 0 0 4 2 0 3 2 1 2 1 0 1 0 0 0 0 0 0 1 0 0 0 0 
0 0 0 1 0 0 0 0 0 0 0 0 0 0 1 1 2 3 0 4 3 3 0 1 0 1 0 3 0 1 0 0 0 0 0 0 0 0 0 0 
0 0 0 0 0 0 0 0 0 0 1 0 0 0 0 2 0 1 3 4 0 0 0 1 0 0 0 1 0 1 1 0 0 0 0 0 0 0 0 0 
0 0 0 0 0 0 0 0 0 0 0 0 0 0 0 0 1 0 0 1 1 1 0 1 1 0 0 0 0 1 0 0 0 1 0 0 0 0 0 0 
0 0 0 0 0 0 0 0 0 0 0 0 0 0 0 0 1 0 2 5 2 1 0 1 0 1 0 0 1 0 0 0 0 0 0 0 0 0 0 0 
0 0 0 0 0 0 0 0 0 0 0 0 1 0 0 0 0 0 0 0 0 0 1 1 0 1 0 2 0 1 0 0 1 0 0 0 0 0 0 2 
0 0 0 0 0 0 0 0 0 0 0 0 0 0 1 0 0 1 2 0 0 0 2 0 2 1 0 0 0 0 0 1 0 1 0 0 0 0 0 0 
0 0 0 0 0 0 0 0 1 0 0 1 1 0 1 1 2 3 3 2 6 0 2 4 3 3 1 0 0 0 1 1 0 0 0 0 0 0 0 0 
0 0 0 0 0 0 0 0 0 0 1 0 0 1 0 2 1 0 0 0 2 1 0 0 2 1 0 0 0 0 0 0 0 0 0 0 0 0 0 0 
0 0 0 0 0 0 0 0 0 0 0 0 0 1 0 0 1 1 0 2 1 1 3 0 1 0 0 0 0 1 1 0 0 0 0 0 0 0 1 0 
0 0 0 0 0 0 0 0 0 0 0 0 0 1 0 1 0 0 0 3 0 0 2 3 1 4 0 0 1 0 0 0 0 0 0 0 0 0 0 0 
0 0 0 0 0 0 0 0 0 1 0 0 0 1 0 0 1 0 0 0 0 1 1 0 0 1 0 2 2 0 0 0 0 0 0 0 0 0 0 0 
0 0 0 0 0 1 0 0 0 0 0 0 0 0 0 0 0 1 1 1 1 2 0 0 2 1 5 0 2 0 0 0 0 0 0 0 0 0 0 0 
0 0 0 0 0 0 0 0 1 0 0 0 1 0 0 1 1 3 0 1 2 1 1 0 2 2 3 0 1 0 0 0 0 0 0 0 0 0 0 0 
0 0 0 0 0 0 0 0 0 0 0 0 0 1 0 1 0 1 1 3 1 0 0 0 0 0 1 0 0 0 0 0 0 0 0 0 0 0 0 1 
0 0 0 0 0 0 0 1 0 0 0 0 0 2 1 0 1 0 2 0 2 0 2 0 0 0 1 0 0 0 0 0 0 0 0 0 0 0 0 0 
0 0 0 0 0 0 0 0 0 0 0 0 0 1 0 0 0 1 0 2 2 0 2 2 1 1 0 0 0 0 0 0 0 0 0 0 0 0 0 0 
0 0 0 0 0 0 0 0 0 1 0 0 0 0 0 0 0 0 0 2 0 1 1 1 2 0 0 0 0 1 0 0 2 0 0 0 0 0 0 0 
0 0 0 0 0 0 0 0 0 0 0 0 0 0 0 0 0 1 0 1 0 2 1 1 0 0 0 1 0 0 0 0 1 0 0 0 0 0 0 0 
0 0 0 0 1 0 0 0 0 0 0 0 0 0 0 0 0 2 1 1 2 1 0 3 1 0 3 0 0 0 0 0 0 1 0 0 0 0 0 0 
0 0 0 0 0 0 0 0 0 0 0 0 0 0 0 0 0 1 0 0 0 0 3 2 0 1 0 0 0 0 0 0 0 0 0 0 0 0 0 0 

0 0 0 0 0 0 0 0 0 0 0 0 0 0 0 2 0 0 1 7 3 0 1 0 0 0 0 0 0 1 1 0 0 0 0 0 0 0 0 0 
0 0 0 0 0 0 0 1 0 0 0 0 0 0 0 0 0 1 1 2 4 1 2 2 0 0 1 0 0 1 0 0 0 0 0 0 0 0 0 0 
0 0 0 0 0 0 0 0 0 0 0 0 0 0 0 0 0 0 1 0 3 1 0 0 1 0 1 1 0 1 0 1 0 0 0 0 0 0 0 0 
0 0 0 0 0 0 0 0 0 0 0 0 0 0 0 1 0 1 0 1 4 0 1 0 1 0 2 0 0 0 0 0 0 0 0 0 0 0 0 0 
0 0 0 0 0 0 0 0 0 0 0 0 0 0 0 0 2 2 0 3 2 0 2 0 1 1 0 1 0 0 0 0 0 0 0 0 0 0 0 0 
0 0 0 0 0 0 0 0 0 0 0 0 0 0 0 0 0 0 0 2 0 2 0 0 1 0 0 1 0 0 0 0 0 0 1 0 0 0 0 0 
0 0 0 0 0 0 0 0 0 0 0 0 0 0 0 1 1 1 2 1 1 0 0 0 2 0 1 4 2 0 0 0 0 0 0 0 0 0 0 0 
0 0 0 0 0 0 0 0 0 0 0 0 0 1 1 0 1 2 1 4 3 1 0 1 1 1 1 0 0 0 0 0 0 0 0 0 0 0 0 0 
1 0 0 0 0 0 0 0 0 0 0 0 0 0 0 0 0 1 1 0 2 2 2 0 0 0 1 0 1 0 0 0 0 0 0 0 0 0 0 1 
0 0 0 0 0 0 0 0 0 1 0 0 0 0 0 0 0 1 1 1 1 1 1 1 0 2 0 1 0 0 0 0 0 0 0 0 0 0 0 0 
0 0 0 0 0 0 0 0 0 0 0 0 0 1 1 0 0 1 0 2 1 0 2 0 0 1 3 0 0 0 0 0 0 0 0 0 0 0 1 0 
0 0 0 0 0 0 0 0 0 0 0 0 0 0 0 0 0 0 0 0 1 1 0 1 1 1 0 0 0 0 1 0 0 0 0 0 0 0 0 0 
0 1 0 0 0 0 0 0 0 0 0 0 1 1 0 1 0 0 0 2 2 2 0 1 1 0 1 0 1 1 0 0 0 0 0 0 0 0 0 0 
0 0 0 0 0 0 0 0 0 0 0 1 0 0 0 0 1 1 1 2 0 0 0 2 0 2 1 0 0 0 0 0 0 0 0 0 0 0 0 0 
0 0 0 0 0 0 0 0 0 0 0 0 0 0 0 0 0 0 0 0 0 0 0 0 0 1 0 1 0 0 0 0 0 0 0 0 0 0 0 1 
0 0 0 0 0 0 0 0 0 0 0 0 0 0 0 0 0 0 1 0 3 0 0 0 0 0 0 0 0 0 0 0 0 0 0 0 0 0 0 0 
0 0 0 0 0 0 0 0 0 0 0 0 0 0 0 1 0 0 2 0 1 1 1 2 1 1 1 1 0 0 0 0 0 0 0 0 0 0 0 0 
0 0 0 0 0 0 0 0 0 0 0 0 0 0 0 0 0 2 1 0 1 0 1 0 0 0 0 0 0 0 0 0 0 0 0 0 0 0 0 0 
0 1 0 0 0 0 0 0 0 0 0 0 0 0 1 0 1 0 0 2 1 0 2 0 2 0 0 0 0 0 0 0 0 0 0 0 0 0 0 0 
0 0 0 0 0 0 0 1 0 0 0 0 0 0 1 1 1 0 0 0 0 0 0 1 0 1 0 0 0 0 0 0 0 0 0 0 0 0 0 0 
0 0 0 0 0 0 0 0 0 0 0 0 0 0 0 1 0 0 1 0 1 0 0 1 0 0 0 0 0 0 0 1 0 0 0 0 0 0 0 0 
0 0 0 0 0 0 0 0 0 0 1 0 0 0 0 0 0 0 0 0 2 1 2 0 0 0 2 0 2 0 0 0 0 0 0 0 0 0 0 1 
0 0 0 0 0 0 0 0 0 0 0 1 0 0 1 0 1 0 0 0 1 0 0 0 1 0 0 1 0 0 0 0 0 0 0 0 0 0 0 0 
0 0 0 0 0 1 0 0 1 0 0 2 0 0 1 0 0 1 0 1 1 2 0 3 0 0 0 0 0 0 0 0 0 0 0 0 0 0 0 0 

0 0 0 0 0 0 0 0 0 0 0 0 0 0 0 0 0 0 0 10 5 0 0 0 0 0 0 0 0 0 0 0 0 0 0 0 0 0 0 0 
0 0 0 0 0 0 0 0 0 0 0 0 0 0 1 0 0 0 3 2 0 1 0 0 1 1 0 1 0 1 0 0 0 0 0 0 0 0 0 0 
0 0 0 0 0 0 0 0 0 0 0 0 0 0 0 0 0 0 1 1 3 2 3 0 1 0 0 0 0 0 0 0 0 0 1 0 0 0 0 0 
0 0 0 0 0 0 0 0 0 0 0 0 0 0 0 2 1 0 1 4 3 1 1 2 1 0 0 1 0 0 0 0 0 0 0 0 0 0 0 0 
0 0 0 0 0 0 0 0 0 0 0 0 0 1 0 1 0 0 1 2 0 0 0 1 0 0 1 0 0 0 0 0 0 0 0 0 0 0 0 0 
0 0 0 0 0 0 0 0 0 0 0 0 0 0 0 0 0 0 1 1 0 0 0 0 0 1 0 0 0 0 1 0 0 0 0 0 0 0 0 1 
0 0 0 0 0 0 0 0 0 0 0 0 0 0 0 0 2 1 0 0 2 2 1 0 1 0 0 0 0 0 2 0 0 0 1 0 0 0 0 0 
0 0 0 0 0 0 0 0 0 0 0 0 0 0 0 0 0 0 3 1 0 0 0 1 1 0 0 0 1 0 0 0 0 0 0 0 0 1 0 0 
0 0 0 0 0 0 0 0 0 0 0 0 0 1 0 2 0 0 0 0 3 1 0 1 2 0 0 3 1 0 0 0 0 0 0 0 0 0 1 0 
0 0 0 0 0 0 0 0 0 0 0 0 0 0 1 0 0 0 0 0 2 0 0 1 0 0 2 0 0 0 1 0 0 0 0 0 0 0 0 0 
0 0 0 0 0 0 1 0 1 0 0 0 0 0 0 1 1 0 0 1 0 1 0 1 1 2 2 0 0 0 0 0 0 0 0 0 0 0 0 0 
0 0 0 0 0 0 0 0 0 0 0 1 0 0 0 0 0 0 0 0 0 0 0 0 0 1 0 0 0 0 0 0 0 0 0 0 0 0 0 0 
0 0 0 0 0 0 0 1 0 1 0 0 0 0 0 0 0 0 1 0 0 0 0 0 0 0 1 0 0 0 0 0 0 0 0 0 0 0 0 0 
0 0 1 0 0 0 0 0 0 1 0 0 0 0 2 0 0 2 0 1 1 0 1 1 1 3 1 1 0 0 1 0 0 0 0 0 0 0 0 0 
0 0 0 0 0 0 0 0 0 1 0 0 0 0 0 0 0 0 0 2 1 0 0 1 0 0 0 0 0 0 0 0 0 0 0 0 0 0 0 0 
0 0 0 0 0 0 0 0 0 0 0 0 0 0 0 0 1 2 1 2 0 1 1 1 0 0 1 0 2 0 0 0 0 0 0 0 0 0 0 0 
0 0 0 0 0 0 0 0 0 0 0 0 2 0 0 0 2 2 0 0 0 1 1 2 2 2 0 1 0 0 0 0 0 0 0 0 0 0 0 0 
0 0 0 0 0 0 0 0 0 0 0 0 0 0 0 1 0 1 0 2 0 0 0 0 0 1 1 0 0 0 0 0 0 0 0 0 0 0 0 0 
0 0 0 0 0 0 0 0 0 0 1 0 0 0 0 0 0 1 0 0 0 0 0 1 0 0 1 0 1 0 0 0 0 0 0 0 0 0 0 0 
0 0 0 0 0 0 0 0 0 0 0 1 1 0 0 0 0 0 3 0 1 1 2 0 1 0 0 0 0 0 1 0 0 0 0 0 0 0 0 0 
0 0 0 0 0 0 0 0 0 0 0 0 0 0 0 0 0 0 0 2 0 1 1 0 0 1 0 0 0 0 0 0 0 0 0 0 0 0 0 0 
0 0 0 0 0 0 0 0 0 0 0 0 0 0 0 0 0 0 2 0 0 0 1 0 0 0 1 0 0 0 0 0 0 0 0 0 0 0 0 0 
0 0 0 0 0 0 0 0 0 0 0 1 1 0 0 0 0 0 1 0 0 0 1 1 0 0 1 0 0 0 0 0 0 0 0 0 0 0 0 0 
0 0 0 0 0 0 0 0 0 0 0 0 0 0 0 1 0 1 0 0 0 0 0 0 0 0 0 0 0 0 0 1 0 0 0 0 0 0 0 0 

0 0 0 0 0 0 0 0 0 0 0 0 1 1 0 0 1 0 0 3 2 0 0 0 0 0 0 0 0 0 0 0 0 0 0 0 0 0 0 0 
0 0 0 0 0 0 0 0 0 0 0 1 0 0 0 0 0 0 0 1 1 0 2 0 0 0 0 0 0 1 0 0 0 0 0 0 0 0 0 0 
0 0 0 0 0 0 0 0 0 0 0 0 0 0 0 0 0 1 0 0 1 2 0 0 1 0 1 0 0 0 1 0 0 1 0 0 0 0 0 0 
0 0 0 0 0 0 0 0 0 0 0 0 0 0 0 1 1 0 0 1 3 0 0 0 0 1 0 0 0 0 0 0 0 0 0 0 0 0 1 0 
0 0 0 0 0 1 0 0 0 0 0 0 0 0 0 0 0 1 0 6 0 2 0 0 0 0 0 0 0 0 0 0 0 0 0 0 0 0 0 0 
0 0 0 0 0 0 0 0 0 0 0 0 0 0 1 1 0 1 1 0 0 1 1 0 0 0 0 1 1 1 0 0 0 0 0 0 1 0 0 1 
0 0 0 0 0 0 0 0 0 0 0 0 0 0 0 0 0 0 1 1 4 0 0 0 0 0 1 0 0 0 1 0 0 0 1 0 0 0 0 0 
0 0 0 0 0 0 0 0 1 0 0 1 0 0 0 0 0 1 0 2 1 0 0 1 0 0 0 2 1 0 0 0 0 0 1 0 0 0 0 0 
0 0 0 0 0 0 0 0 0 0 0 0 0 0 0 0 0 0 0 0 0 0 0 0 1 0 0 0 0 0 0 0 0 0 0 0 0 0 0 0 
0 0 0 0 0 0 0 0 0 0 0 0 0 0 0 0 0 0 1 0 0 0 0 1 0 1 0 0 0 0 1 0 0 0 0 0 0 0 0 0 
0 0 0 0 0 0 0 0 0 0 0 0 0 0 0 0 1 0 0 0 0 1 0 0 0 2 1 0 0 0 0 0 0 0 0 0 0 0 0 0 
0 0 0 0 0 0 0 0 0 0 0 0 0 0 0 0 0 1 1 0 0 0 0 0 0 0 0 0 0 1 0 0 0 0 0 0 0 0 0 0 
0 0 0 0 0 0 0 0 0 0 0 0 0 0 0 0 0 1 1 1 0 0 1 1 1 1 1 0 0 0 0 0 0 0 0 0 0 0 0 0 
0 0 0 0 0 0 0 0 0 0 0 0 0 0 0 1 1 2 1 0 1 0 0 0 0 0 0 0 0 0 0 0 0 0 0 0 0 0 0 0 
0 0 0 0 0 0 0 0 0 0 1 0 0 0 0 0 0 0 0 1 1 0 1 0 0 0 0 0 0 0 0 0 0 1 0 0 0 0 0 0 
0 0 0 0 0 0 0 0 0 0 0 0 0 0 0 0 0 1 0 0 0 0 0 0 0 0 0 0 0 0 0 0 0 0 0 0 0 0 0 0 
0 0 0 1 0 0 0 0 0 0 0 0 1 0 0 0 0 0 0 0 1 1 0 0 0 0 0 0 0 0 0 0 0 0 0 0 0 0 0 0 
0 0 0 0 0 0 0 0 0 0 0 0 0 0 1 0 0 0 0 0 0 1 1 1 0 0 0 0 0 0 0 0 0 0 0 0 1 0 0 0 
0 0 0 0 0 0 0 0 0 0 0 0 0 0 0 0 0 0 0 0 1 1 0 0 1 0 1 0 0 0 0 0 0 0 0 0 0 0 0 0 
0 0 0 0 0 0 0 0 0 0 0 0 0 2 0 1 0 1 1 2 0 1 0 1 0 0 1 0 0 0 0 0 0 0 0 0 0 0 0 0 
0 0 0 0 0 0 0 0 0 0 0 0 0 0 0 0 1 0 1 1 0 0 1 0 1 0 0 0 0 0 0 0 0 0 0 0 0 0 0 0 
0 0 0 0 0 0 0 0 0 0 1 0 0 0 0 1 0 2 1 0 0 1 2 1 2 0 0 0 0 1 0 0 0 0 0 0 0 0 0 0 
0 0 0 0 0 0 0 0 0 0 0 0 0 0 1 0 0 1 0 2 0 1 0 1 1 0 0 0 0 0 0 0 0 0 0 0 0 0 0 0 
0 0 0 0 0 0 0 0 0 0 0 0 0 0 0 0 0 0 0 1 0 1 1 2 1 0 0 1 0 0 0 0 0 0 0 0 0 0 0 0 

0 0 0 0 0 0 0 0 0 0 0 0 0 0 0 1 0 1 1 1 0 1 1 0 0 0 0 0 0 0 0 0 0 0 0 0 0 0 0 0 
0 0 0 0 0 0 0 0 0 0 0 0 0 1 0 0 0 1 0 1 0 0 0 0 0 1 0 1 0 1 0 0 0 0 0 0 0 0 0 0 
0 0 0 0 0 0 0 0 0 0 0 0 0 0 0 0 0 0 0 0 0 0 0 0 0 1 0 0 0 0 0 0 0 0 0 0 0 0 0 0 
0 0 0 0 0 0 0 0 0 0 0 0 0 1 2 0 0 0 0 0 1 0 1 0 0 0 0 0 0 0 0 0 0 0 0 0 0 0 0 0 
0 0 0 0 0 0 0 0 0 0 0 0 0 0 0 2 0 0 0 1 3 1 1 0 0 1 0 0 1 0 0 0 0 0 0 0 0 0 0 0 
0 0 0 0 0 0 0 0 0 0 0 0 0 0 0 0 0 0 0 0 0 1 0 0 1 0 0 0 0 0 0 1 0 0 0 0 0 0 0 0 
0 0 0 0 0 0 0 0 0 0 0 0 0 1 0 0 0 0 1 1 0 1 0 0 1 0 0 1 0 0 0 0 0 0 0 0 0 0 0 0 
0 0 0 0 0 0 0 0 0 0 0 0 0 0 0 1 0 0 2 0 1 0 0 0 0 0 0 1 0 0 0 0 0 0 0 0 0 0 0 0 
0 0 0 0 0 0 0 0 0 0 0 0 0 0 0 0 0 0 0 0 2 0 0 0 0 0 1 1 0 0 0 0 0 0 0 0 0 0 0 0 
0 0 0 0 0 0 0 0 0 0 0 0 0 0 0 0 0 1 0 0 0 0 0 0 0 0 0 0 1 0 1 0 0 0 0 0 0 0 0 0 
0 0 0 0 0 0 0 0 0 1 0 0 0 0 0 0 0 1 0 2 1 0 1 2 0 1 0 1 0 0 0 0 0 0 0 0 0 0 0 0 
1 0 0 0 0 0 0 0 0 0 0 0 0 0 0 0 0 0 0 0 0 0 0 0 0 0 0 0 0 1 0 0 0 0 0 0 0 0 0 0 
0 0 0 0 0 0 0 0 0 0 0 0 0 0 0 0 0 0 0 1 0 0 0 0 0 0 0 0 1 0 1 0 0 0 0 0 0 0 0 0 
1 0 0 0 0 0 0 0 0 0 0 0 0 0 0 0 0 0 1 2 0 0 2 0 0 0 1 0 1 1 1 0 0 0 0 0 0 0 0 0 
0 0 0 0 0 0 0 0 0 0 0 0 0 0 0 0 0 1 0 0 1 0 0 0 0 0 1 1 0 0 0 0 0 0 0 0 0 0 0 0 
0 0 0 0 0 0 1 0 0 0 0 0 0 0 0 0 1 0 0 0 0 0 1 0 0 1 0 1 0 0 0 0 0 0 0 0 0 0 0 0 
0 0 0 0 0 0 0 0 0 0 0 0 0 0 0 0 1 0 1 0 2 0 0 0 3 0 0 0 0 0 0 0 0 0 0 0 0 0 0 0 
0 0 0 0 0 0 0 0 0 0 0 0 0 0 0 0 0 0 1 0 0 0 0 0 0 0 0 0 0 0 0 0 0 0 0 0 0 0 0 0 
0 0 0 0 0 0 1 0 0 0 0 1 1 0 0 0 0 0 0 1 0 0 0 0 0 0 1 0 1 0 0 0 0 0 0 0 0 0 0 0 
0 0 0 0 0 0 0 0 0 0 0 0 0 0 1 0 0 2 1 0 1 0 0 1 0 0 0 1 1 0 0 0 0 0 0 0 0 0 0 0 
0 0 0 0 0 0 0 0 0 0 0 0 0 0 0 0 0 0 0 1 0 0 0 1 0 0 0 0 0 0 0 0 0 0 0 0 1 0 0 0 
0 0 0 0 0 0 0 0 0 0 0 0 0 0 1 0 0 0 1 1 0 0 0 1 0 1 1 0 0 0 0 0 0 0 0 0 0 0 0 0 
0 0 0 0 0 0 0 0 0 1 0 0 0 0 1 0 0 2 0 2 0 0 0 0 0 0 1 0 0 0 0 0 0 0 0 0 0 0 0 0 
0 0 0 0 0 0 0 0 0 0 0 0 0 0 0 0 0 0 0 0 0 0 0 0 0 0 0 0 0 0 0 0 0 0 0 0 0 0 1 0 

0 0 0 0 0 0 0 0 0 0 0 1 0 0 0 0 1 0 0 2 0 0 0 0 0 0 0 0 0 0 0 0 0 0 0 0 0 0 0 0 
0 0 0 0 0 0 0 0 0 0 0 0 0 0 0 1 0 0 1 0 0 0 2 1 0 0 0 0 0 0 0 0 0 0 0 0 0 0 0 0 
0 0 0 0 0 0 1 0 0 0 0 0 0 0 0 0 0 0 0 1 0 0 0 0 0 0 0 0 0 0 0 0 0 0 0 0 0 0 0 1 
0 0 0 0 0 0 0 0 0 0 0 0 0 1 0 0 0 0 0 0 1 0 0 0 0 0 0 1 0 0 1 0 0 0 1 0 0 0 0 0 
0 0 0 0 1 0 0 0 0 0 0 0 0 0 0 0 0 1 1 2 0 3 0 0 1 0 1 0 0 0 0 0 0 0 0 0 0 0 0 0 
0 0 0 0 0 0 0 0 0 0 0 0 0 0 0 0 0 0 0 0 0 0 0 0 0 0 0 0 0 0 0 0 0 0 0 0 0 0 0 0 
0 0 0 0 0 0 0 0 0 0 0 0 0 0 0 0 1 0 0 0 0 0 0 0 2 0 0 0 0 0 0 0 0 0 0 0 0 0 0 0 
0 0 0 0 0 0 0 0 0 0 0 0 1 1 0 0 0 0 0 0 0 0 0 0 0 1 0 1 0 0 0 0 0 0 0 0 0 0 0 0 
0 0 0 0 0 0 0 0 0 0 0 0 0 0 0 1 0 1 0 0 0 0 1 1 0 1 0 0 0 0 0 0 0 0 0 0 0 0 0 0 
0 0 0 0 0 0 0 0 0 1 0 0 0 0 0 0 0 0 1 1 0 0 1 0 0 0 2 1 0 0 1 0 0 0 0 0 0 0 0 0 
0 0 0 0 0 0 0 0 0 1 0 0 0 1 0 1 1 1 0 0 0 1 0 0 0 1 0 0 0 0 0 0 0 0 0 0 0 0 0 0 
0 0 0 0 0 0 0 0 0 0 0 0 0 0 0 1 0 0 1 0 0 0 0 0 0 0 0 0 0 0 0 0 0 0 0 0 0 0 0 0 
0 0 0 0 0 0 0 0 0 0 0 0 0 0 1 0 0 1 1 0 0 0 0 0 0 1 1 0 0 0 0 0 0 0 0 0 0 0 0 0 
0 0 0 0 0 0 0 1 0 0 0 0 0 0 0 0 0 1 0 0 0 0 0 0 0 0 1 0 0 0 0 0 0 1 0 0 0 0 1 0 
0 0 0 0 0 0 0 0 0 0 0 0 0 1 0 0 0 0 0 1 0 0 0 0 0 1 0 0 0 0 0 0 0 0 0 0 0 0 0 0 
0 0 0 0 0 0 0 0 0 0 0 0 0 0 0 1 0 1 1 0 0 0 0 0 0 2 1 0 0 0 0 0 0 0 0 0 0 0 0 0 
0 0 0 0 0 0 0 0 0 0 0 0 0 0 0 0 1 0 0 2 0 0 2 1 1 2 1 0 0 0 0 0 0 0 0 0 0 0 0 0 
0 0 0 0 0 0 0 0 0 0 0 0 0 0 0 0 0 0 0 0 0 0 0 0 0 0 0 0 0 0 0 0 0 0 0 0 0 0 1 0 
0 0 0 0 0 0 0 0 0 0 0 0 0 0 0 0 0 0 0 0 0 0 0 0 0 0 1 0 0 0 0 0 0 0 0 0 0 0 0 0 
0 0 0 0 0 0 0 0 0 0 1 0 0 0 1 1 0 0 0 0 0 0 0 0 1 0 1 0 0 0 0 0 0 0 0 0 0 0 0 0 
0 0 0 0 0 0 0 0 0 0 0 0 0 0 0 2 0 0 1 0 0 0 0 0 0 0 0 0 0 0 0 0 0 0 1 0 0 0 0 0 
0 0 0 0 0 0 0 0 0 0 1 0 0 0 0 0 1 0 0 0 0 0 0 0 0 0 3 1 0 0 0 0 0 0 0 0 0 0 0 0 
0 0 0 0 0 0 0 0 0 0 0 1 0 0 2 0 0 1 0 0 1 0 0 0 0 0 0 0 0 0 0 0 0 0 0 0 0 0 0 0 
0 0 0 0 0 0 0 0 0 0 0 0 0 0 0 0 0 0 0 0 0 0 1 0 0 0 0 0 0 0 0 0 1 0 0 0 0 0 0 0 

0 0 0 0 0 0 0 0 0 0 0 0 0 0 0 0 0 0 0 0 2 0 0 0 0 0 0 0 0 0 0 0 0 0 0 0 0 0 0 0 
0 0 0 0 0 0 0 0 0 0 0 0 0 1 0 0 0 0 1 0 1 2 0 0 0 0 0 0 0 1 1 0 0 0 0 0 0 0 0 0 
0 0 0 0 0 0 0 0 0 0 0 0 0 0 0 0 0 0 0 0 0 0 0 0 0 0 0 0 0 0 0 0 0 0 0 0 0 0 0 0 
0 0 0 0 0 0 0 0 0 0 0 0 0 0 0 0 0 0 0 0 0 1 0 0 1 1 0 0 0 0 0 0 0 0 0 0 0 0 0 0 
0 0 0 0 0 0 0 0 0 0 0 0 0 0 0 0 0 1 1 3 0 0 0 1 0 0 0 0 0 0 0 0 0 0 0 0 0 0 0 0 
0 0 0 0 0 0 0 0 0 0 0 0 0 0 0 0 0 0 0 1 0 0 0 0 0 0 0 0 0 0 0 0 0 0 0 0 0 1 0 0 
1 0 0 0 0 0 0 0 0 0 0 0 0 0 0 0 0 0 0 1 0 1 0 0 0 0 0 0 0 0 0 0 0 0 0 0 0 0 0 0 
0 0 0 0 0 0 0 0 0 0 1 0 0 0 1 1 0 0 0 0 1 1 1 0 1 0 0 1 0 0 0 0 0 0 0 1 0 0 0 0 
0 0 0 0 0 0 0 0 0 0 0 1 0 0 0 0 0 0 0 0 0 1 0 0 0 0 0 0 0 0 0 0 0 0 0 0 0 0 0 0 
0 0 0 0 0 1 0 0 0 0 0 0 0 0 0 0 0 0 0 1 1 0 0 0 0 2 0 0 0 0 0 0 0 0 0 0 0 0 0 0 
0 0 0 0 0 0 0 0 0 1 0 0 0 0 1 0 1 0 0 0 0 0 0 0 0 0 1 0 1 0 1 0 0 0 0 1 0 0 0 0 
0 0 0 0 0 0 0 0 0 0 0 0 0 0 0 0 0 1 1 2 0 0 0 0 2 0 1 1 0 0 0 0 1 0 0 0 0 0 0 0 
0 0 0 0 0 0 0 0 0 0 0 0 0 0 0 0 0 1 0 0 0 0 0 0 1 0 0 0 0 0 0 0 1 0 0 0 0 0 0 0 
0 0 0 0 0 0 0 0 0 0 0 0 0 0 0 0 0 0 0 1 0 0 0 0 0 0 0 0 0 0 0 0 0 0 0 0 0 0 0 0 
0 0 0 0 0 0 0 0 0 0 0 0 0 0 0 0 0 0 1 1 0 0 1 0 0 0 0 0 0 0 0 0 0 0 0 0 0 0 0 0 
0 0 0 0 0 0 0 0 0 0 0 1 0 0 0 1 0 0 0 0 0 0 0 0 1 1 0 0 0 0 0 0 0 0 0 0 0 0 0 0 
0 0 0 0 0 0 0 0 0 0 0 0 0 0 0 0 1 0 0 3 0 0 0 0 2 0 0 0 0 0 0 0 0 0 0 0 0 0 0 0 
0 0 0 0 0 0 0 0 0 0 0 0 0 0 0 0 0 0 0 1 0 0 0 0 0 0 0 0 0 0 0 0 0 0 0 0 0 0 0 0 
0 0 0 0 0 0 0 0 0 0 0 0 0 0 0 0 1 0 0 0 0 0 0 0 0 0 0 0 0 0 0 0 0 0 0 0 0 0 0 0 
0 0 0 0 0 0 0 0 0 0 1 0 0 0 0 0 0 0 0 2 0 2 2 0 1 0 0 0 0 0 0 0 1 0 0 0 0 0 0 0 
0 0 0 0 0 0 0 0 0 0 0 0 0 0 0 0 0 0 0 0 0 0 0 0 0 0 0 0 0 0 0 0 0 1 0 0 0 0 0 0 
0 0 0 0 0 0 0 0 0 0 0 0 0 0 0 1 0 0 0 2 0 0 1 0 2 0 0 0 0 0 0 0 0 0 0 0 0 0 0 0 
0 0 0 0 0 0 0 0 0 0 0 0 0 0 0 1 2 4 0 1 2 3 0 0 0 0 1 0 0 0 0 0 0 0 0 0 0 0 0 1 
0 0 0 0 0 0 0 0 0 0 0 0 0 0 0 0 0 0 0 0 0 0 0 0 0 0 0 0 0 0 0 0 0 0 0 0 0 0 0 0 

0 0 0 0 0 0 0 0 0 0 0 0 0 1 0 0 0 2 0 2 1 0 1 0 0 0 1 1 0 0 0 0 0 0 0 0 0 0 0 0 
0 0 0 0 0 0 0 0 0 0 0 2 1 0 0 1 0 0 0 1 3 0 0 0 0 0 0 0 0 0 0 1 0 0 0 0 0 0 0 0 
0 1 0 0 0 0 0 0 0 0 0 0 0 0 0 1 0 0 0 0 1 0 3 0 0 1 0 0 0 0 0 0 0 0 0 0 0 0 0 0 
0 0 0 0 0 0 0 0 0 0 0 0 0 0 0 1 1 0 0 1 1 0 0 1 0 0 0 0 0 0 0 0 0 0 0 0 0 1 0 0 
0 0 0 0 0 0 0 0 0 0 0 0 0 0 0 0 0 0 0 1 0 0 1 0 0 0 1 0 1 0 1 0 0 0 0 0 0 0 0 0 
0 0 0 0 0 0 0 0 0 0 0 0 0 0 0 0 0 0 0 4 4 0 0 0 0 1 0 0 1 1 1 0 0 0 0 0 0 0 0 0 
0 0 0 1 0 0 0 0 0 0 0 0 0 0 0 0 0 1 1 1 0 1 0 0 0 1 0 0 0 0 0 0 0 0 0 0 0 0 0 0 
0 0 0 0 0 0 0 0 0 0 0 0 0 0 0 0 0 1 0 0 1 1 0 0 0 0 0 1 0 0 0 0 0 0 0 0 0 0 0 0 
0 0 0 0 0 0 0 1 0 0 0 0 0 0 0 0 0 1 1 0 1 0 1 1 0 2 0 1 2 1 1 2 1 0 0 0 0 0 0 0 
0 0 0 0 0 0 0 0 0 0 0 0 0 1 0 0 0 0 1 1 0 0 2 1 1 2 1 0 0 0 0 0 0 0 0 0 0 0 0 0 
0 0 0 0 0 0 0 0 1 0 0 0 0 0 0 0 0 0 1 1 0 1 1 1 0 1 1 0 0 0 0 0 0 0 0 0 0 0 0 0 
0 0 0 0 0 1 0 0 0 0 0 0 0 0 0 0 0 1 1 0 1 0 1 0 0 1 1 1 1 0 1 0 0 0 0 0 0 0 0 0 
0 0 0 0 0 0 0 0 0 0 0 0 0 0 0 1 0 0 0 0 0 0 0 1 0 1 0 0 0 0 0 0 0 0 0 0 0 0 0 0 
0 0 0 0 0 0 0 0 0 0 0 1 0 0 1 0 4 0 0 0 0 1 1 2 2 1 0 0 0 0 0 0 0 0 0 0 0 0 0 1 
0 0 0 0 0 0 0 0 0 0 0 0 0 1 0 0 0 0 1 0 1 2 1 1 1 0 0 1 0 0 0 0 1 0 0 0 0 0 0 0 
0 0 0 0 0 0 0 0 0 0 0 0 0 0 0 0 1 0 1 0 2 0 0 0 0 0 1 0 0 0 0 0 0 0 0 0 0 0 0 0 
0 0 0 0 0 0 0 0 0 0 0 0 0 0 0 0 0 0 1 3 1 0 2 0 0 0 0 0 0 0 0 0 0 0 0 0 0 0 0 0 
0 1 0 0 0 0 0 0 0 0 0 0 0 0 0 1 0 0 0 0 1 2 0 1 0 1 0 1 0 0 0 0 0 1 0 1 0 0 0 0 
0 0 0 0 0 0 0 0 0 0 0 0 0 0 0 0 0 0 0 0 1 0 0 0 0 0 0 0 1 0 0 0 0 0 0 0 0 0 0 0 
0 0 0 0 0 0 0 0 1 0 0 1 0 0 0 0 0 1 1 0 0 1 0 1 0 1 0 0 0 0 0 0 0 0 0 0 0 0 0 0 
0 0 0 0 0 0 0 0 0 0 0 0 0 0 1 0 1 0 2 1 1 2 0 1 0 1 0 0 0 1 0 0 0 0 0 0 0 0 0 0 
0 0 0 0 0 0 0 0 0 0 0 0 0 0 0 2 0 0 0 2 1 0 0 1 0 0 0 0 0 0 0 0 0 0 0 0 0 0 0 0 
0 1 0 0 0 0 0 0 0 0 1 0 0 0 0 0 0 0 0 0 0 0 0 1 0 0 0 0 0 0 0 0 0 0 0 0 0 0 0 0 
0 0 0 0 0 0 0 0 0 0 0 0 0 0 0 0 0 0 1 0 0 0 0 0 0 0 0 0 0 0 0 0 0 0 0 0 0 0 0 0 

