#################################### 
# Matrix Size= (39.9997,23.9997,39.9995)
# Resol      = (40,24,40)
# VoxelSize  = (0.999993,0.999989,0.999989)
# nbVal      = 38400
#################################### 
0 0 0 0 0 0 0 0 0 0 0 0 0 2 1 2 0 1 0 1 1 0 1 0 0 0 0 0 0 0 0 0 0 0 0 0 0 0 0 0 
0 0 0 0 0 0 0 0 0 0 0 0 0 2 0 2 0 1 0 0 0 0 0 1 0 0 0 2 0 0 1 1 0 0 1 0 0 0 0 0 
0 0 0 0 0 0 0 0 0 0 0 0 0 0 0 0 0 2 1 0 0 0 1 0 1 0 0 0 1 0 0 0 0 0 0 0 0 0 0 0 
0 0 1 0 0 0 0 0 0 0 0 1 0 1 1 1 0 1 1 0 0 1 1 0 0 0 1 2 0 0 0 0 0 0 0 0 0 0 0 0 
0 0 0 0 0 0 0 0 1 1 0 1 0 0 0 0 0 2 3 0 0 2 1 1 0 2 0 2 1 0 0 0 0 0 0 0 0 0 0 0 
0 0 0 0 0 0 0 0 0 0 0 1 0 0 0 1 0 0 0 0 0 0 0 0 1 0 1 0 0 0 0 0 0 0 0 0 0 0 0 0 
0 0 0 0 0 0 0 0 0 1 0 0 0 2 1 0 0 2 0 1 0 1 1 0 0 3 1 6 0 0 0 0 0 0 0 0 0 0 0 0 
0 1 1 0 0 0 0 0 0 1 0 0 0 1 0 0 0 2 1 0 2 0 0 1 2 4 0 1 1 0 0 0 0 0 0 0 0 0 0 0 
0 0 0 0 0 0 0 0 0 0 0 0 0 0 0 0 0 0 0 0 0 0 0 1 0 0 0 0 0 0 0 0 0 0 0 0 0 0 0 0 
1 0 0 0 0 0 0 0 1 0 0 1 1 0 0 0 0 0 0 0 0 1 0 0 0 0 0 0 0 0 1 0 0 0 0 0 0 0 0 0 
0 1 0 0 0 0 1 1 0 0 0 0 1 1 0 4 0 0 0 0 2 3 2 0 0 0 2 0 0 0 0 0 0 0 0 0 0 0 0 0 
0 0 0 0 0 0 0 0 0 0 0 0 0 0 1 0 0 0 0 0 0 0 0 0 0 0 0 0 0 0 0 0 0 0 0 0 0 0 0 0 
0 0 0 0 0 0 0 1 0 0 0 1 0 0 1 0 0 2 0 1 1 1 2 0 0 1 0 0 1 1 0 0 0 0 0 0 0 0 0 0 
0 0 0 0 0 0 0 0 1 0 0 1 0 0 0 1 0 1 1 0 2 1 1 0 0 0 0 0 0 0 0 0 0 0 0 0 0 0 0 0 
0 0 0 0 0 0 0 0 0 0 0 0 0 0 0 0 0 0 0 1 0 0 0 1 0 1 0 0 0 2 0 0 0 0 0 0 0 0 0 0 
0 0 1 0 0 0 0 0 0 0 0 0 0 1 0 0 0 1 2 2 1 0 0 0 0 1 0 0 0 0 0 0 0 0 1 0 0 0 0 0 
0 0 0 0 0 0 0 0 1 0 1 1 0 1 1 1 1 1 2 4 0 0 1 0 2 0 0 0 0 0 0 0 0 0 0 0 0 0 0 0 
0 0 0 0 0 0 0 0 0 0 0 1 0 0 0 0 1 1 1 1 0 0 0 0 1 0 0 1 0 0 0 0 0 0 0 0 0 0 0 0 
0 0 0 0 0 1 0 0 0 0 1 0 0 0 0 0 0 2 0 0 1 1 1 0 0 1 0 0 0 0 0 0 0 0 0 0 0 0 0 0 
0 0 0 0 0 0 0 0 0 1 0 0 0 1 0 0 0 0 1 2 2 1 1 0 1 2 0 1 0 1 0 0 0 0 1 0 0 0 0 0 
0 0 0 0 1 0 0 0 0 0 0 0 0 0 0 0 0 0 1 0 0 0 0 0 0 0 0 0 0 1 0 0 0 0 0 1 0 0 0 0 
0 0 1 0 0 0 0 0 0 0 0 0 0 1 1 0 0 1 1 2 0 2 2 0 0 2 1 1 1 1 0 0 1 0 0 0 0 0 0 0 
0 0 0 0 0 0 0 0 0 0 0 1 1 1 0 0 1 1 0 1 2 2 0 4 2 3 0 0 0 0 0 1 0 0 0 0 0 0 0 0 
0 0 0 0 0 0 0 0 0 0 0 1 0 0 0 0 0 0 0 0 0 0 0 0 0 0 0 0 0 0 0 0 0 0 0 0 0 0 0 0 

1 0 0 0 0 0 0 0 0 0 0 1 0 1 1 0 0 0 1 0 0 2 0 0 0 1 0 3 0 1 0 0 0 0 0 0 0 0 0 0 
0 0 0 0 0 0 0 0 0 1 0 0 0 0 1 0 0 0 1 2 0 0 0 0 0 1 0 0 0 1 2 0 0 0 0 0 0 0 0 0 
0 0 0 0 0 0 0 0 0 0 0 0 0 0 0 0 0 0 1 1 1 3 0 0 0 0 0 1 0 0 0 0 0 0 0 0 0 0 0 0 
0 0 0 0 0 0 0 0 0 1 2 0 0 1 0 2 0 1 0 1 1 0 2 1 0 0 1 2 1 0 0 0 0 0 0 0 0 0 0 0 
0 0 0 0 0 0 1 2 0 0 1 0 0 1 0 3 0 1 0 0 0 1 1 0 0 0 1 1 0 1 0 0 0 0 0 0 0 0 0 0 
0 0 0 0 0 0 0 0 0 0 0 0 0 0 0 0 1 2 1 1 0 1 0 0 1 0 0 0 1 0 0 0 0 0 0 0 1 0 0 0 
0 0 0 0 0 0 0 0 0 1 0 0 0 1 0 1 0 1 1 1 0 2 0 1 2 0 2 4 1 0 0 0 0 0 2 0 0 0 0 0 
0 0 0 0 0 0 0 0 1 0 0 1 1 0 2 2 1 0 1 1 2 2 0 0 0 2 1 1 2 0 0 0 0 0 0 0 0 0 0 0 
0 0 0 0 0 0 0 0 0 0 0 0 0 1 0 0 1 1 0 0 0 1 0 0 1 0 0 0 0 3 0 0 0 0 0 0 0 0 0 0 
0 0 0 0 0 0 1 0 0 0 0 2 0 1 0 0 0 1 0 0 0 1 0 1 0 0 1 0 1 0 0 0 0 0 0 0 0 0 0 0 
0 0 0 0 0 0 0 0 0 0 1 0 1 0 2 0 0 2 0 1 0 1 0 0 1 1 1 0 1 0 0 0 0 0 0 0 0 0 0 0 
0 0 0 0 0 0 0 0 0 0 0 0 0 0 0 0 0 1 0 0 0 0 0 0 0 1 0 0 0 0 0 0 0 0 0 0 0 0 0 0 
0 0 0 0 0 0 0 0 0 1 0 0 1 0 1 0 1 3 0 0 0 3 0 0 0 0 0 0 1 0 0 0 0 0 0 0 0 0 0 0 
0 0 0 0 0 0 0 1 0 0 0 1 0 0 0 0 1 4 0 0 0 0 1 1 2 2 0 0 0 0 0 0 0 0 0 0 0 0 0 0 
0 0 0 0 0 0 0 0 0 0 0 0 0 0 1 0 0 0 0 0 0 0 1 0 0 0 0 0 0 0 0 0 1 0 0 0 0 0 0 0 
0 0 0 0 0 0 0 0 0 0 1 0 1 1 0 0 1 0 2 0 0 2 1 1 0 0 0 0 0 0 0 0 0 0 0 0 0 0 0 0 
0 0 0 0 0 0 0 0 0 1 0 0 1 0 0 1 2 1 1 0 1 1 1 0 1 0 0 1 0 0 0 0 1 0 1 0 0 0 0 0 
0 0 0 0 0 0 0 0 0 0 0 0 0 0 0 0 1 0 0 1 0 1 0 0 0 1 1 0 0 1 0 0 0 0 0 0 0 0 0 0 
1 0 0 0 0 0 0 0 0 0 0 0 0 0 0 1 0 1 0 0 0 1 1 0 1 0 0 0 0 0 0 0 0 0 0 0 0 0 0 0 
0 1 0 0 0 0 0 2 0 0 0 0 1 1 1 0 1 0 4 2 0 1 0 1 0 0 0 0 0 0 0 0 0 1 0 0 0 0 0 1 
0 0 0 0 0 0 0 0 0 1 0 0 0 1 0 0 1 1 0 0 0 0 3 0 0 0 0 0 0 0 0 0 0 0 0 0 0 0 0 0 
0 0 0 0 0 0 0 0 0 0 0 0 0 0 1 0 0 0 1 0 0 2 0 0 0 1 1 0 0 0 0 1 0 0 0 0 0 0 0 0 
0 0 0 0 0 0 0 0 0 0 1 1 0 1 0 0 0 1 0 2 0 1 1 0 3 1 0 1 0 0 0 0 0 0 0 0 0 0 0 0 
0 0 0 0 0 0 0 0 1 0 0 0 0 0 0 0 1 0 0 0 0 0 0 0 0 0 0 0 0 0 0 0 0 0 0 0 0 0 0 0 

0 0 0 0 0 1 1 0 0 2 0 0 0 2 1 0 0 2 0 3 0 1 0 1 0 0 0 0 0 1 2 0 0 0 0 0 0 0 0 0 
0 0 0 0 0 0 0 0 0 0 0 0 0 1 1 2 0 2 1 0 1 0 2 0 0 1 0 1 0 1 1 0 0 0 0 0 0 0 0 0 
0 0 0 0 0 0 0 0 0 0 0 0 0 1 0 0 0 0 0 0 0 0 0 0 0 0 0 0 0 1 0 0 0 0 0 0 0 0 0 0 
0 0 0 0 0 0 0 0 0 0 0 0 0 0 0 2 0 0 1 0 0 0 0 0 0 1 0 3 0 2 0 0 0 0 0 0 0 0 0 0 
0 0 0 0 0 0 0 0 0 1 0 0 0 0 3 1 2 2 1 1 0 0 0 1 1 1 0 0 1 0 0 0 0 0 0 0 0 0 0 0 
0 0 0 0 0 0 0 0 0 0 0 0 0 0 0 2 0 0 1 0 1 0 1 0 1 1 0 0 0 0 0 1 1 0 0 0 1 0 0 0 
0 0 0 0 0 0 0 1 0 1 0 0 0 0 0 0 0 0 0 1 1 1 1 1 0 0 0 1 0 0 0 1 0 1 1 0 0 0 0 0 
0 0 0 0 0 0 0 0 0 0 0 0 0 1 0 0 3 1 1 1 0 1 0 1 1 1 3 4 1 0 0 0 0 0 0 0 0 0 0 0 
0 0 0 0 0 0 0 0 0 0 0 0 0 0 0 0 0 0 0 0 0 1 0 0 0 0 1 1 0 0 1 0 0 0 0 0 0 0 0 0 
0 0 0 1 0 0 0 0 0 0 0 1 0 0 0 1 0 0 1 0 1 0 1 0 2 0 1 0 0 0 0 0 0 0 0 0 0 0 0 0 
0 0 0 0 0 0 0 0 0 0 0 1 4 0 0 1 0 0 1 0 0 4 0 1 0 1 0 1 0 0 0 0 1 0 0 0 0 0 0 0 
0 0 0 0 0 0 0 0 0 0 0 0 0 0 0 0 0 0 0 0 0 0 0 0 0 0 0 1 0 0 0 0 0 0 0 0 0 0 0 0 
0 0 0 0 0 0 0 0 0 0 0 1 0 0 0 1 1 0 1 0 0 2 0 0 1 0 0 0 1 0 0 0 0 0 1 0 0 0 0 0 
0 0 0 0 0 0 0 0 0 0 1 0 1 2 0 1 0 0 1 1 0 0 0 2 0 2 0 0 1 0 0 0 0 0 0 0 0 0 0 0 
0 0 0 0 0 0 0 0 0 0 0 0 0 1 0 0 0 0 0 0 1 1 0 0 0 0 0 1 1 0 0 0 0 0 1 0 0 0 0 0 
0 0 0 0 0 0 0 0 0 0 0 1 0 0 0 0 0 0 0 0 0 0 0 0 0 0 0 0 0 0 0 0 0 0 0 0 0 0 0 0 
0 0 0 0 0 1 0 0 0 0 0 0 0 3 0 0 1 1 1 2 0 1 3 0 0 0 0 1 0 0 0 0 0 0 0 1 0 0 1 0 
0 0 0 0 0 0 0 0 1 1 0 0 0 0 0 0 0 0 0 0 0 0 0 1 0 1 0 0 1 0 0 0 0 0 0 1 0 0 0 0 
0 0 0 0 0 0 0 0 0 0 1 0 0 1 0 0 0 0 1 1 2 0 0 0 0 2 0 0 1 0 1 0 0 0 0 0 0 0 0 0 
0 0 0 0 0 0 0 2 0 0 0 0 1 0 0 0 1 1 2 0 1 2 0 1 0 0 0 0 0 0 1 0 0 0 0 0 0 0 0 0 
0 0 0 0 0 0 0 0 0 0 0 0 0 0 0 0 0 1 0 0 0 0 1 1 0 0 0 1 0 0 0 0 0 0 0 1 0 0 0 0 
0 0 0 0 0 0 0 0 1 0 0 0 0 0 1 1 0 0 1 1 0 1 2 1 2 2 1 0 0 0 0 1 0 0 0 0 1 0 0 0 
0 0 0 0 0 0 1 0 0 0 0 1 0 1 0 1 0 1 1 1 1 3 0 2 1 1 0 1 0 0 0 0 0 1 0 0 0 0 1 0 
0 0 0 0 0 0 0 0 0 0 0 0 0 0 0 0 0 0 0 0 0 0 0 0 0 0 0 0 0 0 0 0 0 0 0 0 0 0 0 0 

0 0 0 0 0 0 0 0 0 0 0 0 0 1 2 0 1 2 0 3 0 3 0 0 0 0 0 0 0 0 0 0 0 0 0 0 0 0 0 0 
0 0 0 0 0 0 0 0 0 0 1 1 1 1 0 0 1 1 2 3 0 1 0 1 0 0 1 1 0 0 0 0 1 0 0 0 0 0 0 0 
0 0 0 0 0 0 0 1 0 0 0 0 0 1 0 0 0 0 2 2 1 0 0 1 1 0 0 0 0 1 0 0 0 0 0 0 0 0 0 0 
0 0 0 0 0 0 0 0 0 0 0 0 0 0 0 1 1 1 2 0 1 2 0 0 0 0 0 1 3 0 0 0 0 0 0 0 0 0 0 0 
0 0 0 0 0 0 0 0 0 1 2 2 0 2 1 3 2 3 0 0 0 2 1 1 1 3 0 1 2 0 0 0 0 0 0 0 0 0 0 0 
0 0 0 0 0 0 0 1 0 0 0 1 0 0 1 0 2 0 1 0 2 1 0 0 0 0 0 1 4 0 0 0 0 0 0 0 1 0 1 0 
1 0 0 0 0 0 0 0 0 0 1 0 0 2 2 0 1 1 2 1 0 4 1 1 0 0 1 0 0 0 0 0 0 0 0 0 0 0 0 0 
0 0 0 0 0 0 1 1 0 1 0 1 1 0 3 1 0 3 1 2 3 0 0 0 2 1 2 2 0 0 0 0 0 0 0 0 0 0 0 0 
0 0 0 0 0 0 0 0 0 0 0 0 0 0 0 1 1 0 1 1 1 0 1 2 2 0 0 0 1 0 0 0 0 0 0 0 0 0 0 0 
0 0 0 0 0 0 0 0 0 1 1 0 0 0 1 0 0 0 0 0 1 0 0 0 1 0 0 1 2 1 0 2 0 0 0 0 0 0 0 0 
0 0 0 0 0 0 1 0 1 1 0 0 0 2 1 4 1 3 0 1 1 3 0 5 0 2 1 3 1 2 0 0 0 0 0 0 0 0 1 0 
0 0 0 0 0 0 0 0 0 0 0 1 1 0 0 0 0 0 0 0 1 0 0 0 0 0 1 3 0 0 0 0 0 0 0 0 0 0 0 0 
1 0 0 0 0 0 0 0 0 0 0 0 0 0 1 1 0 1 1 0 2 2 0 0 1 0 1 0 1 0 0 0 0 0 0 0 0 0 0 0 
0 0 0 0 0 0 0 0 0 1 1 1 1 2 0 0 1 1 2 0 3 0 1 2 1 0 2 2 0 0 0 0 0 0 0 0 0 0 0 0 
0 0 0 0 0 0 2 0 0 0 0 0 0 0 0 0 1 1 1 0 2 0 0 1 0 0 0 0 0 0 0 0 0 0 0 0 0 0 0 0 
0 0 0 0 0 0 0 0 0 0 0 0 0 1 0 0 0 1 1 1 0 0 0 3 0 0 0 1 0 0 0 0 0 0 0 0 0 0 0 0 
0 0 0 0 0 0 0 2 0 0 0 0 0 2 0 0 0 1 3 0 1 4 1 1 2 1 0 0 0 0 0 0 0 0 0 0 0 0 0 0 
0 0 0 0 0 0 0 0 0 0 0 0 0 0 0 1 0 0 1 0 1 0 0 0 0 1 2 0 0 1 0 0 0 0 0 0 0 0 0 0 
0 0 0 0 0 0 0 0 0 0 0 0 0 1 0 1 0 0 0 3 0 1 3 0 0 0 0 0 1 0 0 0 1 0 0 0 0 0 0 0 
1 0 1 0 0 0 0 0 0 1 0 0 0 0 1 1 1 0 3 3 3 2 4 1 1 0 1 0 0 0 0 0 0 0 1 0 0 0 0 0 
0 0 0 0 0 0 0 0 0 0 0 0 0 0 0 0 0 0 2 1 1 0 0 0 1 0 0 0 0 1 0 0 0 0 0 0 0 0 0 0 
0 0 0 0 1 0 0 0 0 0 0 0 0 0 1 0 0 0 1 1 0 2 0 0 0 0 1 0 0 0 0 0 0 0 0 0 0 0 0 0 
0 0 0 0 0 0 1 0 0 0 0 1 0 0 0 0 0 1 2 1 2 4 2 2 1 2 3 0 2 0 0 0 0 0 0 1 0 0 0 0 
0 0 0 0 0 0 0 1 0 0 0 1 0 1 0 0 0 0 0 0 0 0 1 0 0 0 0 0 0 0 0 0 0 0 0 0 0 0 0 0 

0 0 0 0 0 0 0 0 0 0 0 0 0 3 4 4 3 4 1 0 2 0 1 1 0 0 1 2 0 2 1 0 0 0 0 0 0 0 0 0 
0 0 0 0 0 0 1 0 1 0 0 0 1 4 2 2 1 5 0 1 0 1 0 1 0 0 0 0 0 2 1 1 0 0 0 0 0 0 0 0 
0 0 0 0 0 0 0 0 0 0 0 0 0 1 1 0 1 2 0 0 3 0 1 1 1 0 0 0 0 0 0 1 0 0 0 0 0 0 1 0 
0 0 0 0 0 0 0 0 0 0 1 0 0 2 1 0 1 2 2 1 0 0 3 1 1 0 0 0 0 0 0 1 1 0 1 0 0 0 0 0 
0 0 0 0 0 0 0 2 0 0 0 1 0 1 0 1 3 5 3 1 1 1 1 0 0 1 0 2 2 1 0 0 1 0 1 0 0 0 0 0 
0 0 0 0 0 1 0 0 0 0 0 1 1 0 0 0 0 1 1 0 3 0 4 0 1 0 3 2 1 0 0 0 0 0 0 0 0 0 0 0 
0 0 0 0 0 0 0 0 0 0 1 0 0 0 0 0 0 0 1 1 2 1 0 0 1 0 1 2 4 0 0 1 1 0 0 0 0 0 0 0 
0 0 0 0 0 0 0 0 0 1 0 0 1 3 1 3 3 7 3 5 0 2 3 0 0 1 1 4 2 0 0 0 0 0 0 0 0 0 1 0 
0 0 0 0 0 0 0 0 0 0 0 0 2 0 0 0 1 0 0 1 0 0 2 0 0 0 0 0 0 1 0 0 0 0 0 0 0 0 0 0 
1 0 0 0 0 0 0 0 0 0 1 0 1 0 0 0 2 0 1 1 1 1 0 0 0 0 0 0 2 0 0 1 0 0 0 0 0 0 0 0 
0 0 0 0 0 0 0 1 0 2 0 0 1 1 1 2 0 2 1 1 1 3 0 0 1 0 2 2 0 2 0 0 0 0 1 0 0 0 0 0 
0 0 0 0 0 0 1 0 0 0 0 0 0 0 0 0 0 2 0 0 0 0 1 0 0 0 0 2 0 1 1 0 0 0 0 0 0 0 0 0 
0 0 0 0 0 0 0 0 0 0 0 0 0 2 0 1 2 1 1 0 0 0 0 1 1 0 1 1 1 0 0 0 0 0 0 0 0 0 0 0 
0 0 0 0 0 0 0 0 0 1 0 0 0 2 0 0 2 2 1 2 4 0 1 1 1 6 1 0 1 1 0 0 0 1 0 1 0 0 0 0 
0 0 0 0 0 0 0 1 0 0 1 0 2 0 0 1 0 0 1 0 0 3 1 1 1 1 1 0 1 0 0 0 0 0 1 0 0 1 0 0 
0 0 0 0 0 0 0 0 0 0 1 1 0 0 0 0 1 0 0 1 0 2 1 0 1 4 0 0 0 0 0 0 0 0 0 0 0 0 0 0 
0 0 0 0 0 0 1 0 0 0 0 1 0 0 0 2 2 1 0 1 2 0 3 0 0 0 3 1 1 0 0 0 1 0 0 0 0 0 0 0 
0 0 0 0 0 0 0 0 0 0 0 0 0 1 0 0 0 0 0 1 1 0 1 0 0 0 3 0 1 0 0 0 0 0 0 0 0 0 0 0 
0 0 0 0 0 0 0 0 0 0 0 0 0 0 2 0 0 1 0 1 0 1 1 0 2 1 2 0 0 0 0 0 0 0 0 0 0 0 0 0 
0 0 0 0 0 0 0 0 0 0 1 2 0 0 0 0 0 0 2 1 1 1 1 2 2 0 3 0 0 0 0 0 0 0 0 0 0 0 0 0 
0 0 0 0 0 0 0 0 0 0 1 0 1 0 0 0 0 0 0 0 0 0 1 2 0 1 0 0 0 0 0 0 0 0 1 0 0 0 0 0 
0 0 0 0 0 0 0 0 0 0 0 0 0 0 0 1 0 1 1 2 1 1 0 0 0 1 3 1 0 0 0 0 1 0 0 0 0 0 0 0 
0 0 0 0 0 0 1 0 0 0 0 2 1 1 1 0 1 0 0 2 3 3 1 0 1 3 2 0 0 0 0 0 0 0 0 0 0 0 0 0 
0 0 0 0 0 0 0 0 0 0 0 0 0 0 0 0 0 0 1 0 0 0 0 1 0 0 0 0 0 0 0 1 0 0 0 0 0 0 0 0 

0 0 0 0 0 0 0 0 0 0 2 0 0 4 1 0 0 5 6 2 4 1 1 2 0 2 1 3 1 5 1 0 0 0 0 0 0 0 0 0 
0 1 0 0 0 0 0 0 0 2 1 1 1 4 1 1 0 3 5 3 0 0 1 0 1 0 0 2 1 2 0 2 1 0 1 0 0 1 0 0 
0 0 0 0 0 0 0 0 0 2 0 2 0 0 0 1 1 2 2 1 2 2 2 0 0 1 1 1 1 1 2 1 0 0 0 0 0 0 0 0 
0 0 0 0 0 0 0 0 0 0 0 1 0 3 2 1 1 4 2 1 0 1 1 1 0 0 4 2 1 1 0 0 0 0 0 0 0 0 0 0 
0 1 0 0 0 1 1 0 1 2 2 0 4 6 0 3 1 6 6 3 1 2 8 0 3 3 6 3 1 0 0 0 1 0 1 0 0 0 0 0 
0 0 0 0 0 0 0 0 0 0 0 0 2 1 1 0 3 2 4 1 0 3 2 0 0 1 1 0 2 1 0 0 2 2 0 0 0 0 0 0 
0 0 0 0 0 0 0 0 0 0 0 0 0 0 1 1 1 3 1 2 3 4 1 1 0 0 0 5 2 0 0 0 0 0 0 0 1 0 0 0 
0 1 0 0 0 1 0 0 0 0 0 2 3 4 3 2 0 3 8 1 1 2 2 3 0 0 2 5 3 0 0 1 2 0 1 0 0 1 0 0 
0 0 0 0 0 0 1 0 0 0 0 0 1 2 0 0 1 1 1 2 2 1 1 1 1 3 4 2 3 2 3 0 0 0 0 0 0 1 0 0 
0 0 0 0 0 0 0 0 0 1 0 1 1 1 1 1 0 0 2 3 0 0 3 1 1 1 0 0 0 0 1 0 0 1 0 0 0 0 0 0 
0 0 0 0 0 0 0 0 0 3 1 0 2 2 5 1 2 0 1 2 0 3 2 0 1 3 3 1 1 2 2 0 0 0 0 0 1 0 0 0 
0 0 1 0 0 0 0 0 0 0 0 0 0 0 1 0 1 2 2 0 2 0 1 0 2 1 0 4 3 0 0 0 0 0 1 0 0 0 0 0 
1 0 0 0 0 0 0 0 0 0 0 1 1 1 0 0 0 0 0 0 1 1 2 1 0 0 1 1 0 0 0 0 0 0 1 0 0 0 0 0 
0 0 1 0 0 0 0 0 0 1 0 0 1 3 0 1 0 2 4 0 4 3 1 3 2 2 0 5 1 0 0 0 0 0 0 0 0 0 0 0 
0 0 1 0 0 1 0 0 0 0 0 0 0 0 1 0 1 1 0 1 2 2 0 0 2 1 4 0 2 0 0 0 1 0 0 0 0 0 0 0 
0 0 0 0 0 0 0 0 0 0 0 0 1 0 0 1 0 2 1 4 1 2 0 0 0 1 0 1 0 0 0 0 1 0 0 0 0 0 0 0 
0 1 0 0 0 0 0 2 0 1 0 0 2 1 1 4 5 1 2 3 4 2 1 4 1 2 2 3 0 1 0 0 0 0 1 1 0 0 0 0 
0 0 0 0 0 0 0 0 0 0 0 1 0 0 0 0 0 2 0 2 3 0 0 1 2 0 1 0 0 0 0 1 0 0 0 0 1 0 0 0 
0 0 0 0 0 0 0 0 0 0 0 0 1 0 0 2 0 1 2 1 2 3 0 0 1 0 0 1 0 0 0 0 0 0 0 0 0 0 0 0 
1 0 0 0 0 0 0 0 0 0 0 0 2 1 3 2 0 1 1 0 2 4 0 1 2 2 1 0 0 0 0 0 0 1 0 0 0 0 0 0 
0 0 1 0 0 0 0 0 0 0 0 1 0 0 0 0 0 1 0 0 1 0 2 0 0 1 2 0 0 0 0 0 0 0 0 0 0 0 0 0 
0 0 0 0 0 0 0 0 0 0 0 0 0 2 0 0 0 0 0 2 0 0 2 1 1 1 1 0 1 0 0 0 0 0 0 1 0 0 0 0 
0 0 0 0 0 0 1 0 1 0 0 0 1 0 0 0 0 4 3 5 6 1 2 3 0 1 1 0 3 0 0 0 0 0 0 0 0 0 0 0 
0 0 0 0 0 0 0 0 0 0 0 0 0 0 0 0 0 0 0 0 0 0 0 1 0 0 0 1 0 0 0 0 0 0 0 0 0 0 0 0 

1 0 0 0 0 2 0 2 1 1 1 2 2 5 3 2 2 10 10 6 1 5 2 6 2 4 1 7 0 6 2 1 0 0 0 0 0 0 0 0 
0 0 0 1 0 0 0 1 0 1 0 0 1 4 3 4 3 2 2 5 1 0 2 1 2 2 0 2 1 3 3 0 1 2 0 0 0 1 0 0 
0 0 0 0 0 0 0 0 0 1 1 2 3 0 2 1 0 0 1 0 0 0 1 0 1 0 2 2 2 1 0 0 0 0 0 0 0 0 0 0 
0 0 0 0 0 0 0 1 0 1 0 0 1 1 2 0 0 1 5 2 1 4 2 2 2 1 0 8 3 1 0 2 2 1 2 0 0 0 0 0 
0 0 0 0 0 0 0 0 0 3 0 1 2 2 4 3 1 9 5 2 3 2 1 1 0 0 7 2 1 1 2 2 1 0 1 1 0 0 0 0 
0 0 0 0 0 0 0 0 0 0 0 0 0 0 0 0 3 2 1 1 2 1 0 2 1 0 2 0 3 0 1 1 1 0 1 0 0 0 0 0 
0 0 0 0 0 1 0 1 0 0 1 0 0 1 2 2 2 1 3 2 2 4 1 0 0 3 0 6 2 1 1 0 1 1 0 0 2 0 0 0 
0 0 0 0 0 0 1 1 3 0 1 0 1 6 3 0 3 1 1 4 1 2 0 0 2 3 5 5 3 1 1 0 1 0 0 0 0 0 0 0 
0 0 0 0 0 0 0 0 0 0 0 0 1 1 3 1 1 4 2 0 0 1 0 0 1 1 4 0 0 0 1 0 0 0 0 0 0 0 0 0 
1 0 0 0 0 0 0 0 0 0 0 0 0 0 1 3 1 1 2 2 0 2 2 1 0 2 1 1 2 1 0 1 0 0 0 0 0 0 0 0 
0 0 0 0 0 0 0 0 0 0 2 2 2 0 3 2 1 3 2 1 8 2 3 2 1 1 3 3 0 1 0 0 0 1 0 0 0 0 0 0 
0 0 0 0 0 0 0 0 0 0 0 1 1 0 1 1 1 1 1 0 2 0 1 2 0 2 0 0 1 1 0 0 0 0 0 0 0 0 0 0 
0 0 0 0 0 0 0 0 0 0 0 0 2 0 0 0 1 0 0 1 0 3 1 2 3 2 1 2 0 0 0 1 0 0 0 0 0 0 0 0 
1 0 1 0 0 0 0 0 0 0 0 0 0 1 0 1 3 2 5 2 8 3 2 1 4 3 1 2 1 0 0 1 1 0 0 0 0 0 0 0 
0 0 0 0 0 0 0 0 0 0 0 0 0 0 0 1 1 2 0 0 2 0 1 0 0 2 0 1 0 0 0 0 0 0 0 0 0 0 0 0 
1 0 0 0 0 0 0 0 0 0 0 1 0 0 0 1 1 1 0 1 2 3 1 1 0 2 2 2 0 0 2 0 0 1 0 0 0 0 0 0 
0 0 0 0 1 0 0 1 0 1 2 1 2 0 2 3 4 2 4 6 4 6 1 2 2 2 3 0 0 1 1 2 0 0 0 0 0 0 0 0 
0 0 0 0 0 1 0 0 0 1 0 0 0 0 1 1 1 1 2 1 0 1 0 3 2 2 5 3 0 0 1 1 0 0 1 0 0 0 0 0 
1 0 0 0 0 0 0 0 0 0 0 0 0 0 0 1 2 1 0 0 4 2 0 0 1 1 5 1 2 0 1 0 1 1 0 0 0 0 0 0 
0 0 0 0 0 0 0 0 0 0 1 0 2 1 2 3 3 2 2 5 3 2 3 2 2 3 1 1 0 1 0 0 0 0 0 0 0 0 0 0 
0 0 0 0 0 0 0 0 0 0 0 0 0 1 1 1 1 2 0 1 0 0 2 1 1 0 0 0 0 0 0 0 0 0 0 0 0 0 0 0 
0 0 0 0 0 0 0 0 0 0 1 0 0 0 0 1 2 0 4 0 0 1 4 1 0 0 1 0 0 0 0 0 0 0 0 0 0 0 0 0 
0 0 0 0 1 0 1 0 0 0 0 0 2 1 2 2 4 2 1 2 5 6 2 5 3 1 1 0 1 0 1 0 0 0 0 0 0 0 0 0 
0 0 0 0 0 0 0 0 0 1 0 0 0 0 0 0 0 0 0 0 0 0 0 0 0 1 1 0 0 0 0 0 0 0 0 0 0 0 0 0 

0 0 0 0 0 1 0 0 0 3 4 3 0 7 4 6 3 12 9 8 4 2 2 1 1 6 1 8 1 16 3 0 1 0 1 0 0 0 0 0 
1 0 0 0 0 0 0 0 1 1 1 4 2 5 4 5 5 9 7 7 1 4 2 3 1 1 5 3 0 5 13 2 0 2 0 0 1 0 0 0 
0 0 0 0 0 0 0 0 0 0 0 0 1 1 3 5 6 6 3 3 2 4 0 2 1 3 1 7 2 6 1 4 1 1 0 2 0 0 0 0 
1 0 0 0 0 0 0 0 1 2 1 1 2 0 4 3 2 4 9 4 4 5 1 5 0 3 5 3 5 3 1 2 0 0 0 1 0 0 0 0 
0 1 0 0 0 1 0 1 2 2 2 4 4 3 8 2 5 8 6 5 3 5 6 1 0 3 6 12 4 5 2 1 2 0 0 0 0 0 0 1 
0 0 0 0 0 0 1 0 0 0 4 2 0 3 1 3 4 4 8 0 2 9 2 5 3 2 0 3 4 8 4 2 0 0 0 0 1 0 0 0 
0 0 0 0 0 0 0 0 0 0 0 0 0 2 5 4 3 5 4 1 5 3 5 1 1 2 5 5 3 2 2 3 1 1 3 0 0 0 1 0 
0 0 0 0 0 0 0 1 3 4 4 7 3 4 3 5 2 13 13 8 5 4 2 3 4 9 10 15 6 2 1 2 1 0 2 0 0 0 0 0 
0 0 0 0 0 0 0 0 0 1 0 0 2 1 4 1 2 2 5 3 2 2 1 4 0 1 1 4 6 1 2 0 1 1 0 0 0 0 0 0 
0 0 0 0 0 0 0 2 0 0 0 2 0 1 1 1 1 1 2 0 3 1 6 0 4 3 4 3 3 0 0 0 0 0 0 0 1 1 0 1 
0 0 0 0 0 0 2 1 2 1 1 3 5 3 5 5 3 6 4 2 2 4 7 3 5 5 6 3 5 1 0 0 3 0 1 0 0 0 0 0 
0 0 0 0 0 0 0 0 1 1 2 1 1 1 1 0 2 8 2 4 3 2 1 2 1 3 3 6 5 2 3 0 0 0 0 0 0 0 0 0 
0 0 1 0 0 1 0 0 0 0 0 0 0 1 2 2 2 4 3 1 2 4 1 3 1 2 3 1 2 2 2 0 0 0 0 0 0 0 0 0 
1 0 1 0 0 0 0 1 1 0 0 3 1 4 2 4 4 4 4 5 2 7 6 2 3 11 6 5 1 2 1 1 0 1 0 0 1 1 0 0 
0 0 0 0 0 0 1 2 0 0 0 3 0 1 1 1 0 4 3 0 2 2 4 1 3 2 3 1 2 2 0 0 0 0 0 0 0 0 0 0 
1 0 1 0 0 0 0 1 2 0 0 2 0 1 0 0 1 2 4 2 5 2 3 0 1 2 3 0 0 2 4 1 1 0 0 0 0 0 0 0 
0 0 0 0 0 0 1 0 0 0 2 1 0 5 3 4 5 6 4 4 6 10 6 1 4 5 2 0 0 1 1 1 1 0 0 0 1 0 0 0 
0 0 0 0 1 0 1 0 0 0 0 1 1 1 0 2 2 0 4 3 1 1 2 3 3 2 2 2 3 0 2 0 2 0 0 0 0 0 0 0 
0 0 0 0 0 0 0 1 0 0 0 0 0 0 1 1 0 1 2 0 2 0 2 0 1 4 0 0 2 0 1 0 0 0 1 0 0 0 0 0 
0 0 0 0 0 0 1 0 0 0 2 0 3 5 2 1 5 10 3 6 3 5 3 1 2 3 3 1 0 1 0 0 0 1 0 0 0 0 0 0 
0 0 0 0 0 1 0 1 0 2 0 1 0 2 1 2 3 0 1 1 1 3 0 3 1 2 0 1 0 2 0 0 0 0 0 0 0 0 0 0 
0 0 0 0 0 0 0 0 0 0 1 1 1 1 1 1 2 1 0 0 2 3 0 6 3 1 1 1 1 0 0 0 0 0 0 0 0 0 0 0 
0 0 0 0 0 0 0 0 0 0 2 1 2 2 3 1 3 5 3 5 6 3 3 4 2 5 4 4 0 0 0 0 0 0 0 0 0 0 0 1 
0 0 0 0 0 0 1 1 0 0 0 1 0 0 0 0 6 4 1 2 1 1 1 0 1 4 3 1 0 0 1 0 0 0 0 0 0 0 0 0 

0 0 0 1 1 1 0 1 1 1 0 1 1 15 6 6 7 20 24 16 7 6 3 4 2 5 3 5 6 13 10 1 4 1 1 0 0 0 0 0 
0 0 0 0 0 0 0 0 0 0 1 1 2 4 4 7 3 13 7 11 7 4 4 4 1 1 4 1 5 13 9 4 2 2 2 1 0 1 0 1 
0 0 0 0 0 0 0 0 1 0 0 1 2 2 7 3 3 5 5 6 2 2 2 2 2 0 1 2 2 3 1 2 1 2 0 2 0 0 0 0 
0 0 0 0 0 0 1 4 1 1 1 1 1 2 6 4 6 18 9 4 10 4 5 2 5 4 2 3 11 2 8 1 3 1 0 1 0 0 0 0 
1 1 0 0 0 0 0 2 3 3 0 3 5 6 6 1 12 21 10 6 3 8 6 5 2 1 5 10 8 5 9 2 2 0 1 0 1 0 0 0 
0 0 0 1 0 0 0 0 0 0 1 0 1 2 6 3 2 6 3 3 2 4 1 0 5 0 2 3 4 4 4 2 0 0 0 0 0 0 0 0 
0 1 0 0 0 0 0 0 2 1 2 0 0 2 8 4 2 9 4 9 5 9 5 2 1 4 4 9 9 3 2 1 1 1 1 0 0 0 0 0 
0 0 0 0 1 1 1 0 0 2 3 2 3 5 9 4 2 7 8 3 2 9 8 2 9 6 8 11 5 1 4 0 1 0 0 2 0 2 0 0 
0 0 0 0 1 1 0 0 0 0 0 1 0 2 3 3 3 4 7 1 3 3 1 2 2 0 3 6 4 1 0 1 1 0 0 0 0 0 1 0 
0 0 0 0 0 0 0 0 1 1 0 1 0 2 1 1 1 7 3 1 2 3 6 2 3 2 3 0 4 1 0 1 2 0 0 0 0 0 1 0 
1 0 0 1 0 0 0 0 2 2 4 2 3 4 3 1 6 5 3 6 1 5 2 2 4 0 8 7 4 1 7 2 0 2 1 0 0 0 0 0 
0 0 0 0 1 0 0 0 0 0 1 2 1 1 2 1 3 2 3 0 2 2 3 1 2 2 0 4 1 1 1 0 0 1 0 0 0 0 0 0 
0 0 0 0 0 1 0 1 0 0 1 1 2 1 1 1 1 1 1 3 3 3 2 4 3 5 3 2 5 0 0 0 0 0 1 0 0 0 0 1 
0 0 0 0 0 0 0 1 0 2 3 1 1 1 7 6 5 5 8 8 10 7 8 4 2 9 4 6 2 1 1 0 0 1 0 0 0 0 0 0 
0 0 0 0 0 1 0 0 0 0 0 1 1 0 1 0 3 1 1 1 3 4 6 3 1 1 4 1 2 0 0 0 0 0 0 0 0 0 0 0 
0 0 1 0 0 0 0 1 0 0 1 0 0 0 0 2 0 3 0 2 7 4 8 5 1 6 6 1 3 1 0 1 1 0 0 1 0 0 0 0 
1 0 0 1 0 1 0 0 0 2 1 2 3 7 4 5 2 7 7 18 9 8 7 4 7 5 2 1 0 2 1 0 0 0 0 0 1 0 0 0 
0 0 0 0 0 0 1 1 0 0 0 0 0 0 3 0 0 1 1 0 3 2 5 1 1 4 0 2 3 1 0 0 0 0 0 0 0 0 0 0 
0 0 0 0 0 0 0 1 2 1 0 0 1 1 1 4 1 1 2 4 2 5 3 5 1 4 2 1 3 1 4 0 1 0 0 0 1 0 0 1 
0 0 0 0 0 0 0 0 1 1 1 2 3 2 3 2 4 7 12 3 2 2 10 4 6 1 2 2 0 1 1 0 0 0 0 0 0 0 0 0 
0 0 0 0 0 1 0 0 0 0 0 0 0 1 0 2 0 1 0 1 2 0 0 0 3 4 3 0 0 0 0 0 0 0 0 1 0 0 0 0 
0 0 1 0 0 0 0 0 0 0 1 1 1 0 0 3 0 4 1 2 2 4 5 3 4 2 3 1 2 0 1 1 0 0 0 0 0 0 0 0 
0 0 0 0 0 0 0 0 0 1 2 0 3 3 1 4 1 6 5 3 9 4 6 2 5 7 7 2 1 0 0 0 0 1 0 1 0 0 0 0 
0 0 0 0 0 0 0 0 0 0 0 0 0 0 0 0 1 1 0 1 0 0 0 0 1 1 1 0 0 0 0 0 0 0 0 0 0 0 0 0 

0 0 0 0 0 1 0 2 3 1 1 4 1 8 14 21 10 61 32 17 12 8 5 5 1 9 5 18 9 62 13 3 2 1 1 0 0 0 0 0 
0 0 1 0 0 0 1 0 0 2 2 2 1 7 9 8 21 51 45 14 14 10 7 7 3 4 7 12 33 38 19 6 7 1 4 1 0 1 1 0 
0 0 0 0 0 1 0 0 2 2 3 2 6 8 9 16 21 46 22 16 15 8 9 5 6 7 7 30 37 24 11 9 4 3 5 2 0 0 0 0 
1 0 1 1 0 0 0 0 0 4 2 6 2 9 8 5 8 14 33 14 8 10 8 6 8 5 2 8 22 14 13 2 4 1 1 1 1 1 0 0 
1 0 0 0 2 1 0 0 4 3 7 7 8 12 2 10 16 30 22 13 10 5 17 5 4 9 14 17 28 23 15 3 0 0 3 0 1 0 0 0 
0 0 0 0 0 0 0 0 0 1 3 4 4 7 7 4 9 16 17 10 3 12 10 12 5 9 15 31 29 26 12 8 4 1 0 1 1 1 0 0 
1 0 0 0 0 1 0 0 0 1 0 3 6 5 5 5 8 11 14 8 11 9 9 8 3 8 11 25 18 10 11 2 3 0 0 0 0 0 1 0 
0 0 0 0 0 0 1 1 1 1 6 6 9 10 9 4 13 17 21 11 7 23 15 7 15 6 29 27 19 6 1 0 1 0 0 1 0 3 0 0 
0 1 0 0 0 0 0 0 2 0 4 4 3 4 3 6 7 6 6 10 6 5 9 5 3 6 10 8 8 5 2 0 0 0 0 1 0 0 0 0 
0 0 0 0 0 0 0 2 0 1 3 2 2 5 3 0 6 7 4 4 11 6 7 4 4 4 10 14 8 4 1 2 1 1 0 0 0 0 0 0 
0 0 2 0 0 2 2 1 2 2 6 9 7 11 5 4 12 14 10 7 9 16 9 5 5 5 14 20 7 6 2 0 1 1 1 0 1 1 0 0 
1 0 0 1 0 1 1 2 3 0 2 2 1 7 9 2 4 5 3 6 4 9 12 3 7 6 9 5 7 1 4 0 1 2 2 1 0 0 0 1 
0 0 0 0 0 0 0 1 0 3 2 1 3 6 2 2 4 3 6 3 4 3 4 2 6 10 8 10 10 2 4 1 1 0 0 0 0 0 0 0 
0 0 0 0 0 0 0 3 1 2 4 7 4 4 7 4 15 13 15 9 11 8 7 7 8 17 8 11 8 2 1 2 1 0 1 0 1 0 0 0 
0 0 0 0 0 0 0 0 0 0 2 2 3 4 5 6 7 7 5 8 5 10 11 6 5 3 4 8 5 3 5 1 0 0 0 0 0 0 0 1 
1 1 0 0 0 0 0 0 0 0 0 1 2 1 3 3 5 2 1 5 4 4 4 5 1 12 10 9 3 0 2 2 0 0 0 0 0 0 0 0 
1 0 1 1 0 0 2 0 1 1 1 4 8 5 8 7 9 6 13 17 21 17 8 6 12 15 13 6 1 0 1 1 2 0 0 0 0 0 0 0 
0 0 0 0 0 0 0 0 1 1 2 3 1 3 1 2 5 6 5 6 9 11 6 7 7 5 7 0 3 2 1 0 1 0 0 0 0 0 0 0 
0 0 0 0 0 1 1 1 0 1 0 1 2 2 3 1 5 4 3 2 8 5 4 5 3 2 12 4 1 1 2 0 0 1 1 0 0 0 0 0 
0 0 0 0 0 0 0 0 2 2 4 0 3 6 4 8 4 11 11 22 13 19 7 5 12 10 8 3 1 0 1 1 3 0 0 0 0 0 0 0 
0 1 0 0 0 0 0 0 0 0 1 0 0 1 4 1 1 8 5 3 2 4 3 10 5 8 10 1 2 0 0 1 0 1 1 1 0 0 0 0 
0 1 0 0 0 0 0 0 0 0 0 0 1 0 2 3 1 3 3 2 5 1 3 4 4 9 3 0 2 2 2 2 1 1 0 0 0 1 0 0 
0 0 0 0 0 0 0 1 0 0 1 1 1 4 4 0 6 6 8 10 7 10 8 4 13 9 6 3 3 2 1 0 1 2 0 0 0 0 0 0 
0 0 0 0 0 0 0 0 0 1 0 1 1 2 1 0 7 2 2 1 2 6 1 3 3 5 4 2 0 3 0 2 0 0 0 0 0 0 0 0 

1 0 0 1 0 0 0 1 0 3 1 5 3 29 19 21 14 507 83 25 9 14 9 9 3 5 2 19 17 283 43 4 3 0 3 0 0 0 0 0 
1 0 0 0 0 1 0 3 1 2 3 0 4 9 15 13 31 119 70 24 18 6 11 8 8 4 14 18 153 84 22 8 7 2 4 3 2 2 2 2 
0 0 0 0 1 2 1 2 1 1 1 2 3 11 10 13 20 82 48 23 17 6 10 4 7 3 4 16 96 42 33 10 7 3 2 1 2 1 1 0 
1 1 0 1 0 0 1 2 1 2 1 2 6 15 14 18 25 71 58 20 10 18 16 6 8 6 2 24 129 20 16 11 7 1 4 1 1 0 3 1 
0 0 0 0 2 0 1 1 1 2 1 3 6 10 15 6 20 61 39 20 5 17 18 6 4 5 10 32 51 16 12 7 3 2 2 1 0 0 0 1 
0 0 0 0 0 0 0 0 0 2 0 4 6 3 9 6 12 12 18 8 5 8 11 8 7 14 13 66 64 17 15 2 3 2 1 1 2 0 1 1 
0 0 0 0 0 1 0 0 1 2 2 5 11 8 7 11 8 23 20 15 7 24 15 8 5 5 7 51 72 12 13 2 6 1 2 0 2 0 0 1 
0 1 0 0 0 1 1 2 4 1 5 4 13 10 7 5 9 22 30 15 14 18 12 4 5 6 13 35 24 4 3 0 1 3 0 3 0 0 0 1 
0 0 1 0 0 1 0 1 0 1 1 0 0 3 7 3 4 10 9 9 5 2 10 8 3 5 8 19 16 2 5 0 1 0 0 0 0 1 0 0 
1 0 0 1 0 2 1 0 1 3 2 5 0 7 10 9 9 14 18 8 5 6 10 8 3 4 8 15 19 3 4 2 1 0 1 0 1 0 0 0 
0 0 0 0 1 0 1 0 0 6 7 4 8 9 5 4 6 14 15 20 10 16 15 5 5 8 12 26 13 4 2 2 3 4 1 0 0 0 1 0 
1 0 0 0 0 0 0 1 2 1 1 7 2 3 6 7 2 5 7 9 3 8 4 6 1 8 10 5 8 3 2 0 0 0 1 0 0 0 2 0 
1 0 0 0 0 2 0 0 1 1 1 1 3 5 5 6 5 11 13 7 8 7 13 10 8 11 13 15 17 2 1 2 4 0 0 0 0 0 0 2 
1 0 0 0 2 0 0 0 0 2 3 5 5 7 7 5 12 14 26 6 10 13 9 8 5 16 13 16 13 3 4 1 1 2 2 1 1 0 0 0 
0 0 0 0 0 0 1 0 0 2 1 0 4 2 1 1 4 6 4 6 5 4 8 4 7 12 7 4 3 5 4 0 0 1 0 0 0 0 0 0 
0 0 1 0 0 1 0 0 0 0 1 1 2 6 2 5 2 8 8 13 14 7 10 6 7 13 14 8 7 3 3 2 1 0 1 1 0 0 0 0 
0 1 0 0 0 0 0 1 1 0 1 7 6 7 3 6 7 13 10 20 18 11 10 7 10 13 8 5 5 2 2 2 0 1 0 0 0 0 0 0 
0 0 0 0 0 0 0 0 0 2 2 2 2 2 2 2 3 3 4 2 5 7 5 6 7 7 5 5 5 0 0 0 0 0 0 0 0 0 0 0 
2 0 0 0 0 1 0 0 1 1 0 3 1 2 3 3 4 3 9 12 6 5 16 3 6 7 12 2 7 2 3 2 2 1 1 0 0 0 0 0 
1 0 0 0 0 0 0 0 5 1 2 1 3 1 5 9 5 13 12 22 23 13 11 7 6 13 9 0 1 2 0 1 1 0 0 0 0 0 0 0 
0 0 0 0 0 0 0 0 1 1 0 1 2 0 2 5 3 6 4 10 4 4 6 7 2 7 4 2 0 1 0 0 2 0 0 0 0 0 0 0 
1 0 0 0 0 1 0 0 0 0 0 1 0 2 3 2 4 3 8 11 10 7 3 6 7 9 23 1 4 0 1 0 0 0 0 0 0 0 0 0 
0 1 0 0 0 0 0 0 2 2 0 0 7 6 3 7 6 7 18 9 13 19 10 8 14 22 12 5 4 1 1 1 1 0 0 1 1 0 0 0 
0 0 0 0 0 0 0 0 0 0 2 0 1 0 0 0 2 3 2 6 5 4 6 4 4 7 2 2 0 1 3 2 0 0 0 0 0 0 0 0 

0 0 1 1 0 2 3 6 2 4 4 4 5 71 153 30 13 128 63 42 33 20 13 9 3 3 4 12 4 70 31 4 1 0 1 0 1 0 0 0 
2 0 0 0 0 0 1 1 0 5 3 5 13 56 113 42 28 211 38 29 49 24 8 14 12 2 8 9 14 26 18 4 5 0 0 1 1 0 0 1 
0 1 1 0 1 1 3 1 3 5 2 12 12 34 75 34 30 202 43 39 51 46 26 20 4 6 11 22 129 14 5 4 3 3 2 1 1 1 0 0 
1 0 1 0 1 5 3 0 2 2 1 4 9 31 39 22 22 221 102 25 25 18 21 7 6 5 5 18 344 8 5 1 6 0 3 1 0 0 0 0 
1 0 0 0 0 1 3 2 6 12 10 9 20 38 50 18 44 288 86 40 35 36 37 22 16 12 11 42 234 18 10 7 5 6 1 1 2 1 2 1 
0 1 0 2 1 0 1 2 1 4 5 7 19 38 55 25 28 338 84 37 38 48 31 16 12 17 12 541 155 15 9 6 2 2 1 2 0 0 2 1 
0 0 0 0 0 0 0 1 2 1 0 6 8 20 23 20 11 160 108 28 22 29 22 11 8 10 4 244 192 8 13 3 1 1 2 1 0 1 1 1 
1 0 0 2 1 2 0 6 4 5 12 5 26 22 27 18 43 203 114 19 21 30 19 14 9 11 55 291 70 15 5 7 4 3 1 1 1 0 0 0 
0 1 0 0 0 0 1 2 3 4 7 14 17 31 48 31 29 178 104 28 20 25 18 8 13 6 56 229 51 23 13 5 5 4 2 1 0 0 1 0 
2 1 0 0 2 1 0 1 1 2 4 4 4 19 24 18 18 41 45 21 11 15 13 6 13 7 13 96 61 6 13 2 6 0 2 1 0 0 0 0 
1 1 0 0 1 1 1 1 1 7 9 8 18 27 14 8 13 56 53 31 20 27 25 17 15 9 69 89 30 9 3 4 1 3 1 1 0 0 0 0 
0 1 0 1 0 1 0 4 1 6 3 6 7 14 15 17 19 53 98 34 16 13 16 15 6 17 70 51 20 9 8 10 6 1 0 1 0 0 1 1 
0 0 0 0 2 0 1 3 0 3 0 1 5 10 12 10 11 27 59 19 24 7 14 14 13 16 36 31 24 7 3 4 2 4 1 1 1 0 1 0 
0 1 0 1 1 0 0 0 2 6 8 8 12 20 20 6 19 38 58 32 18 25 21 15 12 26 60 57 18 17 5 3 2 2 1 0 0 3 1 0 
0 0 0 1 0 4 0 1 1 4 4 5 4 9 10 17 10 32 56 38 20 10 12 8 16 46 76 41 28 8 5 4 2 1 0 1 1 2 1 0 
0 0 0 1 1 0 0 0 1 4 0 5 4 12 4 5 11 15 24 35 25 13 9 9 7 32 45 12 16 9 7 2 3 1 1 1 0 0 0 0 
1 1 0 0 0 3 3 1 1 3 2 6 15 15 17 5 21 34 42 53 30 33 23 13 19 33 36 15 11 9 2 1 1 1 0 0 0 0 1 1 
0 0 0 0 1 2 1 2 0 2 3 1 3 2 4 7 9 18 49 34 21 23 19 13 19 51 51 28 15 2 5 5 1 0 1 1 2 1 1 0 
1 1 1 1 1 0 0 0 0 1 2 7 7 1 6 9 8 12 12 17 26 20 6 10 9 24 33 16 11 4 5 1 3 2 3 1 0 1 0 0 
1 0 0 1 0 0 1 0 5 1 2 6 5 4 8 20 14 25 42 59 39 25 20 15 32 52 41 13 9 2 4 0 2 0 0 0 0 0 0 0 
0 0 0 1 0 0 1 1 0 2 4 3 5 3 4 9 11 28 38 36 21 11 21 20 25 44 23 14 13 2 6 1 2 0 0 1 0 0 0 0 
1 0 0 0 0 0 1 0 0 1 2 0 1 3 3 6 6 7 18 35 19 13 4 5 9 23 31 11 9 3 0 3 2 1 1 0 0 2 0 0 
1 0 0 0 0 1 1 1 0 2 1 1 9 7 11 12 8 23 21 43 25 29 18 22 42 70 20 9 9 3 3 4 1 0 0 1 0 0 0 1 
1 0 0 0 1 0 1 0 2 3 2 1 1 0 5 8 9 9 21 25 14 17 18 21 41 61 37 17 6 5 3 5 1 4 1 1 0 0 0 0 

1 1 0 0 0 1 0 2 1 11 5 6 16 136 918 30 8 51 20 87 497 26 12 9 9 5 5 19 3 33 9 5 4 0 0 1 1 0 0 0 
2 0 0 0 2 1 0 1 2 3 2 4 9 32 331 28 26 24 31 45 355 45 31 8 17 10 7 6 14 11 11 8 3 3 1 1 0 1 2 1 
0 1 0 1 1 2 3 3 3 2 5 6 11 37 228 45 18 29 35 42 106 48 22 9 9 15 3 3 7 5 6 2 8 4 1 0 0 1 1 2 
0 0 0 1 3 2 1 2 2 2 4 7 10 28 550 21 16 19 52 22 80 45 41 14 16 6 6 11 11 7 8 2 5 2 0 1 1 0 0 0 
0 1 0 1 1 2 5 2 5 7 9 4 6 30 281 25 39 33 48 38 49 50 41 16 17 6 16 11 30 15 11 4 3 3 2 1 4 4 2 0 
0 0 2 0 0 1 1 1 2 2 6 8 14 48 116 41 30 51 45 26 84 52 35 20 13 13 14 26 26 16 2 7 3 0 4 3 0 3 0 4 
2 1 1 0 0 0 0 4 1 3 3 6 7 26 97 17 21 32 61 26 39 51 47 8 21 10 5 35 64 11 11 4 9 1 1 1 1 0 0 0 
1 1 0 1 1 1 1 3 5 2 8 3 9 38 58 22 14 50 62 22 44 35 32 12 15 10 17 47 52 12 12 5 1 0 1 0 1 0 2 0 
0 1 2 0 1 1 0 1 6 9 3 10 20 47 57 37 32 110 66 28 29 20 15 17 7 12 21 65 27 18 10 9 5 4 0 2 0 2 1 4 
1 1 0 1 0 1 2 2 3 5 3 8 8 36 47 29 30 76 84 20 17 27 25 12 6 10 29 178 47 8 10 3 3 2 1 2 3 0 0 1 
0 0 0 0 1 1 1 3 2 2 5 4 4 23 24 17 13 43 100 25 19 33 25 15 13 16 44 80 28 5 4 3 1 3 0 1 0 3 0 0 
1 2 0 0 2 2 0 2 2 2 2 7 11 13 19 19 15 70 205 27 21 19 22 5 13 16 129 47 20 11 5 4 3 1 1 1 0 1 1 2 
0 1 4 1 0 1 0 5 2 2 2 7 6 18 24 24 20 80 371 30 23 21 26 20 12 26 325 65 45 6 1 5 2 0 1 0 0 0 1 1 
1 0 0 0 1 0 2 1 2 3 8 5 14 20 20 10 12 45 191 25 22 29 20 8 14 31 296 50 27 10 1 4 1 1 0 0 2 2 1 2 
1 0 0 1 0 0 0 0 0 2 4 5 7 11 13 17 17 39 195 40 17 18 13 11 21 58 189 42 28 15 6 9 2 1 3 1 1 1 2 4 
3 0 0 0 0 1 1 3 1 3 3 5 4 21 16 14 12 27 276 68 40 14 23 15 12 83 381 21 31 15 5 4 2 1 1 1 0 0 0 1 
1 0 0 2 0 0 0 3 2 3 6 3 11 12 11 13 14 15 147 81 40 50 17 13 23 118 149 11 14 8 4 3 0 1 0 2 0 1 0 0 
0 1 0 0 0 0 0 2 1 2 2 3 3 6 10 6 8 35 147 67 29 20 21 24 23 121 96 37 17 14 5 1 3 3 3 2 1 1 0 2 
1 0 0 0 0 1 2 1 0 3 2 2 1 6 10 10 6 30 91 46 42 23 31 15 19 224 138 19 24 5 6 3 3 0 1 1 1 0 2 1 
0 0 0 0 0 2 0 3 0 3 3 8 4 8 14 20 18 28 157 177 40 29 21 15 27 102 51 13 8 1 2 1 0 0 0 1 1 2 1 0 
0 0 0 0 0 1 1 1 0 0 1 2 3 4 4 7 15 32 66 76 34 19 15 24 42 98 65 20 15 4 4 4 1 1 0 1 0 0 0 1 
0 1 0 1 0 1 1 0 0 1 1 3 3 8 5 12 12 29 41 66 39 18 25 25 31 87 77 18 10 6 7 0 4 2 2 1 1 0 0 1 
0 0 0 0 0 0 0 0 0 1 4 5 2 6 15 19 10 28 59 76 32 23 18 17 105 362 42 10 5 0 1 1 0 1 1 1 0 1 1 1 
0 0 0 0 0 3 1 0 0 0 2 2 0 7 4 3 10 14 19 20 24 25 32 58 157 192 73 34 9 9 6 3 1 0 0 0 0 0 0 0 

1 0 0 0 1 3 4 8 4 7 9 7 7 38 41 10 6 30 12 57 113 27 15 21 19 5 5 10 4 12 9 1 1 0 0 0 0 0 0 0 
3 0 0 0 1 1 2 3 0 6 1 1 2 7 13 15 9 8 6 24 91 26 13 21 5 7 3 4 4 4 2 1 1 0 0 2 0 2 0 0 
0 0 0 0 0 1 4 1 2 2 4 2 4 20 26 8 8 4 9 12 119 21 21 13 8 10 5 10 3 4 4 0 0 1 1 0 0 0 0 1 
1 0 1 0 1 1 2 1 1 6 3 3 6 14 41 5 11 6 14 12 174 47 31 14 13 9 7 4 11 4 2 1 3 1 2 1 0 1 1 1 
1 0 1 1 0 0 2 5 5 8 5 4 9 25 45 12 10 19 16 25 399 66 41 7 7 5 11 3 3 7 1 3 1 0 2 0 0 1 0 0 
1 3 0 0 2 2 0 1 3 3 5 4 10 10 45 11 4 19 16 15 139 44 35 18 11 7 3 4 10 5 3 2 0 0 0 2 0 1 0 1 
0 0 0 0 0 1 0 1 2 4 6 5 6 23 198 14 19 16 22 24 140 82 40 14 11 7 7 10 15 4 13 2 3 0 3 1 1 0 0 1 
1 0 1 1 1 2 7 3 8 9 8 6 19 39 252 23 24 18 26 40 422 216 58 26 15 15 4 9 12 3 6 4 1 1 2 0 0 1 0 0 
0 1 0 0 0 0 3 3 1 2 6 5 8 34 121 21 7 15 15 28 311 126 42 23 8 14 8 3 17 2 2 1 1 3 0 1 0 0 0 0 
2 0 0 0 0 1 2 2 2 4 2 7 3 33 232 23 13 25 19 19 157 85 66 9 14 15 15 23 20 2 6 1 2 0 3 0 0 0 0 0 
0 0 0 0 0 2 1 0 8 7 2 11 24 67 233 33 16 17 36 27 81 134 56 11 15 10 12 21 12 6 2 2 1 0 0 3 0 0 1 0 
0 2 0 0 0 0 2 3 3 8 4 11 15 102 343 39 20 23 27 27 87 86 31 13 10 9 5 12 9 6 7 2 2 1 0 1 1 0 1 1 
2 0 1 1 1 1 0 0 2 4 3 5 3 80 299 32 20 26 41 22 39 52 37 10 18 13 24 16 17 3 5 0 1 2 1 1 0 0 0 1 
2 2 0 0 1 0 2 5 9 3 17 15 33 64 95 19 17 24 35 26 50 74 53 15 19 18 10 23 20 7 3 1 3 0 1 0 1 1 0 1 
0 0 1 0 1 2 0 3 6 2 6 12 19 48 97 32 17 18 27 30 51 57 44 29 20 15 18 9 10 7 3 4 2 2 3 0 1 0 0 0 
0 0 1 0 1 1 3 1 2 0 4 6 5 38 64 15 17 19 22 32 36 32 40 13 14 37 60 16 19 5 6 2 1 0 2 0 2 1 1 1 
1 0 3 1 0 1 2 7 4 6 12 14 23 37 46 22 29 17 51 62 61 82 46 20 14 27 22 8 1 6 1 4 0 0 0 1 0 0 0 0 
1 0 0 0 3 0 3 0 2 4 5 7 11 37 49 28 21 19 20 40 40 42 33 17 16 28 41 11 4 2 3 2 2 0 2 0 1 2 0 1 
0 0 0 0 0 2 1 2 1 1 3 4 5 15 29 30 18 20 28 35 36 26 32 16 23 81 88 8 13 6 8 1 4 0 0 0 0 0 0 1 
0 1 0 1 0 0 1 1 2 1 2 4 14 21 39 53 29 23 72 88 52 62 28 10 28 156 37 7 1 3 4 2 1 1 1 1 0 0 0 0 
0 0 0 1 2 1 0 1 0 2 4 7 11 27 25 35 22 23 30 69 39 30 26 16 20 94 24 12 7 4 5 0 0 0 2 0 1 1 0 0 
0 0 0 0 0 0 2 2 2 4 1 5 3 11 12 15 19 19 48 180 46 32 25 18 19 209 87 12 10 4 10 2 3 3 3 1 0 0 0 0 
1 0 1 0 0 1 0 1 3 4 10 5 7 18 34 29 24 29 128 277 48 40 26 22 99 392 44 9 4 4 2 6 0 1 0 2 0 0 0 0 
1 0 1 0 2 1 0 0 3 1 2 7 7 5 10 11 19 19 111 783 40 28 24 30 183 744 42 15 4 8 0 2 1 0 0 1 1 2 1 0 

0 0 0 0 0 1 2 4 7 23 9 5 7 20 17 7 1 7 10 25 17 20 17 44 29 8 3 2 1 9 4 1 1 1 0 0 1 0 0 0 
1 1 0 0 0 1 1 3 4 9 2 3 3 7 11 4 8 7 8 5 18 19 22 22 21 9 7 7 4 1 3 2 0 2 1 0 3 0 0 0 
1 1 0 0 0 0 1 2 3 3 4 8 8 10 15 3 6 9 15 13 10 18 13 10 12 2 4 3 3 4 7 5 1 0 1 0 1 0 1 1 
2 2 0 0 0 0 0 4 6 5 4 6 2 4 8 9 6 6 12 14 7 34 35 6 12 5 5 6 7 2 3 1 3 0 0 1 0 0 0 0 
1 1 2 0 0 2 0 2 8 5 2 5 4 7 15 4 7 14 8 19 18 22 39 11 9 5 7 7 5 7 6 4 0 2 0 3 1 0 1 0 
0 0 0 0 2 1 1 1 3 2 3 4 12 4 8 6 10 9 11 8 14 19 25 15 15 8 10 1 7 6 7 2 0 0 0 2 0 2 1 0 
3 0 0 2 1 2 1 1 4 7 1 8 9 6 9 8 17 10 14 18 23 42 51 23 15 3 8 5 6 3 4 2 2 1 0 1 0 0 0 0 
2 0 3 0 4 2 3 3 3 13 7 9 8 3 17 5 4 13 20 10 26 61 45 21 14 12 11 7 5 6 5 0 2 1 3 1 2 1 0 0 
2 1 3 0 1 1 1 0 1 2 9 4 16 13 16 11 11 20 11 19 52 52 35 17 15 10 5 4 12 9 4 5 5 1 1 0 2 0 3 2 
0 1 0 0 0 1 1 2 3 0 3 5 11 11 27 17 13 10 18 13 36 71 71 11 20 10 7 10 10 5 4 0 3 2 1 0 1 0 3 1 
1 2 0 0 1 1 2 2 2 9 8 7 12 24 41 18 20 11 19 18 56 124 51 13 10 6 9 9 9 3 4 0 1 1 0 1 0 0 0 1 
1 1 0 0 1 3 2 3 0 3 6 13 20 35 57 27 12 19 15 22 73 150 47 12 12 7 11 8 2 3 5 8 1 1 0 2 0 1 1 1 
0 0 1 2 0 2 0 3 0 7 7 6 15 52 173 22 26 14 25 23 68 168 79 14 16 10 15 6 10 5 1 4 1 1 1 0 0 0 0 0 
2 0 0 0 1 1 3 1 4 3 7 8 21 34 88 10 19 13 10 15 70 213 38 18 9 9 14 8 2 2 4 2 1 2 1 0 0 1 1 0 
1 0 0 2 0 2 0 2 3 3 9 11 14 51 210 22 16 23 23 23 76 133 57 21 16 14 15 3 8 4 7 1 2 1 4 0 2 1 0 2 
1 0 0 2 0 1 1 1 0 5 9 19 16 54 443 28 19 15 19 28 56 160 73 15 24 17 15 7 11 4 4 3 1 0 1 0 1 0 1 0 
0 1 1 2 2 0 1 1 3 5 6 16 9 36 210 40 12 14 21 22 95 155 53 16 11 17 12 4 4 5 8 2 1 1 0 0 0 0 0 1 
0 0 0 0 1 1 0 1 3 6 5 8 20 43 152 41 20 25 15 32 64 68 45 27 15 15 19 9 6 6 2 3 4 0 1 0 2 0 2 0 
1 1 1 0 0 0 2 1 1 3 3 8 11 22 183 67 42 18 15 37 39 42 49 23 27 10 21 2 5 2 3 4 1 0 2 0 2 0 0 0 
0 2 0 1 2 3 2 2 1 1 6 5 14 18 79 87 23 15 47 46 54 53 37 13 20 26 11 8 3 2 0 0 0 1 0 0 1 0 1 1 
0 0 0 0 0 1 2 1 1 2 4 7 12 27 60 69 33 19 10 22 25 30 19 16 13 19 17 9 7 4 5 2 0 1 2 0 0 1 0 3 
0 2 0 1 0 1 1 5 0 1 2 6 9 19 25 60 31 22 18 35 35 41 32 13 19 25 38 9 12 3 10 1 2 2 0 1 2 0 0 0 
0 0 0 1 1 0 3 0 0 6 5 1 8 12 42 63 23 19 34 42 46 57 35 18 32 44 25 11 2 1 2 1 0 0 0 0 0 0 0 1 
1 0 0 1 1 0 2 0 0 2 1 1 10 10 8 19 15 23 53 70 53 43 34 30 67 79 34 16 11 5 7 3 1 4 2 2 4 1 0 2 

1 0 0 4 1 4 3 7 6 19 8 18 5 16 11 5 5 13 8 15 8 37 23 128 38 2 2 5 1 6 1 4 1 0 1 0 0 0 0 1 
3 0 0 0 0 2 2 2 3 9 8 4 6 4 8 5 5 4 4 9 15 16 63 72 34 10 8 5 3 2 0 1 3 2 1 0 1 0 0 0 
2 0 0 0 0 1 4 1 4 2 5 5 1 5 3 6 3 6 7 8 18 35 101 43 23 15 4 4 0 3 0 0 0 1 0 0 0 1 0 0 
1 0 0 4 0 2 0 2 1 5 10 12 7 7 12 3 2 7 15 15 15 49 82 31 28 8 12 4 4 2 2 3 3 0 0 0 0 0 0 0 
0 2 2 1 2 3 6 5 16 21 8 10 10 6 8 2 4 4 13 12 29 47 139 39 25 11 5 5 4 5 0 2 0 0 1 0 1 0 0 1 
0 0 0 0 1 0 1 5 5 12 5 5 8 8 9 10 6 6 8 18 22 85 173 44 16 7 14 6 4 2 3 3 3 3 0 3 2 0 0 0 
0 0 2 0 0 1 1 1 1 7 3 18 8 10 9 4 5 12 10 13 20 53 192 22 21 6 11 7 10 0 3 4 1 1 0 0 0 1 0 0 
2 1 0 1 2 1 5 2 8 14 9 12 8 12 6 4 8 13 16 20 51 85 176 33 16 10 6 4 6 3 2 1 0 3 0 0 0 0 1 0 
0 1 3 0 1 1 2 1 6 6 7 7 7 5 8 6 11 10 9 11 21 85 161 16 20 8 5 4 5 3 2 3 0 0 0 2 0 1 0 0 
1 1 0 0 0 4 0 3 4 7 5 8 11 3 15 6 12 12 10 14 21 84 354 27 20 7 6 8 8 2 1 0 1 0 1 0 0 1 0 0 
1 0 0 3 0 2 2 6 10 11 22 20 13 15 13 10 12 9 16 18 42 107 240 30 11 7 3 4 1 2 0 1 2 0 1 0 0 0 0 1 
0 1 0 0 0 1 3 2 3 4 6 11 9 8 16 12 6 10 13 11 21 92 206 29 16 7 10 2 6 2 3 2 1 1 1 1 1 4 0 0 
1 0 0 0 0 1 1 4 4 6 2 10 5 23 17 10 15 8 12 15 29 108 223 15 23 10 10 5 12 3 4 2 3 1 1 1 0 0 0 0 
0 0 1 0 2 3 2 6 8 7 14 8 15 20 19 14 11 9 23 25 48 129 133 33 11 11 4 9 4 1 2 1 1 0 1 0 0 0 0 1 
1 0 0 1 0 1 2 2 1 8 4 12 10 19 10 10 7 10 13 17 46 246 213 38 21 11 7 5 5 6 2 3 2 0 0 0 0 1 1 2 
1 0 1 1 1 2 1 2 0 7 4 7 10 31 32 13 17 12 19 28 29 162 143 35 17 15 17 3 9 2 4 0 3 3 2 0 1 1 0 0 
0 1 0 0 0 3 1 4 8 7 13 12 24 22 37 24 13 8 23 31 124 417 90 27 23 12 3 3 0 2 1 0 2 2 1 0 2 0 0 0 
2 1 0 0 0 0 1 2 1 2 6 7 11 11 28 15 11 12 13 21 53 216 57 26 16 14 13 7 2 4 1 1 2 0 1 0 1 2 2 0 
0 1 0 0 1 1 0 0 3 2 0 9 6 22 39 39 25 12 13 27 45 244 95 19 19 22 7 7 8 3 5 3 3 1 2 0 1 0 0 0 
0 1 0 1 1 1 1 1 7 4 8 10 15 23 149 169 32 7 23 42 176 337 72 26 12 22 6 4 8 4 0 2 2 1 0 1 0 0 0 1 
1 1 0 0 1 1 1 1 1 1 8 6 7 9 26 60 33 15 19 26 193 252 75 33 25 15 14 10 2 4 2 1 0 1 0 1 0 1 0 3 
0 0 0 0 0 0 1 0 1 2 5 2 6 11 24 191 35 14 18 33 72 102 89 24 24 19 17 7 16 2 5 0 3 1 2 1 3 0 0 1 
0 0 0 1 0 0 0 0 1 5 7 6 18 22 67 317 55 26 32 52 157 188 63 28 15 20 7 7 6 4 2 0 0 0 0 2 1 1 0 1 
1 1 1 3 0 0 1 2 0 4 4 6 17 22 63 479 57 19 45 67 201 164 71 33 42 42 23 7 12 6 2 5 1 2 0 3 0 1 2 0 

0 0 0 4 0 2 1 9 9 29 17 29 8 6 13 4 3 8 5 18 6 62 106 433 72 14 3 3 1 4 1 0 0 0 0 1 0 0 0 0 
1 1 0 0 0 1 1 2 2 11 13 7 18 11 6 10 3 4 7 8 16 22 274 84 48 16 8 4 5 5 2 1 2 0 0 1 0 0 1 0 
0 1 0 0 0 1 3 0 4 10 11 7 7 1 1 3 3 4 5 7 8 20 156 39 34 13 13 5 3 2 2 1 5 2 1 1 1 3 0 1 
3 0 1 3 0 1 1 3 6 19 29 10 11 11 11 3 7 6 6 9 16 43 415 23 32 5 8 4 9 1 1 2 0 0 0 0 1 0 0 0 
1 0 0 0 2 3 6 3 9 20 9 11 5 3 11 8 1 7 3 4 13 36 226 40 16 11 10 15 2 4 4 4 1 1 0 1 0 2 0 0 
0 0 1 0 0 1 0 0 5 6 6 7 3 12 8 2 7 8 12 7 27 39 156 30 24 17 10 8 4 6 3 7 3 2 1 2 1 0 2 0 
0 1 0 1 2 2 1 4 4 10 7 12 13 2 6 4 8 4 7 15 14 40 263 24 22 9 8 6 8 2 3 2 2 1 3 0 0 0 1 0 
0 0 3 0 5 1 3 3 3 8 9 14 12 11 4 5 3 12 13 10 23 54 102 23 21 7 5 8 5 4 0 1 1 0 0 0 0 0 3 0 
0 1 1 1 1 0 2 2 6 10 8 4 9 7 9 7 9 7 10 6 19 42 52 19 15 9 5 7 3 2 2 2 4 1 1 1 1 0 0 0 
2 0 1 2 0 1 1 3 4 10 15 10 13 6 7 1 9 6 7 10 14 56 94 18 20 7 10 2 6 2 4 0 3 0 2 1 1 0 0 0 
0 0 0 1 1 1 2 3 8 13 16 14 19 8 7 6 5 9 12 13 22 72 88 21 8 4 6 5 1 3 1 2 1 0 0 0 0 0 1 0 
0 0 0 0 2 2 2 3 4 3 6 8 8 10 10 5 10 5 8 9 12 45 59 26 15 11 10 6 10 4 1 3 1 1 2 0 0 0 2 0 
4 1 1 2 0 0 0 3 0 6 1 12 17 6 11 6 10 5 5 12 10 43 124 17 16 8 7 2 2 2 0 3 3 2 2 0 1 1 0 0 
1 0 1 0 0 1 3 4 5 7 9 17 13 8 5 7 9 8 8 16 29 91 105 21 17 14 5 5 3 0 2 2 2 0 0 0 0 0 0 2 
1 1 0 1 1 1 1 2 1 3 5 10 10 9 17 7 6 13 13 23 22 207 155 37 19 11 11 13 4 9 2 1 2 0 1 1 0 0 0 0 
1 4 0 0 0 2 2 2 5 6 7 14 13 13 17 9 8 20 6 28 22 175 182 22 20 8 11 1 8 2 3 3 2 0 2 1 0 2 0 1 
1 0 0 1 1 0 2 4 3 10 8 12 16 10 7 7 4 6 19 26 62 214 87 16 12 9 3 2 1 2 2 4 0 0 0 0 1 1 1 1 
0 1 0 0 0 1 0 2 3 1 3 2 4 10 6 6 6 12 9 21 34 144 65 23 15 11 11 5 4 0 2 4 1 1 1 1 1 1 2 0 
0 0 0 0 2 1 1 3 2 3 6 12 6 9 9 15 13 12 18 24 37 267 137 24 25 13 10 5 9 3 5 1 1 2 0 0 0 0 0 0 
1 0 1 0 0 1 2 1 3 2 2 11 8 12 22 36 14 11 18 31 90 378 82 23 22 11 6 1 2 2 0 2 0 0 0 0 1 0 1 0 
0 1 1 0 0 0 0 5 0 1 3 8 4 5 17 13 18 19 23 27 123 326 76 29 24 17 12 6 4 4 3 3 2 2 1 2 0 0 1 0 
0 2 0 1 2 0 1 0 4 4 2 8 6 9 5 14 24 13 19 38 103 448 106 21 31 10 20 8 7 7 6 3 1 0 0 0 1 0 2 0 
1 0 0 0 2 1 0 1 2 1 5 6 19 25 40 37 27 22 36 48 275 499 92 27 21 8 9 6 3 3 0 1 2 1 0 0 0 0 1 0 
0 2 0 2 0 0 2 2 5 6 6 3 12 28 36 73 39 44 59 87 580 653 99 49 28 25 15 7 1 5 1 0 2 3 1 3 0 1 0 0 

2 0 0 4 0 7 3 11 13 52 27 32 13 8 5 7 4 7 1 10 8 65 101 82 40 8 2 2 2 2 1 1 0 0 0 0 0 0 0 0 
2 2 0 4 1 1 2 9 18 38 50 26 26 25 11 7 6 7 7 5 20 58 286 61 31 10 10 1 6 1 4 0 1 1 1 0 0 0 2 0 
0 1 0 3 1 7 17 16 29 63 97 72 27 9 6 11 0 3 7 10 15 84 278 63 18 14 9 6 4 3 4 0 3 2 0 1 0 0 0 0 
2 0 0 7 0 3 2 8 7 30 38 33 23 9 10 7 2 6 7 6 6 50 162 34 28 8 10 8 2 1 3 1 0 1 0 0 0 0 0 0 
2 1 3 5 4 3 16 9 16 50 46 27 18 11 7 6 3 2 12 10 28 71 248 43 22 6 9 4 3 0 2 0 1 1 0 1 2 1 0 0 
1 1 1 3 2 2 6 10 22 53 79 30 21 14 11 4 8 9 9 14 31 130 304 33 20 14 8 1 1 2 1 1 1 1 2 2 1 0 1 0 
0 1 0 1 1 5 1 5 5 22 35 31 28 7 12 6 5 6 9 18 22 100 224 28 13 10 5 5 8 0 3 0 0 0 1 0 0 0 0 0 
2 1 3 2 4 5 11 9 16 31 43 35 23 9 8 8 6 6 11 17 40 201 192 31 19 7 7 5 3 3 0 1 0 0 0 1 0 0 0 0 
1 0 2 2 2 4 5 1 12 36 53 53 29 16 8 9 7 9 9 9 26 232 100 19 10 8 4 3 5 5 3 1 2 1 1 0 2 1 0 1 
1 1 1 5 0 4 1 4 5 10 27 29 37 19 9 7 9 12 5 11 14 150 106 21 15 6 9 6 15 2 2 2 0 0 1 0 0 0 0 0 
0 0 1 1 4 6 4 10 13 20 44 54 28 9 8 12 4 5 14 16 53 300 63 11 5 4 4 3 3 2 3 0 1 2 0 0 1 0 0 2 
0 1 1 1 1 3 3 3 12 15 41 50 37 18 10 5 6 8 14 10 32 159 55 17 7 9 5 5 2 1 2 3 0 0 0 1 0 0 0 1 
0 0 0 1 2 2 0 4 2 19 14 38 33 15 11 4 5 12 7 10 25 176 50 17 12 7 10 5 4 2 3 1 3 1 0 0 1 0 0 1 
2 0 2 0 1 2 0 4 10 13 35 42 38 14 10 6 6 6 10 9 66 161 43 18 5 10 4 4 2 1 0 0 0 1 3 1 0 0 0 1 
1 0 1 0 0 1 3 4 9 15 23 55 35 21 10 6 5 11 11 21 41 255 40 19 6 7 3 6 8 2 1 1 0 0 0 0 0 1 0 0 
1 0 2 0 0 2 3 7 8 17 8 37 34 22 15 8 13 14 12 20 39 183 98 11 27 3 13 5 6 1 3 2 2 0 2 0 0 1 0 0 
1 1 0 1 1 2 3 4 5 13 13 31 27 17 11 10 8 9 10 17 67 160 53 16 6 7 2 2 1 2 1 2 0 0 0 0 0 0 0 0 
0 1 1 1 1 0 2 3 7 9 16 37 23 16 15 9 8 12 11 19 88 320 44 26 18 10 4 1 1 0 1 1 0 0 0 1 0 1 1 1 
2 0 1 1 0 0 0 1 3 10 6 21 29 10 18 9 11 9 11 27 41 184 103 25 19 12 12 3 4 1 5 0 0 1 1 0 1 1 0 0 
0 0 0 3 1 0 1 1 3 9 3 12 21 9 15 11 7 8 15 27 75 297 55 16 9 4 3 3 4 1 2 2 0 0 0 1 0 0 0 2 
0 3 0 1 1 1 4 4 2 4 4 11 8 9 13 10 13 8 14 32 65 305 52 16 14 6 5 6 5 1 2 1 4 1 2 0 1 0 0 0 
1 0 1 0 1 1 1 1 2 2 1 6 13 9 15 20 17 12 21 25 52 288 111 17 18 6 11 3 8 0 7 1 2 0 0 0 1 0 0 0 
0 0 2 0 1 1 2 0 1 2 9 7 32 30 28 20 13 13 23 22 120 196 72 8 8 8 4 1 2 0 2 0 1 0 0 1 0 0 0 0 
0 0 1 0 2 2 2 2 3 4 5 7 20 27 27 28 25 30 34 51 177 494 63 32 12 12 11 7 8 7 2 1 0 1 0 2 0 1 0 1 

1 0 0 0 1 4 1 5 9 97 66 25 14 9 10 6 2 6 3 8 11 69 284 55 23 5 3 3 1 5 2 1 0 0 0 1 0 0 0 0 
1 2 3 1 1 4 2 6 31 75 211 72 73 26 16 5 3 9 4 3 12 20 363 37 23 11 11 5 1 3 4 2 1 0 0 0 0 1 2 0 
2 5 1 3 3 12 9 16 23 121 237 94 43 17 8 5 5 9 8 12 12 38 171 38 20 10 7 5 8 0 2 3 2 1 1 0 0 0 0 0 
2 1 3 1 2 6 3 14 10 69 268 35 35 13 5 2 3 6 4 8 8 24 139 12 22 11 4 7 4 4 2 0 1 0 1 0 1 0 0 0 
1 0 2 1 3 1 5 3 17 38 247 32 25 9 13 6 4 6 5 10 16 30 176 27 10 9 11 5 8 3 1 1 3 2 0 1 0 0 0 2 
4 1 2 2 2 6 11 18 31 81 214 50 32 17 8 7 2 7 12 15 10 44 159 31 26 15 9 6 3 4 1 2 3 1 2 2 1 1 0 1 
4 1 0 3 2 2 0 10 14 45 276 38 39 8 11 6 2 5 1 15 22 51 222 14 31 6 10 2 5 2 2 2 0 0 0 2 2 0 0 0 
1 1 3 1 2 2 4 4 8 27 372 63 25 10 6 6 5 3 5 8 17 68 73 14 11 8 3 3 2 0 2 0 1 0 0 0 0 0 0 1 
3 0 2 5 3 6 5 8 13 44 175 76 27 18 10 6 7 9 8 9 23 51 53 26 11 12 9 2 6 8 6 2 1 0 1 0 1 0 1 2 
1 0 0 0 0 3 5 10 8 36 321 95 38 7 15 7 11 2 3 9 18 43 61 19 12 3 13 3 8 1 1 4 0 0 1 0 0 0 0 1 
0 0 0 0 1 2 3 4 11 12 80 214 28 10 7 4 2 6 1 5 23 63 39 10 5 8 3 3 0 0 1 0 1 0 0 1 0 0 1 0 
3 2 0 1 3 6 4 8 12 26 43 163 47 17 9 11 13 8 10 10 18 42 35 12 13 10 7 6 3 2 2 2 1 1 0 0 1 0 0 0 
1 1 1 2 0 2 2 6 3 24 18 340 70 9 14 8 7 7 4 9 12 43 36 16 13 9 7 5 10 3 2 0 3 0 0 1 1 0 0 0 
1 0 0 0 1 1 3 1 4 9 28 218 58 12 7 3 5 9 7 15 24 65 24 12 4 3 4 6 3 2 0 1 1 0 0 0 0 1 1 1 
1 0 2 0 3 3 2 9 15 25 39 142 87 28 15 11 9 12 8 18 27 61 38 15 13 5 6 5 4 2 1 0 0 0 0 0 1 0 0 0 
1 1 1 0 0 3 2 4 6 22 22 121 116 10 19 9 8 7 8 15 21 68 34 15 12 7 6 5 5 1 0 2 4 1 0 0 1 0 0 0 
1 1 0 0 2 2 3 2 1 3 16 81 104 10 12 8 8 7 9 12 36 61 29 12 9 2 3 3 1 0 0 1 2 1 0 0 0 0 0 0 
1 2 1 2 1 2 0 5 7 13 15 48 62 28 16 11 5 12 6 17 24 55 29 12 9 4 5 7 7 0 2 3 3 0 0 0 1 1 1 1 
2 2 0 0 2 2 2 3 1 7 6 46 60 20 13 9 7 8 10 15 19 49 41 18 14 8 11 3 5 4 1 1 1 1 1 1 0 0 0 0 
1 2 1 0 0 0 0 1 5 7 9 18 31 17 9 7 6 6 11 22 43 82 28 9 7 6 5 4 0 4 0 1 0 1 0 0 0 0 1 1 
0 0 0 0 0 1 1 0 0 4 6 7 15 11 14 9 13 12 11 19 28 45 43 10 13 7 8 5 4 4 0 2 1 0 0 1 0 1 0 0 
0 0 0 1 2 1 3 4 1 0 6 12 12 23 28 17 16 11 7 21 31 63 55 9 19 6 6 4 2 5 3 1 5 1 1 0 0 1 1 0 
1 0 0 1 0 0 2 2 0 1 7 10 46 50 25 14 9 9 13 15 52 76 28 10 5 6 6 2 3 1 0 0 1 0 0 0 0 0 1 0 
0 1 0 0 0 0 0 3 0 5 8 7 22 30 21 9 15 20 19 33 61 98 44 27 15 8 8 3 1 2 2 2 1 2 0 0 0 1 0 0 

0 0 0 1 0 2 2 4 3 178 78 1 1 1 3 0 3 5 1 7 7 27 22 21 10 6 1 0 1 0 0 1 0 0 0 0 0 0 0 0 
3 0 0 0 0 1 2 3 6 156 57 5 3 1 0 1 1 1 4 6 9 12 12 7 13 2 3 0 2 1 1 0 2 0 0 0 1 0 0 0 
0 1 1 0 2 1 1 3 9 38 356 10 7 2 4 4 1 5 1 6 5 11 13 8 4 4 3 6 3 1 1 1 0 1 1 0 0 0 0 0 
2 0 0 0 0 2 1 1 2 44 171 13 17 1 3 1 1 5 7 4 4 18 22 7 12 4 3 2 0 1 3 1 1 0 0 0 0 0 0 0 
0 1 0 0 0 1 5 7 17 37 56 13 2 0 2 3 2 4 1 3 6 17 17 12 8 4 1 3 0 2 2 0 1 0 0 0 1 0 0 0 
1 1 1 0 1 1 1 5 11 10 20 8 3 5 4 2 2 1 3 2 4 9 18 6 3 2 1 2 2 3 1 0 0 0 0 1 0 0 0 0 
1 0 1 1 0 3 0 7 3 20 36 23 26 5 6 1 4 1 0 7 6 5 35 10 16 3 5 2 5 0 1 1 0 1 1 0 0 1 0 0 
0 0 0 1 0 2 9 5 8 16 40 27 13 5 4 4 5 4 6 9 12 21 20 11 3 3 2 1 1 0 0 0 0 1 1 0 0 0 0 1 
0 0 0 1 0 1 1 2 4 13 24 13 6 6 5 4 1 7 4 10 7 18 17 6 7 4 6 2 3 0 0 1 2 0 1 0 0 0 0 0 
0 0 1 0 2 1 1 2 2 19 46 44 22 6 6 7 2 7 6 7 12 20 25 14 8 3 5 4 1 1 0 0 1 0 0 0 0 0 0 0 
0 0 0 1 0 0 2 2 6 8 36 57 14 7 3 2 4 2 9 7 7 22 11 7 9 1 2 5 1 2 0 0 1 0 0 0 0 0 0 0 
0 0 1 1 0 2 2 0 2 7 19 27 12 4 4 3 7 4 2 6 11 11 15 8 5 5 2 2 1 1 1 0 0 0 0 0 0 0 0 0 
0 0 0 0 0 1 1 2 0 5 20 55 40 5 8 6 8 7 6 4 8 20 19 6 9 4 3 3 5 2 1 1 2 0 0 0 0 0 0 0 
1 0 1 1 1 0 0 2 0 2 17 40 31 9 2 5 5 1 5 7 6 17 11 5 2 5 3 3 2 0 0 0 0 1 0 1 0 0 0 0 
0 0 0 1 2 1 1 3 6 6 17 50 38 15 6 2 4 0 3 6 5 14 14 6 5 3 3 4 1 3 0 2 1 3 0 0 0 0 1 0 
0 0 1 0 2 3 0 2 5 16 13 103 104 14 9 5 8 6 5 7 13 15 33 13 7 4 8 4 6 0 4 1 1 0 0 0 0 0 0 0 
1 1 1 1 1 1 0 0 3 7 19 146 305 8 9 5 4 7 9 6 8 21 9 5 6 3 4 3 0 0 1 0 0 0 0 0 0 0 0 0 
2 1 0 3 0 1 1 3 0 4 15 32 75 9 9 7 6 4 5 10 6 16 15 7 11 5 3 0 4 2 1 0 0 0 0 1 0 0 0 0 
0 0 1 0 0 2 0 2 1 7 6 56 493 18 14 6 6 4 7 11 13 16 31 14 14 4 7 1 10 2 2 1 0 1 0 0 1 0 0 0 
1 1 0 2 0 0 1 0 2 2 15 36 235 24 8 5 3 5 8 11 7 12 12 8 2 5 2 0 2 2 1 0 0 0 0 0 0 1 1 0 
1 1 0 0 2 0 2 3 2 0 5 17 314 53 11 6 9 5 6 14 13 12 20 9 8 2 4 4 1 1 3 0 0 0 0 0 0 0 0 1 
3 0 1 1 0 0 2 0 1 2 2 21 165 86 25 10 17 10 9 15 20 19 33 13 8 6 11 2 2 0 1 1 1 0 0 0 0 0 0 1 
1 1 0 0 1 1 0 1 4 3 7 24 153 404 40 15 13 7 5 7 25 25 12 2 9 3 2 3 2 1 1 1 1 1 0 0 0 0 0 0 
0 1 1 1 0 2 1 3 0 4 9 18 75 566 39 10 15 16 27 31 37 40 40 21 16 6 6 6 3 2 2 1 0 1 0 0 0 1 0 0 

0 0 0 0 0 0 0 1 2 22 15 3 1 3 1 0 2 0 0 2 3 18 11 15 4 1 2 2 2 0 0 1 0 0 0 0 0 0 0 0 
3 1 2 0 0 0 0 0 1 8 15 3 4 4 4 2 4 4 2 1 2 2 5 2 5 3 1 1 1 1 1 0 0 1 1 0 0 0 0 0 
2 0 2 1 2 1 3 1 8 6 18 9 6 4 8 1 1 2 1 5 4 5 10 6 2 2 2 2 3 0 0 1 0 1 2 1 0 0 0 1 
0 0 1 0 2 0 1 4 5 11 23 10 8 0 5 2 2 1 0 1 2 3 12 5 6 3 3 1 2 1 2 0 0 0 1 0 0 0 0 0 
0 1 0 0 0 1 3 2 4 5 6 4 2 3 3 2 2 3 4 4 6 16 5 11 4 3 5 0 1 0 0 0 1 0 0 0 0 0 0 0 
2 2 1 0 0 1 3 3 3 7 8 6 0 2 5 0 1 1 3 5 9 8 10 4 7 5 3 5 2 2 1 0 0 0 0 1 0 0 0 0 
0 0 1 0 1 1 2 3 3 3 7 11 9 2 3 3 2 5 2 1 2 4 8 7 5 1 6 1 4 1 1 0 0 0 0 0 1 0 0 0 
1 0 0 0 1 1 1 3 1 14 4 2 7 5 3 4 4 2 4 7 6 13 11 9 4 2 4 0 1 1 3 1 1 0 0 0 1 0 0 0 
0 1 1 2 2 2 3 1 2 9 5 7 7 3 1 6 3 2 3 3 7 10 9 6 2 5 1 3 0 1 0 0 1 1 1 0 0 0 0 0 
0 0 0 2 0 2 2 0 5 2 5 8 5 4 3 0 0 2 2 3 5 6 9 6 3 3 2 0 2 2 2 0 0 0 0 1 0 0 0 1 
0 1 0 0 0 0 3 3 5 1 8 10 5 3 4 6 2 0 3 4 9 14 11 2 4 1 2 0 2 0 1 0 0 1 0 0 0 0 0 0 
0 0 0 0 0 1 1 2 2 3 9 11 8 7 7 4 7 6 1 5 6 7 10 10 2 1 4 1 2 1 0 0 2 0 0 0 0 0 1 0 
1 0 0 0 1 1 0 0 1 5 7 9 12 5 9 2 4 3 3 2 9 5 5 3 5 3 0 0 0 1 2 0 1 0 1 1 0 0 1 0 
0 1 0 0 0 0 0 3 4 8 8 10 6 6 6 2 5 3 5 4 11 12 7 2 2 2 1 2 2 0 1 0 0 0 0 0 0 0 0 0 
1 0 0 1 0 0 1 4 3 6 7 12 9 9 6 2 7 7 4 4 3 6 8 4 3 5 3 0 1 1 0 2 1 0 2 0 0 0 0 0 
1 0 0 0 2 1 1 1 1 4 4 8 19 10 9 1 6 4 1 2 1 7 11 6 4 2 3 0 3 1 1 0 1 0 0 0 0 0 0 0 
0 1 1 2 1 3 0 1 2 8 8 23 16 10 9 1 4 2 3 6 10 10 6 2 2 1 2 1 0 0 0 0 2 0 0 0 0 0 0 0 
0 0 1 3 2 1 2 6 5 3 11 18 22 10 4 5 4 6 5 9 2 4 9 4 7 4 4 3 0 1 1 0 1 0 0 0 1 0 0 0 
0 0 2 0 0 4 0 3 2 1 6 21 18 14 13 5 4 3 9 6 7 11 16 8 13 2 3 1 1 3 0 0 0 0 0 0 1 0 0 0 
0 1 0 1 1 0 2 2 2 6 6 16 22 14 13 5 8 5 7 7 12 19 5 3 4 2 2 1 0 1 1 0 1 0 0 0 0 0 0 0 
0 1 1 2 0 1 0 1 3 2 7 12 18 17 11 10 9 8 3 15 6 3 11 6 5 6 1 4 4 2 1 1 0 1 1 0 0 0 0 0 
0 0 0 1 0 1 0 4 3 4 3 14 22 28 23 13 10 6 4 7 11 8 11 7 9 3 5 2 0 2 0 0 2 0 1 0 0 0 1 0 
0 1 0 0 2 0 0 0 0 7 9 15 55 67 22 11 6 8 12 9 20 17 9 8 5 2 2 0 1 1 1 0 0 0 0 0 0 0 0 0 
1 0 0 2 1 4 1 0 7 7 14 24 45 57 35 18 21 7 11 11 12 15 17 5 3 3 3 4 3 2 0 2 0 0 1 0 1 0 0 0 

0 0 0 0 0 1 0 2 1 13 8 3 1 0 0 1 0 2 1 4 1 15 9 8 1 3 1 2 1 0 0 0 0 0 0 0 0 1 0 0 
0 0 0 0 0 0 0 1 0 1 4 3 2 1 0 0 1 0 0 1 1 3 5 2 1 2 3 0 1 1 1 0 0 0 0 0 1 0 0 0 
0 0 0 1 0 1 1 1 0 1 1 1 1 1 3 1 1 0 0 2 2 1 4 2 1 0 0 2 0 4 1 1 1 0 0 0 0 0 0 0 
0 0 0 0 0 0 0 3 3 3 4 2 4 4 4 0 1 0 0 2 0 2 5 2 4 0 1 0 0 0 0 0 0 0 1 0 0 0 0 0 
0 1 0 0 1 0 1 0 5 6 1 2 3 1 1 0 0 1 0 0 2 5 6 0 4 1 2 0 0 1 1 0 0 0 0 0 0 0 0 0 
0 0 1 0 1 1 0 3 0 1 2 2 3 1 0 1 0 1 2 1 1 2 4 3 0 1 1 1 2 0 0 0 0 0 0 0 0 0 0 0 
0 0 0 0 0 1 0 3 1 3 3 2 5 5 2 1 2 1 2 2 5 2 5 2 2 1 3 1 1 1 0 0 0 0 0 0 0 0 0 0 
0 1 0 1 3 0 1 1 4 2 2 7 4 1 1 0 3 2 2 4 1 4 2 3 1 2 1 1 0 1 0 0 0 0 0 0 0 0 0 0 
0 0 0 0 0 0 3 1 1 3 5 0 1 4 1 1 1 2 3 3 3 6 7 0 4 2 1 1 0 0 0 0 0 0 0 0 0 0 1 0 
1 0 0 0 1 0 0 1 2 10 4 5 5 3 6 4 2 3 2 4 8 5 8 2 2 1 1 0 0 0 0 0 0 0 0 0 0 1 0 0 
0 1 0 1 0 0 0 1 2 4 8 6 3 3 4 3 1 1 1 3 2 2 3 1 4 1 1 0 0 0 0 0 0 0 0 0 0 1 0 0 
0 0 1 2 0 0 1 1 0 2 6 2 1 3 0 2 1 2 2 2 3 6 4 1 5 2 3 1 0 1 0 0 1 0 0 0 0 0 0 0 
0 0 3 0 1 0 1 1 2 3 8 2 9 5 4 2 5 4 1 1 3 3 8 2 5 2 4 0 1 0 1 0 1 0 0 0 0 0 1 0 
1 1 1 0 0 1 0 1 1 4 3 6 7 3 5 3 2 3 1 1 2 6 7 4 5 1 1 2 1 0 0 0 0 0 0 0 0 0 0 0 
1 1 0 1 0 1 0 1 1 5 1 2 7 8 2 3 2 4 4 0 3 6 4 4 0 3 2 0 2 0 0 0 1 0 0 0 0 0 0 0 
1 1 0 0 0 1 0 0 3 3 4 3 5 8 3 3 7 3 2 4 5 3 7 3 5 1 2 1 2 0 1 0 0 1 0 1 0 0 0 1 
0 1 1 0 2 1 1 2 1 2 3 5 5 3 1 0 1 2 2 3 4 5 3 3 2 0 1 0 1 1 1 0 0 0 0 0 0 0 0 1 
0 2 1 0 1 0 2 2 4 2 3 8 9 2 4 2 5 2 1 3 3 7 8 3 3 1 2 0 2 1 0 0 0 0 0 0 0 0 0 0 
0 0 0 0 1 1 2 3 1 3 4 12 11 8 8 3 3 4 2 5 3 8 5 1 1 2 3 3 2 0 1 0 1 0 0 0 0 0 0 1 
0 0 0 0 0 1 1 1 1 1 1 7 4 7 5 2 1 0 2 5 4 15 4 0 5 0 0 1 2 0 0 1 0 0 2 0 0 0 0 0 
0 1 0 0 0 0 2 0 3 6 0 4 4 5 9 2 4 4 2 8 7 9 9 1 5 0 2 2 0 0 0 0 0 0 0 0 0 0 0 0 
1 1 0 0 2 0 0 1 3 6 2 10 10 6 11 5 2 7 10 8 10 13 3 3 6 1 5 1 2 0 0 1 0 0 0 0 0 0 0 0 
0 0 0 0 1 1 2 1 1 2 4 9 13 8 10 9 4 2 3 6 9 5 2 1 3 0 2 0 1 0 0 0 0 0 0 0 1 0 0 2 
0 0 0 1 0 0 1 2 5 4 9 14 29 38 21 11 15 14 9 12 10 19 24 14 8 2 1 2 1 2 0 0 1 1 0 0 0 0 0 0 

0 0 0 0 0 0 1 1 0 6 6 3 0 0 4 0 0 2 2 1 0 4 4 6 1 2 0 1 0 1 0 0 0 0 0 0 0 0 0 0 
0 0 0 0 1 0 0 0 1 2 0 0 0 1 1 1 0 0 0 0 0 0 1 1 3 2 2 1 0 0 0 1 0 0 0 1 0 1 0 0 
0 0 0 0 0 0 0 0 0 7 0 2 2 2 2 2 3 0 0 2 1 2 4 3 1 0 1 0 0 0 0 0 0 0 0 0 0 0 0 0 
1 2 0 0 0 0 0 0 0 1 0 1 0 0 1 2 2 0 2 0 2 3 2 0 3 0 1 1 0 0 1 0 1 0 0 0 0 0 0 0 
0 0 0 0 0 0 1 2 3 4 4 1 0 0 2 1 0 1 0 2 2 4 2 8 2 1 2 1 0 0 0 2 0 0 0 0 0 0 0 0 
1 0 0 0 0 1 0 3 3 5 0 3 0 2 0 2 0 0 0 2 1 5 4 4 2 3 1 2 2 0 0 1 1 0 0 1 0 0 0 0 
0 0 0 0 0 0 0 0 2 3 3 2 1 3 0 0 2 1 0 1 1 1 4 1 2 2 3 0 1 0 0 0 0 0 1 0 0 0 0 0 
1 0 0 0 0 1 1 1 1 2 4 2 1 0 0 1 3 3 0 2 3 7 2 2 1 0 4 1 2 0 1 1 0 0 0 0 0 0 0 0 
0 0 0 0 0 0 0 1 2 2 1 2 2 1 2 2 0 0 1 2 4 3 3 2 0 2 2 1 1 0 0 0 1 0 0 0 0 0 0 0 
1 0 0 0 1 2 0 1 0 2 0 6 3 1 3 2 2 2 1 0 2 5 1 1 2 1 1 0 2 1 1 0 0 0 0 0 0 0 0 0 
1 0 0 0 0 0 0 1 1 1 0 6 3 1 2 1 3 0 3 1 1 2 3 1 0 0 1 1 0 1 0 1 0 0 0 0 0 0 0 0 
0 0 0 1 0 0 0 0 0 1 0 3 2 1 3 0 0 1 2 1 1 4 1 2 0 3 5 2 0 2 1 0 0 0 0 1 0 0 0 0 
0 0 0 1 0 0 0 1 0 2 2 0 3 3 2 2 4 3 2 0 2 2 2 3 2 0 0 0 2 1 0 0 0 0 0 0 0 0 0 1 
0 0 0 1 0 0 2 0 0 1 5 2 2 2 2 2 3 3 0 2 2 5 0 3 0 3 0 1 0 0 1 0 0 0 0 0 0 0 0 0 
0 0 0 0 0 1 0 0 1 1 3 0 5 4 1 1 1 2 2 2 1 3 1 1 4 0 4 1 1 0 0 0 0 0 0 0 0 0 0 0 
0 0 0 1 0 1 1 3 0 3 1 1 3 3 1 1 4 1 2 0 2 0 8 1 3 1 2 2 3 1 0 0 0 0 0 0 0 0 0 0 
0 0 0 1 1 0 0 1 2 4 7 6 9 1 1 1 3 3 5 2 4 6 6 4 2 1 0 0 0 0 1 0 0 0 0 0 0 0 0 0 
0 0 0 0 0 0 1 0 0 1 4 9 1 4 1 1 1 2 3 2 5 4 4 3 3 0 2 1 1 2 1 1 0 0 0 0 0 0 0 0 
1 0 0 1 0 1 0 0 0 2 1 6 1 5 7 4 4 3 4 4 2 3 3 2 2 0 2 1 0 0 0 2 0 0 0 0 0 0 0 0 
0 0 1 1 1 2 0 0 2 1 2 2 6 4 2 4 4 1 5 5 6 14 6 3 0 0 1 0 2 0 2 0 0 0 1 0 0 0 0 0 
0 0 0 0 0 1 0 0 0 2 2 0 3 0 0 2 0 5 0 2 1 1 4 1 0 1 0 1 2 0 0 0 0 0 0 0 0 0 0 0 
0 1 0 0 0 1 1 0 0 4 3 4 3 3 6 0 3 1 0 1 6 6 3 4 0 2 0 0 2 0 0 0 0 0 0 0 0 0 0 0 
0 0 0 0 0 2 1 1 3 4 5 6 16 14 10 4 2 6 1 4 5 10 7 3 1 2 2 2 0 0 1 0 0 0 0 0 0 0 0 0 
0 0 0 1 0 1 0 0 2 2 2 6 6 8 3 2 1 5 3 6 3 6 5 2 2 2 1 1 0 1 0 0 0 0 0 0 0 0 0 0 

1 0 0 1 1 0 0 1 1 2 1 1 0 1 0 0 0 1 0 1 2 4 4 1 6 1 0 0 0 0 0 0 0 0 0 0 0 0 0 0 
0 0 1 0 0 1 1 0 1 0 0 1 1 1 0 1 0 1 1 0 1 1 0 1 4 0 0 1 0 0 1 0 0 0 0 0 0 0 0 0 
0 1 0 0 0 0 0 0 0 0 0 1 0 0 1 0 0 0 0 2 1 1 2 0 1 0 1 0 1 0 0 0 0 0 0 0 0 0 0 0 
0 0 0 1 1 0 0 1 0 0 1 2 2 0 0 0 0 0 0 0 0 0 2 1 2 0 0 0 0 0 0 0 0 0 1 0 0 0 0 0 
0 0 0 0 0 0 0 0 1 1 2 1 0 1 0 0 0 1 1 0 2 0 1 0 3 0 0 0 0 0 0 0 0 0 0 0 0 0 0 0 
0 0 0 0 0 0 0 1 0 1 0 1 0 1 1 0 1 0 1 0 1 0 3 0 0 0 0 1 0 0 0 0 0 0 0 0 0 0 0 0 
0 0 0 0 0 0 0 1 0 2 0 0 1 0 0 0 1 0 0 1 3 2 0 0 1 0 0 0 0 0 0 0 0 0 0 0 0 0 0 0 
1 0 0 0 0 0 0 0 0 2 1 0 0 1 2 0 1 2 0 0 2 3 5 0 1 1 1 1 2 0 0 0 0 0 0 1 0 0 0 0 
0 0 0 0 0 0 0 1 1 2 0 0 1 0 1 1 0 1 2 1 0 2 9 3 2 0 1 0 0 0 1 0 0 1 0 0 0 0 0 0 
1 0 0 0 0 1 0 2 1 3 1 1 3 1 2 1 1 0 0 0 3 2 2 0 2 1 1 0 0 0 1 0 0 0 0 0 1 0 0 0 
0 0 0 0 0 0 1 2 0 3 0 0 2 0 1 1 0 0 0 0 1 8 1 1 4 0 0 0 1 0 0 1 0 0 0 0 0 0 0 0 
0 0 0 0 0 0 1 0 0 1 3 4 3 5 2 2 1 1 2 1 1 1 0 2 2 0 4 2 0 0 0 0 0 0 0 0 0 0 0 0 
0 1 0 0 1 1 0 0 1 3 3 2 1 1 1 0 0 1 1 2 4 3 4 0 2 1 0 1 0 0 0 0 0 0 0 0 0 0 0 0 
0 0 0 0 0 0 0 1 1 2 2 2 1 0 0 0 0 1 1 0 0 2 2 3 0 0 0 3 0 0 0 0 0 0 0 0 0 0 0 0 
0 0 0 0 0 0 1 0 0 0 0 3 5 3 1 0 0 1 0 0 1 1 1 0 1 0 0 0 0 0 0 0 0 0 0 0 0 0 0 0 
1 0 1 0 0 0 0 0 0 2 3 2 4 0 2 2 3 0 1 1 4 4 2 1 1 1 0 1 3 0 0 0 0 0 0 0 0 0 0 1 
0 0 0 0 0 0 0 0 1 0 1 1 3 1 2 3 0 2 0 2 2 5 2 1 2 2 0 1 1 0 0 1 0 0 0 0 0 0 0 0 
1 0 0 0 0 1 0 1 0 3 3 3 0 1 1 1 2 1 1 1 0 2 0 0 1 0 0 1 0 0 0 0 0 0 0 0 0 0 0 0 
0 1 0 0 1 0 0 2 1 4 1 3 5 1 1 4 0 0 2 2 2 3 3 0 2 0 2 0 3 0 0 0 0 0 1 0 0 0 0 0 
0 0 0 0 0 0 0 0 0 2 1 2 4 1 0 0 0 1 1 2 0 5 1 2 3 0 1 1 0 1 0 0 0 0 0 0 0 0 0 0 
0 0 0 0 0 0 0 0 1 1 2 2 2 1 3 2 0 1 2 3 5 1 2 2 1 1 0 0 0 0 0 1 0 0 0 0 0 0 0 0 
0 0 1 0 0 1 0 1 2 2 0 1 3 2 2 4 1 1 7 2 1 1 4 0 1 1 4 1 1 0 0 0 0 0 0 0 0 0 0 0 
1 0 0 0 1 0 1 0 0 0 2 3 4 3 2 2 1 1 3 7 2 1 2 1 2 1 1 1 1 1 0 0 0 1 0 0 0 0 0 0 
0 0 1 0 1 0 0 1 1 2 2 10 13 7 4 7 4 4 9 8 3 3 9 2 2 2 2 0 0 1 0 0 0 1 0 1 0 0 0 0 

0 0 0 0 0 0 0 0 0 2 2 2 0 2 2 0 0 1 0 2 0 3 2 2 2 1 0 1 0 0 0 0 0 0 0 0 0 0 0 0 
0 0 0 0 0 0 0 0 0 1 1 0 0 0 0 0 0 1 1 0 0 0 2 0 1 0 1 0 1 0 0 1 0 1 0 0 0 0 0 0 
0 0 1 0 1 1 0 0 0 0 0 0 1 1 1 1 0 0 0 0 3 0 0 1 1 1 1 0 1 1 0 0 0 0 0 0 0 0 0 0 
1 0 0 0 0 0 0 1 0 1 0 0 0 0 1 0 0 0 0 0 0 2 2 0 0 0 0 1 0 0 0 1 1 0 0 0 0 0 0 0 
0 0 0 0 1 0 0 0 0 0 0 0 1 0 0 0 1 2 1 0 1 0 1 1 0 0 0 0 0 0 0 0 1 0 0 0 0 0 0 0 
0 0 0 0 0 0 0 1 1 0 0 2 1 0 0 0 0 0 0 3 0 0 1 3 0 0 3 0 1 0 0 0 0 1 0 0 0 0 0 0 
0 0 0 0 0 0 0 0 0 1 0 2 1 1 0 0 0 0 0 1 2 0 5 1 0 0 0 2 0 1 0 0 0 1 1 0 0 0 0 0 
1 0 0 0 0 0 0 1 1 3 0 1 0 1 1 1 0 2 1 0 0 3 1 3 2 1 0 1 1 1 0 1 0 0 0 0 0 0 0 0 
0 0 0 0 0 0 0 0 2 1 1 0 0 0 0 1 0 0 0 1 0 2 2 3 1 0 1 0 0 0 0 0 0 0 0 0 0 0 0 1 
0 0 0 0 0 0 0 0 0 0 0 1 1 0 0 0 0 2 0 0 0 0 5 0 1 1 2 1 0 0 0 0 1 0 0 0 0 0 0 0 
1 0 0 0 0 0 0 1 0 0 1 3 3 0 0 0 0 2 2 3 1 4 1 1 1 2 1 1 1 0 0 1 0 0 0 0 0 0 0 0 
1 0 0 0 0 1 1 2 0 2 1 0 0 0 0 0 1 1 0 1 0 1 0 0 1 0 1 0 0 0 1 1 0 0 0 0 0 0 0 1 
0 0 0 0 0 0 0 1 0 2 1 2 0 1 2 1 1 1 3 0 0 1 0 0 0 1 0 1 0 0 0 0 0 0 0 0 0 0 0 0 
0 0 0 1 0 1 0 1 1 3 2 4 1 1 2 2 2 1 0 0 0 5 1 2 1 1 0 1 0 0 0 0 0 0 0 0 0 0 0 0 
0 0 0 0 0 0 1 0 0 2 2 0 2 1 0 1 1 1 3 0 0 0 0 1 2 0 0 0 0 0 0 0 0 0 0 0 0 0 0 0 
0 0 0 1 0 1 0 0 0 0 2 1 1 3 1 0 1 1 0 2 2 3 6 0 1 1 2 0 0 0 0 0 1 0 1 0 0 0 0 0 
1 0 1 0 1 0 0 2 0 1 1 2 2 0 0 0 0 0 1 3 4 3 2 2 3 0 0 1 0 0 0 0 0 0 0 0 0 0 0 0 
0 0 0 0 0 1 0 1 0 0 1 4 1 2 1 2 1 2 1 1 1 0 0 0 2 0 0 1 0 0 0 0 0 0 0 0 0 0 0 0 
0 0 0 2 0 0 0 0 0 2 1 5 1 0 0 0 1 2 3 1 1 0 2 0 0 0 0 1 0 0 1 0 0 0 0 0 0 0 0 0 
0 0 0 0 1 0 0 0 0 1 3 1 2 4 3 1 2 1 2 2 1 2 3 1 0 0 1 0 0 1 1 0 0 0 0 0 0 0 0 0 
0 0 0 0 1 0 0 0 0 0 1 0 1 2 4 1 1 1 3 1 1 0 2 1 1 1 0 1 0 0 0 1 0 0 0 0 0 0 1 0 
0 0 0 1 0 1 0 1 1 0 2 1 2 0 0 3 2 0 1 1 1 1 1 2 1 2 1 1 0 0 0 0 0 0 0 0 0 0 0 0 
0 0 0 1 0 0 0 2 0 3 2 4 4 6 6 2 2 1 1 0 2 1 2 0 3 2 0 1 0 1 0 0 0 0 0 0 0 1 0 0 
0 0 0 0 0 0 3 0 0 0 1 0 1 1 2 1 1 1 2 2 2 3 5 3 0 0 0 0 1 0 0 1 0 0 0 0 0 0 0 0 

0 0 0 0 0 0 0 1 0 2 0 0 0 0 0 0 1 2 0 2 0 3 1 0 0 0 0 0 0 0 0 0 0 0 0 0 0 0 0 0 
0 0 0 0 0 0 0 0 0 0 0 0 0 0 0 0 0 0 0 0 0 0 0 0 1 1 0 0 0 0 0 0 0 0 0 0 0 0 0 0 
0 0 0 0 0 0 0 0 0 0 0 0 2 0 0 0 0 1 1 0 0 1 0 0 0 2 0 0 0 0 0 0 0 0 0 0 0 0 0 0 
1 0 0 0 0 0 0 0 1 2 0 0 0 0 0 0 0 0 0 0 0 0 2 1 0 1 1 0 0 0 0 0 0 0 0 0 0 0 0 0 
0 0 0 0 0 1 0 1 0 0 0 0 0 0 0 1 0 1 0 0 2 0 0 2 0 1 0 0 1 0 0 0 0 0 0 0 0 0 0 0 
0 0 0 0 0 0 0 0 0 0 0 0 0 0 0 1 0 1 0 0 1 0 2 1 0 0 0 0 0 1 0 0 0 0 0 0 0 0 0 0 
0 0 1 0 0 1 0 0 1 0 1 0 0 1 0 0 0 1 0 0 0 1 1 0 0 0 1 0 0 1 0 0 0 0 0 0 0 0 0 0 
0 0 0 0 0 0 0 1 2 1 0 1 0 1 0 0 0 0 0 0 1 1 1 0 0 1 0 0 0 0 0 0 0 0 0 0 0 0 0 0 
0 0 0 0 0 0 0 0 0 1 0 0 0 0 0 0 0 0 1 1 1 0 0 0 0 0 0 0 0 0 1 0 0 0 0 0 0 0 0 0 
1 0 0 0 0 0 0 0 1 0 0 0 1 0 0 0 0 0 0 0 0 2 0 1 0 0 1 0 1 0 0 0 0 0 0 0 0 0 0 0 
0 0 0 2 0 0 1 1 0 1 0 0 0 0 1 0 0 0 0 1 3 2 1 0 1 0 1 0 0 0 0 0 0 0 0 0 0 0 0 0 
0 0 0 0 1 0 1 0 1 0 4 1 3 2 2 2 1 0 0 1 1 0 0 0 1 0 0 0 0 0 0 0 0 0 0 0 0 0 0 0 
0 0 0 0 0 0 0 0 1 0 2 0 2 0 0 3 0 1 1 0 0 1 1 0 3 0 0 0 2 0 0 0 0 0 0 0 0 0 0 0 
0 0 0 0 0 0 1 0 1 0 0 0 1 0 0 0 2 0 0 1 0 2 0 1 0 0 0 0 0 1 0 0 0 2 0 0 0 0 0 0 
0 0 0 0 0 0 0 1 0 0 0 1 3 0 0 1 1 0 0 1 0 2 2 0 0 0 0 0 0 0 0 0 0 1 0 0 0 0 0 0 
0 0 0 0 0 0 1 1 0 0 1 0 2 0 2 1 1 1 1 0 0 1 1 1 1 0 1 0 0 0 0 0 0 0 0 0 0 0 0 0 
0 0 0 0 0 0 0 0 0 0 1 2 2 2 0 0 0 0 0 1 1 3 0 0 0 0 0 0 1 0 0 0 0 0 0 0 0 0 1 0 
0 0 0 0 0 1 0 0 0 1 1 0 2 0 0 2 2 2 0 0 0 2 2 0 0 0 0 0 0 0 0 0 0 0 0 0 0 0 0 0 
0 0 0 0 0 0 2 2 1 1 1 0 1 0 1 1 1 1 0 0 0 1 0 0 0 1 0 0 0 0 0 0 0 0 0 0 0 0 0 0 
0 0 0 0 0 1 0 1 0 0 0 2 0 0 0 2 1 1 0 1 1 3 0 5 0 3 1 0 0 0 0 0 0 0 0 0 0 0 0 0 
0 1 0 0 0 0 1 0 0 3 0 0 2 1 2 1 1 1 0 2 0 1 0 1 0 0 1 0 0 0 0 0 0 0 0 0 0 0 0 0 
1 0 0 0 0 1 0 2 1 1 1 3 1 3 1 1 3 0 3 0 0 1 1 0 1 1 0 0 0 0 1 0 0 0 0 0 0 0 0 0 
0 1 1 0 1 0 1 0 0 2 0 1 5 1 1 2 5 3 1 3 0 4 0 0 0 0 0 0 0 0 0 0 0 0 0 0 0 0 0 0 
0 0 1 1 0 0 1 0 1 2 5 3 1 6 7 6 3 2 2 2 7 1 2 1 2 2 1 1 0 0 0 0 0 0 0 0 0 1 0 0 

0 0 0 0 0 0 1 0 0 0 0 0 0 0 0 0 0 0 0 0 1 2 0 2 0 0 0 0 0 1 0 0 0 0 0 0 0 0 0 0 
0 0 0 0 0 0 0 0 1 0 1 0 0 0 0 0 0 0 0 0 0 1 1 0 1 0 0 0 0 0 0 0 0 0 0 0 0 0 0 0 
1 0 0 0 0 0 0 0 0 0 1 1 0 0 0 0 0 0 0 1 0 2 2 1 1 1 0 0 0 0 1 0 0 0 0 0 0 0 0 0 
0 0 0 0 0 0 0 0 0 2 0 0 0 0 0 0 0 0 0 0 0 0 2 0 0 1 0 0 0 0 0 0 0 0 0 0 0 0 0 0 
0 0 0 0 0 0 0 0 0 0 0 1 1 0 0 0 0 0 0 0 0 1 2 0 0 0 0 0 1 0 0 0 0 0 1 0 0 0 0 0 
0 0 0 0 0 0 0 0 1 1 2 0 0 0 0 0 0 0 0 0 0 0 0 1 1 1 0 0 1 0 0 0 0 1 0 0 0 0 0 0 
0 0 0 0 0 0 0 0 0 0 0 0 0 0 0 0 0 0 0 0 0 0 3 0 1 0 0 0 1 0 0 0 0 0 0 0 0 0 0 0 
1 0 1 0 0 1 2 0 1 0 0 0 0 1 1 0 1 0 0 3 0 2 1 0 0 0 1 0 0 1 0 0 0 0 1 0 0 0 0 0 
0 0 0 0 0 1 0 0 0 1 1 1 2 2 1 0 1 0 0 0 0 0 2 0 1 0 0 0 0 0 0 0 0 0 0 0 0 0 0 0 
1 0 0 0 0 0 0 0 0 0 1 0 0 1 0 0 0 0 0 1 0 0 1 0 0 1 0 0 0 2 0 0 1 0 0 0 0 0 0 0 
0 0 0 0 0 0 0 0 0 1 1 0 2 1 0 1 1 0 0 0 1 1 0 0 0 0 0 1 0 0 0 0 0 0 0 0 0 0 0 0 
0 0 0 0 0 0 1 0 0 0 1 0 0 1 1 0 0 0 0 0 1 0 1 0 1 0 0 0 0 0 0 0 0 0 0 0 0 0 0 0 
0 0 0 0 0 0 0 0 0 1 0 0 0 2 1 0 0 1 0 1 0 1 1 1 2 0 0 0 0 0 0 0 0 0 0 0 0 0 0 0 
0 0 1 1 0 0 0 0 0 1 1 0 0 1 2 0 0 0 1 1 1 3 1 1 0 0 0 1 1 0 0 1 0 0 0 0 0 0 0 0 
0 0 0 0 0 0 0 0 0 0 0 0 1 0 0 0 1 1 0 0 0 1 1 0 0 0 0 1 0 0 0 0 0 0 0 0 0 0 0 0 
0 0 0 0 0 0 0 0 0 2 0 0 1 1 0 2 0 1 0 1 1 0 1 1 0 0 1 0 0 0 0 0 0 0 0 0 0 0 0 0 
0 0 0 0 0 0 0 1 1 1 1 1 1 1 4 0 1 1 0 1 0 2 2 0 0 1 0 0 0 1 0 0 0 0 0 0 0 0 0 0 
0 0 0 0 0 0 0 0 0 0 0 1 2 0 0 0 0 2 1 0 0 1 0 1 0 0 0 1 0 0 0 0 0 0 0 0 0 0 0 0 
0 0 0 0 0 0 1 0 0 0 1 0 0 1 0 0 0 0 1 1 0 2 5 1 0 0 0 0 0 0 0 1 0 0 0 0 0 0 0 0 
0 0 1 0 0 0 0 0 0 0 0 0 1 1 1 1 1 1 1 1 0 1 3 1 0 0 0 0 0 0 0 0 0 0 1 0 0 0 0 0 
0 0 0 0 0 0 0 0 0 0 0 0 1 0 0 0 0 0 0 0 1 0 1 0 0 0 1 0 1 0 0 0 0 1 0 0 0 0 0 0 
0 0 0 1 0 0 0 0 0 0 0 2 1 2 2 2 0 0 0 1 1 0 1 0 1 0 1 0 0 0 0 0 0 0 0 0 0 0 0 0 
1 0 0 0 0 0 0 0 0 1 3 0 2 5 1 1 3 2 1 1 1 0 3 0 0 1 1 0 0 1 0 0 0 0 0 0 0 0 0 0 
0 0 0 0 0 0 1 0 2 1 0 3 0 3 2 2 3 1 0 0 0 1 1 0 0 0 0 0 0 0 0 0 0 0 0 0 0 0 0 0 

0 0 0 0 0 0 0 0 0 1 0 0 0 0 0 1 0 1 0 0 0 1 0 0 0 0 0 0 0 0 0 0 0 0 0 0 0 0 0 0 
0 0 0 0 0 0 0 0 0 1 0 0 0 0 0 0 0 0 0 0 1 0 0 0 1 0 0 0 0 0 0 0 0 0 0 0 0 0 0 0 
1 0 0 0 0 0 0 0 0 0 0 0 0 0 0 0 0 0 1 0 0 0 0 0 0 1 0 0 0 1 0 0 0 0 1 0 0 0 0 0 
0 0 0 0 0 0 0 0 0 1 1 0 0 0 1 0 1 0 0 1 0 1 0 0 1 0 0 0 0 0 0 0 0 0 0 0 0 0 0 0 
0 0 0 0 0 0 0 1 0 0 2 0 0 0 1 0 1 0 0 0 1 0 0 1 0 0 0 0 0 0 0 0 0 0 0 0 0 0 0 0 
0 0 0 0 0 0 0 0 0 0 1 0 0 0 0 0 0 0 0 0 0 0 0 0 0 0 0 0 0 0 0 0 0 0 0 0 0 0 0 0 
0 0 0 0 0 0 0 0 0 0 0 0 0 0 1 0 1 0 0 0 0 1 1 0 1 0 0 0 0 0 0 0 0 0 0 0 0 0 0 0 
0 0 0 0 0 0 0 0 0 0 1 1 0 0 0 1 0 0 1 0 3 1 0 1 1 0 0 0 0 0 0 0 1 0 0 0 0 0 0 0 
0 0 0 0 0 0 0 0 0 0 0 0 0 0 0 0 0 0 0 0 0 0 1 1 0 0 0 0 0 0 0 0 0 0 0 0 0 0 0 0 
0 0 0 0 0 0 0 1 0 0 1 0 0 0 0 0 1 0 0 0 0 1 0 0 0 0 0 0 0 0 0 0 0 0 0 0 0 0 0 0 
0 0 0 0 0 0 0 0 0 0 0 2 0 0 0 0 0 2 0 1 0 2 1 1 0 0 0 0 0 1 1 0 0 0 0 0 0 0 0 0 
0 0 0 0 0 1 0 0 1 0 0 0 0 0 0 0 0 0 0 0 0 0 0 1 0 0 1 1 0 0 0 0 0 0 0 0 0 0 0 0 
0 0 0 0 0 0 0 0 0 0 0 1 0 0 0 0 1 0 1 0 2 0 0 0 0 0 0 0 0 0 0 0 0 0 0 0 0 0 0 0 
0 0 0 0 0 0 0 1 0 1 2 0 0 0 0 0 0 1 0 0 0 0 0 0 2 0 0 1 0 0 0 0 0 0 0 0 0 0 0 0 
0 0 0 0 0 1 0 0 0 2 0 1 0 0 1 0 0 0 1 0 0 0 0 0 1 0 0 0 0 0 0 0 0 0 0 0 0 0 0 0 
0 0 0 0 0 0 0 0 0 0 0 1 0 1 1 0 0 0 0 0 1 0 1 0 1 0 0 0 0 0 0 0 0 0 0 0 0 0 0 0 
0 0 0 0 0 0 0 1 0 1 0 1 2 1 0 0 0 1 3 1 0 1 0 0 0 0 0 0 0 0 0 0 0 0 0 0 0 0 0 0 
0 0 0 0 0 0 0 0 0 0 0 1 0 0 0 0 0 0 0 0 0 0 2 0 0 1 0 0 0 0 0 0 0 0 1 0 0 0 0 0 
0 0 0 0 0 0 0 0 0 0 0 0 0 0 0 0 1 0 0 0 1 0 0 0 0 0 0 0 0 0 0 0 0 0 0 0 0 0 0 0 
0 1 0 0 0 0 1 0 0 1 0 0 0 1 0 1 0 2 1 3 1 1 1 1 0 0 0 0 0 0 0 0 0 0 0 1 0 0 0 1 
0 0 0 0 0 0 0 0 0 0 1 0 0 1 0 0 0 2 0 0 0 1 0 1 0 0 0 0 0 0 0 0 0 0 0 0 0 0 0 0 
0 0 2 0 0 0 0 0 0 0 1 0 1 1 1 1 2 0 0 0 2 1 1 0 0 0 0 1 0 0 0 0 0 0 0 0 0 0 0 0 
0 0 1 0 0 0 1 1 1 0 1 1 3 1 1 0 1 1 2 1 1 2 0 0 1 0 0 0 0 0 0 0 0 0 0 0 1 0 0 0 
0 0 0 0 0 1 0 0 0 0 1 0 2 3 3 1 1 0 1 1 2 0 2 0 0 3 0 1 0 0 0 0 0 0 0 0 0 0 0 0 

0 0 0 0 0 0 0 0 0 0 0 0 0 0 1 1 0 0 0 0 1 2 0 0 0 1 0 0 0 0 0 0 0 0 0 0 0 0 0 0 
0 0 0 0 0 0 0 0 0 0 0 0 0 0 0 0 0 0 1 0 0 0 0 0 1 0 0 0 1 0 0 0 0 0 0 0 0 0 0 0 
0 0 0 0 0 0 0 0 0 0 1 0 0 0 0 0 0 0 0 0 0 0 2 0 0 0 0 0 1 0 0 0 0 0 0 0 0 0 0 0 
0 1 0 0 0 0 0 0 0 0 1 0 0 0 0 0 0 0 0 0 0 0 1 0 0 0 0 0 0 0 0 0 1 0 0 0 0 0 0 0 
0 0 0 0 0 0 0 0 0 0 0 0 1 0 1 0 0 0 0 0 0 0 0 0 0 0 0 0 0 0 0 0 0 0 0 0 0 0 0 0 
0 0 1 0 0 0 0 0 0 0 0 0 1 0 2 0 0 0 0 1 0 0 0 1 0 0 0 0 0 0 0 0 0 0 0 0 0 0 0 0 
0 0 0 0 0 0 0 1 0 0 0 0 0 1 0 0 0 1 0 0 0 0 1 1 0 0 0 0 0 0 0 0 0 0 0 0 0 0 0 0 
0 0 0 0 1 0 0 0 0 0 1 0 0 0 1 0 0 0 2 1 0 1 0 1 0 0 0 1 2 0 0 0 0 0 0 0 0 0 0 0 
0 0 0 0 0 0 0 0 0 0 0 0 0 0 0 0 0 0 0 0 0 0 0 1 0 0 0 0 1 0 0 0 0 0 0 0 0 0 0 0 
1 0 0 0 0 0 0 0 0 0 0 0 0 0 0 0 0 0 0 0 0 1 0 0 0 0 0 0 1 0 0 0 0 0 0 0 0 0 0 0 
0 0 0 0 0 0 1 0 0 0 1 0 0 0 0 0 0 0 0 0 0 0 0 0 0 0 0 0 0 0 0 0 0 0 0 0 0 0 0 0 
0 0 0 0 0 1 0 0 0 0 0 0 0 0 0 0 0 0 0 0 0 0 0 1 0 1 0 0 0 0 0 0 0 0 0 0 0 0 0 0 
0 0 1 0 0 0 0 0 0 0 0 1 0 1 0 1 2 1 0 0 1 0 0 0 0 0 0 0 0 0 0 0 0 0 0 0 0 0 0 0 
0 0 0 0 0 0 0 0 0 0 0 0 0 0 0 0 0 0 0 1 0 0 0 3 0 0 1 1 0 0 0 1 0 0 0 0 0 0 0 0 
0 0 0 0 0 0 0 0 0 1 0 1 0 0 0 0 0 0 0 0 0 0 0 0 0 0 0 0 0 0 0 0 0 0 0 1 0 0 0 0 
0 1 0 0 0 0 0 0 0 0 0 0 1 0 1 0 1 0 0 0 0 1 0 0 0 1 0 0 0 0 0 0 0 0 0 0 0 0 0 0 
0 1 1 1 0 0 0 0 0 0 0 0 1 1 0 0 0 0 1 1 1 1 1 0 0 0 0 0 1 0 0 0 0 0 0 0 0 0 0 0 
0 0 0 0 0 0 0 0 0 0 0 0 0 0 0 0 0 0 0 0 0 0 0 0 0 0 1 0 0 1 0 0 0 0 0 0 0 0 1 0 
0 0 1 0 0 0 0 0 0 0 0 0 0 0 0 0 0 0 1 1 0 0 1 0 0 0 0 0 0 0 0 0 0 0 0 0 0 0 0 0 
0 0 1 0 1 1 1 0 0 1 0 1 0 0 0 0 0 1 0 0 0 3 0 0 0 1 1 1 0 0 0 0 0 0 0 1 0 0 0 0 
0 0 0 0 0 0 0 0 0 0 0 0 0 0 1 0 0 0 1 0 0 0 1 0 1 0 0 0 0 0 0 0 0 0 0 0 1 0 0 0 
0 0 0 0 0 0 0 0 0 1 0 1 1 1 0 0 0 1 0 0 0 1 1 0 0 0 0 0 0 0 0 0 0 0 0 0 0 0 0 0 
0 0 0 0 0 0 1 0 1 0 3 2 3 2 0 1 2 1 0 0 1 3 0 1 0 1 2 0 0 0 0 0 0 0 0 1 0 1 0 0 
0 0 0 0 0 0 0 0 0 1 0 0 0 0 0 0 0 0 0 0 1 0 0 0 0 0 0 0 0 0 0 0 0 0 0 0 0 0 0 0 

0 0 0 0 0 0 0 0 0 0 0 0 0 0 0 0 0 0 0 0 0 0 0 0 0 0 0 0 0 0 0 0 0 0 0 0 0 0 0 0 
0 0 0 0 0 0 0 0 0 0 0 0 0 0 0 0 0 0 1 0 0 0 0 0 0 0 0 0 0 0 0 0 0 0 0 0 0 0 0 0 
0 0 0 0 0 0 0 0 0 0 1 0 0 1 0 0 0 0 0 0 0 0 0 0 0 0 0 0 0 0 0 0 0 0 0 0 0 0 0 1 
0 0 0 0 0 0 0 0 0 1 0 0 0 0 0 2 0 0 0 0 0 1 0 0 0 0 0 1 0 0 0 1 0 0 0 0 0 0 0 0 
0 0 0 0 0 0 0 0 0 0 0 1 0 0 0 0 0 0 0 0 0 0 0 0 0 0 0 0 0 0 0 0 0 0 0 0 0 0 0 0 
0 0 0 0 0 0 0 0 0 1 0 0 0 0 0 0 0 0 0 0 0 0 1 0 0 0 0 0 0 0 0 0 0 0 0 0 0 0 0 0 
0 0 0 0 0 0 0 0 0 0 0 0 0 0 0 0 0 0 0 1 0 0 1 0 0 0 1 0 0 0 0 0 0 0 0 0 0 0 0 0 
0 0 0 0 0 0 0 0 0 0 1 0 0 1 0 0 0 1 0 0 0 0 4 0 0 1 0 0 0 0 0 0 0 0 0 0 0 0 0 0 
0 0 0 0 0 0 0 0 0 0 0 0 0 0 1 0 0 0 0 0 0 0 1 0 1 0 0 0 0 0 0 0 0 0 0 0 0 0 0 0 
0 0 0 0 0 0 0 0 0 0 0 0 0 0 0 0 0 0 0 0 1 0 0 0 0 0 0 0 0 0 0 0 0 0 0 0 0 0 0 0 
0 0 0 0 1 0 0 0 0 0 1 0 0 0 0 0 0 1 0 1 0 1 2 0 1 0 0 0 1 0 0 0 0 0 0 0 1 0 0 0 
0 0 0 0 0 0 0 1 0 1 0 0 0 0 0 1 0 0 0 0 0 0 0 0 0 0 0 0 0 0 0 0 0 0 0 0 0 0 0 1 
0 0 1 0 0 0 0 0 0 0 0 1 0 0 0 0 0 0 0 0 0 0 0 0 0 0 0 0 0 0 0 0 0 0 0 0 0 0 0 0 
0 0 0 0 0 0 0 0 1 0 1 1 0 0 0 0 0 0 0 0 0 1 0 0 0 1 0 0 0 0 0 0 0 0 0 0 0 0 0 0 
0 0 0 0 0 0 1 0 0 0 0 1 0 1 0 0 0 0 0 0 0 1 1 1 1 0 1 0 0 0 0 0 0 0 0 0 0 0 0 0 
0 0 0 0 0 0 0 0 0 0 0 0 1 0 0 0 0 0 0 0 1 0 1 0 0 0 0 0 0 1 0 0 0 0 0 0 0 0 0 0 
0 0 0 0 0 0 0 0 0 0 1 1 2 0 0 0 1 1 0 1 0 2 1 0 1 1 0 0 0 0 0 0 0 0 0 0 0 0 0 0 
0 0 0 0 0 0 0 0 0 0 0 0 1 0 0 0 0 0 0 0 0 0 0 0 0 0 1 0 0 1 0 0 0 0 0 0 0 0 0 0 
0 0 0 0 0 0 0 0 0 0 0 0 0 0 0 0 1 0 0 0 0 0 0 0 0 0 0 0 0 0 0 0 0 0 0 0 0 0 0 0 
0 0 1 0 0 0 0 0 0 0 0 1 2 0 0 1 0 1 1 1 0 1 1 0 0 0 1 0 0 0 0 1 0 0 0 0 0 0 0 0 
0 0 0 0 0 0 0 0 0 0 1 0 0 1 0 0 0 0 0 0 0 0 0 0 0 0 0 0 0 0 0 0 0 0 0 0 0 0 0 0 
0 0 0 0 0 1 0 0 0 1 0 0 0 0 0 0 0 0 0 0 0 0 0 0 1 0 0 0 0 1 0 0 0 0 0 0 0 0 0 0 
1 0 0 0 0 0 0 0 0 0 0 0 0 0 0 0 0 2 1 0 1 0 0 0 0 0 0 0 1 0 0 0 0 0 0 0 0 0 0 0 
0 0 0 0 0 0 0 0 0 0 0 1 0 0 0 0 0 0 1 0 1 0 1 0 1 0 0 0 0 0 0 0 0 0 0 0 0 0 0 0 

0 0 0 0 0 0 0 0 0 0 1 0 0 0 0 0 0 0 1 1 2 0 0 0 0 0 0 0 0 0 0 0 0 0 0 0 0 0 0 0 
0 0 0 0 0 0 0 0 0 0 0 0 0 0 0 0 0 0 0 1 0 1 0 1 0 0 0 0 0 0 0 0 0 0 0 0 0 0 0 0 
0 0 0 0 0 0 0 0 0 1 0 0 0 0 0 0 0 0 0 0 0 0 0 1 0 0 0 0 0 0 0 0 0 0 0 0 0 0 0 0 
0 0 0 0 0 0 0 0 1 0 0 0 0 0 0 0 0 0 0 0 0 0 0 0 0 0 0 0 0 0 0 0 0 0 0 0 0 0 0 0 
0 0 0 0 0 0 0 0 0 0 0 0 1 0 0 0 0 0 0 0 1 0 0 0 0 0 0 0 0 0 0 0 0 0 0 0 0 0 0 0 
1 0 0 0 0 0 0 0 0 0 0 0 0 0 0 0 0 0 0 0 0 0 0 2 0 0 2 0 0 0 2 0 0 0 0 0 0 0 0 0 
0 0 0 0 0 0 0 1 0 0 0 0 0 0 1 0 0 0 0 0 0 2 1 0 0 0 0 0 2 0 0 0 0 0 0 0 0 0 0 0 
0 0 0 0 0 0 0 0 0 0 0 0 0 1 0 0 0 0 0 0 0 2 1 0 0 0 0 1 0 0 0 0 0 0 0 0 0 0 0 0 
0 0 0 0 0 0 0 0 0 0 0 0 1 0 0 1 0 0 0 0 1 1 0 0 0 0 0 0 0 0 0 0 0 0 0 0 0 0 0 0 
0 0 0 0 0 0 0 0 0 0 0 1 0 0 0 0 0 0 0 0 0 0 1 0 0 0 0 0 0 0 0 0 0 0 0 0 0 0 0 0 
0 0 1 0 0 0 0 0 0 0 0 0 0 0 0 0 0 0 0 1 0 2 0 0 0 0 1 0 0 0 0 0 0 0 0 0 0 0 0 0 
0 0 0 0 0 0 0 0 0 0 0 0 1 0 0 0 1 0 0 0 0 0 0 0 2 0 0 0 0 0 0 0 0 0 0 0 0 0 0 0 
0 0 0 0 0 0 0 0 0 0 0 0 0 0 0 0 0 0 0 0 0 0 0 0 1 0 0 1 0 0 0 0 0 0 0 0 0 0 0 0 
0 0 0 0 0 0 0 0 0 0 1 0 0 0 0 0 0 2 0 0 0 0 0 0 0 1 1 0 1 0 0 0 0 0 0 0 1 0 0 0 
0 0 0 1 0 0 0 0 0 0 0 0 0 0 0 0 0 0 0 0 0 0 0 1 0 0 0 0 0 0 0 0 0 0 0 0 0 0 0 0 
0 0 0 0 0 0 0 1 0 0 1 0 1 0 0 0 1 0 1 0 0 1 1 1 1 0 0 1 0 0 0 0 0 0 0 0 0 0 0 0 
0 0 0 0 0 0 0 1 0 0 1 0 1 0 2 0 1 0 0 1 0 0 0 0 0 0 0 0 0 0 0 0 0 1 0 1 0 0 0 0 
0 0 0 0 0 0 0 0 0 0 0 0 0 0 1 0 0 0 0 0 0 0 0 0 0 0 0 0 0 0 0 0 0 0 0 0 0 0 0 0 
0 0 0 0 0 0 0 0 0 0 0 1 0 0 1 0 0 0 1 0 0 0 0 0 0 0 0 0 0 0 0 0 1 0 0 0 0 0 0 0 
0 0 0 0 1 0 1 0 0 0 1 0 0 0 1 0 0 0 1 2 3 0 1 0 0 0 0 0 0 0 0 0 0 0 0 0 0 0 1 0 
0 0 0 0 0 0 0 0 0 0 1 0 0 0 0 0 0 0 0 0 0 2 0 0 0 0 0 0 0 0 0 0 0 0 0 0 0 0 0 0 
0 1 0 1 0 0 0 0 0 1 0 0 1 0 0 0 0 0 0 0 0 1 0 0 0 0 0 0 0 0 0 0 0 0 0 0 0 0 0 0 
0 0 0 0 0 0 0 0 0 1 0 0 0 2 1 1 0 1 0 0 2 1 0 0 0 0 0 1 0 0 1 0 0 0 0 0 0 0 0 0 
0 0 0 0 0 0 0 0 0 0 0 0 0 0 0 0 0 0 0 0 0 0 0 0 0 0 0 0 0 0 0 0 0 0 0 0 0 0 0 0 

0 0 0 0 0 0 0 0 0 0 0 0 0 0 0 0 0 0 0 0 0 2 0 0 0 0 0 0 0 0 1 0 0 0 0 0 0 0 0 0 
0 0 0 0 0 0 0 0 0 0 0 1 0 0 0 0 0 0 1 0 0 1 0 0 0 0 0 0 0 0 0 0 0 0 0 0 0 0 0 1 
0 0 0 0 0 0 0 0 0 0 0 0 0 0 0 0 0 0 0 0 0 0 0 0 0 0 0 0 0 0 0 0 0 0 0 0 0 0 0 0 
0 0 0 0 0 0 0 0 0 0 0 0 0 0 0 0 0 0 0 0 1 0 1 0 0 0 0 0 0 0 0 0 0 0 0 0 0 0 0 0 
0 0 0 0 0 0 0 0 0 0 0 0 0 0 1 0 0 0 0 0 0 0 0 0 0 0 0 0 0 0 0 0 0 0 0 0 0 0 0 0 
1 0 0 0 0 0 0 0 0 0 1 0 0 0 0 0 1 0 0 0 0 1 0 0 0 0 0 0 0 0 0 0 0 0 0 0 0 0 0 0 
0 0 0 0 0 0 0 0 0 0 0 0 0 0 0 0 0 0 0 1 0 0 0 0 0 0 0 0 0 0 0 0 0 0 0 0 0 0 0 0 
0 0 0 0 0 0 0 0 0 0 0 0 0 0 0 0 0 0 0 1 0 2 1 0 0 0 0 0 0 0 0 0 0 0 0 0 0 0 0 0 
0 0 0 0 0 0 0 0 0 0 0 0 0 0 0 0 0 0 0 0 0 0 0 0 0 0 0 0 0 0 0 0 0 0 0 0 0 0 0 0 
0 0 0 0 0 0 0 0 0 0 0 0 0 1 0 0 0 1 0 0 0 0 0 0 0 0 0 0 0 0 0 0 0 0 0 0 0 0 0 0 
0 0 0 0 0 0 0 0 0 0 0 0 0 1 0 0 0 0 0 0 1 0 1 0 0 0 0 0 0 0 0 0 0 0 0 0 0 0 0 0 
0 0 1 0 0 0 0 0 0 0 0 0 0 0 1 0 0 0 0 0 0 0 0 0 0 0 0 0 0 0 0 0 0 0 0 0 0 0 0 0 
0 0 0 0 0 0 0 0 0 0 0 0 0 0 0 0 0 1 0 0 0 0 1 0 0 0 0 0 0 0 0 0 0 0 0 0 0 0 0 0 
0 0 0 0 0 0 1 0 0 0 0 0 1 1 1 0 0 1 1 0 0 2 1 0 0 0 0 0 0 0 0 0 0 0 0 0 0 0 0 0 
0 0 0 0 0 0 0 0 0 0 0 0 0 0 0 0 0 0 0 0 1 0 0 0 0 0 0 0 0 0 0 0 0 0 0 0 0 0 0 0 
0 0 0 0 0 0 1 0 0 0 0 0 0 0 0 0 0 0 0 0 0 1 0 0 0 0 0 0 0 0 1 0 0 0 0 0 0 0 0 0 
0 0 0 0 0 0 0 0 0 0 0 1 0 0 0 0 0 0 0 0 0 2 0 0 0 0 0 0 0 0 0 0 0 0 0 0 0 0 0 0 
0 0 0 0 0 0 0 0 0 0 0 0 0 0 0 0 1 0 0 0 1 1 0 0 0 0 0 0 0 0 0 0 0 0 0 0 0 0 0 0 
0 0 1 0 0 0 0 0 0 1 0 0 0 1 0 0 0 0 0 0 0 0 1 1 0 0 0 0 0 0 0 0 0 0 0 0 0 0 0 0 
0 0 0 0 0 0 0 0 0 0 0 3 0 0 0 0 0 1 1 1 1 0 1 0 0 0 0 0 0 0 0 0 0 0 0 0 0 0 0 0 
1 0 0 0 0 0 0 0 0 0 0 0 0 0 0 1 0 0 0 1 0 0 0 0 0 0 0 0 0 0 0 0 0 0 0 0 0 0 0 0 
0 0 0 0 0 0 0 0 0 0 0 0 0 0 0 0 0 0 0 0 0 0 0 0 1 0 0 0 0 0 0 0 0 0 0 0 0 0 0 0 
1 0 0 0 0 0 0 0 0 0 0 2 0 1 0 1 1 0 1 0 0 2 0 0 1 0 0 0 0 0 0 0 0 0 0 0 0 0 0 0 
0 0 0 0 0 0 0 0 0 0 1 0 0 0 1 0 0 0 0 0 0 0 0 0 0 0 0 0 0 0 0 0 0 0 0 0 0 0 0 0 

0 0 0 0 0 0 0 0 0 0 0 0 0 0 0 0 0 0 0 0 0 0 0 0 0 0 0 0 0 0 0 0 0 0 0 0 0 0 0 0 
0 0 0 0 0 0 0 0 0 0 0 0 0 0 0 0 0 0 0 0 0 0 0 0 0 0 0 0 0 0 0 0 0 0 0 0 0 0 0 0 
0 0 0 0 0 0 0 0 0 0 0 0 0 0 0 0 0 0 0 0 0 0 0 0 0 0 0 0 0 0 0 0 0 0 0 0 0 0 0 0 
0 0 0 0 0 0 0 0 0 0 0 0 0 0 0 0 0 0 0 0 0 0 0 0 0 0 0 0 0 0 0 0 0 0 0 0 0 0 0 0 
0 0 0 0 0 0 0 0 0 0 0 0 0 0 0 0 0 0 0 0 0 0 1 0 0 0 0 0 0 0 0 0 0 0 0 0 0 0 0 0 
0 0 0 0 0 0 0 0 1 0 0 0 0 0 0 0 0 0 0 0 0 0 0 0 0 0 0 0 0 0 0 0 0 0 0 0 0 0 0 1 
0 0 0 0 0 0 0 0 0 0 0 0 0 0 0 0 0 0 0 0 1 0 2 0 0 0 0 0 0 0 0 0 0 0 0 0 0 0 0 0 
0 0 1 0 0 1 0 0 0 0 0 0 0 0 0 0 0 0 0 1 2 0 0 0 0 0 0 0 1 0 0 0 0 0 0 0 0 0 0 0 
0 0 0 0 0 0 0 0 0 0 0 0 0 0 0 0 0 0 0 0 0 0 2 0 0 0 0 0 0 0 0 0 0 0 0 0 0 0 0 0 
0 0 0 0 0 0 0 0 0 0 0 0 0 0 0 0 0 0 0 0 1 0 1 0 0 0 0 0 0 0 0 0 0 0 0 0 0 0 0 0 
0 0 0 0 0 0 0 0 0 0 0 0 0 0 0 0 0 1 0 0 0 0 0 0 0 0 0 0 0 0 0 0 0 0 0 0 0 0 0 0 
0 0 0 0 0 0 0 0 0 0 0 0 0 0 0 0 0 0 0 0 0 0 0 0 0 0 0 0 0 0 0 0 0 0 0 0 0 0 0 2 
0 0 0 0 0 0 0 0 0 0 0 0 0 0 0 0 0 0 0 0 0 0 0 0 0 0 0 0 0 0 0 0 0 0 0 0 0 0 0 0 
1 0 0 0 0 0 0 0 0 0 0 1 0 0 0 0 0 1 0 0 1 0 0 1 2 0 0 0 1 0 0 0 0 0 0 0 0 0 0 0 
0 0 0 0 0 0 0 0 0 0 0 0 0 0 0 0 0 0 0 0 1 1 0 0 0 0 0 0 0 1 0 0 0 0 0 0 0 0 0 0 
0 0 0 0 0 0 0 0 0 0 0 0 0 0 0 0 0 1 0 0 0 1 1 0 0 0 0 0 0 1 0 0 0 0 0 0 0 0 0 0 
0 0 0 0 1 1 0 0 0 0 0 1 1 0 0 0 0 0 0 1 1 0 0 0 0 0 0 0 0 0 0 0 0 0 0 0 0 1 0 0 
0 0 0 0 0 0 0 0 0 1 0 0 1 0 1 0 0 0 0 0 0 0 0 0 0 1 0 0 0 0 0 0 0 0 0 0 0 0 0 0 
0 0 0 0 0 0 0 0 0 0 1 0 0 1 0 0 1 0 1 0 0 0 0 0 0 1 1 0 0 0 0 0 0 0 0 0 0 0 0 0 
0 0 0 0 0 0 0 1 0 0 0 0 0 0 1 0 0 0 0 1 1 1 0 0 1 0 0 0 0 0 0 0 0 0 0 0 0 0 0 0 
0 0 0 0 0 0 0 0 0 0 0 0 0 0 0 0 0 0 0 0 1 0 0 0 0 0 0 0 0 0 0 0 0 0 0 0 0 0 0 0 
0 0 0 0 0 0 0 0 0 0 1 0 0 0 0 1 2 0 0 1 0 0 0 1 0 0 0 0 0 0 0 0 0 0 0 0 0 0 0 0 
0 0 0 1 0 0 1 1 0 0 0 0 1 0 1 1 0 0 0 0 2 0 1 2 0 0 0 0 0 0 0 0 1 0 0 0 0 0 0 0 
0 0 0 0 0 0 0 0 0 0 0 0 0 0 2 1 0 0 0 0 0 0 0 0 0 1 0 0 0 0 0 0 0 0 0 0 0 0 0 0 

0 0 0 0 0 0 0 0 0 0 0 0 0 0 0 0 0 0 0 1 0 0 0 1 0 0 0 0 0 0 0 0 0 0 0 0 0 0 0 0 
0 0 0 0 0 0 0 0 0 0 0 0 0 0 0 0 0 0 0 0 0 0 0 0 0 0 0 0 0 0 0 0 0 0 0 0 0 0 0 0 
0 0 0 0 0 0 0 1 0 0 0 0 0 1 0 0 0 0 0 0 0 0 0 0 1 0 0 0 0 0 0 0 0 0 0 0 0 0 0 0 
0 0 0 0 0 0 0 0 0 1 0 0 0 0 0 0 1 0 0 0 1 0 0 0 0 0 0 0 0 0 0 0 0 0 0 0 0 0 0 0 
0 0 0 0 0 0 0 1 0 1 0 0 0 0 0 0 0 0 1 0 1 0 0 0 1 0 0 0 0 1 0 0 0 0 0 0 0 0 0 0 
0 0 0 0 0 0 0 0 0 0 0 2 0 0 0 0 0 0 0 0 0 0 0 0 1 0 0 0 0 0 0 0 0 0 0 0 0 1 0 0 
0 0 0 0 0 0 0 0 0 0 0 0 0 0 0 0 0 0 0 1 1 0 0 0 0 0 0 0 0 0 0 0 0 0 0 0 0 0 0 0 
0 0 0 1 0 0 0 0 0 1 0 0 0 0 0 0 0 1 0 0 0 0 0 0 0 0 0 0 0 0 0 0 0 0 0 0 0 1 0 0 
0 0 0 0 0 0 0 0 0 0 0 0 0 0 0 0 0 0 0 0 0 0 0 0 1 0 0 0 0 0 0 0 0 1 0 0 0 0 0 0 
0 0 0 0 0 0 0 0 0 0 0 1 0 0 1 0 0 0 0 0 0 1 0 0 0 0 0 0 0 0 0 0 0 0 0 0 0 0 0 0 
0 0 0 0 0 0 1 0 0 1 0 0 0 0 0 0 1 0 0 0 0 1 0 0 0 0 0 0 0 0 0 0 0 0 0 0 0 0 0 0 
0 0 0 0 0 0 0 0 0 0 0 0 0 0 0 0 0 0 0 0 0 0 0 0 0 0 0 0 0 0 0 0 0 0 0 0 0 0 0 0 
0 0 0 0 0 0 0 0 0 0 0 1 0 0 0 0 0 0 0 0 0 0 0 0 0 0 0 0 0 0 0 0 0 0 0 0 0 0 0 0 
0 0 0 0 0 0 0 0 0 0 0 0 0 0 1 0 0 0 0 0 0 0 0 0 0 0 1 0 0 0 0 1 0 0 0 0 0 0 0 0 
0 0 0 0 0 0 0 0 0 0 0 0 0 0 0 0 0 0 0 0 0 0 0 0 0 0 0 0 0 0 0 0 0 0 0 0 0 0 0 0 
0 0 0 0 0 0 0 0 0 0 0 0 0 0 0 0 0 0 0 0 0 0 0 0 0 0 0 0 0 0 0 0 0 0 0 0 0 0 0 0 
0 0 0 0 0 0 0 0 1 0 0 1 0 0 0 1 0 1 0 0 1 0 0 0 0 0 0 0 0 0 0 0 0 0 0 0 0 0 0 0 
0 0 0 0 0 0 0 0 0 0 0 0 0 0 0 0 0 0 0 0 0 0 0 0 0 0 0 0 0 0 0 0 0 0 0 0 0 0 0 0 
0 0 0 0 0 1 0 0 0 0 0 0 0 0 0 0 0 0 0 0 1 0 0 2 0 1 0 0 0 0 0 0 0 0 0 0 0 0 0 0 
0 0 0 0 0 1 0 0 0 0 0 0 0 0 0 0 1 0 1 0 1 0 1 0 0 0 0 0 0 0 0 0 0 0 0 0 0 0 0 0 
0 0 0 0 0 0 0 0 0 0 0 0 0 0 0 0 0 0 0 0 0 1 0 0 0 0 0 1 0 0 0 0 0 0 0 0 0 0 0 0 
0 0 0 0 0 0 0 0 0 0 0 0 0 0 0 1 1 0 0 0 0 1 0 1 0 0 0 0 1 1 0 0 0 0 0 0 0 0 0 0 
0 0 0 0 1 0 0 0 0 0 0 1 1 0 0 0 0 0 0 1 0 0 1 1 0 0 0 1 0 0 0 1 0 0 0 0 0 0 0 0 
0 0 0 0 0 0 0 0 0 0 0 0 0 0 0 1 0 0 0 0 0 0 0 0 0 0 0 0 0 0 0 0 0 0 0 0 0 0 0 0 

0 0 0 0 0 0 0 0 0 0 0 0 0 0 0 0 0 0 0 0 0 0 1 1 0 0 0 0 0 0 0 0 0 0 0 0 0 0 0 0 
0 0 0 0 0 0 0 0 0 0 0 0 0 0 0 0 0 0 0 0 0 0 0 0 0 0 0 0 0 0 0 0 0 0 0 0 0 0 0 0 
0 0 0 0 0 0 0 0 0 0 0 0 0 0 0 0 0 0 0 0 0 0 0 0 0 0 0 0 0 0 0 0 0 0 0 0 0 0 0 0 
0 0 0 0 0 0 0 0 0 0 0 0 0 0 0 0 0 0 0 0 0 1 0 0 0 0 0 0 0 0 0 0 0 0 0 0 0 0 0 0 
0 0 0 0 0 0 0 0 0 0 0 0 0 0 0 0 0 0 0 0 0 1 0 1 0 1 0 0 0 0 0 0 0 0 0 0 0 0 0 0 
0 0 0 0 0 1 0 0 0 0 0 0 0 1 0 0 0 0 0 0 0 0 0 0 0 0 0 0 0 0 0 0 0 0 0 0 0 0 0 0 
0 0 0 0 0 0 0 0 0 0 0 1 0 0 0 0 0 0 0 0 0 0 1 0 0 0 0 0 0 0 0 0 0 0 0 0 0 0 0 0 
0 0 0 0 0 0 0 0 0 0 0 0 0 1 0 0 1 0 1 0 0 0 0 0 0 0 0 0 0 0 0 0 0 0 0 0 0 0 0 0 
0 0 0 0 0 0 0 0 0 0 0 0 0 0 0 0 0 0 0 0 0 0 0 0 0 0 0 0 0 0 0 0 0 0 0 0 0 0 0 0 
0 0 0 0 0 0 0 0 0 0 0 0 0 0 0 0 0 0 1 0 0 0 0 0 0 0 0 0 0 0 0 0 0 0 0 0 0 0 0 0 
0 0 0 0 0 0 0 0 0 0 1 0 0 0 0 0 0 0 1 0 0 0 0 0 0 0 0 0 0 0 0 0 0 0 0 0 0 0 0 0 
0 0 0 0 0 0 0 0 0 0 0 0 0 0 0 0 0 0 0 0 0 0 0 0 0 0 0 0 0 0 0 0 0 0 0 0 0 0 0 0 
0 0 0 0 0 0 0 0 0 0 0 0 0 0 0 0 0 0 0 0 0 0 0 0 0 0 0 0 0 0 0 0 0 0 0 0 0 0 0 0 
0 0 0 0 0 1 0 0 0 0 0 0 0 0 0 0 0 0 0 0 0 3 0 0 0 0 0 0 1 0 0 0 0 0 0 0 0 0 0 0 
0 0 0 0 0 0 0 0 1 0 0 0 0 0 0 0 0 0 0 0 0 0 1 0 0 0 0 0 0 0 0 0 0 0 0 0 0 1 0 0 
0 0 0 0 0 0 0 0 0 0 0 0 1 0 1 0 0 0 0 0 1 1 0 0 0 0 0 0 0 0 0 0 0 0 0 0 0 0 0 0 
0 0 0 0 0 0 0 0 0 0 1 0 0 0 0 0 0 0 0 0 0 1 0 0 0 0 0 0 0 0 0 0 0 0 0 0 0 0 0 0 
0 0 0 0 0 0 0 0 0 0 1 0 0 0 0 1 0 0 0 0 0 0 1 0 0 0 0 0 0 0 0 0 0 0 0 0 0 0 0 0 
0 0 0 0 0 0 0 0 0 0 0 0 1 0 0 1 0 0 1 1 0 0 0 0 0 0 0 0 1 0 0 0 0 0 0 0 0 0 0 0 
0 0 0 0 0 0 0 0 0 0 0 0 1 0 0 0 0 0 1 0 0 0 0 0 0 0 0 1 0 0 0 0 0 0 0 0 0 0 0 0 
0 0 0 0 0 0 0 0 0 0 0 0 0 0 0 0 0 0 0 0 0 0 0 0 0 0 0 0 0 0 0 0 0 0 0 0 0 0 0 0 
0 0 0 0 0 0 0 0 0 0 0 0 0 0 0 0 0 0 0 2 0 0 0 0 0 1 0 0 0 0 0 0 0 0 0 0 0 0 0 0 
0 0 0 0 0 0 0 0 0 1 0 1 0 0 0 1 0 0 0 2 1 2 0 0 1 1 0 0 0 0 0 0 0 0 0 0 0 0 0 0 
0 0 0 0 0 0 0 0 0 0 0 0 0 0 0 0 0 0 0 0 0 0 0 0 0 0 1 0 0 0 0 0 0 0 0 0 0 0 0 0 

0 0 0 0 0 0 0 0 0 0 0 0 0 0 0 0 0 0 0 0 0 0 0 1 0 0 0 0 0 0 0 0 0 0 0 0 0 0 0 0 
0 0 0 0 0 0 0 0 0 1 0 0 0 0 0 0 0 0 0 0 0 0 0 0 0 0 0 0 0 0 0 0 0 0 0 0 0 0 0 0 
0 0 0 0 0 0 0 0 0 0 0 0 0 0 0 0 0 0 0 1 0 0 0 0 0 0 0 0 0 0 0 0 0 0 0 0 0 0 0 0 
0 0 0 0 0 0 0 0 0 0 0 0 0 0 0 0 0 0 0 1 0 0 0 0 0 0 0 0 0 0 0 0 0 0 0 0 0 0 0 0 
0 0 0 0 0 0 0 0 0 1 0 0 0 0 0 0 0 0 0 0 0 0 0 0 0 0 0 0 0 0 0 0 0 0 0 0 0 0 0 0 
0 1 0 0 0 0 0 0 0 0 0 0 0 0 0 0 0 0 0 0 0 0 0 0 0 0 0 0 0 0 0 0 0 0 0 0 0 0 0 0 
0 0 0 0 0 0 0 0 0 0 0 0 0 0 0 0 0 0 0 0 0 0 1 0 0 0 0 0 0 0 0 0 1 0 0 0 0 0 0 0 
0 0 0 0 0 0 0 0 0 0 0 0 0 0 0 0 0 0 0 0 0 0 1 0 0 0 0 0 0 0 0 0 0 0 0 0 0 0 0 0 
0 0 0 0 0 0 0 0 0 0 0 0 0 0 0 0 0 0 0 0 0 0 0 0 0 0 0 0 0 0 0 0 0 0 0 0 0 0 0 0 
0 0 0 0 0 0 0 0 0 0 1 0 0 0 0 0 0 0 0 0 0 1 0 1 0 0 0 0 0 0 0 0 0 0 0 0 0 0 0 0 
0 0 0 0 0 0 0 0 0 0 0 0 0 0 0 0 1 0 0 0 0 0 0 0 0 1 0 0 0 0 0 0 0 0 0 0 0 0 0 0 
0 0 0 0 0 0 0 0 0 0 0 0 0 0 0 0 0 0 0 0 0 0 0 0 0 0 0 0 0 0 0 0 0 0 0 0 0 0 0 0 
0 0 0 0 0 0 0 0 0 0 0 0 0 0 0 0 0 0 0 0 1 0 1 1 0 0 0 0 0 0 0 0 0 0 0 0 0 0 0 0 
0 0 0 0 0 0 0 0 0 0 0 0 0 0 0 0 0 0 0 0 0 0 0 0 1 0 0 0 0 0 0 0 0 0 0 0 0 0 0 0 
0 0 0 0 0 0 0 0 0 0 0 0 0 0 0 0 0 0 0 0 0 0 0 0 0 0 0 0 0 0 0 0 0 0 0 0 0 0 0 0 
0 0 0 0 0 0 0 0 0 0 0 0 0 0 0 0 0 0 0 1 0 0 0 1 0 0 0 0 0 0 0 0 0 0 0 0 0 0 0 0 
0 0 0 0 0 0 0 0 0 0 1 0 0 0 0 0 0 0 0 0 0 1 0 0 0 0 0 0 0 0 0 0 0 0 0 0 0 0 0 0 
0 0 0 0 0 0 0 0 0 0 0 0 0 0 0 0 0 0 0 0 0 0 0 0 0 0 0 0 0 0 0 0 0 0 0 0 0 0 0 0 
0 0 0 0 0 0 0 0 0 0 0 0 0 0 0 0 0 0 0 0 0 0 1 0 0 0 0 0 0 0 0 0 0 0 0 1 0 0 0 0 
0 0 0 0 0 0 0 0 0 0 0 0 0 0 0 0 0 0 0 0 0 2 0 0 0 0 0 0 0 0 0 0 0 0 0 0 0 0 0 0 
0 0 0 0 0 0 0 0 0 0 0 0 0 0 0 1 0 0 0 0 0 0 0 0 0 0 0 0 0 0 0 0 0 0 0 0 0 0 0 0 
0 0 0 0 0 0 0 0 0 0 0 1 0 1 0 0 0 0 0 0 0 1 0 1 0 0 0 0 1 0 0 0 0 0 0 0 0 0 0 0 
0 0 0 0 0 0 0 0 0 0 0 0 1 3 0 0 0 0 0 0 0 2 1 0 0 0 0 0 0 1 0 0 0 0 0 0 0 0 0 0 
0 1 0 0 0 0 0 0 0 0 0 0 0 0 0 0 0 0 0 0 0 0 0 0 0 0 0 0 1 0 0 0 0 0 0 0 0 0 0 0 

0 0 0 0 0 0 0 0 0 0 0 0 0 0 0 0 0 0 0 0 0 0 0 0 1 0 0 0 0 0 0 0 0 0 0 0 0 0 0 0 
0 0 0 0 0 0 0 0 0 0 0 0 0 0 0 0 0 0 0 0 0 0 0 0 0 0 0 0 0 0 0 0 0 0 0 0 0 0 0 0 
0 0 0 0 0 0 0 0 0 0 0 0 0 0 1 0 0 0 0 0 0 0 0 0 0 0 1 0 0 0 0 0 0 0 0 0 0 0 0 0 
0 0 0 0 0 0 0 0 0 0 0 0 0 1 0 0 0 0 0 0 0 0 0 0 0 0 1 0 0 0 0 0 0 0 0 0 0 0 0 0 
0 0 0 0 0 0 0 0 0 0 0 0 0 0 0 0 0 1 0 0 0 0 1 0 0 0 0 0 0 0 0 0 0 0 1 0 0 0 0 0 
0 0 0 0 0 0 0 0 0 0 0 0 0 0 0 0 0 0 0 0 0 0 0 0 0 0 0 0 0 0 0 0 0 0 0 0 0 0 0 0 
0 0 0 0 0 0 0 0 0 0 0 0 0 0 0 0 0 0 0 0 0 0 0 0 0 0 0 0 0 0 0 0 0 0 0 0 0 0 0 0 
0 0 0 0 0 0 0 0 0 0 0 0 0 0 0 0 0 0 0 0 0 0 0 0 0 0 0 1 0 0 0 0 0 0 0 0 0 0 0 0 
0 0 0 0 0 0 0 0 0 0 0 0 0 0 0 0 0 0 0 0 0 0 0 0 0 0 0 0 0 0 0 0 0 0 0 0 0 0 0 0 
0 0 0 0 0 0 0 0 0 0 0 0 0 0 0 0 0 0 0 0 0 0 0 0 0 0 0 0 0 1 0 0 0 0 0 0 0 0 0 0 
0 0 0 0 0 0 0 0 0 0 0 0 0 1 0 0 0 0 0 0 0 1 0 0 0 0 0 1 0 1 0 0 0 0 0 0 0 0 0 0 
0 0 0 0 0 0 0 0 0 0 0 0 0 0 0 0 0 0 0 0 0 0 0 1 1 0 0 0 0 0 0 0 0 0 0 0 0 0 0 0 
0 0 0 0 0 0 0 0 0 0 0 0 0 0 0 0 0 0 0 0 0 1 0 0 0 0 0 0 0 0 0 0 0 0 0 0 0 0 0 0 
0 0 0 0 0 0 0 0 0 0 0 1 0 0 0 0 0 0 0 0 0 0 0 0 0 0 0 0 0 0 0 0 0 0 0 0 0 0 0 0 
0 0 0 0 0 0 0 0 0 0 0 0 0 0 0 0 0 0 0 0 1 0 0 0 0 0 0 0 0 0 0 0 0 0 0 0 0 0 0 0 
0 0 0 0 0 0 0 0 0 0 0 0 0 0 0 0 0 0 0 0 0 1 0 0 0 0 1 0 0 0 0 0 0 0 0 0 0 0 0 0 
0 0 0 0 0 0 0 0 0 0 0 0 0 1 0 0 0 0 0 0 0 1 0 0 0 1 0 0 1 0 0 0 0 0 0 0 0 0 0 0 
0 0 0 0 0 0 0 0 0 0 1 1 0 0 0 0 0 0 0 0 0 0 0 0 1 0 0 0 0 0 0 0 0 0 0 0 0 0 0 0 
0 0 0 0 0 0 0 0 0 0 0 0 0 0 0 0 1 0 0 0 1 1 0 0 0 0 0 0 0 0 0 0 0 0 0 0 0 0 0 0 
0 0 0 0 0 0 1 0 0 0 0 0 0 0 2 0 0 0 1 0 0 0 0 0 0 0 0 0 0 0 0 0 0 0 0 0 0 0 0 0 
0 0 0 0 0 0 0 0 0 0 0 0 0 0 0 0 0 0 0 0 0 0 0 0 0 0 0 0 0 0 0 0 0 0 0 0 0 0 0 0 
0 0 0 0 0 0 0 0 0 0 0 0 0 0 1 0 0 0 0 0 1 0 1 1 0 0 0 0 0 0 0 0 0 0 0 0 0 0 0 0 
0 0 0 0 0 0 0 0 0 0 2 0 0 0 0 2 0 0 0 1 0 1 0 0 0 1 0 1 0 0 0 1 0 0 0 0 0 0 0 0 
0 0 0 0 0 0 0 0 0 0 0 0 0 1 0 0 0 0 0 0 0 0 0 0 1 0 0 0 0 0 0 0 0 0 0 0 0 0 0 0 

0 0 0 0 0 0 0 0 0 0 0 0 0 0 0 0 0 0 0 0 0 0 0 0 0 0 0 0 0 0 0 0 0 0 0 0 0 0 0 0 
0 0 0 0 0 0 0 0 0 0 0 0 0 0 0 0 0 2 1 0 0 0 0 1 0 0 0 0 0 0 0 0 0 0 0 0 0 0 0 0 
0 0 0 0 0 0 1 0 0 0 0 0 0 0 0 0 0 0 0 0 0 0 1 0 0 0 0 0 0 0 0 0 0 0 0 0 0 0 0 0 
0 0 0 0 0 0 0 0 0 0 0 0 0 0 0 0 0 0 0 0 0 2 0 0 0 0 0 0 0 0 0 0 0 0 0 0 0 0 0 0 
0 0 0 0 0 0 0 0 0 0 0 0 0 0 0 0 0 0 0 0 0 0 0 0 0 0 0 0 0 0 0 0 0 0 0 0 0 0 0 0 
0 0 0 0 0 0 0 0 0 0 0 0 0 0 0 1 0 0 0 0 0 0 0 0 0 0 0 0 0 0 0 0 0 0 0 0 0 0 0 0 
0 0 0 0 0 0 0 0 0 0 0 0 0 0 0 0 0 0 0 0 0 0 0 0 0 0 0 0 0 0 0 0 0 0 0 0 0 0 0 0 
0 0 0 0 0 0 1 0 0 0 0 0 0 0 0 0 0 0 0 0 0 0 0 0 0 0 0 0 0 0 0 0 0 0 0 0 0 0 0 0 
0 0 0 0 0 0 0 0 0 0 0 0 0 0 0 0 0 0 0 0 0 0 0 1 0 0 0 0 0 0 0 0 0 0 0 0 0 0 0 0 
0 0 0 0 0 0 0 0 0 0 0 0 0 0 0 0 0 0 0 0 0 0 0 0 0 0 0 0 0 1 0 0 0 0 0 0 0 0 0 0 
0 0 0 0 0 0 0 0 0 0 0 0 0 0 0 0 0 0 0 0 0 0 1 0 0 0 0 0 0 0 0 0 0 0 0 0 0 0 0 0 
0 0 0 0 0 0 0 0 0 0 0 0 0 0 0 0 0 0 0 1 0 0 0 0 0 0 0 0 0 0 0 0 0 0 0 0 0 0 0 0 
0 0 0 0 0 0 0 0 0 0 1 0 1 1 0 0 0 0 0 0 0 0 0 0 0 1 0 0 0 0 0 0 0 0 0 0 0 0 0 0 
0 0 0 0 0 0 0 0 0 0 0 0 0 0 0 0 0 1 0 0 0 0 0 0 0 0 0 0 0 0 0 0 0 0 0 0 0 0 0 0 
0 0 0 0 0 0 0 0 0 0 0 0 0 0 0 0 0 0 0 0 0 0 0 0 0 0 0 0 0 0 0 0 0 0 0 0 0 0 0 0 
0 0 0 0 0 0 0 0 0 0 0 0 0 0 0 0 0 0 0 0 0 0 0 0 0 0 0 0 0 0 0 0 0 0 0 0 0 0 0 0 
0 0 0 0 0 0 0 0 0 0 0 0 0 1 0 0 0 1 0 0 0 0 0 0 0 0 0 0 0 0 0 0 0 0 0 0 0 0 0 0 
0 0 0 0 0 0 0 0 0 0 0 0 0 0 0 0 0 0 0 0 0 0 0 0 0 0 0 1 0 0 0 0 0 0 0 0 0 0 0 0 
0 0 0 0 0 0 0 0 0 0 0 1 0 0 0 0 0 0 0 1 0 0 1 0 0 0 0 1 0 0 0 0 0 0 0 0 0 0 0 0 
0 0 0 0 0 0 0 0 0 0 0 0 0 0 1 0 0 0 0 0 2 0 0 0 1 0 0 0 0 0 0 0 0 0 0 0 0 0 0 0 
0 0 0 0 0 0 0 0 0 0 0 0 0 0 0 0 0 0 0 0 0 0 0 0 0 0 0 0 0 0 0 1 0 0 0 0 0 0 0 0 
0 0 0 0 1 0 0 0 0 0 0 0 0 0 0 0 0 0 1 0 1 0 0 0 1 0 0 1 0 0 0 0 0 0 0 0 0 0 0 0 
0 0 0 0 0 0 0 0 0 0 0 0 2 0 1 0 1 0 0 0 0 0 0 0 1 0 1 0 0 0 0 0 0 0 0 0 0 0 0 0 
0 0 0 0 0 0 0 0 0 0 0 0 0 0 0 0 0 0 0 0 0 0 0 0 0 0 0 0 0 0 0 0 0 0 0 0 0 0 0 0 

0 0 0 0 0 0 0 0 0 0 0 0 0 0 0 0 0 1 0 0 0 0 0 1 0 0 0 0 0 0 0 0 0 0 0 0 0 0 0 0 
0 0 0 0 0 0 0 0 0 0 0 0 0 0 0 0 0 0 0 0 0 1 0 0 0 0 0 0 0 0 0 0 0 0 0 0 0 0 0 0 
0 0 0 0 0 0 0 0 0 0 0 0 0 0 0 0 0 0 0 0 0 0 0 0 0 0 0 0 0 0 0 0 0 0 0 0 0 0 0 0 
0 0 0 0 0 0 0 0 0 0 0 0 0 0 0 0 0 0 0 0 0 0 0 0 0 0 0 0 0 0 0 0 0 0 0 0 0 0 0 0 
0 0 0 0 0 0 0 0 0 0 0 0 0 0 0 0 0 0 0 0 0 1 0 0 0 0 0 0 0 0 0 0 0 0 0 0 0 0 0 0 
0 0 0 0 0 0 0 0 0 0 0 0 0 0 0 0 0 0 0 0 0 0 0 0 0 0 0 0 0 0 0 0 0 0 0 0 0 0 0 0 
0 0 0 0 0 0 0 0 0 0 0 0 0 0 0 1 0 0 0 0 0 0 0 0 0 0 0 0 0 0 0 0 0 0 0 0 0 0 0 0 
0 0 0 1 0 0 0 0 0 0 0 0 0 0 0 0 0 0 0 0 0 0 0 0 0 0 0 0 0 0 0 0 0 0 0 0 0 0 0 0 
0 0 1 0 0 0 0 0 0 0 0 0 0 0 0 0 0 0 0 0 0 0 0 0 0 0 0 0 0 0 0 0 0 0 0 0 0 0 0 0 
0 0 0 0 0 0 0 0 0 0 0 0 0 0 0 0 0 0 0 0 0 0 0 0 0 0 0 0 0 0 0 0 0 0 0 0 0 0 0 0 
0 0 0 0 0 0 0 0 0 0 0 0 0 0 0 0 0 0 0 0 0 0 0 0 0 0 0 0 0 0 0 0 0 0 0 0 0 0 0 0 
0 0 0 0 0 0 0 0 0 0 0 0 0 0 0 0 0 0 0 0 0 0 0 0 0 0 0 0 0 0 0 0 0 0 0 0 0 0 0 0 
0 0 0 0 0 0 0 0 0 0 0 0 1 0 0 0 0 0 0 0 0 0 0 0 0 0 0 0 0 0 0 0 0 0 0 0 0 0 0 0 
0 0 2 0 0 0 0 0 0 0 0 0 0 0 0 0 0 0 0 1 0 0 0 0 0 0 0 0 0 0 0 0 0 0 0 0 0 0 0 0 
0 0 0 0 0 0 0 0 0 0 0 0 0 0 0 0 0 0 0 0 0 1 0 0 0 0 0 0 0 0 0 0 0 0 0 0 0 0 0 0 
0 0 0 0 0 0 0 1 0 0 0 0 0 1 0 0 0 0 0 0 0 0 1 0 0 0 0 0 0 0 0 0 0 1 0 0 0 1 0 0 
0 0 0 0 0 0 0 0 0 1 0 1 0 0 1 0 1 0 0 0 1 0 0 0 0 0 0 0 0 0 0 0 0 0 0 0 0 0 0 0 
0 0 0 0 0 0 1 0 0 0 0 0 0 0 0 0 0 1 0 0 0 0 0 0 0 0 0 0 0 0 0 0 0 1 0 0 0 0 0 0 
0 0 0 0 0 0 0 0 0 0 0 0 0 0 0 0 0 1 0 0 0 0 0 0 0 0 0 0 0 0 0 0 0 0 0 0 0 0 0 0 
0 0 0 0 0 1 0 0 0 0 1 0 0 0 0 1 0 0 1 0 1 0 1 0 0 0 0 1 0 0 0 0 0 0 0 0 0 0 0 0 
0 0 0 0 0 0 0 0 0 0 0 0 0 0 0 0 0 0 0 0 0 0 0 0 0 0 0 0 0 0 0 0 0 0 0 0 0 0 0 0 
0 0 0 0 0 0 0 0 0 0 0 0 0 0 0 1 1 1 0 0 0 0 1 0 0 0 0 0 0 0 0 0 0 0 0 0 0 0 0 0 
0 0 1 0 0 0 0 0 0 0 0 1 0 1 0 0 0 0 0 0 1 0 0 0 0 0 0 0 0 0 0 0 0 0 0 0 0 0 0 0 
0 0 0 0 0 0 0 0 0 0 0 1 0 0 0 0 0 0 0 0 0 0 0 0 0 0 0 0 0 0 0 0 0 0 0 0 0 0 0 0 

0 0 0 0 0 0 0 0 0 0 0 0 0 0 0 1 0 0 0 0 0 0 0 1 0 0 0 0 0 0 0 1 0 0 0 0 0 0 0 0 
0 0 0 0 0 0 0 0 0 0 0 0 0 0 0 0 0 0 0 1 0 0 0 0 0 0 0 0 0 0 0 0 0 0 0 0 0 0 0 0 
0 0 0 0 0 0 0 0 0 0 2 0 0 0 0 0 1 0 0 0 0 1 1 0 0 0 0 0 0 0 0 0 0 0 0 0 0 0 0 0 
0 0 0 0 0 0 0 0 0 0 0 0 0 0 0 0 0 1 0 0 0 0 0 0 0 0 0 0 0 0 0 0 0 0 0 0 0 0 0 0 
0 0 0 0 0 0 0 0 0 0 0 0 0 0 0 0 0 0 0 0 0 1 0 0 0 0 0 0 1 0 0 0 0 0 0 0 0 0 0 0 
0 0 0 0 0 0 0 0 2 0 0 0 1 0 0 0 0 0 0 1 0 0 0 0 1 0 0 0 0 0 0 0 0 0 0 0 0 0 0 0 
0 0 0 0 0 0 0 0 0 1 0 0 0 0 0 0 0 0 0 0 0 0 0 0 0 0 0 0 0 0 0 0 0 0 0 0 0 0 0 0 
0 0 0 0 0 0 0 0 0 0 0 0 1 0 0 0 0 0 0 0 0 0 0 0 0 0 0 0 0 0 0 0 0 0 0 0 0 0 0 0 
0 0 0 0 0 0 0 0 0 0 0 0 0 0 0 0 0 1 1 0 1 0 1 0 0 0 0 0 0 1 1 0 0 0 0 0 0 0 0 0 
0 0 0 0 0 0 0 0 0 0 0 0 0 0 0 0 0 0 0 0 0 0 0 0 0 0 0 0 0 0 0 0 0 0 0 0 0 0 0 0 
0 0 0 1 0 0 0 0 0 0 0 1 0 0 0 0 0 0 0 0 1 0 0 0 0 0 1 1 0 0 0 0 0 0 0 0 0 0 0 0 
0 0 0 0 0 0 0 0 0 0 0 0 0 0 0 0 1 0 0 0 0 0 0 0 0 0 0 0 0 0 0 0 0 0 0 0 0 0 0 0 
0 0 0 0 0 0 0 0 0 0 0 0 0 0 0 0 0 0 0 0 0 1 1 1 0 0 0 0 0 0 0 0 0 0 0 0 0 0 0 0 
0 0 0 0 0 0 0 0 0 0 0 0 0 0 0 0 0 0 0 0 2 1 0 0 0 0 1 0 0 0 0 0 0 0 0 0 0 0 0 0 
0 0 1 0 0 0 0 0 0 0 0 1 0 0 0 0 0 0 0 1 0 1 1 0 0 0 1 0 0 0 0 0 0 0 0 0 0 0 0 0 
0 0 0 0 0 0 0 0 0 0 0 0 0 0 0 0 0 0 0 2 0 0 0 0 0 0 0 0 0 0 0 0 0 0 0 0 0 0 0 0 
0 0 0 0 0 0 0 0 0 0 0 0 1 0 0 0 0 0 0 0 0 0 0 0 0 1 0 0 0 0 0 0 0 0 0 0 0 0 0 0 
0 0 0 0 0 0 0 0 0 0 1 0 0 0 0 0 0 0 1 0 0 0 0 0 0 1 1 0 0 0 0 0 0 0 0 0 0 0 0 0 
0 0 0 0 0 0 0 0 0 0 0 0 0 0 0 0 0 0 0 0 0 3 0 1 0 0 0 0 0 0 0 0 0 0 0 0 0 0 0 0 
0 0 0 0 0 1 1 0 0 0 1 0 0 0 1 0 0 0 0 0 0 1 1 0 0 1 0 0 0 0 0 0 1 0 0 0 0 0 0 0 
0 0 0 0 0 0 0 0 0 0 0 0 0 1 0 1 1 0 0 0 0 1 1 2 0 0 0 0 0 0 0 0 0 0 0 0 0 0 0 0 
0 0 0 0 0 0 0 0 0 1 0 0 0 0 0 2 0 1 0 0 0 0 0 0 1 0 0 0 0 0 0 0 0 0 0 0 0 0 0 0 
0 0 0 0 0 0 0 0 0 0 0 0 0 0 0 0 0 0 0 0 0 2 0 1 1 0 0 0 0 0 0 0 0 0 0 0 0 0 0 1 
0 0 0 0 0 0 0 0 0 0 0 0 0 0 0 1 0 0 0 0 0 0 0 0 0 0 0 0 0 0 0 0 0 0 0 0 0 0 0 0 

