#################################### 
# Matrix Size= (4,1,40)
# Resol      = (1,8,20)
# VoxelSize  = (4,0.125,2)
# nbVal      = 160
#################################### 
0 0 0 0 0 0 0 0 
0 0 0 0 0 0 0 0 
0 0 0 0 0 0 0 0 
0 0 0 0 0 0 0 0 
0 0 1 0 0 0 2 1 
2 3 0 3 2 3 2 1 
2 0 0 0 0 1 4 0 
2 1 0 2 0 1 1 2 
0 0 0 1 1 0 1 0 
1 0 0 0 1 0 0 0 
0 0 0 1 0 0 1 0 
1 0 0 0 0 0 0 0 
1 0 0 1 1 2 0 0 
0 0 0 0 0 0 1 0 
0 0 1 1 0 0 0 0 
0 0 0 1 0 0 0 0 
0 0 0 0 0 0 0 1 
0 0 0 0 0 0 0 0 
0 0 0 0 0 0 0 0 
0 0 0 0 0 0 0 0 
