#################################### 
# Matrix Size= (39.9997,23.9997,39.9995)
# Resol      = (40,24,40)
# VoxelSize  = (0.999993,0.999989,0.999989)
# nbVal      = 38400
#################################### 
0 1 0 2 0 1 0 1 3 0 0 0 0 1 0 0 0 0 2 0 0 0 1 1 0 0 0 0 0 0 0 0 0 0 0 0 0 0 0 0 
0 0 0 0 1 1 1 2 0 1 0 0 0 0 0 0 0 2 0 0 0 0 0 0 0 1 0 0 1 0 1 0 0 0 0 0 0 0 0 0 
0 0 0 0 0 0 0 0 0 0 0 0 0 0 0 0 0 0 0 0 0 1 0 0 0 0 0 0 1 0 0 0 0 0 0 0 0 0 0 0 
0 0 0 0 0 0 0 0 0 0 1 0 0 1 0 0 0 1 1 0 0 1 0 0 0 0 0 0 0 0 0 0 0 0 0 0 0 0 0 0 
0 1 0 0 0 1 3 1 1 0 3 0 1 1 1 1 0 1 0 1 0 1 2 0 0 0 2 1 0 0 0 0 0 0 0 0 0 0 0 0 
0 0 0 0 0 0 0 0 0 0 0 0 1 0 0 0 0 0 1 0 0 0 0 1 0 3 0 0 0 0 1 0 0 0 0 0 0 0 0 0 
0 0 0 0 0 0 0 0 1 3 0 0 0 0 0 0 0 0 0 1 0 0 0 0 0 0 0 0 0 0 0 0 0 0 0 0 0 0 0 0 
0 0 0 0 0 0 0 0 0 0 1 1 1 0 2 0 0 1 0 0 0 0 1 1 0 2 0 0 0 0 1 0 0 0 0 1 0 0 0 0 
0 0 0 0 0 0 0 0 0 0 0 1 0 0 0 0 0 0 1 0 0 1 0 2 1 0 1 0 0 0 0 0 0 0 0 0 0 0 0 0 
0 0 0 0 0 0 0 0 0 0 0 0 0 2 0 0 0 1 0 1 0 2 0 5 1 0 0 0 0 0 0 0 0 0 0 0 0 0 0 0 
0 0 0 0 0 0 0 0 0 1 0 2 0 2 0 0 0 4 6 1 0 4 4 4 1 1 1 1 1 0 0 0 0 0 0 0 0 0 0 0 
0 0 0 0 0 0 1 0 1 0 0 1 2 0 0 0 0 0 1 0 0 6 4 4 9 3 0 1 0 0 0 0 0 0 0 0 0 0 0 0 
1 0 0 1 0 0 0 1 0 1 1 2 2 1 0 0 0 5 4 14 7 16 10 16 7 6 0 2 1 1 1 0 0 0 0 0 0 0 0 0 
0 0 0 0 0 1 0 1 1 2 2 2 2 2 1 3 4 6 14 13 22 22 15 9 1 6 0 0 2 1 0 0 0 0 0 0 1 0 0 0 
0 0 0 0 0 0 0 0 0 0 0 1 0 0 1 0 1 2 1 0 4 6 7 4 3 1 0 1 1 0 0 0 1 0 0 0 0 0 0 0 
0 0 0 0 0 0 0 1 0 0 0 3 1 1 1 0 3 2 5 7 11 11 13 5 4 3 4 2 0 1 1 1 0 0 1 0 0 0 0 0 
0 0 0 0 1 1 0 0 0 1 2 1 1 0 2 2 4 3 5 9 0 18 14 0 0 0 0 0 0 0 0 0 0 0 0 0 0 0 0 0 
0 0 0 0 0 0 0 0 0 0 0 1 0 0 1 1 0 2 1 1 2 0 3 1 0 0 0 0 0 0 0 0 0 0 0 0 0 0 0 0 
0 0 0 0 0 0 0 0 0 0 1 0 1 0 1 0 0 2 0 0 1 0 0 0 0 1 0 0 0 0 0 0 0 0 0 0 0 0 0 0 
0 0 0 0 0 0 1 1 0 0 0 1 2 0 3 2 3 0 0 0 0 1 0 0 1 0 2 0 0 0 0 1 0 0 0 0 0 0 0 0 
0 0 0 0 0 0 0 0 0 0 0 0 0 0 0 1 0 1 0 0 0 0 1 0 0 0 0 0 0 0 0 0 0 0 0 0 0 0 0 0 
0 1 0 0 0 0 0 0 0 0 0 0 1 0 0 0 0 1 0 1 0 0 0 0 1 0 0 0 0 0 0 0 0 0 0 0 0 0 0 0 
0 0 0 0 1 1 1 0 1 0 0 2 0 0 1 0 1 3 3 2 0 0 0 0 1 0 0 0 0 0 0 0 0 0 0 0 0 0 0 0 
0 0 0 0 0 0 0 0 0 0 0 1 0 0 0 0 0 0 0 0 1 0 0 0 0 0 0 0 0 1 0 0 0 0 0 0 0 0 0 0 

0 1 0 0 1 0 0 1 1 0 0 0 0 0 0 0 0 1 4 2 0 1 0 0 0 0 0 0 0 0 0 0 0 0 0 0 0 0 0 0 
1 1 0 0 0 2 2 1 1 0 0 0 1 0 0 0 0 2 0 0 1 0 0 0 0 0 1 0 0 0 0 0 0 0 0 0 1 0 0 0 
0 0 0 0 0 0 0 0 0 2 1 2 0 1 0 0 0 0 0 0 0 0 0 1 0 0 0 0 0 0 0 0 0 0 0 0 0 0 0 0 
0 0 0 0 0 0 1 0 0 1 2 0 1 0 0 0 0 2 1 0 1 0 0 0 0 0 0 0 0 0 0 0 0 0 1 0 0 0 0 0 
0 0 0 0 0 0 1 3 1 3 0 2 0 0 1 0 0 1 0 0 0 0 0 0 0 0 1 0 0 0 0 0 0 0 0 0 0 0 0 0 
0 0 0 0 0 0 1 1 1 0 1 0 1 0 0 0 0 1 0 1 0 0 0 1 1 0 0 0 0 0 0 0 0 0 0 0 0 0 0 0 
0 0 0 0 0 0 1 0 0 1 1 0 0 0 0 0 0 1 0 0 0 1 0 0 0 1 1 1 0 0 0 0 0 0 0 0 0 0 0 0 
0 0 1 1 0 0 0 0 0 0 0 0 0 2 1 2 0 2 0 1 0 0 0 0 1 1 1 0 0 0 0 0 0 0 0 0 0 0 0 0 
0 0 0 0 1 0 0 0 0 0 0 1 0 0 0 1 0 1 0 0 1 0 1 1 0 0 0 0 0 0 0 0 0 0 0 0 0 0 0 0 
0 0 0 0 0 0 0 0 1 1 0 2 0 0 0 1 1 1 1 2 0 1 2 2 2 0 1 0 0 0 0 0 0 0 0 0 0 0 0 0 
0 0 0 0 1 0 0 1 1 2 0 1 0 2 1 0 2 2 3 1 1 4 4 2 2 1 3 1 0 0 1 0 1 0 0 0 0 0 0 0 
1 0 0 0 0 0 0 0 1 0 0 0 0 0 0 0 0 0 2 4 1 3 11 2 6 0 1 0 0 0 0 0 0 0 0 0 0 0 0 0 
0 0 0 0 0 1 0 0 0 0 0 0 0 0 1 3 1 2 3 12 1 22 12 2 4 5 2 2 2 0 0 0 0 0 0 0 0 0 0 0 
0 0 2 0 1 1 0 0 0 2 4 1 2 5 3 4 4 8 12 8 28 55 30 8 5 6 3 3 1 1 0 2 2 1 0 1 1 1 0 1 
0 0 0 0 0 3 0 0 0 0 0 2 0 6 2 1 1 3 8 19 57 132 64 13 5 7 4 7 0 2 0 1 1 0 1 0 0 1 0 2 
0 1 0 0 0 0 0 0 1 0 0 1 0 1 1 0 4 4 3 7 22 40 29 5 4 3 1 1 0 0 0 0 1 0 1 0 0 0 0 0 
0 0 0 0 0 0 0 0 1 1 0 6 1 3 2 2 4 4 8 6 1 17 17 0 1 0 0 0 0 0 0 0 0 0 0 0 0 0 0 0 
0 0 0 0 0 0 0 0 0 0 0 0 2 1 1 1 1 2 1 2 1 3 3 0 0 3 0 0 1 0 0 0 0 0 0 0 0 0 0 0 
0 0 1 0 0 0 0 0 0 0 0 0 0 0 2 1 0 0 0 0 0 1 2 0 0 1 1 0 0 0 0 0 0 0 0 0 0 0 0 0 
0 0 0 0 0 1 0 0 0 0 1 0 0 1 4 0 0 3 0 0 0 0 3 0 1 1 0 0 0 0 1 0 0 0 0 0 0 0 0 0 
0 0 0 0 0 0 0 0 0 0 1 0 0 0 0 2 0 0 0 1 0 0 0 0 0 0 0 0 0 0 0 0 0 0 0 0 0 0 0 0 
0 0 0 0 0 0 1 0 0 1 0 0 1 1 1 1 1 0 0 0 0 0 0 0 0 0 0 0 0 0 0 0 0 0 0 0 0 0 0 0 
0 0 0 0 0 0 0 0 0 1 0 0 2 0 0 2 1 0 0 0 1 2 0 0 0 0 0 0 0 0 0 0 0 0 0 0 0 0 0 0 
0 0 0 0 0 0 0 0 0 1 0 0 0 0 0 0 0 0 0 0 0 0 0 0 0 0 0 0 0 0 0 0 0 0 0 0 0 0 0 0 

0 0 0 0 0 1 0 5 0 0 1 0 0 0 0 1 0 0 2 2 0 1 0 0 0 0 1 0 0 0 0 0 0 0 0 0 0 0 0 0 
1 2 0 0 0 0 1 1 2 1 0 1 0 0 0 0 1 2 1 0 0 0 0 0 0 0 0 0 0 0 0 0 0 0 0 0 0 0 0 0 
0 0 0 0 0 0 0 0 1 0 0 1 1 1 0 0 0 0 0 0 0 0 0 0 0 0 0 0 0 0 0 0 0 0 0 0 0 0 0 0 
0 0 0 0 1 0 0 1 1 2 0 0 0 0 0 1 1 0 0 0 0 1 1 0 0 0 0 1 0 0 0 0 0 1 0 0 0 0 0 1 
0 0 0 0 2 0 0 1 0 1 2 0 0 0 0 1 0 2 1 0 1 0 0 0 0 1 0 0 0 0 0 0 0 0 0 0 0 0 0 0 
0 0 0 0 0 0 0 0 0 0 0 0 0 1 0 0 0 1 0 0 0 2 0 0 0 1 0 0 0 1 0 0 0 0 0 0 0 0 0 0 
0 0 0 0 0 0 0 0 0 0 0 1 0 1 0 0 0 4 0 0 0 0 1 0 0 0 1 0 0 0 0 0 0 0 0 0 0 0 0 0 
0 0 1 0 0 0 0 2 1 0 0 1 0 0 0 0 0 2 1 0 1 1 2 0 0 0 0 0 0 1 0 0 0 0 0 0 0 1 0 0 
0 0 1 0 0 0 0 0 0 0 0 0 1 0 0 0 2 1 0 1 0 2 0 1 2 0 1 0 0 0 0 0 0 0 0 0 0 0 0 0 
0 0 0 0 0 0 0 0 0 0 0 1 1 3 0 0 0 2 0 1 3 0 0 0 0 0 0 0 0 0 0 0 0 0 0 0 0 0 0 0 
0 0 0 0 0 0 1 0 1 1 3 1 1 1 0 1 2 0 1 4 0 0 5 3 0 1 1 0 0 0 0 1 0 0 0 0 0 0 0 0 
0 0 0 0 0 0 0 0 0 0 0 0 0 1 0 1 3 0 2 2 0 0 6 2 2 2 0 1 0 0 0 0 0 0 0 0 0 0 1 0 
1 0 0 0 0 0 0 0 1 1 1 2 0 0 0 1 3 5 4 4 7 14 17 5 7 0 5 0 0 0 0 0 1 0 0 0 0 0 0 0 
0 1 1 0 0 0 1 0 0 0 2 1 1 2 1 3 2 6 10 9 21 55 39 10 4 0 4 0 1 0 2 0 0 1 0 0 0 1 1 1 
0 0 1 0 0 0 1 0 1 0 0 0 0 2 4 2 3 2 8 24 48 416 91 26 11 3 3 5 3 2 2 2 3 1 1 0 0 2 0 1 
0 0 0 1 0 1 0 0 1 0 0 0 2 3 0 1 1 5 2 20 20 54 50 19 9 7 4 0 2 3 1 0 1 0 0 1 0 1 0 0 
0 0 0 0 1 0 0 1 0 1 1 1 0 0 0 1 0 0 3 11 2 17 8 1 2 0 0 1 0 0 0 0 0 0 0 0 0 0 0 0 
0 0 0 0 0 0 0 0 0 0 1 1 0 0 1 1 3 4 2 0 0 2 4 1 0 0 0 0 0 0 0 0 0 0 0 0 0 0 0 0 
1 0 0 0 0 0 0 0 0 0 0 0 0 1 0 0 1 0 0 0 2 3 3 2 0 1 1 0 0 0 0 0 0 0 0 0 0 0 0 0 
0 0 0 0 0 0 1 0 1 2 0 1 3 1 5 0 0 0 0 0 0 0 0 0 1 0 1 0 0 0 0 0 0 0 0 0 0 0 0 0 
0 0 0 0 0 0 1 0 0 0 0 0 0 0 0 1 0 2 0 1 0 1 0 0 0 0 0 0 1 0 0 0 0 0 0 0 0 0 0 0 
0 0 0 0 0 0 0 0 0 0 0 0 0 0 2 0 0 0 0 0 0 0 0 0 1 1 0 0 0 0 0 0 0 0 0 0 0 0 0 0 
0 0 0 0 0 0 0 0 0 0 0 2 1 0 2 2 0 1 0 0 2 1 0 0 0 0 0 0 0 0 0 0 0 0 0 0 0 0 0 0 
0 0 0 0 0 0 1 0 0 1 0 0 0 0 0 0 0 0 0 0 0 1 0 0 0 0 0 0 0 0 0 0 0 0 0 0 1 0 0 0 

0 0 0 1 1 0 1 5 4 0 0 0 0 0 0 0 0 0 4 0 0 0 0 0 0 0 2 0 0 0 0 0 0 0 0 0 0 0 0 0 
0 0 0 0 0 0 3 7 4 2 0 2 4 1 0 1 2 3 0 2 1 0 0 0 0 0 0 0 0 0 0 0 0 0 0 0 0 0 0 0 
0 0 0 1 0 1 0 1 0 2 2 1 0 0 0 0 0 1 2 0 2 1 0 0 1 0 0 0 1 0 0 0 0 0 0 0 0 0 0 0 
0 0 0 0 0 0 0 1 1 2 0 2 1 0 0 0 1 0 0 1 0 0 0 0 0 0 0 0 1 0 0 0 0 0 0 0 0 0 0 0 
0 1 1 2 1 0 2 1 2 7 3 1 0 0 0 1 1 1 0 1 0 0 0 1 0 1 0 0 1 1 0 0 0 0 0 0 0 0 0 0 
0 0 0 0 1 0 1 0 1 2 1 2 0 0 0 0 1 0 0 0 0 0 0 0 2 1 0 0 0 0 0 0 0 0 0 0 0 0 0 0 
1 0 0 0 0 0 0 0 0 3 0 0 0 0 0 1 0 0 0 0 0 0 0 0 0 1 1 0 0 0 1 0 0 0 0 0 0 0 0 0 
0 0 0 0 0 1 1 0 2 1 2 1 1 1 0 0 1 4 2 1 1 0 0 1 1 2 0 1 0 0 0 0 0 0 0 0 0 0 0 0 
0 0 0 0 0 0 0 1 0 1 0 1 0 0 0 0 0 3 0 4 0 2 1 2 0 0 0 0 1 0 0 0 0 0 0 0 0 0 0 0 
0 0 0 0 0 0 0 1 0 0 0 0 0 0 0 0 0 2 0 4 1 1 0 3 0 0 0 0 1 0 0 0 0 0 0 0 1 0 0 0 
0 0 0 0 0 1 0 3 0 2 1 3 6 0 1 2 3 1 2 5 4 0 2 1 0 3 0 3 1 0 0 0 0 0 0 0 0 0 0 0 
0 0 0 0 0 1 0 0 1 1 1 2 2 0 1 2 4 0 4 2 1 8 5 4 2 0 0 0 0 0 0 0 1 0 0 0 0 1 0 0 
0 0 0 0 0 1 0 0 0 0 0 0 2 2 2 0 3 0 5 4 6 17 15 5 4 0 4 0 0 0 0 0 0 1 0 0 0 0 0 0 
0 0 0 0 1 1 1 1 1 1 2 1 2 4 2 2 2 12 11 20 30 218 40 10 4 4 2 3 3 0 1 0 0 0 0 0 0 1 0 0 
0 0 1 0 0 0 0 0 0 0 3 0 3 0 2 1 3 4 5 11 24 81 35 11 1 3 1 2 2 1 0 0 0 0 0 0 0 0 0 0 
0 0 1 0 0 0 0 0 1 0 0 0 1 0 0 0 2 8 2 10 16 32 28 11 10 0 4 0 1 0 1 0 0 0 0 0 1 0 0 0 
0 0 0 1 0 0 0 0 0 1 2 3 1 3 0 0 1 0 7 8 2 18 7 0 2 1 1 0 0 0 0 0 0 0 0 0 0 0 0 1 
0 0 0 0 0 0 0 0 0 2 0 0 1 1 0 0 0 1 1 0 0 1 4 0 0 0 1 0 0 0 0 0 0 0 0 0 0 0 0 0 
0 0 0 0 0 0 1 0 0 0 0 0 0 1 0 0 0 0 0 0 0 0 0 0 1 2 0 0 0 0 0 0 0 0 0 0 0 0 0 0 
0 0 0 0 1 0 1 0 0 5 1 1 0 1 1 2 2 2 0 1 1 1 0 0 0 0 0 0 0 0 0 0 0 0 0 0 0 0 0 0 
0 0 1 0 0 0 0 0 0 1 0 0 0 0 0 1 0 0 0 0 1 0 0 0 0 0 0 0 1 0 0 0 0 0 0 0 0 0 0 0 
1 0 0 0 0 0 0 0 0 0 0 0 0 1 1 0 0 0 0 0 1 0 1 0 0 1 0 0 0 0 0 0 0 0 1 1 0 0 0 0 
0 0 0 0 0 0 0 0 1 1 0 0 1 3 2 1 5 3 1 0 0 1 0 0 1 0 0 0 0 0 1 0 0 0 0 0 0 0 0 0 
0 0 0 0 0 0 0 0 0 0 0 1 0 1 0 0 0 0 0 0 0 0 0 0 0 0 0 0 0 0 0 0 0 0 0 0 0 0 0 0 

0 0 0 0 0 5 2 10 3 2 1 0 2 1 0 1 0 5 2 0 0 1 0 0 0 0 0 0 0 0 0 0 0 0 0 0 0 0 0 0 
0 0 0 3 0 1 2 2 1 1 1 0 1 1 1 0 0 3 0 1 1 3 2 0 0 0 0 1 0 0 0 0 0 0 0 0 0 0 0 0 
0 0 0 0 0 1 0 2 0 0 1 0 2 0 2 0 1 1 1 0 0 0 1 0 1 0 0 0 0 0 0 1 0 0 0 0 0 0 0 0 
2 0 0 0 0 1 1 5 0 1 1 0 0 0 0 1 1 2 2 2 1 1 1 1 0 0 0 2 0 0 0 0 0 0 0 0 0 0 0 0 
0 0 1 0 1 1 5 3 1 3 2 1 1 3 1 1 1 4 2 0 1 0 1 0 1 1 0 0 0 0 0 0 0 0 0 0 0 0 0 0 
0 0 0 1 0 0 0 1 1 0 0 0 0 0 1 0 0 0 0 0 1 1 0 0 0 0 0 0 0 0 0 0 0 0 0 0 0 0 0 0 
0 0 0 0 0 1 0 1 0 1 1 1 1 0 1 0 3 3 3 0 0 1 1 1 1 0 1 0 0 0 0 0 0 0 0 0 0 0 0 0 
1 0 0 1 0 0 0 2 1 0 5 2 0 1 2 1 2 3 1 1 0 1 0 2 3 1 1 0 0 0 0 0 0 0 0 0 0 1 0 0 
0 1 0 0 0 0 1 0 1 0 0 1 0 1 1 1 1 1 1 2 1 0 2 2 1 0 1 0 0 0 0 0 0 0 0 0 0 0 0 0 
0 1 0 0 0 0 0 1 1 0 1 0 1 0 0 1 1 1 2 2 1 0 5 1 1 0 2 2 0 0 0 0 0 0 0 0 0 0 0 0 
0 0 0 0 1 1 0 1 1 2 2 2 2 2 0 0 3 3 0 0 4 3 4 1 2 1 0 0 0 1 1 0 0 0 0 0 0 0 0 0 
0 0 0 0 0 0 0 0 0 0 1 2 0 1 0 1 0 0 1 0 3 5 5 6 1 0 1 0 0 1 0 0 0 0 1 0 0 0 0 0 
1 0 0 0 0 0 0 1 1 3 1 3 1 2 2 1 2 1 3 5 4 15 18 1 4 2 2 0 0 0 0 1 0 0 0 0 0 0 0 1 
0 1 1 0 0 0 0 2 1 1 4 1 0 7 6 5 3 6 4 14 26 110 21 8 3 3 2 0 1 1 0 0 0 0 0 1 0 0 0 0 
0 0 0 0 0 0 0 0 0 0 0 0 2 0 1 3 1 2 5 1 19 33 17 6 4 0 1 2 0 1 0 0 0 0 0 0 0 0 0 2 
0 0 0 1 0 0 0 0 0 0 0 0 0 0 0 2 0 3 2 2 7 13 12 5 7 3 4 0 1 1 0 0 0 0 0 1 0 0 0 0 
0 0 0 0 0 0 1 0 1 2 0 1 0 0 3 0 0 4 3 2 0 5 3 1 1 0 0 0 0 0 0 0 0 0 0 0 0 0 0 0 
0 0 0 0 0 0 0 0 0 0 0 0 1 0 1 1 0 0 1 1 0 2 2 1 1 0 0 0 0 0 0 0 0 0 0 0 0 0 0 1 
1 0 0 0 0 0 0 1 0 0 0 0 1 1 0 1 0 0 2 0 1 0 4 0 1 1 0 0 0 0 0 0 0 0 0 0 0 0 0 0 
0 0 0 0 0 1 0 0 0 1 0 2 1 1 4 0 3 2 1 0 0 0 1 0 0 1 1 0 0 0 0 0 0 0 0 0 0 0 0 0 
0 0 0 0 0 0 0 0 0 0 0 0 0 0 1 1 1 1 0 1 0 0 1 0 0 0 0 0 0 0 0 0 0 0 0 0 0 0 0 0 
1 0 0 0 0 0 0 0 0 0 0 0 0 1 1 1 1 0 0 0 0 0 1 0 0 0 0 0 0 0 0 0 0 0 0 0 0 0 0 0 
0 0 0 0 0 0 0 0 1 0 0 0 0 2 1 0 1 2 0 0 0 0 0 0 0 0 1 0 0 0 0 1 0 0 0 0 0 0 0 0 
0 0 0 0 0 0 0 0 0 0 2 0 0 0 0 0 1 1 0 0 0 0 0 0 0 0 0 0 0 0 0 0 0 0 0 0 0 0 0 0 

0 0 0 1 0 2 1 11 5 4 4 3 0 1 2 0 2 5 1 2 2 0 0 0 0 0 0 0 1 0 0 0 0 0 0 0 0 0 0 0 
0 1 0 1 1 1 2 11 9 3 7 2 1 1 1 2 4 6 1 2 3 0 1 0 0 0 0 0 0 0 1 0 1 0 0 0 0 0 0 0 
0 0 0 0 0 0 5 2 1 5 2 1 3 1 0 2 1 0 3 0 2 0 0 0 0 0 0 0 0 0 0 0 0 0 0 0 0 0 0 0 
0 0 0 0 0 1 2 5 1 8 1 2 0 0 1 1 3 3 4 0 1 0 0 1 0 0 0 0 0 0 0 0 0 0 0 0 0 0 0 0 
0 0 2 1 1 6 6 5 4 9 6 3 2 1 1 2 3 5 6 0 0 0 3 0 0 0 0 1 0 0 0 0 0 0 0 0 0 0 0 0 
1 1 0 2 0 2 2 2 4 2 2 3 1 3 1 2 0 5 3 2 1 2 1 1 0 0 0 1 1 0 0 0 0 0 0 0 0 0 0 0 
0 0 0 0 0 0 0 0 2 2 1 1 2 0 0 1 0 1 4 1 0 1 1 0 2 0 0 0 1 0 0 0 0 0 0 0 0 0 0 0 
0 0 0 1 1 0 4 2 4 3 1 1 1 2 2 4 2 4 5 6 4 2 0 0 1 0 2 0 0 1 0 1 1 0 0 0 0 0 0 1 
0 0 1 0 0 0 1 2 1 2 0 1 2 1 1 2 1 0 4 2 2 0 1 1 0 1 2 0 0 0 0 0 0 0 0 0 0 0 0 0 
0 0 1 1 0 0 0 1 0 0 0 1 1 1 0 2 1 4 1 1 1 0 2 2 0 2 0 0 1 0 0 0 0 1 0 0 0 0 0 0 
1 0 0 0 1 0 2 1 2 2 1 6 7 1 9 2 1 6 5 6 4 4 3 2 1 0 1 2 1 0 0 0 0 0 0 0 0 0 0 0 
0 0 0 0 0 1 0 0 1 2 3 1 2 2 0 1 8 4 1 7 2 11 3 4 1 1 1 0 0 0 0 0 0 0 0 0 0 0 0 0 
1 0 0 0 0 0 0 3 0 1 3 0 2 1 1 2 1 4 1 11 3 14 20 6 9 1 1 0 0 0 0 0 0 0 0 0 0 0 0 0 
1 0 0 1 1 0 1 4 3 7 7 12 9 2 4 4 9 14 23 31 48 138 15 9 5 1 0 3 2 1 0 1 0 0 0 0 1 0 0 0 
1 0 0 1 0 0 1 0 1 1 2 4 5 2 1 1 3 1 8 6 9 16 10 7 0 0 2 0 1 0 0 0 0 0 0 0 1 0 0 0 
0 0 0 1 0 0 0 2 0 0 0 1 0 3 0 0 3 2 3 1 8 8 11 3 3 3 2 0 3 0 1 0 0 0 0 0 0 0 1 0 
0 0 0 0 0 1 1 2 1 0 3 5 2 1 5 8 9 7 4 8 4 4 4 1 2 0 1 0 0 0 0 0 0 1 0 0 0 0 0 0 
0 0 0 0 0 0 0 1 2 1 2 1 0 1 1 3 0 1 4 1 1 2 1 1 0 0 0 0 0 0 0 0 0 0 0 0 0 0 0 0 
0 0 0 0 0 1 0 0 0 0 1 1 0 0 1 2 1 2 2 0 2 1 1 4 1 0 0 0 0 0 0 0 0 0 0 0 0 0 0 0 
0 0 0 0 0 1 0 1 1 1 1 2 1 1 2 2 2 4 2 0 0 0 2 0 1 0 0 0 0 0 0 0 0 0 0 0 0 0 0 0 
0 0 0 0 0 0 0 1 0 0 0 0 1 2 1 0 1 0 0 1 0 1 0 0 0 0 0 0 0 0 0 0 0 0 0 0 0 0 0 0 
0 0 0 0 0 0 0 0 0 0 0 0 1 1 0 0 1 1 1 1 0 0 1 0 2 1 0 0 0 0 0 0 0 0 0 0 0 0 0 0 
0 0 0 0 0 0 0 0 0 1 1 1 1 2 1 2 1 3 0 1 0 0 0 0 0 1 0 0 0 0 0 0 0 0 0 0 0 0 1 0 
0 0 0 0 0 0 0 1 0 1 0 1 2 0 0 0 0 0 1 0 0 0 0 0 0 0 0 0 0 0 0 0 0 0 0 0 0 0 0 0 

1 0 0 1 0 8 1 13 14 6 9 9 1 0 3 4 1 9 6 2 3 1 0 0 1 1 0 1 0 0 1 0 0 0 0 0 0 0 0 0 
3 0 0 0 0 1 2 11 4 9 4 1 2 0 0 1 1 11 2 4 3 0 1 0 1 0 0 0 0 0 0 0 0 0 0 0 0 0 0 0 
1 1 0 0 0 0 0 6 1 1 3 3 2 2 0 1 0 0 1 0 0 0 0 1 0 0 0 0 0 0 0 0 0 0 0 0 0 0 0 0 
2 0 0 1 0 0 0 4 5 8 6 8 2 2 3 2 2 5 4 2 0 0 0 1 0 0 0 0 0 0 0 0 0 0 0 0 0 0 0 0 
1 1 0 0 2 1 5 9 4 6 3 3 3 1 0 1 4 5 4 2 2 0 1 0 2 0 0 0 0 0 0 0 0 0 0 0 0 0 0 0 
0 0 1 0 0 2 2 1 1 1 2 0 3 2 1 2 0 2 1 3 0 0 0 0 0 0 1 0 0 0 0 0 0 0 0 0 0 0 0 0 
1 0 0 0 0 0 0 1 3 2 4 2 6 0 3 0 2 0 3 3 2 1 0 1 0 0 0 0 0 0 0 0 0 0 0 0 0 0 0 0 
0 0 0 0 0 1 2 0 2 2 5 2 1 1 1 2 4 7 4 3 2 0 0 0 0 1 2 0 0 0 1 0 0 0 0 0 0 0 1 0 
0 0 0 0 1 0 3 1 1 2 2 1 0 2 1 2 1 0 0 0 3 0 2 0 0 1 0 1 0 0 0 0 0 0 0 0 0 0 0 0 
0 1 1 0 0 1 0 3 0 1 2 3 2 1 2 4 1 3 1 3 2 0 3 1 2 1 0 0 0 0 2 0 0 0 0 0 0 0 0 0 
0 1 0 2 1 2 0 1 4 3 1 15 4 6 3 2 2 2 4 3 2 0 2 7 3 1 1 1 0 0 0 1 0 0 0 0 0 0 0 0 
0 1 0 1 0 0 0 0 0 0 1 1 1 0 3 2 1 4 2 4 4 0 6 7 3 1 0 0 0 0 0 0 0 0 0 0 0 0 0 0 
1 0 0 0 0 0 0 0 0 3 1 2 3 4 1 2 1 3 4 11 13 19 25 4 6 1 3 1 0 0 0 1 0 0 0 0 0 0 0 0 
1 0 0 0 0 1 3 1 1 0 12 7 6 3 15 6 7 13 17 28 36 156 20 10 2 5 3 2 0 2 0 0 0 0 0 1 1 0 0 1 
0 0 0 0 0 1 1 0 2 1 0 0 5 0 1 2 3 1 1 4 2 7 3 4 1 2 0 0 0 1 0 1 0 0 0 0 0 0 0 1 
1 0 0 0 0 0 0 0 1 0 1 1 3 3 1 1 0 2 3 4 9 5 7 1 2 3 1 0 0 0 0 0 0 0 0 0 0 0 0 0 
0 0 0 0 0 0 3 1 0 2 1 2 2 2 1 3 7 5 7 2 2 4 1 0 1 1 2 0 0 0 0 0 0 0 0 0 0 0 0 0 
0 0 0 0 1 0 0 0 0 1 0 0 1 0 0 1 3 1 2 2 0 0 2 1 0 0 1 0 0 0 0 0 0 0 0 0 0 0 0 0 
0 0 0 0 0 0 0 0 0 0 0 0 2 1 1 3 1 3 1 1 1 1 3 0 0 0 0 0 0 0 0 1 0 0 0 0 0 0 0 0 
0 0 0 0 1 0 2 3 1 0 1 2 5 3 2 0 1 4 3 0 1 1 1 0 0 0 0 0 1 0 0 0 0 0 0 1 0 0 0 0 
0 0 0 0 0 0 0 0 0 1 0 2 3 0 1 2 1 0 0 0 1 1 0 0 0 0 0 0 0 0 0 0 0 0 0 0 0 0 0 0 
0 0 0 0 0 0 1 0 0 1 0 2 2 0 0 1 0 1 0 0 0 1 1 0 1 2 0 0 0 0 0 0 1 0 0 0 0 0 0 0 
0 0 0 0 0 0 0 1 1 2 1 4 3 2 0 3 3 1 0 0 1 1 3 0 0 2 0 0 0 0 0 0 0 0 0 0 0 0 0 0 
0 0 0 0 0 0 0 0 0 0 0 0 1 0 0 1 0 0 0 0 0 2 0 0 0 0 0 0 0 0 0 0 0 0 0 0 0 0 0 0 

3 0 0 0 1 10 7 20 22 9 3 4 1 2 0 4 3 25 10 3 0 1 0 0 0 0 0 0 0 0 0 0 0 0 0 0 0 0 0 0 
1 2 0 0 1 10 16 38 28 12 9 3 1 2 0 2 5 17 7 3 4 5 1 2 2 0 0 1 0 2 0 0 0 0 0 0 0 0 0 0 
2 0 2 1 2 4 18 30 41 28 6 11 5 1 1 1 2 5 7 4 5 2 1 0 0 0 0 0 1 0 0 0 1 0 0 0 0 0 0 0 
0 0 0 0 2 2 2 13 13 22 18 6 6 1 4 2 2 7 2 2 8 2 0 2 1 2 0 0 0 0 0 0 0 0 0 0 0 0 0 0 
0 1 1 2 10 8 9 15 16 30 10 5 4 3 4 4 1 11 8 3 2 2 2 0 1 0 0 1 2 1 1 0 0 0 0 0 0 0 0 0 
0 0 0 0 3 2 3 4 6 8 12 5 4 3 3 0 2 2 2 2 1 1 0 2 0 0 0 0 0 2 0 1 0 0 0 0 0 0 0 0 
0 2 0 1 0 1 4 4 4 6 9 5 3 1 0 4 2 5 2 2 3 0 2 1 0 2 1 0 0 0 1 0 0 0 0 0 0 0 0 0 
0 0 0 0 2 0 5 4 11 8 11 4 2 4 5 8 8 9 7 2 7 0 0 2 1 0 0 0 1 0 0 0 0 0 0 0 0 0 0 0 
0 0 1 0 0 0 0 4 3 4 4 5 6 2 1 0 1 4 4 2 1 1 1 3 1 0 1 0 1 1 0 0 0 0 0 0 0 0 0 0 
0 0 0 0 0 2 1 2 5 1 5 7 6 5 3 1 3 2 5 6 3 3 3 1 1 0 0 0 0 1 0 0 0 0 0 0 0 0 0 0 
1 0 0 0 2 3 2 2 4 11 7 12 9 6 7 10 4 11 6 4 6 6 5 3 0 1 1 0 2 0 1 0 0 0 1 0 0 0 1 0 
0 0 1 0 1 2 1 2 5 3 3 10 2 4 2 3 8 3 9 12 13 3 11 5 3 2 2 0 1 0 1 0 0 0 0 0 0 0 0 0 
0 2 0 0 1 1 0 0 1 3 1 4 7 3 5 5 4 9 8 15 16 27 23 7 2 2 2 0 0 0 0 0 0 0 0 0 0 0 0 0 
0 1 0 2 2 1 2 3 4 8 8 21 13 7 14 10 16 19 28 50 187 167 17 10 4 2 2 2 2 1 0 2 1 1 0 1 0 1 0 0 
0 0 0 0 0 0 0 0 1 1 4 11 9 4 5 3 8 4 10 17 37 25 17 2 4 3 1 0 3 2 1 0 0 0 0 0 0 0 1 0 
0 0 0 0 0 0 0 2 1 2 0 4 3 2 2 0 2 6 5 6 16 9 5 6 4 1 1 0 0 0 0 0 0 0 0 0 0 0 0 0 
1 0 0 1 0 0 2 2 2 1 3 8 7 7 6 2 2 4 3 9 3 1 3 0 0 1 0 1 0 0 0 0 0 0 0 0 0 0 0 0 
0 0 0 0 0 0 0 0 2 0 1 1 2 4 3 4 2 1 2 3 1 2 5 1 0 0 0 0 0 1 0 0 0 0 0 0 0 0 0 0 
0 0 0 0 0 0 0 0 3 0 2 1 2 0 1 2 4 0 1 4 3 0 5 3 1 2 0 1 0 0 1 0 0 0 0 1 0 0 0 0 
0 0 0 0 1 0 0 2 2 3 2 3 4 4 2 3 5 4 1 1 1 1 0 0 0 0 0 0 0 0 0 0 0 0 0 0 0 0 0 0 
0 0 1 0 0 1 1 1 2 2 0 3 2 0 5 2 0 1 3 0 0 0 2 0 1 0 0 0 0 1 0 0 0 0 0 0 0 0 0 0 
0 0 0 0 1 1 0 1 0 2 0 1 2 1 1 2 1 0 2 0 0 0 2 0 1 1 0 0 0 0 0 0 0 1 0 0 0 0 0 0 
0 1 0 0 0 0 2 3 0 0 1 2 3 3 5 2 2 3 1 1 0 0 0 1 0 1 0 0 0 0 0 0 0 0 0 0 0 0 0 0 
0 0 0 0 0 0 0 0 0 0 0 1 2 1 1 3 1 1 0 1 0 1 0 0 0 0 0 0 0 0 0 0 0 0 0 0 0 0 0 0 

0 1 0 0 2 6 5 218 152 10 6 3 0 6 2 6 3 51 21 8 3 4 2 1 0 0 0 0 2 0 0 0 0 0 0 0 0 0 0 0 
0 1 0 0 0 5 13 61 102 19 10 6 5 0 4 3 10 19 12 5 4 3 1 1 1 0 1 0 1 0 0 0 0 0 0 0 0 0 0 1 
1 3 2 1 7 14 18 37 82 29 13 9 5 4 1 2 3 10 4 3 1 1 1 1 0 0 1 0 0 0 1 0 0 0 0 0 0 0 0 0 
1 2 1 1 4 4 7 13 40 46 32 6 7 2 1 4 1 13 14 3 7 1 3 1 0 0 2 0 1 0 1 0 0 0 0 0 0 0 1 0 
3 0 2 0 2 3 4 3 22 31 22 4 3 3 1 3 4 20 9 6 5 4 0 1 0 2 0 0 0 1 0 0 0 0 0 0 0 0 0 1 
0 1 0 1 0 1 2 2 6 11 12 5 5 4 3 1 1 3 3 1 0 3 1 1 0 0 2 0 0 0 0 0 0 0 0 0 0 0 0 0 
0 1 1 1 0 1 3 6 3 16 17 8 7 5 1 4 6 10 2 3 4 2 0 0 0 0 0 0 0 0 0 0 0 0 0 0 0 0 1 0 
0 0 3 0 0 0 3 1 10 10 12 5 2 4 6 10 6 11 10 8 6 0 2 2 1 0 3 0 0 0 0 0 0 0 1 0 0 0 0 0 
0 1 1 0 1 1 0 4 3 3 10 8 2 2 3 3 2 1 4 5 5 1 1 2 0 1 0 0 0 0 0 1 0 0 1 0 0 0 0 0 
2 1 0 0 1 1 0 5 3 4 12 20 9 7 4 2 4 5 8 4 5 1 4 1 1 1 0 1 0 0 0 0 0 0 0 0 0 0 0 0 
1 0 0 2 0 0 3 2 6 10 9 22 12 5 8 13 7 4 10 3 7 4 6 4 2 2 4 0 0 0 0 0 0 0 0 0 1 0 0 0 
0 1 0 0 0 1 2 0 2 8 1 4 3 2 4 4 6 4 9 8 6 5 6 4 5 1 0 0 2 1 0 0 0 0 0 0 0 0 2 0 
1 0 0 0 0 0 0 2 0 3 7 9 10 8 7 8 6 20 15 31 39 22 22 3 7 0 1 1 0 2 1 0 1 0 0 0 0 0 0 0 
0 1 0 1 1 1 2 2 5 4 8 18 14 21 9 13 13 32 31 138 377 58 12 7 1 4 1 6 2 1 1 0 0 0 0 1 0 0 0 0 
0 0 0 0 0 1 0 0 0 1 1 7 3 2 5 4 7 7 10 24 43 32 14 5 4 0 2 1 1 1 2 0 0 0 0 0 1 1 0 0 
2 1 0 0 0 1 0 0 0 3 0 7 5 5 6 5 3 4 12 8 12 9 7 7 4 3 2 0 1 0 0 0 0 0 1 0 0 0 0 1 
0 0 0 0 0 1 0 2 3 4 5 6 9 0 9 5 6 7 9 6 7 2 0 1 1 0 0 0 0 0 0 0 0 0 0 0 0 0 0 0 
0 0 0 1 0 0 1 1 0 1 2 2 2 1 2 2 1 1 3 7 2 0 0 2 0 0 1 0 0 0 0 0 0 0 0 0 0 0 0 0 
0 0 0 0 0 1 0 0 0 1 4 8 3 3 6 2 1 2 5 1 4 1 7 1 1 0 1 0 0 0 0 0 0 0 0 0 0 0 0 0 
0 0 1 1 0 0 1 0 1 1 4 1 9 2 6 3 2 8 1 1 0 0 1 0 0 1 0 0 0 0 0 0 0 0 0 0 0 0 0 0 
0 0 0 0 1 0 0 0 1 0 0 0 0 1 0 3 2 2 3 1 1 0 0 1 0 0 0 0 0 0 0 0 0 0 0 0 0 0 0 0 
0 0 0 0 0 0 0 0 1 0 0 1 2 2 1 2 2 2 0 1 0 0 1 0 0 0 1 0 0 0 0 0 0 0 0 0 0 0 0 0 
0 0 0 0 1 2 0 0 3 1 3 4 5 7 7 3 1 3 2 1 2 3 1 1 1 0 0 0 0 0 0 0 0 0 0 0 0 0 0 0 
0 0 0 0 0 0 0 1 0 1 0 0 2 0 1 0 0 0 0 1 0 0 1 1 1 0 0 0 0 0 0 0 0 0 0 0 0 0 0 0 

1 1 0 2 2 7 8 559 248 14 5 7 4 5 4 9 25 401 38 4 6 4 1 0 0 0 0 1 0 0 0 0 0 0 0 0 0 0 0 0 
3 1 0 2 0 7 21 108 466 22 12 5 4 5 5 8 38 120 44 9 6 1 4 0 1 0 2 2 1 1 0 0 0 0 0 0 0 0 0 0 
0 3 0 1 4 4 7 31 314 27 19 9 3 7 8 17 46 76 39 10 13 8 6 4 2 2 1 0 1 0 0 0 0 0 0 0 0 0 0 0 
3 1 1 1 2 3 5 13 457 70 32 6 2 5 4 5 13 35 26 6 5 3 3 1 1 0 1 0 1 0 0 0 0 0 0 0 0 0 0 0 
0 2 1 2 3 5 12 27 278 181 42 9 4 10 10 10 11 38 15 12 6 2 1 2 0 3 0 0 2 0 0 0 0 0 0 0 0 0 0 0 
4 0 0 1 8 5 9 16 107 350 39 11 13 5 9 8 5 15 20 3 3 2 2 3 0 0 0 1 1 0 0 0 1 0 0 0 0 0 0 0 
0 1 0 1 0 0 0 8 23 276 59 9 11 8 5 4 11 9 10 3 4 3 6 2 1 1 2 2 0 0 0 0 0 0 0 0 0 1 0 0 
0 2 5 0 1 1 4 7 27 93 53 12 18 9 7 9 8 26 14 7 5 3 2 3 2 0 0 3 1 0 0 1 0 0 0 0 0 0 0 0 
0 1 1 1 3 1 2 8 10 49 68 22 9 7 8 6 7 6 2 6 3 4 0 1 0 1 0 1 0 0 0 1 0 0 0 0 0 0 0 0 
3 1 1 0 0 4 2 4 4 11 34 33 24 8 13 3 11 8 12 8 6 4 1 4 3 0 0 0 0 0 1 0 0 0 0 0 0 0 0 0 
1 0 3 1 3 1 8 6 10 29 55 54 31 16 9 8 11 21 16 14 5 7 4 3 2 2 1 2 1 1 0 0 1 0 0 1 0 0 0 0 
0 0 0 1 2 4 4 5 7 19 29 36 28 12 13 8 12 18 13 21 13 6 6 5 0 1 1 1 1 0 1 1 0 0 0 0 0 0 0 0 
0 2 1 2 0 1 1 7 4 5 13 18 15 4 13 5 9 26 25 40 37 15 21 1 4 0 4 1 0 1 0 1 0 0 0 0 0 0 0 0 
1 2 0 1 4 4 1 2 8 14 35 42 31 13 23 30 45 52 106 595 157 29 8 10 3 4 4 3 2 0 1 2 1 1 0 0 0 0 0 1 
0 0 0 2 5 4 2 2 6 10 10 16 16 14 7 13 23 43 61 63 49 13 9 8 4 6 1 1 1 1 0 1 1 1 1 0 0 0 0 0 
1 1 0 0 2 0 1 1 2 4 1 15 10 9 10 14 9 9 20 19 27 3 13 4 0 0 4 0 1 0 2 0 0 0 1 0 0 0 0 0 
0 1 2 3 0 0 0 1 4 9 13 30 20 14 12 10 15 11 12 8 8 2 1 1 3 3 0 0 0 0 0 0 0 0 0 0 0 0 0 0 
0 0 0 1 0 0 3 1 2 4 9 10 14 3 8 3 5 2 4 6 7 6 1 2 1 1 0 0 0 1 0 0 0 1 0 0 0 0 0 0 
0 0 0 0 2 1 0 0 1 3 1 9 4 2 3 4 2 3 2 2 1 2 1 0 0 2 1 0 0 0 0 0 0 0 0 0 0 0 0 0 
1 0 0 0 1 0 2 2 2 3 4 11 4 10 6 5 1 9 1 3 3 0 0 1 1 0 1 4 0 0 0 0 1 0 0 0 0 0 0 0 
0 0 0 1 0 1 1 0 3 2 3 6 4 2 6 2 5 0 2 2 1 1 0 0 2 1 2 0 0 2 0 0 0 0 0 0 0 0 0 0 
0 0 0 2 0 1 0 0 1 2 0 2 2 1 4 3 4 1 1 1 0 0 0 1 1 1 2 1 0 0 0 3 0 0 0 0 0 0 0 0 
0 0 1 1 0 1 1 2 1 2 4 5 10 13 8 5 9 6 4 4 0 0 1 1 3 0 1 0 0 0 0 0 0 0 0 0 0 0 0 0 
1 0 0 0 2 0 2 0 0 1 3 5 5 7 1 2 3 4 1 1 1 0 4 38 3 0 1 0 0 0 1 0 0 0 0 0 0 0 0 0 

0 0 0 1 1 8 7 37 36 15 5 9 4 4 3 15 2 113 36 5 6 6 3 2 1 0 0 0 0 1 0 0 0 0 0 0 0 0 0 0 
2 1 1 2 3 2 11 14 35 14 14 10 9 6 6 10 61 112 51 7 16 10 4 3 2 1 1 0 0 1 0 0 0 0 0 0 0 0 0 0 
7 0 3 2 4 5 7 21 28 25 16 6 4 6 9 8 39 236 34 14 10 8 5 4 4 0 0 1 2 1 0 1 0 0 0 0 0 0 1 0 
2 1 1 2 3 3 5 16 20 35 27 4 2 3 2 10 27 200 52 5 2 2 3 1 2 2 1 1 0 0 2 0 0 0 0 0 0 0 0 0 
4 1 3 1 3 1 5 10 32 39 25 9 9 1 8 12 13 59 21 9 2 3 1 1 2 2 2 1 0 1 0 0 0 0 0 0 0 0 0 0 
0 1 5 1 1 4 8 17 37 54 27 12 17 5 6 6 9 13 16 11 9 3 2 1 0 1 1 0 1 0 0 0 0 0 0 0 0 0 0 0 
0 0 0 2 1 7 4 10 34 85 49 8 13 6 7 14 9 19 19 2 9 5 6 1 4 1 1 2 0 0 0 0 0 1 0 0 0 0 0 0 
2 0 1 1 3 3 6 9 7 66 46 11 8 5 3 12 15 16 10 4 3 2 5 5 3 2 1 0 3 0 1 0 0 0 0 0 0 0 0 0 
3 1 0 3 3 2 5 8 9 69 120 16 13 8 10 6 5 3 7 3 3 4 4 2 1 1 0 2 0 0 0 0 0 1 0 0 0 0 1 0 
0 0 1 1 1 6 5 9 7 43 350 51 29 13 12 5 9 15 15 4 6 0 6 1 2 0 1 1 2 0 0 0 0 0 1 0 0 0 0 0 
0 0 0 1 3 1 2 4 7 18 122 53 27 24 20 11 14 16 16 16 15 5 2 4 2 4 1 3 0 2 0 0 0 1 1 0 0 0 0 0 
1 1 0 2 2 3 4 4 10 32 60 75 37 21 6 21 9 15 17 16 10 4 5 5 5 3 0 1 3 0 1 0 0 1 0 0 0 0 0 0 
0 1 2 3 1 0 1 4 8 15 52 87 65 17 12 12 23 50 71 22 24 9 9 8 5 3 4 1 1 2 3 0 1 0 0 0 0 0 0 0 
3 0 0 2 2 1 1 7 4 10 42 59 31 20 35 37 55 137 256 102 36 24 7 7 5 5 4 4 3 3 1 1 0 1 1 0 0 0 0 0 
0 1 1 0 0 3 2 2 5 3 14 16 17 7 11 12 13 35 48 55 29 19 11 3 6 2 5 4 5 0 0 0 0 0 0 0 0 0 1 1 
1 2 0 1 1 0 1 4 2 10 7 24 25 13 15 15 5 22 27 15 29 8 11 3 5 2 2 1 2 0 1 1 0 1 0 1 0 0 1 0 
1 0 1 2 3 1 0 1 6 4 14 18 24 10 7 7 7 9 7 9 6 2 2 3 3 2 0 2 1 0 0 0 0 0 0 0 0 0 0 0 
0 0 0 0 0 2 2 0 5 3 2 13 8 6 8 2 4 5 5 4 6 3 2 2 1 1 0 0 0 1 0 0 0 0 0 0 0 0 0 0 
1 1 0 1 2 0 1 1 2 1 1 6 4 13 6 6 4 6 6 4 3 6 3 1 5 2 2 0 0 0 0 0 1 0 0 0 0 0 0 0 
2 0 0 0 2 0 2 1 3 5 6 9 17 8 9 3 5 11 6 4 1 1 3 2 0 0 0 0 0 1 0 0 0 0 0 0 0 0 0 0 
0 0 0 0 0 1 0 0 1 1 2 9 1 4 4 5 0 1 1 4 2 1 0 1 0 0 0 0 0 0 0 0 0 0 0 0 0 0 0 0 
0 0 0 1 1 0 1 6 1 3 0 3 6 2 11 5 2 5 4 5 2 1 4 3 0 0 3 0 2 1 0 0 0 0 1 0 0 0 0 0 
0 0 0 0 0 0 2 0 2 2 2 15 14 24 10 4 10 10 4 2 3 2 0 4 3 2 2 0 0 0 0 0 0 0 0 0 0 0 0 0 
0 0 0 2 0 0 1 0 0 1 0 2 3 2 3 2 0 0 1 0 0 2 1 5 1 2 0 0 0 0 0 0 0 0 0 0 0 0 0 0 

1 0 0 1 0 6 2 11 15 8 4 3 3 1 0 11 4 42 18 6 3 5 4 0 1 0 0 0 1 1 0 0 1 0 0 0 1 1 0 0 
0 1 1 0 0 1 1 4 5 3 5 5 6 1 1 4 7 16 13 7 9 5 7 2 1 4 2 0 0 2 1 0 0 0 0 0 2 0 0 0 
0 1 1 1 0 1 0 2 6 2 3 4 2 2 2 4 3 44 12 9 4 12 8 5 7 0 1 1 1 1 0 1 0 1 0 0 0 0 0 0 
1 0 0 1 1 1 1 9 9 8 19 9 7 1 2 10 7 68 49 6 2 5 3 1 2 2 5 0 0 0 0 0 0 0 0 0 0 0 0 1 
2 0 0 2 2 3 4 8 3 7 5 5 3 3 3 9 46 223 25 12 9 9 5 2 3 1 1 2 2 1 0 0 0 0 0 1 0 0 0 0 
2 1 2 1 0 0 3 6 5 6 13 4 10 6 4 12 58 115 26 10 4 5 8 2 4 0 2 0 0 0 0 1 0 0 0 0 0 0 0 0 
2 0 1 4 1 2 2 11 14 12 14 13 9 3 5 10 35 63 30 9 4 4 4 1 4 0 2 0 0 0 1 0 0 0 0 0 0 0 0 0 
0 0 0 0 2 2 3 6 6 12 20 8 4 4 8 33 64 85 29 21 5 4 4 4 1 1 2 2 0 1 0 2 0 0 0 0 0 0 0 2 
3 0 1 1 1 2 6 6 1 11 10 11 11 16 11 28 68 42 32 17 15 6 6 3 1 1 1 3 1 1 0 1 1 0 0 0 0 0 0 0 
1 0 0 0 0 4 5 4 4 17 14 35 20 8 8 14 31 29 31 13 6 3 6 5 5 1 0 1 0 0 1 0 0 1 0 0 0 0 1 0 
3 0 1 4 4 2 2 8 8 15 39 39 16 14 30 32 24 39 37 14 9 9 2 2 1 2 1 0 1 1 0 0 1 0 0 0 0 0 0 0 
0 1 1 2 1 1 3 4 6 8 43 109 41 30 38 19 25 33 31 22 17 7 4 1 4 3 2 0 0 0 0 2 0 0 0 0 0 0 0 0 
1 1 1 1 1 3 1 3 5 18 38 400 75 35 33 63 58 74 125 18 13 9 14 2 10 5 3 0 0 0 0 0 1 0 0 0 0 0 1 0 
2 2 1 0 3 3 7 7 13 18 88 383 72 42 64 129 168 612 195 49 15 11 10 9 4 1 4 2 0 0 0 0 0 0 0 0 0 0 0 1 
0 0 0 0 2 0 0 5 15 12 47 330 82 26 29 39 31 41 35 38 10 8 7 3 3 2 1 2 1 0 1 1 0 0 1 0 0 0 1 0 
1 0 1 0 0 3 0 1 1 10 17 272 166 20 14 23 13 11 21 15 16 12 13 7 7 1 2 2 0 0 1 0 0 0 0 0 1 0 0 0 
1 0 1 1 3 3 3 3 10 18 38 158 125 30 13 12 20 21 10 11 5 7 2 0 2 0 1 0 3 1 0 1 0 0 0 0 0 0 0 0 
0 0 1 0 2 3 4 2 6 7 21 86 113 20 12 11 8 11 7 6 4 1 6 1 1 1 0 0 1 0 0 0 0 0 0 0 0 0 2 0 
1 1 1 0 0 2 1 4 1 7 4 41 41 9 15 9 8 6 8 2 6 3 3 1 0 1 1 2 1 1 2 0 0 0 0 0 0 0 0 0 
1 1 0 0 1 2 3 3 3 8 14 41 53 22 14 15 8 17 13 7 4 1 1 0 2 1 2 1 0 0 0 1 0 0 0 0 0 0 0 0 
0 0 0 2 0 1 5 4 5 5 8 26 57 28 11 13 7 6 9 4 4 3 2 1 1 1 1 2 0 0 0 0 0 0 0 0 0 0 0 0 
2 0 0 1 0 1 0 3 1 6 3 23 21 16 20 1 4 5 7 1 2 3 1 0 1 5 1 0 0 0 1 0 0 0 0 0 0 0 0 0 
0 0 1 0 3 0 3 3 3 4 14 20 31 39 19 10 14 18 5 9 0 1 1 1 4 2 2 1 1 1 0 0 0 1 0 0 0 0 0 0 
1 0 0 1 3 1 3 3 4 6 5 18 51 20 23 13 4 5 7 3 2 2 2 2 1 1 1 0 0 0 0 0 0 0 0 0 0 0 0 0 

1 1 0 2 0 2 0 12 8 4 2 3 1 0 0 3 4 16 14 8 3 13 3 1 0 2 1 1 2 0 0 0 0 0 0 0 0 0 0 0 
2 2 0 1 0 0 6 2 3 3 4 5 4 1 5 3 7 4 13 6 8 11 7 4 3 2 1 1 0 0 0 0 0 0 0 0 0 0 0 0 
2 1 0 1 0 3 1 4 1 2 7 2 1 3 3 5 4 6 3 4 5 3 4 6 0 3 3 0 2 0 0 1 0 0 0 0 0 0 0 1 
2 0 0 0 0 2 0 1 3 4 4 1 3 0 0 5 3 14 11 10 5 3 3 3 3 2 0 1 3 0 0 1 0 0 0 0 0 0 0 0 
1 0 0 0 0 1 2 1 6 4 8 1 5 3 8 4 13 16 24 15 6 7 9 3 1 1 3 1 1 1 0 0 0 0 0 0 0 0 1 0 
0 0 1 1 1 4 4 7 3 3 6 5 3 5 4 9 10 24 14 13 5 8 5 2 3 1 1 1 0 0 0 0 0 0 0 0 0 0 0 1 
2 2 0 0 1 2 1 2 1 4 4 3 4 5 4 11 55 45 34 11 10 13 2 2 5 1 1 2 2 0 0 1 0 0 0 0 0 1 0 0 
1 0 3 1 0 1 3 1 6 7 4 4 6 3 7 11 127 105 35 12 13 9 5 7 2 0 4 3 0 0 0 0 0 0 1 1 0 0 1 0 
1 1 2 2 3 2 5 5 4 4 6 4 5 7 9 19 168 74 34 25 3 12 7 1 0 1 1 2 1 0 0 1 0 0 0 0 0 0 1 0 
1 2 1 1 3 3 4 4 2 5 4 21 22 12 6 17 173 81 43 23 19 8 7 2 5 4 2 0 2 1 3 0 0 0 1 0 0 0 0 0 
4 2 0 3 1 2 2 9 1 12 10 32 19 18 22 28 46 71 33 19 11 5 7 4 1 4 2 3 3 1 0 0 0 0 0 0 0 0 1 0 
0 0 0 0 1 2 6 7 6 15 9 22 26 36 33 21 37 27 33 19 11 5 5 0 1 3 2 1 2 0 0 2 0 0 0 0 0 0 1 0 
2 1 2 2 2 6 5 6 2 11 10 29 49 160 247 62 64 42 62 13 15 10 5 3 4 2 3 3 2 1 1 0 0 0 0 1 0 0 0 0 
4 0 0 0 0 2 3 7 13 12 33 53 46 39 60 82 54 62 45 30 14 13 8 3 3 4 2 2 1 3 2 1 1 1 1 2 0 0 0 0 
3 2 3 3 3 2 6 6 7 23 17 54 43 32 24 33 38 27 21 27 12 9 14 4 0 1 1 1 3 1 2 1 0 1 0 0 0 0 0 0 
2 2 1 0 2 3 0 8 10 15 21 132 149 30 17 35 30 25 29 23 15 6 5 1 7 2 2 2 3 1 0 0 2 0 0 0 0 1 0 0 
2 0 1 1 1 1 0 3 2 11 29 127 110 24 17 21 27 27 16 15 6 3 3 1 3 0 1 1 1 1 0 1 1 0 0 0 1 0 0 0 
0 0 0 2 1 2 3 4 9 15 12 91 187 25 14 17 7 6 8 5 2 2 1 1 2 1 2 1 0 0 1 0 0 1 0 1 0 0 0 1 
3 1 1 0 2 2 3 7 1 11 15 76 332 18 23 10 7 15 16 9 5 5 5 2 1 1 2 2 2 0 0 0 0 0 0 0 0 1 0 0 
1 0 0 0 0 2 0 2 4 5 9 38 180 22 14 9 15 22 18 3 3 4 2 0 1 1 0 0 1 2 0 0 0 0 0 0 1 0 0 0 
0 2 2 1 0 0 3 3 5 4 12 50 226 44 24 14 4 6 10 5 4 2 1 0 1 1 0 2 1 0 0 0 0 1 0 0 0 0 0 0 
1 0 1 1 0 2 3 3 1 18 8 41 229 38 24 6 8 6 13 5 4 1 3 3 3 2 3 0 0 0 0 0 0 0 0 0 0 1 0 0 
0 0 0 0 0 1 2 3 8 6 13 29 91 76 22 9 17 20 11 3 2 4 0 1 1 4 1 2 1 0 0 0 0 1 0 1 0 0 0 0 
0 1 1 0 2 0 0 6 3 12 27 69 163 158 56 19 11 10 5 5 2 1 1 1 0 2 0 0 0 0 0 0 0 1 0 0 0 0 2 0 

0 0 1 2 0 2 0 4 5 2 1 1 2 0 0 6 1 14 5 9 5 15 10 2 1 2 1 1 0 0 0 0 0 0 0 0 0 0 0 0 
2 0 0 0 0 3 1 1 4 2 3 2 4 0 0 1 5 3 1 4 5 13 6 3 2 2 2 4 4 1 3 0 0 0 0 0 0 1 0 0 
0 0 0 0 0 1 3 0 1 0 2 1 1 2 1 3 1 7 2 4 2 6 4 3 3 3 2 2 3 0 2 0 0 0 0 0 0 0 0 0 
0 0 0 0 0 1 0 1 2 3 3 1 3 1 1 2 2 6 12 6 8 7 4 3 4 1 2 0 3 0 0 0 1 0 0 0 0 0 0 0 
1 0 0 1 0 1 1 3 2 0 1 2 1 5 4 3 5 5 11 11 4 11 8 4 1 0 1 2 0 0 0 1 0 0 0 0 1 0 0 0 
0 0 1 1 0 0 1 1 0 1 1 3 5 3 4 4 4 13 11 6 11 10 9 2 4 1 2 3 2 1 1 1 0 0 0 0 0 0 0 0 
2 0 2 1 0 1 2 1 2 2 3 1 5 11 5 5 10 20 23 14 16 10 5 4 4 1 1 2 2 0 1 1 0 0 0 0 0 0 0 0 
1 1 0 1 0 1 1 4 5 3 4 6 6 7 2 12 18 22 21 27 16 12 4 0 4 2 1 2 3 2 1 1 0 0 0 0 0 0 0 0 
0 0 2 1 0 2 3 0 4 4 3 6 7 7 5 10 21 20 13 13 17 7 4 5 4 3 1 1 2 2 0 0 0 0 0 0 1 0 0 1 
3 0 0 1 4 0 0 1 1 5 5 9 14 6 9 22 73 75 42 10 26 6 12 8 3 1 3 1 1 0 1 1 1 0 0 0 0 0 0 0 
0 1 4 3 1 0 0 8 9 12 17 27 40 25 19 44 232 116 31 19 20 9 9 5 5 5 1 2 0 2 3 1 0 1 0 0 0 0 0 0 
0 1 3 4 2 1 3 4 7 10 18 50 161 303 45 50 519 119 37 15 12 12 8 6 9 3 3 3 2 0 0 1 1 0 0 0 1 0 0 0 
1 1 0 2 2 6 3 7 4 21 7 38 63 99 85 57 288 80 56 15 23 8 5 5 4 3 3 2 3 1 2 0 1 1 0 0 0 0 0 0 
0 0 0 2 3 1 5 3 20 15 29 41 42 27 58 54 110 94 47 15 12 13 9 5 1 3 3 4 1 0 0 0 1 0 0 1 1 1 1 0 
0 1 0 0 2 3 1 4 3 14 12 24 28 26 25 29 106 70 37 28 20 10 3 7 4 3 1 2 1 2 3 0 0 0 1 0 0 1 1 1 
0 2 1 1 1 2 3 7 1 19 9 18 29 19 18 21 37 39 42 17 20 2 6 2 8 2 7 3 1 0 1 1 1 0 0 0 1 0 0 0 
1 1 1 4 1 0 4 1 7 8 11 28 24 11 23 25 38 65 40 11 4 5 6 3 3 3 0 4 1 1 1 0 0 0 1 0 0 1 0 0 
0 3 0 1 2 1 0 6 3 17 6 25 20 16 16 19 38 44 21 14 15 5 8 4 4 1 0 3 2 0 0 0 0 1 0 1 0 1 0 0 
0 0 1 1 0 1 2 10 0 17 10 33 28 11 18 17 12 27 19 6 12 5 12 2 3 2 2 3 1 1 0 0 0 0 0 0 0 0 0 0 
0 0 0 1 3 1 2 3 7 8 10 24 26 21 13 19 33 39 19 11 5 5 4 3 1 2 1 0 1 0 0 1 0 1 0 0 0 0 0 1 
0 1 1 0 1 3 1 2 3 5 7 10 32 18 9 15 11 14 17 15 6 3 2 1 2 2 2 2 1 2 0 0 0 0 0 0 0 1 0 0 
0 0 1 0 2 2 0 0 2 6 0 16 54 20 21 13 13 16 18 4 2 6 8 4 1 0 4 1 0 0 0 1 0 0 0 0 0 0 0 0 
0 0 0 1 3 1 1 1 3 4 5 15 158 63 26 23 39 51 15 6 2 5 3 3 3 1 4 2 0 0 0 0 0 0 2 0 0 0 0 0 
0 0 0 1 1 2 0 1 2 6 8 23 107 175 27 12 17 23 7 9 6 4 1 4 2 0 1 2 2 0 0 0 1 0 0 0 0 0 0 0 

0 0 0 0 1 1 3 4 3 0 0 0 0 2 2 6 4 8 4 10 3 14 11 6 1 2 1 4 1 0 1 0 1 0 0 0 0 0 0 0 
0 0 0 0 2 3 3 1 0 0 1 2 1 0 3 2 1 3 4 5 4 9 17 10 5 3 3 4 2 4 0 0 0 0 0 0 1 0 0 0 
0 1 0 0 0 0 1 1 2 0 0 1 0 1 2 1 1 3 10 4 6 5 2 4 2 4 1 3 3 0 0 0 0 0 0 0 0 0 0 0 
2 0 0 0 0 0 0 1 1 2 2 1 3 2 0 0 2 6 6 5 9 7 10 3 5 2 3 2 1 1 0 0 1 0 0 0 0 0 0 0 
0 0 0 0 0 0 2 1 1 3 1 1 3 0 4 3 4 8 9 9 11 20 15 9 9 5 4 2 2 2 1 1 0 1 0 0 0 1 0 0 
0 1 0 1 0 0 0 0 1 1 3 3 3 2 4 3 6 3 2 8 9 4 3 3 2 0 1 1 0 0 1 0 1 0 0 0 0 0 0 0 
1 0 0 0 0 1 1 1 2 2 1 1 5 4 2 7 6 14 14 16 10 15 10 4 6 1 2 3 5 1 0 0 0 3 1 0 0 0 0 1 
2 1 1 0 0 1 2 0 2 2 1 1 1 4 4 1 6 7 17 16 16 15 6 4 4 7 2 6 4 0 2 1 1 0 0 0 0 0 0 0 
1 0 2 0 1 1 1 1 1 4 2 9 5 3 4 9 9 7 11 13 16 8 15 6 4 3 2 1 0 1 2 3 2 0 0 0 0 0 1 0 
4 1 2 2 0 0 0 0 1 6 8 22 8 16 8 10 14 24 20 14 15 8 14 5 10 2 3 3 1 0 1 0 1 0 1 0 0 0 1 0 
3 3 0 2 1 2 2 6 1 11 10 26 61 20 19 26 36 37 30 25 12 14 4 6 2 6 6 2 2 3 0 0 1 1 0 0 1 1 0 0 
4 3 0 4 7 5 2 11 9 19 32 91 189 54 32 59 410 75 38 17 17 14 8 14 6 7 3 5 2 1 2 0 0 1 0 0 1 1 0 0 
0 0 3 0 0 4 8 7 6 19 16 43 75 45 46 44 177 87 52 17 22 9 10 3 8 4 3 1 4 2 3 1 0 2 1 0 0 0 1 0 
1 3 0 1 0 4 3 3 10 11 25 25 21 24 24 24 95 49 37 13 21 5 6 6 3 3 6 4 3 0 1 0 0 1 0 0 0 0 0 0 
2 0 0 2 2 3 1 2 3 8 8 13 19 18 20 39 176 64 26 12 14 10 12 7 4 5 1 1 1 0 1 0 2 0 1 0 0 0 0 0 
0 1 0 3 0 2 0 4 2 5 10 15 16 11 25 38 192 65 41 15 19 8 3 5 8 3 5 3 5 1 0 1 0 0 0 1 0 0 0 0 
0 0 0 1 0 1 1 4 3 5 16 14 16 10 11 23 280 87 30 12 6 6 2 3 2 2 0 1 3 2 1 1 0 0 0 0 0 0 0 0 
1 2 1 1 1 2 1 1 3 2 4 12 17 19 24 29 98 70 40 13 14 4 5 5 0 4 0 2 0 0 0 0 0 0 0 0 1 0 0 0 
0 2 0 3 0 1 2 1 1 5 3 11 18 13 12 24 55 63 41 19 4 4 8 3 6 1 2 1 3 0 1 0 0 0 0 0 0 0 0 0 
1 0 0 0 0 0 2 4 3 4 3 11 14 7 17 26 54 63 24 9 11 7 2 2 3 3 0 2 1 1 2 0 0 0 0 0 0 1 0 0 
0 1 1 0 1 1 0 2 2 9 6 10 9 4 13 9 18 15 12 5 5 5 1 1 1 4 1 0 0 1 1 0 0 0 0 0 0 0 1 0 
1 0 0 0 0 1 1 4 1 5 4 11 11 12 18 10 15 31 39 7 9 2 8 4 1 4 2 2 0 2 1 0 2 0 0 0 0 0 0 0 
2 0 1 0 0 0 3 2 1 3 2 11 24 20 16 13 51 67 35 11 4 3 3 4 2 2 4 3 1 0 0 0 1 0 0 0 0 1 0 0 
0 0 0 0 2 1 0 0 4 4 8 9 20 16 5 9 9 16 11 7 2 4 2 0 2 1 3 2 0 1 3 0 0 0 0 0 0 0 0 0 

1 0 0 1 0 1 0 2 3 1 0 1 0 1 1 2 1 7 4 16 4 29 13 5 2 2 1 5 4 0 1 0 0 0 0 0 0 0 0 0 
0 0 0 0 0 0 0 0 0 2 2 2 1 0 0 0 3 3 6 11 28 29 26 19 6 6 1 9 1 2 2 0 0 0 0 0 0 0 0 0 
1 0 0 0 0 2 1 1 0 0 3 2 0 2 2 2 6 4 10 29 47 44 32 21 8 4 3 9 7 2 1 0 0 0 0 1 2 0 0 0 
0 0 0 0 0 0 0 1 0 0 0 1 0 3 1 2 2 5 5 12 25 28 27 11 4 7 4 5 5 2 0 0 0 0 2 0 0 0 0 0 
0 0 0 0 0 0 1 2 0 1 0 0 1 1 3 4 2 3 12 17 25 29 15 12 2 5 2 5 7 2 2 0 1 1 0 0 0 0 0 0 
0 0 0 0 0 1 1 0 1 1 3 1 2 3 2 2 5 8 8 20 23 22 19 9 7 4 4 3 6 1 2 0 0 0 0 0 0 0 0 1 
0 1 0 0 0 1 0 2 3 0 1 4 5 2 2 2 2 10 14 33 22 21 14 9 5 5 2 4 2 2 0 0 2 0 0 0 0 0 0 0 
1 0 0 1 0 0 0 2 2 2 1 1 2 3 1 9 5 12 24 23 38 33 25 12 12 6 6 7 2 0 2 1 2 0 0 0 1 0 1 0 
0 0 0 0 0 0 0 3 1 3 1 8 3 7 9 10 13 20 21 60 73 53 32 16 13 9 6 4 2 2 6 1 0 0 1 1 0 0 0 0 
2 0 1 1 0 1 0 0 4 7 7 15 13 6 11 7 12 10 12 19 37 21 35 6 9 2 5 6 2 1 2 2 2 0 0 0 1 0 0 0 
1 3 1 2 1 1 4 1 4 13 42 231 33 13 13 14 12 21 43 45 30 24 9 8 6 6 2 5 3 1 5 0 0 0 0 0 0 0 0 0 
2 0 1 4 3 0 4 3 6 33 58 122 56 32 16 24 30 22 16 22 25 12 7 3 2 1 2 1 4 4 1 1 0 0 0 0 0 0 0 0 
1 1 1 2 4 4 1 7 5 17 14 50 59 20 23 25 46 32 32 26 34 14 11 3 3 5 3 4 4 1 4 0 0 0 0 0 0 1 0 0 
0 1 0 2 5 2 2 6 9 17 19 34 33 16 20 28 16 25 18 33 13 4 9 3 6 7 3 10 2 3 0 0 0 0 2 0 1 0 0 0 
1 0 1 1 0 0 3 3 4 3 12 12 22 14 12 14 21 14 19 21 13 7 6 2 2 2 1 1 1 1 1 1 1 0 1 0 1 0 0 1 
1 0 0 2 0 2 0 8 3 6 6 13 6 17 25 17 26 39 42 15 9 7 10 6 5 1 3 1 1 4 2 0 0 0 0 0 1 0 0 0 
1 1 2 1 0 1 5 1 7 7 5 10 11 12 5 14 50 46 24 14 6 8 1 4 7 1 1 10 3 1 3 2 0 1 1 0 0 0 0 0 
3 2 0 0 1 0 2 4 2 3 6 11 17 11 14 21 68 49 23 19 7 3 7 5 4 5 5 2 3 1 0 2 0 1 0 0 0 0 0 0 
3 0 1 0 0 0 1 1 2 1 3 8 10 15 12 23 126 70 52 19 17 6 4 1 3 1 3 3 2 0 0 2 0 0 0 0 0 0 0 0 
0 0 0 0 0 1 1 6 2 3 3 4 16 22 16 40 251 183 38 16 9 9 5 4 9 5 2 3 1 1 0 0 0 0 0 1 0 0 0 0 
1 0 0 1 1 1 0 0 3 2 1 6 6 10 13 28 213 76 46 16 12 6 5 1 5 4 2 1 1 0 2 1 0 0 0 0 0 0 0 0 
0 2 1 2 0 1 0 3 0 7 3 8 4 7 11 24 131 83 64 12 12 4 5 3 2 3 4 1 3 0 0 0 0 0 1 0 0 1 0 0 
2 1 1 0 0 2 1 1 0 3 3 6 7 18 17 53 399 288 61 28 10 3 4 7 2 14 6 2 0 1 0 1 3 0 0 0 1 1 0 0 
0 0 0 0 0 0 2 1 2 6 11 12 14 17 28 63 269 193 46 40 22 13 7 1 6 4 5 0 1 0 1 0 0 0 0 0 0 0 0 0 

0 0 0 0 0 1 0 0 2 1 0 0 0 1 0 2 2 3 5 10 10 75 32 5 2 1 6 7 9 2 2 0 1 1 0 1 1 0 0 0 
0 0 1 0 0 1 2 0 1 0 0 0 0 0 1 1 2 1 4 16 60 65 30 12 5 6 4 5 2 1 1 1 0 0 0 0 0 0 0 0 
0 0 1 0 0 0 1 0 2 1 1 0 1 2 1 2 6 5 9 21 65 91 40 22 9 4 3 5 4 1 2 0 1 0 1 0 0 0 0 0 
0 0 0 0 0 0 0 1 1 2 1 1 1 1 0 0 1 5 3 18 31 41 33 9 4 3 5 5 6 1 1 0 1 0 0 0 0 0 1 0 
1 1 0 0 0 0 0 1 0 1 1 1 1 1 2 1 0 3 8 14 49 33 20 14 2 2 8 9 5 1 1 0 0 0 0 0 0 0 0 0 
0 0 0 0 0 1 1 0 1 1 2 5 0 1 2 1 5 2 10 17 28 8 11 5 4 4 0 6 1 2 1 1 0 0 0 0 0 0 1 0 
0 0 0 0 0 0 0 1 0 0 1 3 1 2 2 1 3 5 2 15 48 23 14 2 10 8 1 4 7 4 2 1 1 0 0 0 0 0 0 0 
2 0 0 0 0 1 2 0 1 1 0 1 1 4 2 7 3 9 15 41 79 50 32 19 17 8 6 9 5 6 2 1 0 1 0 0 0 0 2 2 
1 0 1 0 1 2 1 2 3 2 2 5 5 8 2 6 14 11 39 76 148 142 42 16 11 4 4 6 8 0 1 3 1 1 1 0 0 0 0 0 
0 1 0 1 0 0 1 0 1 3 3 8 4 5 6 8 4 18 21 69 155 96 43 9 12 5 7 6 5 3 1 4 1 0 2 0 0 0 0 0 
1 0 1 0 0 3 2 1 4 2 22 40 23 13 8 6 13 12 24 54 59 22 16 4 7 7 6 7 6 3 3 3 1 0 2 0 0 2 0 0 
6 3 2 3 0 5 4 10 7 18 41 278 61 22 18 10 10 9 11 17 11 12 11 4 2 3 4 3 1 1 5 1 1 3 0 2 0 0 0 0 
3 0 0 1 2 2 1 4 5 9 27 213 103 21 21 18 13 19 25 23 42 4 13 3 8 0 4 6 10 3 1 1 0 0 0 0 0 0 0 0 
2 1 1 3 0 2 4 5 5 7 12 34 52 23 20 23 14 17 43 31 13 4 6 5 5 7 2 8 6 2 2 2 1 2 1 0 0 0 0 0 
1 1 0 0 2 5 2 2 4 8 5 20 25 29 19 15 18 11 25 13 8 5 2 3 4 3 5 5 2 3 0 0 0 0 0 0 0 1 0 1 
1 0 0 2 0 0 0 4 2 11 9 13 19 20 17 14 12 16 26 18 19 4 2 4 6 5 4 0 3 0 1 2 0 0 0 0 1 0 0 0 
1 1 0 0 1 3 6 2 5 4 6 18 12 16 18 21 19 31 30 8 16 3 4 5 8 6 3 10 7 1 1 1 0 0 0 1 1 0 0 3 
0 0 0 0 1 1 1 2 2 2 2 6 10 10 16 11 32 42 62 15 18 8 4 2 4 6 4 2 2 0 3 0 0 0 0 1 0 1 0 0 
1 1 0 1 0 6 0 2 3 4 4 12 3 9 5 15 25 54 60 24 13 12 11 7 2 1 7 3 2 0 1 0 2 0 0 0 0 0 0 0 
0 0 0 0 1 3 3 1 3 2 6 6 3 12 15 22 48 73 53 12 9 5 3 4 4 4 2 3 2 0 1 1 2 0 0 0 0 0 0 0 
0 0 1 0 0 1 1 2 3 1 4 3 9 14 14 28 56 76 61 18 12 5 6 4 6 2 1 0 0 2 0 0 0 0 1 0 1 1 0 0 
0 1 0 0 1 0 3 2 3 4 2 7 3 15 15 26 34 111 94 22 14 2 9 6 6 5 9 4 1 1 1 0 1 1 0 0 0 0 0 1 
0 0 0 1 1 1 1 1 2 1 5 5 8 13 17 37 210 189 46 13 3 2 3 3 9 12 6 2 3 1 0 0 1 0 0 1 0 0 1 0 
1 0 1 1 0 1 2 0 4 2 4 10 11 22 38 67 373 239 117 53 20 9 3 5 4 4 1 2 1 0 0 0 0 0 0 0 0 0 0 0 

0 0 0 0 1 1 0 1 2 0 0 1 0 1 0 3 0 4 1 11 13 412 57 2 1 4 3 17 9 2 1 1 2 2 0 0 0 0 0 0 
0 0 0 0 0 1 0 0 0 0 0 2 1 1 2 0 0 1 3 6 70 337 33 8 4 4 9 22 12 5 4 1 0 0 0 1 0 0 0 0 
0 0 0 0 0 0 0 0 1 0 0 1 3 1 0 4 0 1 6 9 255 76 11 15 6 2 2 16 14 7 2 1 1 0 1 0 0 0 0 0 
0 1 0 0 0 0 1 1 0 1 0 0 0 1 0 0 1 2 5 15 259 83 34 4 5 5 7 8 16 2 2 2 0 0 1 0 0 0 0 0 
0 0 1 0 0 0 0 1 1 1 2 1 1 1 1 2 1 11 5 25 502 75 35 4 5 4 6 8 10 1 2 2 3 1 0 0 0 0 0 0 
0 0 0 0 0 0 0 1 1 2 0 3 0 1 0 3 5 6 10 30 591 26 15 6 3 6 11 10 3 6 4 0 1 1 0 0 1 0 0 0 
0 0 0 0 0 1 1 0 1 1 0 0 0 2 2 5 3 3 5 41 359 18 12 7 5 3 0 7 13 4 3 1 0 0 0 0 0 0 1 0 
0 0 0 0 0 0 0 0 0 3 1 2 2 1 2 4 3 12 21 90 397 26 14 6 8 4 10 14 15 6 0 2 3 2 0 0 1 1 1 0 
0 0 1 1 0 1 1 2 2 2 3 4 0 1 5 11 5 11 13 191 559 115 23 13 6 5 3 9 5 8 3 1 1 0 1 0 0 2 1 0 
0 0 0 0 0 0 0 3 1 4 1 4 7 6 8 6 6 10 18 280 360 447 49 12 5 11 4 5 8 5 2 0 2 1 0 0 3 0 0 0 
0 0 1 0 0 2 3 3 2 5 10 15 7 7 6 11 5 18 62 437 130 36 15 7 6 7 8 12 8 3 3 3 0 2 1 0 1 0 0 2 
1 0 1 0 1 0 2 5 0 3 8 33 22 11 6 7 11 15 27 386 47 17 7 9 5 2 4 10 10 4 2 3 1 3 0 0 0 0 0 1 
6 0 0 0 0 0 1 4 6 14 15 153 186 23 18 15 12 18 24 145 55 9 7 6 6 2 3 12 7 3 2 2 2 0 0 0 0 0 0 1 
1 0 1 0 0 3 5 6 3 6 14 56 209 59 19 15 15 20 226 151 34 11 6 6 10 9 8 19 11 4 1 2 2 1 0 1 1 1 0 0 
0 1 1 0 2 4 6 8 7 12 17 38 174 190 36 19 17 38 477 65 19 7 4 9 3 5 10 15 5 6 7 2 1 2 1 0 0 0 0 0 
1 1 2 1 1 3 0 6 5 9 4 33 34 73 55 14 21 25 233 27 15 11 10 5 6 3 6 9 9 3 3 0 3 0 2 1 0 0 0 1 
1 1 0 0 0 1 2 3 3 5 7 16 20 35 35 24 19 86 214 19 13 5 6 4 11 3 11 16 9 3 1 2 1 0 0 1 0 0 0 0 
0 0 0 0 2 2 0 4 3 6 6 12 17 25 27 24 22 196 129 26 4 5 11 4 7 5 8 6 5 4 3 0 1 0 0 2 0 0 0 1 
1 0 0 0 1 4 1 4 2 8 4 9 9 9 17 23 20 124 125 14 15 6 4 3 5 3 6 2 2 2 4 1 1 1 0 0 1 0 0 0 
1 0 1 0 0 0 2 3 1 3 5 9 9 14 24 38 48 482 76 17 4 6 4 9 8 12 10 8 2 1 3 0 0 0 0 0 0 0 0 0 
0 0 1 0 0 0 3 1 2 2 5 1 9 9 20 20 34 282 48 12 5 8 6 4 8 9 10 2 2 3 0 0 0 0 2 0 0 0 0 0 
1 1 0 2 0 1 1 0 1 4 3 4 6 7 10 18 15 280 110 23 13 7 10 5 8 9 8 3 3 3 1 2 2 0 1 0 0 0 0 0 
0 0 0 0 1 0 2 2 1 0 3 7 9 9 17 37 52 361 58 17 9 10 8 3 22 20 20 4 3 2 0 1 0 1 0 0 0 1 0 1 
1 0 0 1 0 0 2 5 5 1 5 8 13 13 35 54 81 169 60 26 23 10 7 12 10 17 14 10 3 2 1 0 0 1 1 0 0 0 0 0 

0 0 0 0 0 0 0 0 0 0 1 1 0 1 0 0 2 6 1 10 7 98 41 12 3 3 10 35 14 3 1 3 1 0 0 0 0 0 0 0 
0 0 0 0 0 0 0 0 0 0 1 1 0 0 1 0 1 3 7 3 17 21 37 7 9 7 7 23 10 6 3 3 2 1 1 0 0 1 1 0 
0 1 0 0 0 0 1 1 0 1 0 0 0 0 0 1 3 3 3 4 14 17 15 11 1 5 6 13 6 10 0 3 1 0 0 0 0 0 0 0 
0 0 0 1 0 0 0 0 0 1 0 0 0 1 1 2 1 4 1 6 19 29 33 7 8 5 11 18 21 5 5 2 2 1 0 1 0 0 0 0 
0 0 1 1 0 0 2 0 2 0 0 0 1 0 0 1 1 5 13 10 35 29 20 5 10 5 6 26 9 8 6 3 0 1 1 3 0 1 1 0 
0 0 0 1 0 2 0 1 0 0 0 2 1 1 2 5 5 8 13 29 25 15 22 12 11 8 13 10 9 5 3 0 1 0 2 1 0 2 0 0 
0 0 0 0 0 0 1 0 2 3 0 1 1 0 1 3 2 8 7 18 41 8 23 9 10 9 8 12 18 5 1 3 1 2 2 0 0 1 0 0 
1 0 0 1 0 0 0 0 1 1 3 0 2 0 2 0 6 7 10 19 41 23 15 13 7 8 8 21 12 8 6 1 1 0 1 2 1 0 0 0 
0 0 1 0 1 0 1 1 2 2 1 3 5 0 3 6 7 20 19 22 40 20 12 20 10 10 9 13 6 3 8 3 0 1 1 1 0 1 0 2 
0 0 0 0 0 0 0 3 3 3 4 2 7 7 7 4 11 11 19 33 73 27 31 8 13 5 13 16 14 3 4 2 3 1 2 0 2 1 0 1 
0 0 1 0 0 0 0 3 0 0 3 4 4 3 7 4 8 16 25 41 41 15 10 6 2 6 12 18 16 3 4 4 0 2 0 0 0 1 0 0 
2 0 0 0 0 1 2 1 2 4 2 13 6 5 11 12 8 17 21 37 29 21 17 10 6 6 14 3 9 3 2 2 1 0 0 0 0 0 0 0 
1 0 1 0 0 0 1 3 2 9 3 11 35 5 10 21 15 16 29 40 46 12 14 15 12 3 11 26 24 4 7 1 2 0 1 3 2 1 0 1 
0 0 1 0 1 2 1 1 1 6 14 26 55 34 16 11 17 12 31 40 24 10 8 4 6 12 9 28 10 8 7 2 3 1 0 3 2 0 0 1 
2 1 0 2 2 1 6 5 10 8 18 37 191 341 50 28 17 32 41 29 21 5 13 5 5 12 8 11 15 5 2 2 2 0 0 1 2 2 0 0 
1 0 1 0 0 5 4 4 3 6 9 27 70 553 122 21 18 27 43 25 25 13 10 11 10 13 12 22 22 3 7 0 1 1 1 2 2 1 1 0 
0 0 0 0 0 1 1 2 4 3 10 15 28 93 103 18 16 24 19 13 11 9 6 7 5 15 14 18 9 2 4 3 2 1 1 1 0 1 0 0 
2 1 3 1 1 1 3 2 3 6 6 12 14 44 77 32 22 35 31 14 15 13 8 4 5 9 6 7 4 4 3 0 1 1 0 0 0 0 0 0 
1 0 0 2 0 0 1 1 1 8 3 4 11 26 55 42 26 32 33 11 12 6 6 5 2 6 17 4 6 0 2 1 3 0 4 0 0 1 0 0 
1 0 0 0 0 2 2 2 3 1 6 8 9 18 42 50 32 45 32 10 9 5 3 9 8 9 16 4 3 1 1 1 0 1 0 1 1 2 0 0 
0 0 0 0 1 2 1 0 4 3 8 4 7 16 23 25 25 34 30 14 10 9 11 6 10 10 19 5 5 4 2 1 0 0 1 0 0 3 0 0 
1 1 0 1 1 2 1 1 3 3 1 7 4 13 20 29 24 42 43 18 14 10 5 3 8 13 28 7 8 3 0 1 3 1 1 0 0 1 0 0 
0 0 0 1 0 3 1 1 1 2 3 1 5 18 40 54 41 58 24 10 11 5 5 8 16 32 28 13 5 1 1 1 1 0 0 1 2 0 0 0 
0 0 1 1 1 2 5 3 1 2 6 5 8 16 29 34 35 48 23 9 11 8 5 12 13 17 20 8 5 1 1 0 0 0 0 0 0 0 0 0 

0 0 0 0 0 0 0 1 0 0 0 0 0 0 0 1 1 3 4 9 7 29 11 7 4 6 9 462 60 4 6 2 2 2 0 0 0 0 0 0 
0 0 0 0 0 0 1 0 0 0 1 0 1 0 0 0 1 1 2 4 9 8 6 7 2 14 18 128 54 7 8 2 3 3 0 2 0 0 0 1 
0 0 0 0 0 0 0 0 0 0 1 0 2 0 0 2 1 0 4 5 9 2 12 5 3 11 24 139 37 13 4 5 1 3 0 0 0 0 0 0 
0 0 0 0 1 0 1 1 0 1 1 1 1 1 0 1 1 2 1 8 7 11 19 8 7 7 11 59 46 5 6 0 4 1 1 1 0 0 0 0 
0 1 0 0 0 0 0 0 0 0 0 1 0 1 0 2 1 1 6 4 6 10 5 4 3 7 31 92 43 8 11 4 3 2 1 1 1 2 1 1 
0 0 0 0 0 0 0 3 0 0 1 1 0 1 0 1 1 3 1 6 13 10 1 1 11 9 24 94 49 12 12 2 5 2 3 0 1 2 1 0 
1 0 0 0 0 2 0 0 0 1 0 1 0 1 1 2 5 6 1 7 11 5 12 5 3 10 14 39 38 5 6 3 0 3 0 0 0 0 1 0 
0 0 0 0 0 0 0 1 0 0 2 1 2 3 1 1 2 4 9 9 14 8 5 6 6 8 25 78 25 9 6 6 3 0 1 0 1 0 0 2 
0 0 0 1 0 0 1 1 1 1 0 0 2 1 3 1 4 6 8 9 11 5 11 4 5 14 27 58 39 15 8 5 6 3 0 3 0 0 2 2 
1 0 0 1 1 2 0 0 0 2 0 2 2 0 3 6 0 7 4 13 24 12 13 9 10 4 16 40 42 7 5 0 5 0 5 0 1 0 0 1 
0 0 0 0 0 0 1 4 2 1 2 3 4 2 4 1 8 9 10 19 8 9 6 5 10 13 35 68 36 7 3 6 2 2 1 1 1 0 0 1 
0 0 0 1 2 0 0 1 3 2 4 7 6 3 7 6 11 12 9 16 9 10 8 8 10 14 44 66 28 13 5 6 2 2 0 1 2 0 0 0 
2 0 0 0 0 0 0 2 1 9 4 5 14 6 8 6 3 6 14 17 23 8 12 4 12 11 21 44 51 13 11 4 2 2 1 1 1 1 0 1 
0 0 0 0 0 0 0 2 3 5 7 9 8 15 9 8 10 12 10 12 11 5 10 8 14 22 75 102 42 9 14 5 2 1 2 1 0 0 0 1 
0 1 0 0 1 0 1 2 5 6 8 15 36 28 21 11 15 11 12 16 16 8 5 4 15 24 102 91 27 14 10 2 5 0 5 0 2 0 1 0 
1 0 0 0 0 1 2 5 1 11 4 25 30 51 62 20 15 16 19 13 16 4 10 7 12 17 46 53 33 12 12 4 3 1 2 0 0 1 0 0 
0 1 0 0 0 0 4 3 1 3 7 16 13 54 254 23 13 11 13 10 12 3 12 9 15 28 53 56 31 4 7 2 1 1 0 0 0 1 0 1 
1 0 0 0 0 3 0 2 1 2 2 7 9 14 69 27 10 7 5 5 11 6 7 12 7 27 57 33 15 8 2 1 2 3 0 1 2 0 1 0 
1 0 2 0 0 3 2 0 0 3 4 3 1 23 162 55 25 13 13 11 10 0 4 6 9 22 76 13 12 3 4 2 2 2 0 0 0 0 0 0 
0 1 0 1 0 1 2 2 1 1 4 1 9 13 242 97 31 30 14 6 5 5 11 8 17 35 76 18 12 8 7 3 1 0 0 0 2 0 0 1 
0 0 0 0 1 1 0 2 2 2 3 6 6 18 252 30 16 12 27 10 13 10 6 10 24 105 289 35 14 11 2 5 0 0 0 1 0 1 0 0 
3 0 0 0 0 0 1 1 1 0 1 6 3 17 80 34 21 24 29 8 10 10 8 10 8 74 226 16 13 3 5 0 2 1 2 1 1 1 2 0 
0 0 0 0 0 1 1 0 1 1 3 1 10 16 167 116 37 16 16 13 7 7 12 20 53 251 195 26 7 4 3 0 0 1 0 1 0 0 0 2 
0 0 0 1 2 0 3 2 4 4 4 9 11 21 495 390 44 41 35 16 13 8 11 18 44 626 161 28 10 6 3 1 1 1 0 0 0 0 1 0 

0 0 0 0 0 0 0 0 1 0 0 0 0 0 0 1 0 2 1 4 1 11 6 4 3 3 8 191 68 5 1 2 3 2 0 0 0 0 0 0 
0 0 0 0 0 0 1 0 0 0 0 0 0 0 0 0 1 1 1 2 4 6 8 5 5 5 21 85 55 12 12 5 5 3 0 0 3 0 2 0 
1 1 0 0 0 0 1 0 0 1 1 0 1 1 0 1 0 1 3 3 3 3 4 4 7 6 12 90 43 16 11 0 2 2 6 1 0 1 0 0 
0 0 1 0 0 0 1 0 2 0 0 0 0 1 0 1 0 1 3 5 4 4 10 2 2 5 10 121 66 7 6 2 3 2 1 0 0 1 0 1 
0 0 0 0 0 0 0 0 0 0 1 0 0 1 0 1 2 2 2 1 2 3 5 4 4 7 18 108 58 11 12 4 4 2 3 1 0 1 1 0 
0 0 0 0 0 1 0 0 2 1 0 1 0 0 3 1 1 3 2 3 1 3 9 7 7 11 26 172 41 10 7 7 5 1 5 2 3 0 1 0 
1 0 0 0 0 0 0 0 1 1 0 0 0 1 1 3 3 4 2 7 5 7 3 1 8 4 12 121 71 8 12 4 5 1 1 0 0 0 1 1 
0 0 0 0 1 0 0 0 0 0 0 0 0 1 0 2 3 2 7 5 9 8 5 2 4 7 25 147 40 9 9 3 2 1 2 2 1 0 0 0 
0 0 0 0 0 1 0 0 1 1 1 0 3 2 4 3 4 1 7 7 11 7 6 7 3 10 26 215 39 11 10 4 3 3 0 4 1 0 1 0 
0 0 0 0 0 1 0 0 0 1 1 0 2 2 0 2 2 6 3 8 8 5 11 8 4 8 28 257 89 9 17 6 4 0 3 0 1 0 0 0 
1 1 0 0 0 1 2 0 1 0 2 2 0 6 1 1 5 3 7 7 10 7 4 2 3 9 51 240 41 13 10 4 6 2 1 0 0 0 2 0 
0 0 0 0 1 1 0 1 1 1 4 6 2 3 6 3 5 5 18 6 8 2 12 3 8 20 58 169 39 14 9 7 3 2 0 1 2 1 2 0 
0 1 0 0 0 0 0 0 2 3 5 5 9 3 5 7 4 4 16 6 9 12 6 9 10 17 42 243 58 7 12 6 3 1 2 3 1 0 0 0 
0 0 1 0 1 0 1 1 2 3 1 10 8 11 7 3 6 8 11 11 6 0 5 3 18 11 129 202 36 10 7 4 0 0 0 1 2 2 1 2 
1 0 0 0 0 0 3 1 1 8 9 7 9 10 18 9 6 9 9 11 5 5 10 13 9 22 279 138 49 22 14 8 6 2 1 2 1 0 1 2 
0 2 2 2 1 1 1 4 1 5 5 11 12 17 22 10 7 10 8 4 11 8 10 5 9 35 301 148 55 11 11 6 7 1 1 1 3 1 0 0 
0 0 0 1 1 1 2 0 3 4 7 10 9 12 19 10 7 8 5 7 2 2 5 4 15 28 85 62 26 7 6 3 0 0 0 1 0 0 0 0 
1 2 0 0 0 0 0 3 0 4 5 6 6 12 11 17 5 12 11 13 2 5 3 8 8 17 72 29 23 13 5 3 5 0 4 1 2 1 1 1 
0 1 0 1 0 3 0 3 2 1 5 6 9 13 11 17 17 11 10 7 6 7 8 6 11 17 208 23 16 2 9 4 4 2 0 1 1 0 3 0 
0 0 0 0 0 2 2 2 4 3 0 7 6 15 39 52 11 11 7 5 4 2 7 6 16 22 57 11 8 6 2 0 1 2 0 0 0 0 1 0 
0 0 3 0 1 1 1 0 0 2 7 3 7 17 20 24 12 11 6 6 10 6 12 17 15 48 136 22 13 3 6 2 3 5 2 1 2 2 3 1 
0 0 0 0 0 1 2 0 1 3 1 3 4 10 15 24 30 8 16 10 8 4 7 10 15 64 190 19 22 4 9 0 4 1 0 3 0 0 0 0 
1 0 0 1 0 0 3 2 1 2 3 6 8 17 42 53 26 26 13 7 6 5 12 15 37 156 142 20 7 1 2 1 3 1 0 2 2 0 0 1 
0 0 0 0 0 1 1 3 0 4 3 6 7 26 50 47 35 21 14 13 9 19 13 30 49 325 157 38 13 9 2 4 0 3 1 1 0 1 1 1 

1 0 0 0 0 0 0 1 0 0 0 1 0 0 0 1 0 1 1 2 2 7 11 5 5 9 7 34 24 5 4 0 2 0 0 0 0 0 0 0 
0 0 0 0 0 0 0 0 0 0 0 0 0 0 0 0 1 1 1 0 1 1 1 2 1 0 4 10 16 4 2 3 0 1 0 0 0 1 0 0 
0 0 0 0 0 0 0 0 0 0 0 0 0 0 0 0 0 1 0 3 0 3 0 1 1 2 5 7 9 3 2 4 1 0 0 0 0 1 0 0 
0 0 0 0 0 0 0 1 0 0 1 0 0 0 1 0 1 0 0 5 4 3 5 2 3 7 6 10 15 3 6 2 1 1 2 0 1 0 0 0 
0 0 0 0 0 0 0 1 0 0 0 0 0 0 0 0 1 0 3 3 2 4 3 2 1 1 9 13 12 7 5 4 1 0 0 1 0 0 0 0 
0 0 0 0 0 0 0 0 0 0 0 0 0 0 0 1 1 0 3 2 0 0 3 3 2 7 3 11 7 2 2 1 2 1 1 0 0 0 0 0 
0 0 0 0 0 0 0 0 0 0 0 0 0 0 0 0 1 5 3 4 6 2 4 4 4 4 7 15 36 1 4 1 2 0 0 1 0 0 0 2 
0 0 0 1 0 0 0 1 0 0 0 0 0 0 0 0 1 4 0 2 2 2 2 2 4 2 10 29 14 4 3 2 2 2 0 0 1 0 0 1 
0 0 0 0 0 0 1 0 0 2 1 0 0 0 0 1 0 3 3 5 4 0 3 3 4 3 5 19 14 7 3 3 0 0 1 0 0 0 0 0 
0 0 0 0 0 0 0 0 0 0 1 0 0 0 2 3 2 2 2 7 11 3 6 8 4 11 14 27 38 8 6 0 2 3 1 0 2 0 0 0 
0 0 0 0 0 0 0 0 1 1 2 1 2 2 1 2 1 0 2 2 1 2 2 7 5 14 26 36 14 4 3 3 1 0 0 0 1 0 0 1 
0 1 0 0 0 0 1 0 0 1 2 2 1 0 0 2 2 3 4 6 5 2 2 4 4 4 10 17 7 9 1 2 2 1 3 0 1 1 1 0 
0 0 0 0 0 1 1 0 1 0 0 2 3 4 3 1 2 3 5 3 8 5 4 6 3 8 18 35 39 5 3 1 3 2 1 1 0 2 1 0 
1 0 0 0 0 1 0 0 1 3 0 1 3 3 3 3 1 3 2 5 3 3 8 2 6 13 29 40 19 4 2 1 3 1 2 0 0 0 0 1 
0 1 2 0 1 0 0 2 1 3 2 5 8 4 2 6 5 3 2 6 2 2 4 6 3 7 16 19 15 9 7 2 0 2 0 1 1 0 0 0 
0 0 0 0 0 0 0 1 2 3 1 7 3 6 5 7 9 2 14 5 11 6 5 3 2 16 29 32 25 5 5 4 1 2 0 0 1 1 0 2 
1 1 0 0 0 0 0 1 0 1 2 3 5 7 6 2 1 5 7 3 3 5 6 6 11 19 11 14 9 1 5 0 0 1 0 0 0 1 1 0 
0 0 0 1 1 0 0 1 2 0 5 2 6 5 4 6 7 6 3 4 5 2 5 7 6 13 13 9 5 1 0 1 2 0 1 3 1 0 0 0 
0 0 0 0 3 2 0 4 1 4 5 4 4 5 14 15 9 1 5 9 4 6 4 4 6 11 18 8 7 4 4 3 2 0 3 1 0 0 1 0 
0 0 0 0 0 1 1 0 1 2 3 2 6 3 10 15 7 11 4 4 3 3 6 8 16 37 17 5 7 0 5 1 0 0 1 0 0 0 0 1 
0 0 1 0 0 0 0 0 1 1 1 3 5 4 7 11 8 6 6 5 7 8 5 10 12 22 17 12 14 6 3 1 0 1 0 0 0 0 0 0 
0 0 1 0 0 1 1 0 1 1 2 2 2 6 8 10 5 6 15 10 3 12 4 10 8 19 39 11 19 4 5 0 2 1 2 1 1 0 0 0 
0 0 0 0 0 0 1 2 0 1 4 1 2 6 8 5 7 8 8 9 4 4 16 21 25 30 29 3 1 3 1 1 0 2 1 2 0 0 0 0 
0 0 0 1 0 1 3 1 0 2 1 2 8 8 19 20 10 14 17 13 10 6 9 16 36 53 36 24 13 5 2 3 1 1 1 1 1 0 2 3 

0 0 0 0 0 0 0 0 0 0 0 0 0 0 0 0 0 0 2 1 0 3 2 0 2 2 0 17 4 1 0 0 0 0 0 0 0 0 0 1 
0 0 0 0 0 0 0 0 0 0 0 0 1 0 0 0 0 0 1 1 1 0 2 1 5 2 6 4 5 2 3 0 2 0 2 0 0 0 0 0 
0 0 0 0 0 1 0 0 0 0 0 0 0 0 0 0 0 1 0 2 2 3 4 5 2 3 2 5 6 3 0 2 1 1 2 0 1 0 3 0 
0 0 0 0 0 0 0 0 0 1 0 0 0 0 0 1 0 0 1 2 3 2 2 3 2 1 1 5 6 1 2 1 1 0 2 0 1 0 0 0 
1 0 0 1 0 0 0 0 0 0 0 0 0 0 0 0 0 1 0 3 1 1 3 2 3 0 7 4 6 1 1 3 5 0 1 1 1 0 0 0 
0 0 1 0 0 0 0 0 1 0 1 1 0 0 0 1 0 0 0 1 1 0 5 3 4 2 4 14 11 6 1 1 2 1 1 0 1 1 1 0 
0 0 0 0 0 0 0 0 0 0 0 0 0 2 0 0 0 3 1 2 2 1 0 2 2 2 11 6 6 4 2 3 3 1 0 0 0 0 0 2 
0 0 0 0 0 0 0 0 0 0 0 1 0 0 1 0 1 2 3 1 3 2 0 2 2 2 5 8 3 6 2 1 3 0 0 0 1 1 0 0 
0 0 0 0 0 0 0 0 1 0 0 0 0 0 0 2 2 0 3 1 2 1 4 2 4 10 7 9 4 7 8 3 5 1 1 0 0 0 0 1 
0 0 0 0 0 0 0 1 0 3 0 0 0 2 0 0 3 0 0 3 1 2 1 3 3 3 5 5 12 2 4 1 3 0 1 2 1 1 0 0 
0 0 0 1 0 0 0 0 1 0 1 1 0 1 1 0 2 0 1 6 5 0 5 5 4 2 12 15 5 3 0 2 2 0 1 0 0 0 1 0 
0 0 0 0 0 0 2 0 0 1 1 1 2 1 2 0 1 4 1 2 5 1 3 4 4 9 5 6 6 7 6 2 3 3 1 2 1 0 0 0 
1 0 0 0 0 0 0 0 1 2 0 2 2 1 2 0 3 0 1 4 4 6 3 8 6 6 9 10 20 1 6 1 2 1 0 1 0 0 2 1 
0 0 0 0 0 0 0 2 0 3 2 1 6 3 4 2 2 3 3 7 3 4 9 5 6 14 14 24 4 2 2 2 4 2 0 0 0 1 1 0 
0 0 0 0 0 0 1 2 1 0 2 2 2 3 4 2 1 4 5 5 1 3 5 2 2 7 6 7 15 3 3 5 0 2 2 0 1 0 0 1 
0 1 1 1 0 1 0 0 0 1 2 4 6 2 4 3 3 4 5 2 5 3 1 6 5 11 7 10 13 10 6 1 3 1 0 0 2 1 1 0 
0 0 0 0 0 0 2 0 1 2 1 1 3 4 4 6 1 6 4 3 5 2 6 3 9 12 13 13 14 4 4 2 1 0 0 0 0 0 0 1 
0 0 0 0 0 0 1 2 4 1 0 4 5 3 9 1 2 3 4 3 5 2 5 4 5 5 5 5 7 4 1 2 0 1 1 1 1 0 1 0 
0 1 0 0 0 1 0 0 0 1 0 3 1 5 3 3 7 7 8 7 5 8 4 6 3 11 12 2 2 1 6 3 3 1 0 0 1 0 1 1 
0 0 1 0 0 0 2 2 0 2 2 4 2 4 11 12 13 4 3 2 3 2 7 6 13 31 14 2 8 0 1 2 2 1 0 1 1 0 0 0 
1 0 0 1 0 0 0 1 0 1 2 4 2 3 5 1 7 4 2 5 1 2 6 4 9 8 11 3 7 4 2 3 1 0 0 1 1 1 0 0 
0 1 0 0 1 0 0 1 1 3 1 1 1 3 1 4 6 6 7 4 3 12 5 15 12 19 27 6 11 5 4 3 1 0 1 1 0 1 0 0 
0 0 0 0 1 0 0 0 1 0 2 4 2 6 12 16 13 8 5 5 4 6 10 14 25 37 15 12 3 2 0 0 1 0 1 0 0 0 0 0 
0 0 0 0 0 2 0 0 1 1 3 0 3 7 5 10 6 7 4 6 6 5 2 13 17 17 13 10 5 2 2 0 0 0 0 0 0 0 1 1 

0 0 0 0 0 0 0 0 0 0 0 0 0 0 0 1 0 1 0 5 0 5 1 3 0 2 0 6 4 2 0 0 0 0 1 0 0 0 0 0 
0 0 0 0 0 0 0 0 0 0 0 0 0 1 0 0 0 0 1 1 2 0 1 1 3 0 1 2 6 3 2 1 1 0 0 2 0 0 0 1 
0 0 0 0 0 0 0 0 0 0 0 0 0 0 0 0 0 0 0 1 0 2 2 5 1 1 2 2 2 3 2 0 0 0 0 0 0 0 0 0 
0 0 0 0 0 0 0 0 0 0 0 0 0 0 0 1 0 0 0 4 1 1 1 5 4 2 0 4 1 1 2 0 0 1 0 0 0 0 0 0 
0 0 0 0 0 0 0 0 1 0 0 0 0 0 0 0 0 1 0 3 3 3 2 4 1 2 2 1 2 1 0 3 1 1 1 1 0 0 0 0 
0 0 0 0 0 0 0 0 0 0 0 0 0 0 0 0 0 1 2 0 2 0 1 3 1 3 0 5 2 1 5 2 1 1 0 0 0 0 0 0 
1 0 0 0 0 0 1 0 0 0 0 0 0 0 0 0 0 0 2 1 1 1 1 2 5 6 5 4 4 1 3 2 1 2 2 0 0 0 0 0 
0 0 0 0 0 0 1 0 0 0 0 0 0 0 1 0 0 0 1 0 3 7 5 7 4 1 6 7 10 1 1 0 0 1 0 0 0 1 0 0 
0 0 0 0 0 0 0 0 0 0 1 0 1 0 1 1 0 2 3 2 1 1 1 3 1 4 5 6 4 3 0 1 1 1 1 0 3 0 0 0 
0 0 0 0 0 0 0 0 0 0 0 1 1 1 0 1 1 1 3 3 3 0 2 1 8 5 7 10 8 3 3 0 2 2 0 0 1 0 0 0 
0 0 0 0 0 0 0 2 0 0 0 1 0 2 0 0 1 0 1 4 5 4 5 4 9 11 9 11 7 5 3 4 2 0 0 0 0 0 0 0 
0 0 0 0 0 0 0 0 0 1 0 1 1 0 2 1 1 1 5 2 1 1 5 4 5 9 5 7 5 0 4 2 0 2 0 0 1 0 0 0 
0 0 2 0 0 0 0 0 0 1 0 1 1 1 1 1 1 3 1 2 3 1 2 3 4 8 12 9 9 2 6 2 0 2 0 1 0 0 0 2 
0 0 1 0 0 1 0 0 1 0 1 0 0 3 0 2 2 0 2 0 3 6 8 7 4 14 19 8 9 2 1 1 1 0 1 0 0 1 0 0 
1 0 0 0 0 0 0 0 1 0 1 2 3 5 4 2 2 2 5 0 4 1 4 5 9 13 8 6 8 5 2 5 2 1 2 0 0 0 0 0 
0 2 1 1 0 0 0 1 0 1 0 4 0 1 4 2 2 6 1 2 5 2 4 3 2 13 12 9 7 9 6 1 5 1 0 1 0 1 1 1 
0 0 0 1 1 1 0 0 1 1 2 1 3 3 3 1 0 1 2 2 1 1 8 9 16 28 22 8 12 1 3 0 2 0 0 0 0 0 1 1 
0 0 0 0 1 0 0 0 2 1 0 2 1 3 4 1 2 1 2 6 1 7 10 15 26 21 22 10 9 7 3 2 0 2 1 1 0 0 0 0 
1 0 1 0 2 0 0 1 1 1 1 2 3 4 2 5 2 7 5 4 5 9 7 11 11 30 29 11 9 5 6 1 3 1 0 0 0 0 0 1 
0 0 0 0 0 0 0 1 0 0 3 1 0 2 4 8 1 4 5 2 5 4 11 13 43 58 18 10 7 2 2 0 1 0 0 1 0 2 0 0 
0 0 0 0 0 1 0 0 0 3 0 0 0 3 4 2 7 3 7 3 0 5 5 19 38 34 22 9 2 6 3 1 1 2 0 1 0 0 0 0 
1 0 0 1 0 1 1 0 0 1 0 2 2 3 5 3 6 4 7 1 3 5 8 17 18 32 37 9 14 7 3 1 4 0 1 1 0 1 0 0 
0 0 0 0 0 1 1 0 2 1 1 0 1 2 3 7 3 4 4 3 3 5 11 22 103 105 32 11 3 1 2 0 0 1 0 0 0 0 0 0 
0 0 0 0 0 0 0 2 2 1 3 0 4 4 4 6 8 17 7 8 6 6 5 45 269 160 31 13 8 6 4 4 0 1 1 0 0 1 0 0 

0 0 0 0 0 0 0 0 0 0 0 0 0 0 0 2 0 1 1 0 2 4 1 3 0 3 1 8 3 0 0 0 1 0 0 0 0 0 0 1 
0 0 0 0 0 0 0 0 0 0 0 0 0 0 0 0 0 0 0 0 0 1 1 3 1 1 0 4 0 0 0 1 0 1 0 0 0 0 0 0 
0 0 0 0 0 0 0 0 0 1 0 0 0 0 0 0 0 0 1 0 1 1 2 4 0 4 2 2 1 1 2 0 2 0 0 0 1 0 0 0 
0 0 0 0 0 0 0 0 0 0 0 2 0 0 0 0 0 1 0 3 1 0 3 3 2 0 1 1 3 0 1 0 0 0 0 1 0 1 0 0 
0 0 0 0 0 0 0 0 0 0 0 0 0 0 0 0 0 0 0 2 2 3 3 3 2 2 2 2 3 2 3 0 1 1 1 0 0 0 0 0 
0 0 0 0 0 0 0 1 0 1 0 0 0 0 0 0 0 0 0 0 0 0 1 2 1 3 4 3 2 3 1 1 1 0 2 0 0 0 0 1 
0 0 0 0 0 0 0 0 0 0 0 0 0 0 0 0 1 3 0 2 1 2 1 3 2 9 5 1 7 1 1 1 4 0 0 0 1 0 0 0 
0 0 0 0 0 0 0 0 0 0 0 0 0 0 0 1 0 2 1 5 3 3 3 2 3 6 6 8 5 0 1 1 1 1 0 0 0 0 0 0 
0 0 0 0 0 0 0 0 0 0 0 0 0 0 1 0 1 1 0 2 3 0 2 0 1 1 3 3 2 2 1 0 1 0 0 0 0 0 1 1 
2 0 0 0 0 0 0 1 0 0 0 0 0 1 1 2 0 1 1 1 1 1 1 4 5 15 4 3 6 2 1 3 1 0 1 0 1 1 0 0 
0 0 0 0 0 0 0 1 0 0 1 1 2 0 0 0 1 0 3 2 4 2 7 3 3 14 12 7 3 4 3 3 0 1 0 0 1 0 0 0 
0 0 0 0 0 0 1 0 0 0 0 0 1 0 1 0 0 1 3 1 4 1 1 7 6 4 4 5 3 3 1 2 1 1 1 1 0 0 0 2 
1 0 0 0 0 0 0 0 0 0 1 0 0 2 0 1 3 1 2 3 3 2 3 7 2 14 19 5 9 3 5 1 3 0 1 0 0 0 0 0 
1 1 0 0 2 1 0 0 1 1 1 2 0 1 2 1 4 1 2 7 3 2 5 3 11 15 12 13 4 5 6 0 1 0 0 0 0 0 1 0 
0 0 0 0 1 2 1 0 0 0 0 2 1 1 1 0 1 3 1 2 1 4 5 4 12 12 12 7 6 3 1 2 3 1 1 0 1 0 0 0 
0 0 0 1 0 0 0 1 0 1 1 1 4 0 1 0 1 1 2 2 2 2 0 10 15 28 16 5 6 2 0 3 3 1 1 2 2 1 0 0 
0 0 1 0 0 0 0 0 0 0 1 2 2 1 1 2 1 1 2 0 7 3 8 9 38 29 17 8 7 1 1 1 2 0 1 0 1 0 0 0 
0 0 0 0 0 0 1 0 0 0 1 3 4 1 2 2 1 2 2 3 5 3 10 19 50 37 14 5 5 8 7 2 1 3 1 1 0 0 0 2 
0 0 0 0 0 0 0 0 0 1 0 1 1 2 2 3 4 1 2 2 1 5 5 9 34 64 37 5 5 6 1 2 0 1 2 0 0 0 1 0 
1 0 0 0 0 0 0 1 1 0 0 2 5 2 1 5 4 2 5 2 4 2 12 17 224 185 31 11 4 3 2 4 0 0 0 0 0 0 0 0 
1 0 0 1 1 0 0 0 0 0 1 2 2 0 0 1 1 3 5 1 3 7 5 12 108 58 12 6 8 5 3 4 1 1 0 0 1 1 1 1 
0 0 0 0 0 0 0 2 0 1 0 2 2 3 3 3 5 2 3 2 5 11 8 20 167 82 38 8 4 2 6 1 4 1 1 0 2 0 0 1 
0 0 0 0 0 0 0 0 0 1 2 3 1 1 5 6 3 2 2 3 1 4 3 15 154 143 37 9 3 0 0 1 0 0 0 0 0 0 0 1 
0 0 0 0 0 2 0 0 0 2 0 1 2 1 3 2 3 1 2 5 7 11 14 30 419 141 31 13 10 2 6 2 2 0 1 0 0 0 0 1 

0 0 0 0 0 0 0 0 0 0 0 0 0 0 0 1 0 1 1 4 0 1 5 1 4 1 0 1 2 0 0 0 0 0 0 0 0 0 0 0 
0 0 0 0 0 0 1 0 0 0 0 0 0 0 0 1 0 1 2 0 0 2 2 3 2 3 1 1 2 3 0 3 0 0 0 0 0 0 1 0 
0 0 0 0 0 0 0 0 0 0 0 0 0 0 0 0 0 1 0 0 1 0 0 4 5 0 0 1 0 0 0 0 1 0 0 0 0 0 0 0 
0 0 0 0 0 1 0 0 0 0 0 0 0 0 0 0 0 0 0 1 0 2 2 5 3 2 1 2 4 1 1 0 1 0 0 0 1 0 0 0 
0 0 0 0 0 0 0 0 0 0 0 2 0 0 0 1 1 1 0 1 0 4 2 4 4 7 7 6 1 2 1 0 0 0 0 0 0 0 0 0 
0 0 0 0 0 0 0 0 0 0 0 0 0 0 0 0 0 0 1 1 4 2 1 0 2 4 5 3 2 0 0 1 0 0 0 1 0 0 0 0 
0 0 0 0 0 0 0 0 0 0 0 0 0 0 0 0 0 0 0 1 1 2 0 3 5 10 18 1 2 1 4 2 1 0 1 0 0 0 0 0 
0 0 0 0 0 0 0 0 0 0 0 0 0 0 0 0 0 2 2 2 2 4 7 6 5 22 15 9 4 4 0 1 1 0 0 0 0 0 0 0 
0 0 0 0 0 0 0 0 0 1 0 0 1 0 0 0 0 2 0 1 0 4 4 0 3 8 13 5 8 3 1 0 0 2 0 0 0 0 0 0 
0 0 0 0 0 0 0 0 0 0 0 0 1 0 0 0 1 0 1 1 0 2 5 4 3 15 11 3 4 1 3 1 3 0 1 1 0 0 0 0 
2 0 0 0 1 0 0 0 0 0 0 0 0 2 1 0 1 2 0 2 2 3 7 11 23 49 17 5 8 1 5 1 2 1 0 0 0 0 0 0 
0 0 0 0 0 0 0 1 1 0 0 1 0 0 1 1 0 0 1 4 6 3 6 11 33 32 25 7 11 6 8 1 2 0 0 0 0 0 0 0 
0 0 0 0 1 1 0 0 0 1 1 1 0 2 1 0 2 0 3 3 1 4 5 11 14 31 37 4 6 2 3 0 1 1 0 0 0 0 0 0 
0 0 0 0 0 0 0 1 0 0 2 2 0 0 0 1 1 4 8 1 3 4 12 17 69 90 28 11 9 3 2 2 0 2 0 0 0 1 1 1 
0 0 0 0 0 0 0 0 0 0 0 0 0 1 0 2 2 2 3 1 3 3 6 15 390 128 18 9 8 1 7 1 1 1 0 0 2 0 0 0 
1 0 0 0 0 1 0 3 0 0 1 2 1 1 0 1 2 0 2 3 1 3 6 13 265 79 32 10 7 3 7 2 1 1 1 0 1 0 0 0 
0 1 0 0 0 0 0 1 0 0 1 1 0 2 2 4 0 0 2 0 5 3 7 18 184 87 18 6 9 2 1 0 0 0 0 1 0 0 0 0 
1 0 0 0 0 0 1 0 1 0 2 0 4 3 1 1 3 1 0 4 1 4 6 6 66 27 13 10 6 4 2 0 0 1 0 0 0 0 0 0 
1 0 0 0 0 0 0 0 0 0 0 1 0 0 1 2 0 0 2 2 0 1 3 5 71 58 52 5 6 3 4 3 3 1 0 0 0 1 0 0 
1 0 0 0 0 1 0 0 0 1 0 2 2 2 2 2 3 3 3 6 3 3 5 4 84 94 23 7 5 1 1 1 0 0 0 0 0 0 0 0 
0 1 2 0 0 0 0 0 1 1 0 1 0 4 1 4 1 2 4 2 1 2 1 10 17 17 11 12 5 3 2 1 0 1 0 1 0 0 1 0 
0 0 0 1 0 0 0 0 1 1 0 1 0 4 2 1 3 2 5 2 2 4 7 10 16 21 28 7 7 2 1 0 0 0 1 0 0 0 0 0 
0 0 0 0 0 0 0 1 0 0 0 2 0 3 0 2 2 2 1 3 3 2 5 9 23 36 14 6 0 1 2 1 0 0 1 0 1 0 0 0 
0 0 0 0 0 0 0 0 2 0 0 0 5 5 4 4 4 4 5 6 4 3 7 20 35 34 22 7 4 5 2 0 3 1 1 0 0 0 0 0 

0 0 0 0 0 0 0 0 0 0 0 0 0 1 0 2 0 0 1 2 1 3 1 7 1 2 1 1 0 3 0 0 1 1 0 0 0 0 0 0 
0 0 0 0 0 0 0 0 0 0 0 0 0 0 0 0 0 0 1 0 0 0 4 1 2 1 2 1 1 3 2 1 0 0 0 0 0 1 0 1 
0 0 0 0 0 0 1 0 0 0 0 0 0 0 0 0 0 0 0 0 1 0 1 1 3 6 2 0 1 0 0 1 0 0 0 0 0 1 0 0 
0 0 0 0 0 0 0 0 1 0 0 0 1 0 0 2 0 0 0 1 0 1 1 8 3 9 2 0 3 0 1 1 0 0 1 0 0 0 0 0 
0 0 0 0 0 0 0 0 0 0 0 1 0 0 0 1 0 2 2 2 1 3 6 7 5 9 7 6 3 0 2 0 0 0 1 0 0 0 0 1 
0 0 0 0 0 0 0 0 0 0 0 0 0 0 0 0 0 0 1 0 2 1 3 7 1 4 5 2 4 1 2 3 0 0 0 0 0 0 0 1 
0 0 0 0 0 1 1 1 0 0 1 0 0 0 0 0 0 0 0 3 1 1 5 6 5 24 23 2 3 2 2 1 1 1 1 1 0 0 0 0 
0 0 0 0 0 1 2 0 0 0 0 0 0 0 0 0 0 1 1 2 3 2 2 7 6 23 20 5 3 2 1 0 0 2 0 0 0 0 0 0 
1 0 0 0 0 0 0 0 0 0 1 0 0 1 0 2 0 1 1 0 0 1 0 5 8 11 11 6 3 0 2 1 1 0 0 0 0 0 0 1 
1 0 0 0 0 0 0 0 0 0 1 0 0 0 1 1 2 1 0 0 0 1 2 5 9 42 32 3 4 0 4 3 2 1 0 0 0 0 0 0 
1 0 0 0 0 0 0 0 1 1 0 1 0 1 2 0 1 1 2 1 2 4 4 11 60 78 35 12 2 1 2 1 3 0 0 0 2 0 0 2 
0 0 0 0 0 0 0 0 0 0 0 1 0 0 0 1 2 2 1 1 7 5 12 17 83 63 33 11 13 7 4 1 4 0 1 2 2 0 0 1 
0 1 0 0 0 0 0 0 0 0 0 0 1 0 0 1 1 2 1 0 1 9 5 8 124 64 31 7 14 3 5 2 2 0 1 2 0 0 1 0 
0 0 0 2 0 0 0 0 0 0 2 3 0 1 1 1 2 2 2 2 1 7 5 10 105 102 19 5 3 1 0 0 3 2 0 2 0 0 0 0 
1 0 0 0 0 0 0 0 1 0 0 0 1 1 1 1 1 2 0 4 1 5 6 13 97 35 17 12 7 3 6 4 3 1 0 0 0 1 1 2 
1 0 0 0 0 0 1 0 0 1 0 1 0 1 1 0 2 2 2 2 2 2 8 16 54 54 35 5 5 5 3 0 3 1 2 0 0 1 2 0 
0 0 0 0 0 0 1 1 0 0 0 2 1 0 0 1 3 0 3 1 4 5 8 7 28 37 16 12 5 2 1 1 0 0 1 0 0 0 0 0 
0 0 0 1 0 1 0 0 0 1 0 0 0 1 0 0 0 1 1 4 2 4 4 8 11 9 11 4 4 2 2 1 4 0 0 1 1 0 0 0 
0 1 0 1 1 0 0 0 0 3 0 0 1 0 0 3 1 2 0 4 0 4 2 8 8 15 12 3 8 2 5 1 1 0 1 0 0 0 1 0 
0 0 0 0 0 0 0 1 0 0 0 0 1 0 3 2 1 0 4 0 1 1 1 8 25 44 19 7 2 0 0 1 0 0 0 0 0 0 0 0 
1 0 0 0 0 0 0 0 1 0 0 1 1 5 1 0 1 1 1 1 2 3 3 6 10 9 11 5 4 4 2 1 2 0 1 1 0 0 0 1 
0 0 0 0 0 0 0 0 0 0 0 0 0 0 0 3 1 1 3 2 3 2 2 1 7 16 21 9 1 1 1 1 2 0 0 1 1 0 1 1 
0 0 0 0 0 0 0 0 0 1 2 1 1 1 2 0 2 2 4 1 4 2 6 2 15 26 10 5 5 2 0 0 1 1 0 1 0 1 0 0 
0 0 0 0 0 0 0 1 0 1 0 1 3 0 4 3 2 3 2 1 3 1 2 4 7 8 11 4 3 5 0 2 0 0 0 0 0 0 0 1 

1 0 0 0 0 0 1 0 0 0 0 0 0 1 0 0 0 1 2 0 1 2 2 10 6 3 4 3 1 0 1 0 0 0 1 0 0 0 0 0 
0 0 0 0 1 0 0 0 0 0 0 0 0 0 0 0 0 0 0 0 1 4 2 6 4 4 4 0 1 3 2 0 0 0 0 0 0 0 0 0 
0 0 0 0 0 0 0 0 0 0 0 0 0 1 0 0 0 0 0 0 2 0 2 5 5 1 7 1 3 2 1 1 1 0 0 0 0 0 0 0 
0 0 0 0 0 1 0 0 0 0 0 0 0 1 0 1 1 0 0 0 0 2 0 4 6 10 9 2 2 1 0 0 1 0 0 0 0 0 0 0 
0 1 0 0 0 0 0 0 1 0 0 0 0 0 2 1 1 0 1 2 2 6 5 12 23 23 15 9 3 5 1 0 0 3 0 1 0 0 0 0 
0 0 0 0 0 0 0 0 0 0 0 0 0 0 0 0 0 0 0 2 5 8 5 25 41 26 11 12 5 4 1 0 0 2 1 1 1 1 0 0 
0 0 0 0 0 0 0 0 0 1 0 1 0 0 0 0 0 1 0 1 0 4 2 10 20 39 33 5 4 4 1 0 1 0 2 0 0 1 1 0 
0 0 0 0 0 0 0 0 0 0 0 1 1 0 0 0 0 2 1 2 3 2 9 18 77 80 34 10 3 3 2 2 1 0 0 1 0 0 0 0 
0 0 0 0 0 0 0 0 0 1 0 0 0 0 0 0 0 1 0 0 4 4 3 15 240 55 23 9 8 3 1 2 2 0 0 0 0 1 0 0 
0 0 0 0 0 0 0 0 0 0 0 1 0 1 0 0 0 0 0 1 2 1 4 10 173 81 52 7 7 1 2 0 2 0 0 1 0 0 0 0 
0 0 0 0 0 0 0 1 0 0 0 0 0 1 1 0 1 1 1 3 5 4 6 11 177 123 29 7 8 0 1 0 1 0 1 1 0 0 1 0 
1 0 0 0 0 0 1 0 0 0 1 1 0 0 1 0 1 3 1 3 5 0 7 7 33 22 14 7 5 3 3 2 1 0 0 0 0 0 0 0 
0 0 0 0 0 0 0 0 1 0 0 1 0 0 0 2 1 1 1 5 2 3 4 9 30 29 33 5 7 1 5 0 2 0 1 0 1 1 1 1 
1 0 0 0 0 0 0 1 1 1 0 2 0 0 0 2 1 3 0 5 5 3 13 11 15 31 13 4 1 1 1 3 0 0 0 0 1 0 1 0 
0 0 0 1 0 0 0 0 0 1 0 1 0 3 2 0 0 0 2 2 3 0 5 7 12 7 6 2 2 2 0 2 0 1 1 0 0 0 0 0 
0 4 0 0 0 0 0 0 0 0 1 0 0 1 0 1 1 1 1 1 2 5 4 8 11 8 19 2 8 2 3 0 2 1 1 0 0 2 0 0 
0 0 0 0 0 0 0 0 1 0 0 1 1 1 3 0 1 1 0 2 0 1 6 6 5 14 8 4 2 1 6 1 0 0 0 0 0 0 0 0 
0 0 0 0 0 0 0 0 0 1 1 0 0 0 1 1 1 0 1 0 2 5 2 2 0 4 4 1 2 2 1 1 2 0 1 1 0 0 0 0 
0 0 0 1 0 0 0 0 0 0 0 0 0 0 0 1 0 1 0 2 2 1 2 1 3 12 8 3 2 0 0 0 2 0 1 1 1 0 0 0 
0 0 0 0 1 0 0 0 1 0 0 0 0 2 1 5 0 2 2 0 0 4 4 5 2 7 8 2 1 1 2 1 0 0 0 0 0 0 0 0 
0 0 0 0 0 0 0 0 0 0 0 0 0 0 0 3 1 1 0 1 0 3 2 4 5 3 11 5 2 0 2 0 1 1 0 0 0 0 0 0 
0 0 0 0 1 1 0 1 1 2 0 0 0 0 0 1 0 2 1 1 1 0 1 4 4 7 15 0 7 1 4 0 1 0 0 0 0 0 0 0 
0 0 0 0 0 0 0 0 1 0 0 0 0 0 0 1 0 0 4 1 1 1 2 6 6 10 4 3 1 0 1 0 0 0 0 0 0 0 0 0 
0 1 0 0 0 0 0 2 0 0 1 0 1 2 1 0 4 2 0 3 6 1 6 10 8 9 12 4 3 3 1 0 0 1 0 0 0 0 0 1 

0 0 0 0 0 0 0 0 0 0 0 1 1 0 0 0 0 2 1 1 0 7 5 22 9 8 6 2 1 1 0 0 0 0 1 0 0 0 0 0 
0 0 0 0 0 0 0 0 0 0 0 0 0 0 0 0 0 0 0 0 1 1 6 13 13 8 5 6 4 3 1 1 0 0 0 0 0 0 1 0 
0 0 0 0 0 0 0 0 0 0 0 0 0 0 0 0 0 0 1 0 3 2 3 4 6 8 6 2 3 1 0 0 0 0 0 0 0 0 0 0 
0 0 0 0 0 0 0 0 0 1 0 0 0 0 0 1 1 0 0 1 0 2 1 10 25 25 25 0 3 0 2 0 1 1 1 0 0 0 0 0 
0 0 0 0 0 0 0 0 0 0 0 0 1 1 1 0 0 2 1 1 2 5 3 17 44 49 22 12 5 3 2 1 2 0 1 1 0 1 1 1 
0 1 0 0 0 0 0 0 0 0 1 1 0 0 0 0 2 0 1 0 5 7 6 22 113 42 31 10 5 7 3 1 2 0 0 1 1 1 1 1 
1 0 0 0 0 0 0 0 0 0 0 0 0 0 0 0 1 0 0 1 2 5 3 15 159 80 48 5 9 1 2 1 1 0 0 1 0 1 1 0 
0 0 0 0 0 0 0 0 0 0 0 0 0 1 0 0 0 0 0 1 2 0 7 12 148 115 24 12 5 0 2 1 0 1 1 0 0 0 0 0 
0 1 0 0 0 0 0 0 0 0 0 0 1 0 0 1 0 1 0 1 1 3 4 6 50 39 13 13 7 1 3 1 0 1 1 2 0 0 0 0 
0 0 0 0 0 0 0 0 0 0 1 0 0 0 1 0 1 0 1 1 1 2 3 8 21 39 26 4 8 2 1 0 0 0 0 0 0 0 0 1 
0 0 0 0 0 0 0 0 0 0 1 2 1 0 2 1 0 1 3 1 0 2 6 6 9 48 18 3 3 1 2 0 0 0 0 0 1 0 0 0 
0 0 0 0 0 0 0 1 0 0 0 0 0 0 1 0 0 1 1 1 3 3 1 3 13 10 15 3 7 4 2 0 5 0 0 0 0 1 0 0 
0 0 0 0 0 0 0 0 0 0 0 0 0 1 0 0 0 1 2 1 3 1 5 5 6 10 14 3 3 5 4 1 1 1 1 0 0 0 0 0 
0 0 0 0 0 0 0 0 0 0 0 0 1 2 2 0 0 3 1 2 4 1 4 8 10 21 9 6 6 1 2 0 1 2 0 0 0 0 0 0 
0 0 0 0 0 0 0 1 0 0 0 0 0 0 0 0 0 0 0 0 2 2 2 2 10 3 20 8 2 1 4 2 0 0 0 0 0 0 1 0 
1 0 0 0 0 0 0 0 0 0 0 0 1 1 0 1 1 1 1 0 2 4 2 7 4 10 11 4 0 3 1 0 1 0 0 0 1 0 1 0 
0 0 0 0 0 0 0 0 0 0 1 0 1 0 1 0 1 0 2 2 1 3 3 7 9 9 7 2 0 2 4 0 0 0 1 0 0 0 0 0 
1 0 0 0 0 0 0 0 0 0 0 0 0 1 1 0 0 2 1 0 1 1 3 4 1 2 5 1 3 1 1 1 0 0 0 1 1 0 1 0 
0 0 0 0 0 0 0 0 0 0 1 0 1 0 1 0 0 1 1 2 1 1 2 2 3 6 4 0 0 2 0 3 0 0 0 0 1 0 0 0 
0 0 0 0 1 0 0 0 0 0 0 0 0 1 1 1 1 0 4 2 4 0 3 4 7 9 4 2 1 0 0 0 1 0 0 0 0 0 0 0 
0 0 0 0 0 0 0 0 0 0 0 0 0 0 0 0 0 1 2 0 0 0 1 1 1 5 3 6 2 0 2 0 1 0 0 0 0 1 0 0 
1 0 0 1 0 0 0 0 0 2 0 0 1 0 0 0 1 4 2 1 0 1 1 1 0 6 7 1 3 0 0 0 0 1 0 0 0 0 0 0 
0 0 0 0 0 0 0 1 0 0 0 2 0 0 1 0 2 1 0 0 3 2 2 4 7 8 3 2 2 0 0 0 0 0 0 0 0 0 0 0 
0 0 0 0 0 0 0 0 1 1 0 0 1 0 2 0 0 0 1 1 1 1 0 2 4 3 2 0 1 0 0 0 0 0 0 0 0 0 0 0 

0 0 0 0 0 0 0 1 0 0 1 0 0 0 0 0 0 0 0 2 1 5 3 35 34 19 5 2 3 0 0 0 1 0 0 0 1 0 0 0 
0 1 0 0 0 0 0 1 0 0 0 0 0 0 0 1 0 0 0 2 5 4 3 24 74 19 7 3 10 2 2 0 2 0 0 0 1 2 0 0 
0 0 0 0 0 0 0 0 0 0 0 0 0 1 1 0 0 1 0 3 6 5 12 41 238 44 10 8 6 1 1 0 1 1 1 1 0 0 0 1 
0 0 0 0 0 0 0 0 0 0 0 0 1 1 0 0 0 0 0 4 0 5 3 18 266 40 29 4 1 1 4 0 1 1 0 0 0 0 0 0 
0 0 0 0 0 0 0 0 1 0 1 1 0 0 0 0 0 1 0 2 4 5 10 30 468 62 9 3 4 2 2 2 1 1 0 0 0 0 0 0 
0 0 0 0 0 0 0 0 0 0 0 0 0 0 0 2 0 0 2 1 0 3 2 8 38 16 15 6 6 6 5 4 0 1 1 0 1 1 1 0 
0 0 0 0 0 1 0 0 0 0 0 0 0 0 0 2 0 1 0 1 1 2 4 7 29 39 35 4 3 2 3 0 0 0 0 0 1 0 0 0 
0 0 0 0 0 1 0 0 0 0 0 0 0 0 0 1 0 0 2 2 2 4 4 12 12 37 18 3 3 0 1 1 0 0 0 0 0 0 0 0 
0 0 0 0 0 0 0 0 0 0 0 0 0 0 1 0 0 0 0 1 2 2 1 3 9 2 3 3 1 1 0 2 0 0 0 0 0 0 0 0 
0 0 0 0 0 0 0 0 0 1 0 0 0 0 0 1 0 0 1 0 1 1 2 7 4 12 9 3 6 1 2 1 2 0 3 0 0 1 0 1 
0 0 0 0 0 0 0 0 0 0 0 0 0 1 0 1 1 0 2 2 2 1 4 10 5 7 6 5 4 0 0 0 0 1 0 0 0 0 0 0 
0 0 0 0 0 0 0 0 0 0 0 1 0 0 0 1 0 0 1 0 1 2 1 2 5 3 2 2 3 3 2 1 2 0 1 0 0 0 1 0 
0 0 0 0 0 1 0 0 0 0 0 0 0 0 1 0 0 0 1 0 0 2 0 0 8 8 9 4 4 1 3 1 0 1 0 1 0 0 0 0 
0 0 0 0 0 0 0 1 0 0 0 0 0 0 0 2 0 1 1 0 0 1 2 3 3 8 3 1 1 1 0 0 0 1 1 1 0 0 0 0 
0 0 0 0 0 0 0 0 0 0 0 0 1 0 1 0 0 1 0 0 0 1 1 2 1 5 3 3 1 2 0 0 0 1 2 0 1 0 0 0 
0 0 0 0 0 0 0 1 0 0 1 0 0 1 1 0 2 1 2 0 1 1 1 1 5 1 10 1 3 0 1 1 4 0 0 0 0 0 2 0 
0 0 0 0 0 0 1 0 0 0 0 1 0 1 1 1 0 1 1 0 1 1 0 4 0 5 2 1 4 0 1 0 0 0 0 0 0 0 0 0 
0 0 0 0 0 0 0 0 0 0 0 0 0 0 0 0 0 0 0 0 1 1 0 0 1 0 1 0 1 0 0 1 0 0 0 0 0 0 0 0 
0 0 0 0 0 0 0 0 0 0 1 0 0 2 0 1 0 1 0 0 1 1 4 3 4 6 3 0 3 3 0 0 1 0 0 0 0 0 0 0 
0 0 0 0 0 0 0 1 0 1 0 0 1 0 0 0 1 1 2 1 2 1 0 2 2 3 3 1 2 0 0 0 0 0 0 0 0 0 0 0 
0 0 0 0 0 0 0 0 0 0 0 0 0 0 0 0 0 0 1 0 1 0 0 1 4 5 3 3 1 1 1 0 1 0 0 1 0 0 0 0 
0 0 0 0 0 0 0 0 0 0 0 0 1 0 0 0 0 0 1 2 0 0 1 3 1 5 7 0 0 1 3 0 0 0 0 0 0 0 0 0 
0 0 0 0 0 0 0 0 0 0 0 1 0 1 0 1 1 3 3 0 0 2 0 1 1 4 2 0 1 1 0 0 0 0 0 1 0 0 0 0 
0 0 0 0 0 0 0 0 0 0 0 0 1 0 0 1 1 0 0 2 2 1 3 4 1 6 4 6 2 0 2 0 0 0 0 0 0 0 0 0 

0 0 0 1 0 0 0 0 0 0 0 0 0 0 0 1 0 1 0 0 0 4 4 58 408 16 4 1 2 0 1 1 0 0 1 0 0 0 1 0 
0 0 0 0 0 0 0 0 0 0 0 0 0 0 0 1 0 1 1 0 1 1 2 30 279 23 10 5 6 4 1 0 0 1 1 1 0 0 0 2 
0 0 0 0 0 0 0 0 0 0 0 0 2 0 0 0 3 0 1 0 3 3 6 8 110 17 13 4 3 3 2 4 1 2 1 0 0 0 1 0 
0 0 0 0 0 0 0 0 0 1 0 0 0 0 0 0 0 0 0 0 1 2 2 6 57 18 14 2 2 1 0 2 1 0 1 0 1 0 0 0 
0 0 0 0 0 0 0 0 1 0 0 0 0 0 0 1 1 0 1 1 1 2 3 17 15 24 9 3 3 1 1 0 0 0 0 1 0 0 0 0 
0 0 0 0 0 0 0 0 0 0 0 0 0 0 0 0 0 1 0 1 1 2 1 6 8 12 3 8 6 3 2 1 1 0 2 0 0 0 1 1 
0 0 0 0 0 0 1 0 0 0 0 0 0 0 0 0 0 0 1 2 1 4 5 6 10 17 18 3 3 1 1 2 2 1 0 0 0 0 0 0 
0 0 0 0 0 0 0 0 0 0 0 0 0 1 0 0 0 1 0 3 0 3 4 9 1 16 16 2 2 1 3 1 1 0 2 0 1 0 0 0 
0 0 0 0 0 0 0 0 0 0 0 0 0 0 0 0 0 0 0 1 1 2 2 3 1 4 5 2 3 5 1 1 0 1 0 0 0 0 0 0 
0 0 0 0 0 1 0 0 0 0 0 0 0 0 1 0 0 1 0 2 1 0 1 4 5 6 7 2 2 1 2 1 3 0 0 0 0 0 0 1 
0 0 0 0 0 0 0 0 1 0 0 0 1 0 0 0 0 0 0 2 2 5 5 5 4 12 11 6 3 0 0 1 0 0 0 1 0 0 0 0 
0 0 0 0 0 0 0 0 0 0 0 0 0 0 0 1 0 0 3 1 1 3 2 0 3 3 3 4 1 1 0 0 0 0 0 0 0 1 0 0 
0 0 0 0 0 0 0 0 0 1 0 1 0 1 0 0 0 0 0 1 1 0 2 2 2 1 2 3 3 1 2 0 0 0 0 0 0 0 0 0 
0 0 0 0 0 0 0 0 0 0 0 1 1 0 1 0 2 0 0 0 3 1 1 0 0 8 3 3 0 0 1 0 0 0 0 1 0 0 0 0 
0 0 0 0 0 0 0 0 1 0 0 0 0 0 0 0 0 0 1 0 1 1 0 4 0 0 1 0 0 1 1 0 1 0 0 1 1 0 0 0 
0 0 0 0 0 0 0 0 0 0 1 1 1 0 1 0 0 0 0 1 2 3 1 0 4 2 6 4 4 2 2 1 0 0 3 0 1 0 0 0 
0 0 0 0 0 0 0 1 0 0 0 2 0 0 0 1 0 1 0 0 1 1 0 0 0 2 1 3 0 0 0 0 0 0 0 0 0 0 0 0 
1 0 0 0 0 0 0 0 0 0 0 0 0 0 0 0 0 1 0 1 0 0 1 0 0 0 1 0 0 0 0 0 0 0 0 0 1 0 0 0 
0 0 0 0 0 0 0 0 0 1 0 0 0 0 0 0 0 1 0 0 0 1 2 0 0 0 4 0 3 0 0 0 0 0 0 0 1 0 0 0 
0 0 0 0 0 0 0 0 0 0 1 0 0 0 0 1 0 0 1 0 1 0 0 2 4 8 5 3 3 0 0 0 0 0 0 0 0 0 0 0 
1 0 0 0 0 0 0 0 0 0 0 0 0 0 0 2 0 0 0 1 1 1 1 2 2 1 0 1 2 1 1 1 0 0 0 0 0 0 0 0 
0 0 0 0 1 0 0 0 0 0 0 1 0 0 0 1 0 0 0 0 0 0 2 0 0 1 5 0 2 0 1 2 0 0 0 0 1 0 0 0 
0 0 0 0 0 0 0 0 0 0 0 0 0 2 1 1 0 2 0 1 0 1 0 1 2 7 1 0 1 0 0 0 0 0 0 0 0 0 0 0 
0 0 0 0 0 0 0 0 0 0 0 0 0 0 0 0 0 0 1 0 0 0 2 0 1 0 1 2 1 0 1 0 0 0 0 0 0 0 0 0 

0 0 0 0 0 0 0 0 1 0 0 0 0 0 0 0 0 2 0 0 0 2 1 39 52 9 4 2 1 0 1 0 0 0 0 0 0 0 0 0 
0 0 0 0 0 0 0 0 0 0 1 0 0 0 0 0 0 0 0 0 0 0 4 10 16 4 2 1 3 1 0 0 0 0 0 0 0 0 0 0 
0 0 0 0 0 0 0 0 0 0 0 0 0 0 0 1 0 0 0 2 1 1 3 5 3 5 1 1 1 2 1 1 0 1 0 0 0 0 1 0 
0 0 0 0 0 0 0 0 0 1 0 0 0 0 0 1 0 1 2 0 0 0 0 5 9 7 13 0 3 1 2 1 0 0 2 0 0 0 0 0 
0 0 0 0 0 0 0 0 0 0 0 1 0 0 0 0 0 0 0 0 1 2 5 2 4 8 7 2 0 1 0 0 0 0 0 0 0 1 0 0 
0 0 0 0 0 0 0 0 0 0 0 0 0 0 0 0 1 0 1 0 2 1 1 3 2 2 0 4 3 0 1 0 0 0 0 0 0 1 0 0 
0 0 0 1 0 0 0 0 0 0 0 0 0 0 0 0 0 0 0 2 2 3 1 3 6 9 8 0 3 2 1 0 0 0 0 1 0 0 0 0 
0 0 0 0 0 0 0 0 0 1 0 0 0 0 0 0 0 2 1 0 1 1 0 4 2 5 3 1 1 0 0 0 0 0 0 0 0 0 0 0 
0 0 0 0 0 0 0 0 0 0 0 1 0 0 0 0 1 0 0 0 1 0 1 0 0 2 6 3 1 1 1 0 0 0 1 0 0 0 0 0 
0 0 0 0 1 0 0 0 0 0 0 0 0 0 0 0 0 0 1 2 0 0 1 3 1 3 10 4 1 1 1 2 0 0 0 0 0 0 0 0 
0 0 0 0 0 0 0 0 0 0 0 0 0 0 0 0 0 0 0 0 0 1 1 0 1 6 1 1 0 0 1 0 0 0 0 0 0 0 0 0 
0 0 0 0 0 0 0 0 0 0 0 0 0 0 0 0 0 0 0 0 1 1 1 1 0 1 2 5 3 0 0 1 0 0 0 0 0 0 1 0 
1 0 1 0 0 0 0 0 0 0 0 0 0 0 0 0 0 0 0 0 0 2 1 1 0 1 4 2 2 1 2 1 0 1 0 0 0 0 0 0 
0 0 0 0 0 0 0 1 0 0 0 0 0 1 0 0 0 0 1 0 0 0 1 3 0 4 2 2 1 2 0 0 0 0 1 0 0 0 0 0 
0 0 0 0 0 0 0 0 0 0 0 0 0 0 0 1 0 0 0 1 0 2 0 0 2 0 4 2 0 2 0 0 1 0 0 0 0 0 0 0 
0 0 0 0 0 0 0 0 0 0 0 0 1 0 1 0 0 1 1 0 0 0 0 1 1 0 5 3 0 0 2 1 0 0 0 0 0 0 1 0 
0 0 0 0 0 1 0 0 0 0 0 0 0 0 0 0 0 0 1 0 1 0 0 0 0 4 1 0 1 1 0 0 0 0 0 0 0 0 0 1 
0 0 0 1 0 0 0 0 0 0 0 0 0 0 0 0 0 2 0 0 0 1 1 1 0 1 2 1 2 0 0 0 0 0 0 0 0 0 0 0 
0 0 0 0 0 0 0 1 0 0 0 0 0 0 0 1 0 0 0 1 0 0 0 1 0 1 1 0 1 0 0 0 0 0 0 0 1 0 0 0 
0 0 0 0 0 0 0 0 0 0 0 0 0 0 1 0 0 0 1 1 0 0 1 2 2 2 0 0 1 1 0 0 0 0 0 0 0 0 0 0 
0 0 0 0 0 0 0 0 1 0 0 1 0 0 0 0 0 0 2 2 0 0 0 0 0 0 0 0 1 1 0 0 0 0 0 0 0 0 0 0 
0 0 0 0 0 0 0 0 0 0 0 0 0 0 0 0 0 0 1 0 0 1 1 1 1 1 0 0 2 0 1 1 2 0 0 0 0 0 0 0 
0 0 0 0 0 0 0 0 0 0 0 0 0 0 0 0 0 2 0 0 0 2 0 0 2 2 0 0 1 0 0 0 1 0 0 0 0 0 0 0 
0 0 0 0 0 0 0 0 0 0 0 0 0 0 1 0 0 0 1 0 0 2 0 3 1 2 1 0 0 1 0 0 0 0 0 0 0 0 0 1 

0 1 0 0 0 0 0 0 0 0 0 0 0 1 0 0 0 0 0 0 1 0 2 10 13 1 4 1 2 1 0 0 1 0 0 0 0 0 0 0 
0 0 0 0 0 1 0 1 0 0 0 0 0 0 0 0 0 1 0 1 2 1 2 4 5 2 0 1 0 1 1 0 0 0 0 0 1 1 0 0 
0 0 0 0 0 0 0 0 0 1 0 0 0 0 0 0 0 0 0 0 0 0 2 6 2 1 0 3 2 2 3 1 1 0 0 0 1 0 1 1 
0 0 0 0 1 0 0 0 0 0 0 0 0 0 0 0 0 0 0 1 0 0 0 2 4 5 5 0 2 0 1 0 0 1 0 0 0 0 0 0 
0 0 0 0 0 0 0 0 0 0 0 0 0 0 0 0 0 1 0 0 0 0 1 6 2 5 5 2 2 1 0 0 1 0 0 0 0 0 0 0 
0 0 0 0 0 0 0 0 0 0 0 0 0 0 1 0 0 0 0 0 0 3 0 0 0 1 3 3 2 2 2 2 0 0 0 0 0 0 0 2 
0 0 0 0 0 0 0 0 0 0 0 0 0 0 0 0 0 0 0 0 1 1 0 1 0 3 5 0 3 0 1 1 1 0 0 0 1 0 0 0 
0 0 0 0 0 0 0 0 0 0 0 0 0 0 0 0 0 1 0 0 2 2 1 4 5 0 1 1 1 2 0 0 0 0 0 0 0 0 0 0 
0 0 0 0 0 0 0 0 0 0 0 0 0 0 0 0 1 0 0 0 0 1 0 0 1 0 4 1 1 2 1 0 0 0 0 0 0 0 0 0 
0 0 0 0 0 0 0 0 0 0 0 0 0 0 1 0 0 0 0 0 0 0 1 1 0 1 1 0 1 0 0 0 0 0 0 1 0 0 0 1 
0 0 0 0 0 0 0 0 0 0 1 0 0 0 0 0 0 0 1 2 1 1 0 1 2 2 3 1 1 1 1 0 0 0 0 0 0 0 0 0 
0 0 0 0 0 0 0 1 0 0 0 0 0 0 0 0 0 0 0 1 0 1 1 0 0 0 5 1 0 2 0 0 0 0 0 0 0 0 0 1 
0 0 0 0 0 0 0 0 0 1 0 0 1 0 0 0 0 0 0 0 1 0 1 0 0 0 2 3 0 1 1 0 3 0 0 0 0 0 0 0 
0 0 0 0 0 0 0 1 0 1 0 0 0 0 0 0 0 0 0 1 0 0 0 4 0 0 4 0 0 1 1 0 0 0 0 0 0 0 0 1 
0 0 0 0 0 0 1 0 0 0 0 0 0 0 0 0 1 0 0 2 0 0 0 1 0 0 0 0 0 0 0 0 0 0 0 0 0 0 0 0 
0 0 0 0 0 0 1 0 0 0 0 0 1 0 0 0 0 1 0 0 0 0 1 0 0 0 1 1 0 1 1 0 1 0 0 0 0 0 0 0 
0 0 0 0 0 0 0 0 0 1 1 0 0 0 0 0 1 0 0 0 1 0 3 0 1 2 0 0 1 0 0 0 0 0 0 0 0 0 0 0 
0 0 0 0 0 0 0 0 0 1 0 0 1 0 0 0 0 0 0 0 0 0 0 0 2 1 0 0 1 0 0 0 0 0 0 0 0 0 0 0 
0 0 0 0 0 0 0 0 0 0 0 0 0 0 0 0 0 1 1 0 0 0 0 0 1 1 1 4 0 0 0 0 0 0 0 0 0 0 0 0 
0 0 0 0 0 0 0 0 0 0 0 0 0 0 1 0 1 1 0 0 0 0 0 2 1 2 1 0 0 0 0 0 0 0 1 0 0 1 0 0 
0 0 0 0 0 0 0 0 0 0 0 0 0 0 0 2 0 0 0 1 0 0 0 0 0 0 1 3 0 1 0 0 0 0 0 0 0 0 0 0 
0 0 0 0 0 0 0 0 1 0 0 0 1 0 0 0 0 1 0 0 1 2 0 1 1 1 3 0 1 1 1 0 0 0 0 0 0 0 0 0 
0 0 0 0 0 0 0 0 0 0 0 0 0 1 2 1 0 0 0 1 0 2 1 0 2 2 1 0 0 3 1 0 0 0 0 0 0 0 0 0 
0 0 0 0 0 0 0 0 0 0 0 0 0 0 1 0 1 0 1 0 0 0 1 1 0 0 1 0 0 0 0 0 0 0 0 0 0 0 0 0 

0 0 0 0 0 0 0 0 0 0 0 0 0 0 0 0 0 1 0 1 0 2 1 4 3 0 0 1 0 0 1 0 0 0 0 0 0 0 0 0 
0 0 0 0 0 0 0 0 0 0 0 0 0 0 0 0 0 0 0 0 1 0 1 0 0 1 1 0 2 0 0 0 0 0 0 0 0 0 0 0 
0 0 0 0 0 0 0 0 0 0 0 0 0 0 0 0 0 0 0 0 0 2 2 0 1 1 0 1 0 0 0 0 0 0 0 0 0 0 0 0 
0 0 0 0 0 0 0 0 0 0 0 0 1 0 1 0 0 0 0 2 0 0 0 1 5 2 5 0 1 0 0 0 0 0 0 0 0 0 0 0 
0 0 0 0 0 0 0 0 0 0 0 1 1 0 0 0 0 0 0 1 1 0 1 1 0 0 1 0 1 0 1 0 0 0 0 0 0 0 0 0 
0 1 0 0 0 0 0 0 0 0 0 0 0 0 0 0 0 0 0 0 0 0 0 0 1 1 2 0 2 1 1 0 1 0 0 0 0 0 0 0 
0 0 0 0 0 0 0 0 0 0 0 0 0 0 0 0 0 0 0 0 1 0 1 2 3 4 5 0 3 0 1 0 1 1 0 0 0 0 0 0 
0 0 0 0 0 0 0 0 0 0 0 0 0 0 0 0 0 0 0 1 0 0 2 1 0 5 2 0 2 0 0 0 0 0 0 0 0 0 0 0 
0 0 0 0 0 0 0 0 0 0 0 0 0 0 0 0 0 0 0 0 0 1 1 1 1 1 4 1 2 0 1 0 0 0 0 1 0 0 0 0 
0 0 0 0 0 0 0 0 0 0 0 0 0 0 0 0 0 0 1 1 1 0 1 1 0 1 2 0 0 0 0 0 0 0 0 0 0 0 0 0 
0 0 0 0 0 0 0 0 0 1 0 0 0 1 0 0 0 0 0 0 0 0 4 0 0 2 3 1 0 1 0 0 0 0 0 0 0 0 0 0 
0 0 0 0 0 0 0 0 0 0 0 0 0 0 0 0 0 0 0 0 0 0 0 0 0 0 2 3 1 0 0 0 0 0 0 0 0 0 0 1 
0 0 0 0 0 0 0 0 1 0 0 0 0 0 0 0 0 1 0 2 0 0 0 0 0 0 2 0 1 0 3 0 0 1 0 0 0 0 0 0 
0 0 0 0 0 0 0 0 0 0 0 0 1 0 0 0 0 2 0 0 0 0 2 0 2 2 1 0 1 1 0 0 0 0 0 0 0 0 0 0 
1 0 0 0 0 0 0 0 0 0 0 0 0 0 0 0 0 0 0 1 0 0 3 0 0 0 0 2 1 1 0 0 0 0 0 0 0 0 0 0 
1 0 0 0 0 0 0 0 0 0 0 0 0 0 0 0 0 2 2 0 0 0 0 2 0 0 4 0 2 0 0 0 0 0 0 0 0 0 0 0 
0 0 0 1 1 0 1 0 0 0 0 0 0 0 0 0 0 0 1 0 0 0 0 3 1 2 2 1 0 0 0 0 0 0 0 0 0 0 0 0 
0 0 0 0 0 0 0 0 0 0 0 0 0 0 0 0 0 0 0 0 0 0 0 0 0 0 0 1 1 1 1 1 0 0 0 0 0 0 0 0 
0 0 0 0 0 0 0 0 0 0 0 0 0 1 0 0 0 0 0 0 1 0 0 0 2 1 0 1 1 0 0 0 0 0 0 0 0 0 0 0 
0 0 0 0 0 0 0 0 0 0 0 0 0 1 0 1 0 0 0 0 0 1 0 0 1 1 1 0 0 0 0 0 0 0 0 0 0 0 0 0 
0 0 0 0 0 0 0 0 0 0 0 0 0 1 0 0 0 1 0 1 0 0 0 0 0 1 0 0 0 0 0 0 0 0 0 0 0 0 0 0 
0 0 0 0 0 0 0 0 0 0 0 1 1 0 0 0 0 1 1 0 0 1 0 1 1 1 0 2 1 0 1 0 1 0 0 0 0 0 0 0 
0 0 0 0 0 0 0 0 1 0 0 0 0 0 0 0 0 1 0 0 0 0 1 3 0 0 0 0 0 0 0 0 0 0 0 0 0 0 0 0 
0 0 0 0 0 0 0 0 0 0 0 0 0 1 0 0 0 1 0 1 1 1 1 1 1 0 0 1 0 0 0 0 0 0 0 0 0 0 0 0 

0 0 0 0 0 0 0 0 0 0 0 0 0 0 0 0 1 0 1 0 0 2 1 3 2 1 0 0 0 0 0 1 0 0 0 0 0 0 0 0 
1 0 0 0 0 0 0 0 0 0 0 0 0 0 0 0 0 0 0 0 0 0 0 1 1 3 1 1 1 1 0 0 0 0 0 0 0 1 0 0 
0 0 1 0 0 0 0 0 0 0 0 0 0 0 0 0 0 0 0 1 1 0 0 1 1 0 0 0 0 0 1 0 0 0 0 0 0 0 0 1 
0 0 0 0 0 0 0 0 0 0 0 0 0 0 0 0 0 0 1 0 1 0 0 1 1 2 1 1 0 0 1 0 0 0 0 0 0 0 0 0 
0 0 0 0 0 0 0 0 1 0 0 0 0 0 0 0 0 0 0 0 2 0 3 5 0 3 1 2 0 0 0 0 0 0 0 0 0 0 0 0 
0 0 0 0 0 0 0 0 0 0 0 0 0 0 0 0 0 0 2 0 2 1 2 0 0 0 1 0 1 0 0 0 0 0 0 0 0 0 0 0 
0 0 0 0 0 0 0 0 0 0 0 0 0 0 0 0 0 0 0 0 0 1 1 0 1 0 3 0 0 0 0 0 0 0 0 0 0 0 0 0 
0 0 0 0 0 0 0 0 0 1 0 0 0 0 0 0 0 0 0 0 1 1 2 1 3 3 1 2 0 1 0 0 1 0 0 0 0 0 0 0 
0 0 0 0 0 0 0 0 0 0 0 0 0 0 0 0 0 0 0 0 1 1 0 3 1 0 0 0 0 1 0 0 0 0 0 0 0 0 0 0 
0 0 0 0 0 0 0 0 0 0 0 0 0 0 0 0 0 0 0 0 0 0 1 0 0 0 2 1 1 2 1 1 0 0 0 0 0 0 0 0 
0 0 0 0 0 0 0 0 0 0 0 0 0 0 0 1 0 0 0 1 0 1 0 1 1 1 4 1 0 0 0 0 0 0 0 0 0 0 0 0 
0 0 0 0 0 0 0 0 1 0 0 0 0 0 0 0 0 0 1 0 0 0 0 0 0 0 0 1 1 0 0 0 0 0 0 1 0 0 0 0 
0 0 0 0 0 0 0 0 0 0 0 2 0 0 0 0 0 0 0 0 0 1 0 2 1 1 0 2 1 0 1 1 0 0 0 1 0 0 0 0 
1 0 0 0 0 0 0 0 0 0 1 0 0 0 0 0 1 0 0 0 1 0 1 2 1 1 2 1 1 0 1 0 0 0 0 0 0 0 0 0 
0 0 0 0 0 0 0 0 0 0 0 0 0 0 0 0 0 0 1 0 1 0 0 0 1 0 0 0 1 0 0 0 0 1 0 0 0 0 0 0 
0 0 0 0 0 0 0 0 0 0 0 0 0 1 0 0 0 0 1 1 1 0 0 0 0 0 1 0 1 0 0 1 0 0 0 0 0 0 0 0 
0 0 0 0 0 1 0 0 0 0 0 0 0 0 0 0 0 0 0 0 0 0 2 2 0 2 0 0 0 0 0 1 0 0 0 0 0 0 0 0 
0 0 0 0 0 0 0 0 0 0 0 0 1 1 0 0 1 0 0 0 0 0 0 0 1 0 0 0 0 1 0 0 0 0 0 0 0 0 0 0 
0 0 0 0 0 0 0 0 0 0 0 0 0 0 0 0 0 0 1 0 0 1 1 0 0 1 0 2 0 0 1 0 0 0 0 0 0 0 0 0 
0 0 0 0 0 0 0 0 0 0 0 1 0 0 1 1 1 0 0 0 0 0 0 1 1 2 0 2 0 0 0 0 0 0 0 0 0 0 0 0 
0 0 0 0 0 0 0 0 0 0 0 1 0 0 0 0 0 0 0 0 0 0 0 0 0 0 0 1 1 0 0 0 0 0 0 0 0 0 0 0 
0 0 0 0 0 0 0 0 0 0 0 0 0 0 0 1 0 0 0 0 0 0 0 0 0 1 2 0 2 0 0 0 0 0 0 0 0 0 0 0 
0 0 0 0 0 0 0 1 0 0 0 0 0 0 2 0 0 0 0 0 0 0 0 0 1 1 0 0 1 0 0 1 0 1 0 0 0 0 0 0 
0 0 1 0 0 0 0 0 0 0 0 0 0 0 0 0 0 0 0 0 0 0 0 0 0 1 1 0 0 0 0 0 0 0 0 0 0 0 0 0 

0 0 0 0 0 0 0 0 0 0 0 0 0 0 0 0 0 0 0 0 0 1 2 3 0 0 0 0 0 0 0 0 0 0 0 0 0 0 0 0 
0 0 1 0 0 1 0 1 0 0 0 0 0 0 0 0 0 0 0 0 0 0 1 0 0 0 2 0 0 1 0 0 0 0 0 0 0 0 0 0 
0 0 0 0 1 0 0 0 0 0 0 0 0 0 0 0 0 0 0 0 0 0 0 0 0 0 1 1 0 0 0 0 0 0 0 0 0 0 0 0 
0 1 0 0 0 0 0 0 0 0 0 0 0 0 0 0 0 0 0 0 0 0 0 1 1 1 3 0 0 0 1 0 0 0 0 0 0 0 0 0 
0 0 0 0 0 0 0 0 0 0 0 0 0 0 0 0 0 0 2 0 0 2 1 2 1 0 1 0 0 2 0 0 0 0 0 0 0 0 0 0 
0 0 0 0 0 0 0 0 0 0 0 0 0 0 0 0 0 0 0 0 0 0 0 1 4 0 0 1 1 0 0 1 0 0 0 0 0 0 0 0 
0 0 0 0 0 0 0 0 0 0 0 0 0 0 0 0 0 0 0 0 1 1 1 1 1 2 2 0 0 0 1 0 0 0 0 0 0 0 0 1 
0 0 0 0 0 0 0 0 0 0 0 0 0 0 0 0 0 0 1 0 0 0 0 0 0 1 2 1 1 1 0 0 0 0 0 0 0 0 0 0 
0 0 0 0 0 0 0 0 0 0 0 0 0 0 0 0 0 1 0 0 1 1 0 0 0 1 0 0 0 0 0 0 0 0 0 0 0 0 0 0 
0 0 0 0 0 0 0 0 0 0 1 0 0 0 0 0 0 0 0 0 1 1 1 1 2 1 1 1 0 0 0 0 1 0 1 0 0 0 0 0 
0 0 0 0 0 0 0 0 0 0 0 0 0 0 0 0 0 0 0 0 0 0 0 0 0 4 1 2 1 0 0 1 0 1 0 0 0 0 0 0 
0 0 0 0 0 0 0 0 0 0 0 0 0 0 0 0 0 0 0 0 0 0 0 1 0 0 0 1 0 0 1 0 0 0 0 0 0 0 0 0 
0 0 0 0 0 0 0 0 0 0 0 0 0 0 0 0 1 0 0 1 1 0 1 1 1 1 1 0 1 0 0 0 0 0 0 0 0 0 0 0 
0 0 0 0 0 0 0 0 0 0 0 0 0 0 0 0 1 0 0 1 0 0 1 0 0 0 0 0 0 0 0 0 0 0 0 0 0 0 0 0 
0 0 0 0 0 0 0 0 0 0 0 0 0 0 0 0 0 0 0 0 0 0 0 0 0 0 0 0 0 0 0 0 0 0 0 0 0 0 0 0 
0 0 0 0 0 0 0 0 0 0 0 0 0 0 0 0 1 0 0 0 0 0 0 0 2 1 0 1 0 0 1 0 0 0 0 0 0 0 0 0 
0 0 0 0 0 0 0 0 0 1 0 0 0 0 0 0 1 0 0 1 1 0 1 0 0 1 1 0 0 0 0 0 0 0 0 0 1 0 0 0 
0 0 0 0 0 0 0 0 0 0 0 0 0 0 0 0 0 0 0 1 0 0 0 0 0 0 0 0 0 0 0 0 0 0 0 0 0 0 0 0 
0 0 0 0 0 0 0 0 0 0 0 0 0 0 0 0 1 1 0 0 0 1 0 0 0 0 0 0 0 0 1 0 0 0 0 0 0 0 0 0 
0 0 0 0 0 0 0 0 0 0 0 0 0 0 1 1 0 0 1 0 1 0 0 0 0 2 0 1 2 0 0 0 0 0 0 0 0 0 0 0 
0 0 0 0 0 0 0 0 0 0 0 0 0 0 0 0 0 0 0 0 0 0 0 1 0 0 0 0 0 0 0 0 0 0 0 0 0 0 0 0 
0 0 0 0 0 0 0 0 0 0 0 0 1 0 0 0 0 0 0 1 0 0 0 0 0 1 0 0 0 0 0 0 0 0 0 0 0 0 0 0 
0 0 0 0 0 0 0 0 0 0 0 0 1 0 0 0 0 0 1 0 0 0 0 0 0 0 0 1 0 0 1 0 1 0 0 0 0 0 0 0 
0 0 0 0 0 0 0 0 0 0 0 0 0 0 0 0 0 0 0 0 0 0 0 0 0 2 1 0 0 0 1 0 0 0 0 0 0 0 0 0 

0 0 0 0 0 0 0 1 0 0 0 0 0 0 0 0 0 0 0 0 0 0 0 1 1 0 0 1 0 0 0 0 0 0 0 0 0 0 0 0 
0 0 0 0 1 0 0 0 1 0 0 0 0 0 0 0 1 0 0 0 0 0 1 2 0 0 0 1 0 0 0 0 0 0 0 0 0 0 0 0 
0 0 0 0 0 0 0 0 0 0 0 0 0 0 0 0 0 0 0 0 0 0 1 1 1 0 0 1 0 0 0 0 0 0 0 0 0 0 0 0 
0 0 0 0 0 0 0 0 0 0 0 0 0 0 0 0 0 0 0 0 1 0 0 0 1 1 0 0 0 0 0 0 0 0 0 0 0 0 0 0 
0 0 0 0 0 0 0 0 0 0 0 0 0 0 0 0 0 0 0 0 0 0 1 3 0 1 0 2 0 0 0 0 0 0 0 0 0 0 0 0 
0 0 0 0 0 0 0 0 0 0 0 0 0 0 0 0 0 0 0 0 0 0 0 0 0 0 0 0 0 0 0 0 0 0 0 1 0 0 0 0 
0 0 0 0 0 0 0 0 0 0 0 0 0 0 0 0 0 0 0 0 2 0 0 0 0 2 1 0 1 0 0 0 0 0 0 0 0 0 0 0 
0 0 0 0 1 0 0 0 0 0 0 0 0 0 0 0 0 0 0 1 0 2 0 0 1 1 1 0 2 0 0 0 0 0 0 0 0 0 0 0 
0 0 0 0 0 0 0 0 0 0 0 0 0 0 0 0 0 0 0 0 0 0 1 0 0 0 0 0 0 0 0 0 0 0 0 0 0 0 0 0 
0 0 0 0 0 0 0 0 0 0 0 0 0 0 0 0 0 0 0 0 0 0 0 0 0 0 0 0 0 0 0 0 0 0 0 0 0 0 0 0 
0 0 0 0 0 0 0 0 0 0 0 0 1 0 0 0 1 0 2 0 1 1 0 1 0 3 1 1 2 0 0 0 0 0 0 0 0 0 0 0 
0 0 0 0 0 0 0 0 0 0 0 0 1 0 0 0 0 0 0 0 0 0 0 0 0 1 0 0 0 0 0 0 0 0 0 0 0 0 0 0 
0 0 0 0 0 0 0 0 0 0 0 1 1 0 0 0 0 0 0 0 0 0 1 1 0 0 1 1 0 0 0 0 0 0 0 0 0 0 0 0 
0 0 0 0 0 0 0 0 0 0 0 0 0 1 0 0 0 0 0 2 0 1 1 1 0 0 1 2 0 0 0 0 0 0 0 0 0 0 0 0 
0 0 0 0 0 0 0 0 0 0 0 0 0 0 0 0 0 0 0 0 0 0 0 0 0 0 0 0 0 0 0 0 0 0 0 0 0 0 0 0 
0 0 1 0 0 0 0 0 0 0 0 0 0 0 0 0 0 0 0 0 0 0 0 0 0 0 0 0 0 0 0 0 0 0 0 0 0 0 0 0 
0 0 0 0 0 0 0 0 0 0 0 0 0 1 1 1 0 0 0 0 0 0 1 2 0 0 0 0 0 0 0 0 0 0 0 0 0 0 0 0 
0 0 0 0 0 0 0 0 0 0 0 0 0 0 0 0 0 0 0 0 0 0 0 0 0 0 0 0 1 0 0 0 1 0 0 0 0 0 0 0 
0 0 0 0 0 0 0 1 0 0 0 0 0 0 0 0 0 0 1 0 0 0 0 0 0 1 2 0 0 1 0 1 0 0 0 0 0 0 0 0 
0 0 0 1 0 0 0 0 0 0 0 0 0 0 0 0 0 0 0 0 2 0 0 2 0 2 0 0 0 0 0 0 0 0 0 0 0 0 0 0 
0 0 0 0 0 0 0 0 0 0 0 0 0 0 0 1 0 0 0 0 0 0 0 0 0 0 0 2 0 0 0 0 0 0 0 0 0 0 0 0 
1 0 0 0 0 0 0 0 0 0 0 0 0 0 0 0 0 0 0 0 0 0 0 0 0 0 0 0 0 1 0 0 0 0 0 0 0 0 0 0 
0 0 0 0 0 0 0 0 1 0 0 0 0 0 0 0 0 1 0 0 0 0 0 1 0 1 0 0 0 0 0 0 0 0 0 0 0 0 0 0 
0 0 0 0 0 0 0 0 0 0 0 0 0 0 0 0 0 0 0 0 0 0 1 0 0 0 0 0 0 0 0 0 0 0 0 0 0 0 0 0 

0 0 0 0 0 0 0 0 0 0 0 0 0 0 0 0 0 0 0 0 0 0 0 2 1 0 0 1 0 0 0 0 0 0 0 0 0 0 0 0 
0 0 0 0 0 0 0 0 0 0 0 0 0 0 0 0 0 0 0 0 0 0 0 1 0 1 0 0 0 0 0 0 0 0 0 0 0 0 0 0 
0 0 0 0 0 0 0 0 0 0 0 0 0 0 0 0 0 0 0 0 0 0 0 1 0 0 0 0 1 0 0 0 0 0 0 1 0 0 0 0 
0 0 0 0 0 0 0 0 0 0 0 0 0 0 0 0 0 0 0 0 0 1 0 1 0 1 0 0 0 0 0 0 0 0 0 0 0 0 0 0 
0 0 0 0 0 0 0 0 0 0 0 0 0 0 0 0 0 0 1 0 1 0 0 0 0 0 0 0 0 0 0 0 0 0 0 0 0 0 0 0 
0 0 0 0 0 0 0 0 0 0 0 0 0 0 0 0 0 0 0 0 0 1 0 1 1 0 0 0 1 0 0 1 0 0 0 0 0 0 0 0 
0 0 0 0 0 0 0 0 0 0 0 0 0 0 0 0 0 0 0 0 0 0 0 0 0 0 2 0 0 0 1 0 0 0 0 0 0 0 0 0 
0 0 0 0 0 0 0 0 0 0 0 0 0 0 0 0 0 0 0 0 0 0 0 0 1 0 0 0 0 0 0 0 0 0 0 0 0 0 0 0 
0 0 0 0 0 0 0 0 0 0 0 0 0 0 0 0 0 0 0 0 0 0 0 0 0 0 0 0 0 0 0 0 0 0 0 0 0 0 0 0 
0 0 0 0 0 0 0 0 0 0 0 0 0 0 0 0 0 0 0 0 1 1 0 0 0 1 0 0 0 1 0 0 0 0 1 0 0 0 0 0 
1 0 0 0 0 0 0 0 0 0 0 0 0 0 0 0 1 0 0 2 1 0 0 0 0 2 0 1 1 0 0 1 0 0 0 0 0 0 0 0 
0 0 0 0 0 0 0 0 0 0 0 0 0 0 0 0 0 0 0 0 0 0 0 0 0 0 0 0 0 0 0 0 0 0 0 0 0 0 0 0 
0 0 0 0 0 0 0 0 0 0 0 0 0 0 0 1 0 0 0 0 0 0 0 1 1 0 0 2 0 1 0 0 0 1 0 0 0 0 0 0 
0 0 0 0 0 0 0 0 0 0 0 0 0 0 0 0 0 0 0 0 0 1 0 0 0 0 1 0 0 0 0 0 0 0 0 0 0 0 0 0 
0 0 0 0 0 0 0 0 0 0 0 0 0 0 0 0 0 0 0 0 0 0 0 0 0 0 0 0 0 0 0 0 0 0 0 0 0 0 0 0 
0 0 0 0 0 0 0 0 0 0 0 0 0 0 0 0 0 0 0 0 0 0 0 0 0 0 0 0 0 0 0 0 0 0 0 0 0 0 0 0 
0 0 0 0 0 0 0 0 0 0 0 0 0 0 1 0 0 0 0 0 0 1 0 0 0 0 2 1 0 0 0 0 0 0 0 0 0 0 0 0 
0 0 0 0 0 0 0 0 0 0 0 0 0 0 0 0 0 0 0 0 0 0 0 1 0 0 0 0 0 0 0 0 0 0 0 1 0 0 0 0 
0 0 0 0 0 0 0 0 0 0 0 0 0 0 0 0 0 1 0 0 0 0 0 0 0 0 1 0 0 0 0 0 0 0 0 0 0 0 0 0 
0 0 0 0 0 0 0 0 0 0 0 0 0 0 1 2 0 0 0 0 0 0 0 0 0 0 1 1 1 0 0 0 1 0 0 0 0 0 0 0 
0 0 0 0 0 0 0 0 0 0 0 0 0 0 0 0 0 0 2 0 0 0 0 1 0 0 0 0 0 0 0 0 0 0 0 0 0 0 0 0 
0 0 0 0 0 0 0 0 0 0 0 0 1 0 0 0 1 0 0 0 1 0 0 0 0 0 0 0 0 0 0 0 0 0 0 0 0 0 0 1 
0 0 0 0 0 0 0 0 0 0 0 1 0 0 1 0 2 0 0 0 0 0 1 0 0 0 2 0 0 0 0 0 0 0 0 0 0 0 0 0 
0 0 0 0 0 0 0 0 0 0 0 0 0 0 0 0 0 0 1 0 0 0 0 0 0 0 0 0 0 0 0 0 0 0 0 0 0 0 0 0 

0 0 0 0 0 0 0 0 0 0 0 0 0 0 0 0 0 0 0 0 0 0 0 1 0 0 0 0 0 0 0 0 0 0 0 0 0 0 0 0 
0 0 0 0 0 0 0 0 0 0 0 0 0 0 0 0 0 0 0 0 0 0 0 0 0 0 0 0 0 0 0 0 0 0 0 0 0 0 0 0 
0 0 0 0 0 0 0 0 0 0 0 0 0 0 0 0 0 0 0 0 0 0 0 0 0 0 0 0 0 0 0 0 0 0 0 0 0 0 0 0 
0 0 0 0 0 0 0 1 0 0 0 0 0 0 0 0 0 0 0 0 0 0 0 0 0 0 0 0 1 0 0 0 1 0 0 0 0 0 0 0 
0 0 0 0 0 0 0 0 0 0 0 0 0 0 0 0 0 0 0 1 0 0 0 0 0 0 0 0 0 0 0 0 0 0 0 0 0 0 0 0 
0 0 0 0 0 0 0 0 0 0 0 0 0 0 0 0 0 0 0 0 0 0 0 0 0 0 1 0 0 1 0 0 0 0 0 0 0 0 0 0 
0 0 0 0 0 0 0 0 0 0 0 0 0 0 0 0 0 0 0 0 0 0 0 0 1 0 0 1 1 0 1 0 0 0 0 0 0 0 0 0 
0 0 0 0 0 0 0 0 0 0 0 0 0 0 0 0 1 0 0 0 0 0 1 0 1 0 1 0 0 1 0 0 0 0 0 0 0 0 0 0 
0 0 0 0 0 0 0 0 0 0 0 0 0 0 0 0 0 0 0 0 0 0 0 0 0 0 0 0 0 0 0 0 0 0 0 0 0 0 0 0 
0 0 0 0 0 1 0 0 0 0 0 0 0 0 0 0 0 0 0 0 0 0 0 0 0 1 0 0 0 0 0 0 0 0 0 0 0 0 0 0 
0 0 0 0 0 0 0 0 0 0 0 0 0 0 0 1 0 0 0 1 2 1 0 1 0 1 0 0 1 0 0 0 0 1 0 0 0 0 0 0 
0 0 0 0 0 0 0 0 0 0 0 0 0 0 0 0 1 0 0 0 0 0 1 0 0 0 0 1 0 0 0 0 0 0 0 0 0 0 0 0 
0 0 0 0 0 0 0 0 0 0 0 0 0 0 0 0 0 0 0 1 0 0 0 0 0 2 0 0 1 0 1 0 0 0 0 0 0 0 0 0 
0 0 0 0 0 0 1 0 0 1 0 0 0 0 0 0 0 0 2 1 0 0 0 0 1 0 0 0 0 0 0 0 0 0 0 0 0 0 0 0 
0 0 0 0 0 0 0 0 0 0 0 0 0 0 0 0 0 0 0 0 0 0 0 0 0 0 0 0 0 0 0 0 0 0 0 0 0 0 0 0 
0 0 0 0 0 0 0 0 0 1 0 0 0 0 0 0 0 0 0 0 0 0 0 1 0 0 1 1 3 0 0 0 0 0 0 0 0 0 0 0 
0 0 0 0 0 0 0 0 0 0 0 0 0 1 0 1 0 0 0 0 0 1 0 2 0 1 0 0 0 1 1 0 0 0 0 0 0 0 0 0 
0 0 0 0 0 0 0 0 0 0 0 0 0 0 0 0 0 0 0 0 0 0 0 0 0 0 1 0 0 0 0 0 0 0 0 0 0 0 0 0 
0 0 0 0 0 0 0 0 0 0 0 0 0 0 0 0 0 0 0 1 0 0 0 0 0 0 0 0 0 0 1 0 0 0 0 0 0 0 0 0 
0 0 0 0 0 0 0 0 0 0 0 0 0 0 2 0 1 2 0 0 0 0 1 0 0 1 0 0 0 0 0 1 0 0 0 0 0 0 0 0 
0 0 0 0 0 0 0 0 0 0 0 0 0 0 0 0 0 0 0 0 0 0 0 0 0 0 0 0 0 0 0 0 0 0 0 0 0 0 0 0 
0 1 0 0 0 0 0 0 0 0 0 0 1 0 0 0 1 0 0 0 0 0 0 0 0 0 0 0 0 0 0 0 0 0 0 0 0 0 0 0 
0 0 0 0 0 0 0 0 0 0 0 0 1 1 0 0 0 0 1 1 0 0 0 0 0 1 0 0 0 0 0 0 0 0 0 0 0 0 0 0 
0 0 0 0 0 0 0 0 0 0 0 0 0 0 0 0 0 0 0 0 0 0 0 0 0 0 0 0 0 0 0 0 0 0 0 0 0 0 0 0 

0 0 0 0 0 0 0 0 0 0 0 0 0 0 0 0 0 0 0 0 1 0 0 1 0 0 0 0 0 0 0 0 0 0 0 0 0 0 0 0 
0 0 0 0 0 0 0 1 0 0 0 0 0 0 0 0 0 0 0 0 0 0 0 2 0 0 0 0 0 0 0 0 0 0 0 0 0 0 0 0 
0 0 0 0 0 0 0 0 0 0 0 0 0 0 0 0 0 0 1 0 0 0 1 1 1 0 0 0 4 1 0 0 0 0 0 0 0 0 0 0 
0 0 0 0 0 0 0 0 0 0 0 0 0 0 0 0 0 0 0 1 0 0 0 1 0 1 0 1 0 0 0 0 0 0 0 0 0 0 0 0 
0 0 0 0 0 0 0 0 0 0 0 0 0 0 0 0 1 1 0 0 0 1 0 1 0 1 0 1 0 0 0 1 0 0 0 0 0 0 0 0 
0 0 0 0 0 0 0 0 0 0 0 0 0 0 0 0 1 0 1 0 1 0 0 0 1 1 3 0 0 0 1 1 0 0 1 0 0 0 0 0 
0 0 0 0 0 0 0 0 0 0 0 0 0 0 0 0 0 0 0 1 0 1 0 1 0 1 0 0 0 0 0 0 0 0 0 0 0 0 0 0 
0 0 0 0 0 0 0 0 0 0 0 0 0 0 0 0 0 0 0 0 0 0 0 0 0 0 4 0 0 0 0 0 0 0 0 0 0 0 0 0 
0 0 0 1 0 0 0 0 0 0 0 0 0 0 0 0 1 0 1 0 0 1 0 0 0 0 0 1 0 1 1 3 0 0 0 0 1 0 0 0 
0 0 0 0 0 0 0 0 0 0 0 0 0 0 0 0 0 0 0 2 1 1 0 3 0 0 0 0 1 0 0 0 0 0 0 0 0 0 0 0 
0 0 0 0 0 0 0 0 0 0 1 0 0 0 0 0 0 0 0 1 0 1 0 1 0 0 0 0 0 0 0 0 0 0 0 0 0 0 0 0 
0 0 0 0 0 0 0 0 0 0 0 0 0 0 0 0 1 0 0 0 0 2 0 0 1 1 0 1 1 1 0 0 0 1 0 0 0 0 0 0 
0 0 0 0 0 0 0 0 0 0 0 0 0 0 0 1 0 0 0 0 1 0 0 2 0 1 1 0 0 0 0 0 0 0 0 0 0 0 0 0 
0 0 0 0 0 0 0 1 0 0 0 0 0 0 0 2 0 0 0 1 0 1 0 0 0 0 0 1 0 0 0 0 0 0 0 0 0 0 1 0 
0 0 0 0 0 1 0 0 0 0 1 1 1 0 0 0 1 0 1 0 1 1 0 0 0 0 0 0 0 1 0 0 0 0 0 0 0 0 0 0 
0 0 0 0 0 0 0 0 0 0 0 0 0 0 0 0 0 0 0 0 1 1 0 2 0 1 0 0 0 0 0 0 0 0 0 0 0 0 0 0 
0 0 0 0 0 0 0 0 0 0 0 0 0 1 0 0 0 0 0 0 0 0 0 0 1 0 0 1 0 0 0 0 1 0 0 0 0 0 0 0 
0 0 0 0 0 0 0 0 0 0 0 0 1 0 0 0 0 0 0 1 1 0 0 0 0 0 0 0 1 0 0 1 1 0 0 0 0 0 0 0 
0 0 0 0 0 0 0 0 0 0 0 0 0 0 0 1 0 0 0 0 1 0 0 0 0 0 1 0 0 0 0 0 1 0 0 0 0 0 0 0 
0 0 0 0 0 0 0 0 0 0 0 0 0 1 1 0 1 0 1 0 0 0 0 0 2 1 0 0 0 0 0 0 0 0 0 0 0 0 0 0 
0 0 0 0 0 0 0 0 0 0 0 0 0 0 0 0 0 0 1 1 1 0 0 0 0 0 0 0 0 0 1 0 0 0 0 0 0 0 0 0 
0 0 0 0 0 0 0 0 0 0 0 0 0 0 0 0 0 1 0 0 0 0 1 0 0 0 0 0 0 1 0 0 0 0 0 0 0 0 0 0 
0 0 0 0 0 0 0 0 0 0 0 0 0 0 0 2 0 1 0 0 0 0 0 0 1 0 0 0 0 0 0 0 0 0 0 0 0 0 0 0 
0 0 0 0 0 0 0 0 0 0 0 0 0 1 0 0 0 0 0 0 0 0 0 0 0 0 0 0 0 0 0 0 0 0 0 0 0 0 0 0 

