#################################### 
# Matrix Size= (39.9997,23.9997,39.9995)
# Resol      = (40,24,40)
# VoxelSize  = (0.999993,0.999989,0.999989)
# nbVal      = 38400
#################################### 
0 0 0 0 0 2 0 1 0 2 0 2 0 0 1 1 0 0 0 0 0 0 0 1 0 0 0 0 0 0 0 0 0 0 0 0 0 0 0 0 
0 0 0 0 0 0 0 1 1 0 0 0 0 0 0 0 0 0 0 0 0 0 0 0 0 0 0 0 0 0 0 0 0 0 0 0 0 0 0 0 
0 0 0 0 0 0 0 0 0 0 0 0 0 1 0 0 0 0 0 0 0 0 0 0 0 0 0 0 0 0 0 0 0 0 0 0 0 0 0 0 
0 0 0 0 0 0 0 1 0 1 1 1 1 1 1 2 0 0 0 0 0 0 0 0 0 0 0 0 0 0 0 1 0 0 0 0 0 0 0 0 
0 0 0 0 0 0 1 2 2 2 1 1 0 1 0 1 1 1 1 0 0 0 0 1 0 0 0 0 0 0 0 0 0 1 0 0 0 0 0 0 
0 0 0 0 0 0 0 0 0 0 0 0 3 2 1 0 0 0 0 0 0 1 0 0 0 0 1 0 0 0 0 0 0 0 0 0 0 0 0 0 
0 0 0 1 0 0 0 0 0 1 0 3 1 2 0 0 1 0 0 0 0 0 0 0 0 0 0 0 0 0 0 0 1 1 0 0 0 1 0 0 
0 1 0 0 0 0 0 0 1 4 0 3 1 5 0 0 2 2 0 1 1 0 0 1 1 0 0 0 0 0 0 2 0 1 0 0 0 1 0 1 
0 0 0 0 0 0 0 0 0 0 0 0 0 0 1 0 1 1 0 0 0 1 0 0 0 1 0 0 1 0 0 0 0 0 0 0 0 0 0 0 
0 0 0 1 0 0 0 0 0 0 1 1 1 3 1 1 0 0 0 1 1 0 0 1 0 0 0 0 0 0 0 1 0 1 0 0 0 0 1 1 
0 0 0 0 0 0 0 1 0 1 4 2 2 2 0 2 4 3 0 0 0 0 0 0 0 0 0 1 0 0 0 0 0 0 0 0 0 0 0 0 
0 0 0 0 0 0 0 0 1 1 0 0 0 0 0 3 2 2 0 1 0 0 0 0 0 0 0 0 0 0 0 0 0 0 0 0 0 0 0 0 
0 0 0 0 0 1 0 0 0 1 0 1 0 0 0 1 0 3 0 0 0 1 1 0 0 0 0 0 0 1 0 0 1 0 0 0 0 0 0 0 
0 0 0 0 0 0 0 0 2 0 3 0 2 1 3 4 1 2 0 0 0 0 0 0 0 0 0 0 0 0 0 0 0 1 0 1 0 0 2 0 
0 0 0 0 0 0 1 0 0 0 0 0 1 0 0 0 2 0 0 0 0 0 0 0 0 0 0 0 0 1 0 0 0 0 0 0 0 0 0 1 
0 0 0 0 0 0 0 0 0 0 0 0 0 1 0 2 0 0 0 1 0 0 0 0 0 0 0 1 1 0 0 1 0 0 0 0 0 0 0 0 
0 0 0 0 1 0 0 0 0 2 0 1 1 4 6 5 1 3 0 0 0 1 0 0 1 0 0 0 1 1 1 1 0 0 0 0 0 0 0 0 
0 0 0 0 0 0 0 0 0 0 0 0 0 0 1 1 0 0 1 0 1 0 0 0 0 0 0 1 0 0 0 0 3 0 0 0 0 0 0 0 
0 0 0 0 0 0 0 0 1 1 0 0 1 0 1 1 0 2 0 0 0 1 0 0 0 0 0 0 0 0 0 0 0 0 0 0 0 0 0 0 
0 0 0 0 1 0 1 1 0 0 2 0 0 1 1 2 4 3 0 1 2 1 0 0 0 0 0 0 0 0 0 0 0 0 0 0 0 0 0 0 
0 0 0 0 0 0 0 0 0 2 1 0 1 0 0 1 0 0 0 0 0 0 0 0 0 0 0 0 0 0 0 0 0 1 0 0 0 0 0 0 
0 0 1 0 0 0 0 0 1 0 0 0 0 0 0 2 2 0 0 1 0 1 0 0 0 0 0 0 0 0 0 0 0 0 0 0 0 0 0 0 
0 0 0 0 0 0 0 0 0 1 1 0 1 1 4 0 3 1 2 1 0 0 0 0 0 0 0 0 0 0 0 0 0 0 0 0 0 0 0 0 
0 0 0 0 0 0 0 0 0 0 0 1 0 0 2 0 0 0 0 0 0 0 0 0 0 0 0 0 0 0 0 0 0 0 0 0 0 0 0 0 

0 0 0 0 0 0 0 1 2 0 1 1 0 0 0 0 0 0 0 1 0 0 1 0 0 0 0 0 0 0 0 1 0 1 0 0 0 0 0 0 
0 0 0 0 0 1 0 0 0 0 0 0 1 1 0 0 0 2 0 1 0 0 0 0 0 0 0 0 0 0 0 1 0 0 0 1 0 0 0 0 
0 0 0 0 0 0 0 1 0 0 1 0 1 0 0 1 0 0 0 0 0 0 0 0 0 0 0 0 1 0 0 0 0 0 0 0 0 0 0 0 
0 0 0 0 0 0 0 0 1 2 0 0 0 0 0 1 0 0 0 0 0 0 0 0 0 0 0 1 0 0 0 0 0 0 0 0 0 0 0 0 
0 0 0 0 0 0 1 1 1 2 0 1 2 2 0 2 0 2 0 0 0 0 0 0 0 0 0 0 0 0 0 1 0 0 1 0 0 0 0 0 
0 0 0 0 0 0 0 0 1 0 0 2 0 1 0 0 0 1 1 0 0 0 0 0 0 1 0 0 1 0 0 0 0 0 0 0 0 0 0 0 
0 0 0 0 0 0 0 0 0 1 0 1 1 0 1 1 0 0 0 0 0 0 1 0 0 0 0 0 0 0 0 0 0 0 0 0 0 0 0 1 
0 0 0 0 0 1 0 0 2 4 0 3 1 4 1 1 1 0 0 0 0 0 0 0 0 1 0 0 0 0 0 0 0 1 0 1 0 0 1 0 
0 0 0 0 0 0 0 0 0 0 0 0 0 0 0 0 1 0 1 0 1 0 0 0 0 0 0 0 0 0 0 0 0 0 0 0 0 0 0 0 
0 0 0 0 0 1 0 0 0 0 0 0 0 1 3 2 0 1 2 0 0 0 1 0 0 0 0 0 0 0 0 1 0 0 0 0 0 0 0 0 
0 0 0 0 0 2 0 1 2 1 3 1 1 1 0 3 3 0 1 1 1 0 0 0 0 0 0 0 0 0 0 0 0 1 0 0 0 0 0 0 
0 0 0 0 0 1 0 1 0 1 1 0 0 0 0 0 0 0 1 0 0 0 0 0 0 0 0 0 0 0 0 0 0 0 0 0 0 0 0 0 
0 1 0 0 0 0 0 0 0 0 0 0 0 1 0 0 2 2 1 0 0 0 0 0 0 0 0 0 0 0 0 0 1 2 1 2 0 0 0 0 
0 0 0 0 1 0 0 1 0 2 1 3 0 1 3 2 0 1 0 1 1 0 0 0 0 0 0 0 0 0 0 0 0 0 0 0 0 0 0 0 
0 0 0 0 0 0 0 1 0 0 0 0 1 0 0 2 0 0 2 1 1 0 0 1 0 0 0 0 0 0 0 0 1 0 1 1 0 0 0 0 
0 0 0 0 0 0 0 0 0 0 0 0 1 0 1 0 1 2 0 1 0 0 0 0 0 0 0 0 0 0 0 0 0 2 0 0 0 0 0 0 
0 0 0 0 0 0 0 0 0 0 1 2 0 0 2 4 2 1 1 0 0 0 0 1 0 0 0 0 0 0 0 1 1 0 0 0 0 0 0 0 
0 0 0 0 0 0 0 0 0 0 0 0 0 1 1 0 2 0 0 1 1 0 0 0 0 0 0 0 0 0 0 0 0 0 0 0 0 0 0 0 
0 0 0 0 0 0 0 0 0 0 0 1 0 0 1 1 0 1 0 0 0 0 0 0 0 0 0 0 0 0 0 0 0 1 1 0 0 0 0 0 
0 0 0 0 0 0 0 0 1 0 1 0 0 1 1 8 1 1 0 0 0 0 0 0 0 0 1 0 0 0 0 2 0 0 0 0 0 0 0 0 
0 0 0 0 1 0 0 0 0 0 0 0 1 1 0 0 3 0 0 0 0 0 0 0 1 0 0 0 0 0 1 0 0 0 0 0 0 0 0 0 
0 0 0 0 0 0 0 0 0 1 0 3 0 0 0 1 1 0 1 1 0 0 0 0 0 0 0 0 0 0 0 0 0 0 0 0 0 0 0 0 
0 0 0 0 0 0 0 0 1 1 0 2 2 3 4 2 4 2 1 0 0 1 0 0 0 0 1 0 1 0 1 0 0 0 0 0 0 1 0 0 
0 0 0 0 1 0 0 0 0 1 0 0 0 1 0 0 2 0 0 0 0 0 1 0 0 0 0 0 0 0 0 0 0 0 0 0 0 0 0 0 

0 0 0 0 0 1 0 3 0 1 1 0 0 1 0 1 0 1 0 0 0 0 0 0 0 0 0 0 0 0 0 1 0 0 0 0 0 0 0 0 
0 0 0 0 0 0 0 3 2 0 3 0 0 0 0 2 1 0 1 0 1 0 0 0 0 0 0 0 0 0 0 0 0 0 0 0 0 0 0 0 
0 0 0 0 0 0 0 0 0 0 0 0 0 1 2 0 0 0 0 0 0 0 0 0 0 0 0 0 0 0 0 0 0 0 0 0 0 0 0 0 
0 0 0 0 0 0 0 1 0 0 1 3 0 0 0 0 0 1 0 1 1 0 0 0 0 0 0 2 0 0 0 2 0 1 0 0 0 0 0 0 
0 0 0 2 0 0 0 3 1 1 2 2 5 5 0 0 1 1 0 0 1 0 0 0 0 0 0 0 1 0 0 1 2 0 1 0 0 0 0 0 
0 0 0 0 0 0 0 0 0 0 0 0 1 1 0 1 1 0 0 0 0 0 0 0 0 0 0 0 0 0 0 1 0 0 0 0 0 0 0 1 
0 0 0 0 0 1 1 0 0 0 1 3 0 3 0 0 1 0 0 0 0 0 0 0 0 0 0 0 0 0 0 0 0 0 0 0 1 1 0 0 
1 0 0 0 0 1 0 0 1 5 2 1 1 4 1 1 1 3 0 0 0 0 0 0 0 0 0 0 0 0 0 0 0 1 0 0 0 0 0 0 
0 0 0 0 0 0 1 0 0 0 0 1 0 0 3 0 1 0 0 1 0 0 0 0 0 0 0 0 0 0 0 0 0 0 0 1 0 0 0 0 
0 0 0 0 0 0 0 0 0 0 0 0 2 1 0 0 4 0 1 0 1 0 0 0 0 0 0 1 0 0 0 0 1 0 1 1 0 0 0 0 
0 0 0 0 0 0 1 0 0 0 4 3 5 6 0 2 2 1 2 0 0 1 0 0 0 0 0 0 0 0 0 0 1 0 0 0 0 0 0 1 
0 0 0 0 0 0 1 0 0 1 0 1 0 0 1 0 0 0 1 0 1 1 0 0 0 0 0 0 0 0 0 0 0 0 0 0 0 0 0 0 
0 0 0 0 0 0 0 0 0 0 1 0 0 0 0 1 1 1 0 1 1 0 0 0 0 0 0 0 0 0 0 0 0 0 0 1 0 0 1 0 
0 0 0 0 0 0 0 0 3 2 3 0 3 4 1 1 2 1 0 0 0 1 0 1 0 1 0 0 0 0 1 0 0 1 0 0 0 0 0 0 
0 0 0 0 0 0 0 0 0 0 0 0 1 0 1 0 0 1 0 0 0 0 0 0 0 0 0 0 0 0 0 0 0 0 0 0 0 0 0 0 
0 0 0 0 0 0 0 1 0 0 0 1 1 1 2 2 0 1 0 0 3 0 0 0 0 0 0 0 1 0 0 2 0 0 0 0 0 0 0 0 
0 0 0 0 0 0 0 1 0 1 0 3 2 1 3 4 3 0 0 0 0 0 0 0 0 0 0 0 1 0 0 0 1 0 0 0 0 0 0 0 
0 0 0 0 0 0 0 0 0 0 0 1 0 0 1 0 1 0 2 1 1 0 1 0 0 0 0 0 0 1 1 0 1 0 0 0 0 0 0 0 
0 0 0 0 0 0 0 0 1 0 0 0 0 0 2 1 1 1 0 1 0 0 2 0 1 0 0 0 0 0 0 1 0 0 0 0 0 0 0 0 
0 0 0 0 0 0 1 1 1 1 0 1 3 2 8 5 4 2 0 0 0 0 0 0 0 0 0 1 0 0 0 0 0 0 0 0 0 0 0 0 
0 0 0 0 0 0 0 0 1 0 0 1 1 0 2 1 1 1 1 0 0 0 0 0 0 0 1 0 0 0 0 1 0 0 0 0 0 0 0 0 
0 0 1 0 0 0 0 0 1 0 0 0 0 2 0 2 1 0 0 0 1 0 1 0 1 0 0 0 0 0 0 0 0 0 0 0 0 0 0 0 
0 0 0 0 1 0 1 1 0 1 6 1 2 3 1 1 3 0 2 0 0 1 0 0 0 0 0 0 1 0 1 0 0 0 0 0 0 0 0 0 
0 0 0 0 1 0 0 0 0 0 0 0 0 1 0 0 0 0 0 0 1 0 0 0 0 0 0 0 0 0 0 0 0 0 0 0 0 0 0 0 

0 0 0 0 0 2 0 3 0 1 0 0 1 1 0 1 1 1 0 0 0 0 0 0 0 0 0 0 0 0 0 0 1 0 0 0 0 0 0 0 
0 0 0 0 0 2 0 3 2 2 0 1 0 1 0 0 1 0 0 0 0 0 0 0 0 0 0 0 0 0 0 2 0 0 1 0 0 0 0 0 
0 0 0 0 0 0 0 1 2 4 1 0 1 0 1 2 1 1 0 0 0 0 0 0 0 0 0 0 0 0 0 0 0 0 1 0 0 0 0 0 
0 0 0 0 0 0 1 0 0 0 1 0 6 0 0 1 0 2 1 0 1 0 0 0 0 0 0 0 0 0 0 0 0 0 0 0 0 0 0 0 
0 0 0 0 1 1 3 0 1 3 2 5 4 1 1 1 1 1 2 1 0 0 0 0 1 0 0 0 0 0 1 0 1 2 1 0 0 0 0 0 
0 0 0 1 0 0 0 0 0 0 1 1 1 1 1 2 0 2 0 0 0 0 0 1 0 0 0 0 0 0 0 0 0 2 0 0 0 0 0 0 
0 0 0 0 0 0 0 0 0 1 0 2 0 3 1 0 5 1 1 0 1 0 2 1 0 0 0 0 0 0 0 1 0 0 0 0 0 0 0 0 
0 0 0 0 0 0 0 2 1 3 4 1 4 5 1 0 2 3 0 0 3 1 0 0 0 0 0 0 0 0 0 0 1 1 0 0 0 0 0 1 
0 0 1 0 1 0 0 0 0 2 1 1 0 1 0 1 1 2 0 1 0 1 0 0 0 0 0 0 0 0 0 1 0 0 0 0 0 0 0 0 
1 0 0 0 0 0 0 2 0 0 1 0 0 1 2 3 2 1 0 0 0 0 1 0 0 0 0 0 0 1 0 0 0 1 0 0 0 0 1 0 
0 0 0 2 0 1 0 3 2 5 3 5 5 5 4 4 5 0 0 2 0 0 0 2 0 0 0 0 0 0 0 0 0 1 0 0 0 1 0 0 
0 0 0 0 2 0 0 0 0 2 2 5 2 0 0 2 3 1 3 0 1 1 0 0 0 0 0 0 0 0 0 0 0 1 0 1 0 0 0 0 
0 0 0 0 0 0 0 0 0 1 0 1 1 1 1 3 1 0 2 1 2 1 0 0 0 0 0 0 0 0 0 0 0 0 0 1 0 0 0 0 
0 0 1 0 1 0 0 0 4 0 2 4 2 3 2 3 3 1 0 0 2 0 0 0 1 1 0 0 0 1 0 1 0 1 1 0 1 0 0 0 
0 0 0 0 0 0 0 0 0 0 0 1 1 2 3 5 3 0 1 1 1 0 0 0 0 0 0 0 0 0 0 0 0 0 0 0 0 0 1 0 
0 0 0 0 0 0 1 1 0 0 0 1 0 1 2 1 5 1 0 1 0 0 0 0 1 0 2 0 0 0 0 0 0 0 0 0 0 0 0 0 
0 0 0 0 1 0 0 0 1 1 3 0 4 2 4 14 4 3 4 0 1 0 0 0 0 0 0 0 2 1 0 1 0 0 0 0 0 1 0 0 
0 0 0 0 0 0 0 1 0 0 0 1 3 3 2 1 1 1 0 1 1 2 1 0 0 0 0 0 0 0 0 0 1 0 0 0 0 0 0 0 
0 0 0 0 0 0 0 0 0 1 0 1 1 1 0 0 3 1 1 1 0 0 0 0 0 0 0 0 0 0 1 0 0 0 0 0 0 0 0 0 
0 0 0 0 1 0 1 0 0 1 4 3 1 7 8 6 3 9 0 0 1 0 1 0 0 0 2 0 1 0 0 0 0 0 0 0 0 0 0 0 
0 0 0 0 0 0 0 0 1 0 0 0 0 0 3 3 2 2 0 0 0 1 1 2 0 0 0 0 0 0 0 0 0 0 0 0 0 0 0 0 
1 0 0 0 0 0 0 0 0 0 0 1 3 1 1 2 3 1 2 0 0 0 1 0 0 0 0 1 0 0 0 0 0 0 0 0 0 0 0 0 
0 0 0 0 0 2 0 0 0 2 5 2 1 3 5 4 4 6 2 2 0 0 0 2 0 1 0 1 0 1 0 0 1 0 0 0 0 0 0 0 
0 0 0 0 1 0 0 0 0 0 1 0 0 1 1 2 2 1 1 0 0 0 1 0 0 1 0 0 0 0 0 0 0 0 0 1 0 0 0 0 

0 0 0 0 0 0 1 2 1 1 2 2 0 2 1 2 0 0 1 0 0 0 0 0 0 0 0 0 0 0 0 0 1 2 0 0 0 0 0 0 
0 0 0 0 0 1 3 4 4 4 0 0 1 0 0 1 0 0 0 0 0 0 0 0 0 0 0 0 0 1 0 0 0 1 0 0 0 0 0 1 
0 0 1 0 0 0 0 0 0 0 1 0 1 1 0 1 0 0 0 0 0 0 0 0 1 0 0 0 0 0 0 0 0 0 0 0 0 0 0 0 
0 0 0 0 0 1 0 0 0 2 1 4 2 2 1 0 1 0 1 0 1 2 0 0 0 0 0 0 0 0 0 0 0 0 0 0 0 0 1 0 
0 0 0 0 0 0 1 0 3 4 4 6 3 1 0 0 0 2 0 1 0 1 1 0 1 0 0 0 0 0 0 0 1 0 0 0 0 1 0 0 
0 0 0 0 0 0 0 0 0 0 1 0 0 1 0 1 0 1 2 0 1 0 1 0 0 0 0 0 0 0 0 0 0 0 0 0 1 1 0 0 
0 0 1 0 0 0 0 0 0 2 0 4 2 4 3 0 2 2 0 1 0 0 0 0 0 0 0 0 0 0 0 0 1 0 0 0 0 0 0 0 
1 0 1 1 0 0 0 1 1 1 4 3 2 4 2 4 1 0 1 2 1 0 0 1 0 0 0 0 0 0 0 0 0 1 1 0 0 0 0 0 
0 0 0 0 0 0 0 0 0 2 2 1 0 2 1 0 0 0 0 0 0 1 0 0 1 0 0 0 0 0 0 0 1 0 0 0 0 1 0 0 
1 0 0 0 0 0 1 0 0 0 3 3 4 2 4 1 2 0 0 0 1 0 0 0 0 0 0 0 0 0 0 0 0 0 1 0 0 1 0 0 
0 0 0 2 0 1 1 0 1 2 2 3 3 9 4 3 1 0 0 1 0 0 1 0 0 0 0 1 0 0 0 0 0 0 0 1 0 0 0 1 
0 1 0 0 0 0 0 1 0 0 0 0 1 3 2 3 1 1 0 1 0 0 0 0 0 0 0 0 0 0 0 0 0 0 0 0 0 0 0 2 
0 0 0 0 0 1 0 2 0 0 0 1 0 2 1 4 3 2 1 0 0 0 0 0 0 0 1 0 0 0 0 0 0 1 0 0 0 0 0 0 
0 0 0 0 0 1 0 0 2 2 1 6 5 5 8 9 5 4 2 0 0 1 0 0 0 0 0 0 2 1 0 1 0 0 1 0 0 0 0 0 
0 0 0 0 0 0 1 0 0 0 0 0 0 1 0 0 5 1 0 1 1 1 1 0 0 0 0 0 0 0 0 0 0 0 0 0 0 0 0 0 
0 0 0 0 0 0 0 0 0 0 0 1 1 1 4 3 4 2 1 1 1 0 2 0 0 0 0 0 0 0 0 1 1 1 0 0 0 0 0 0 
0 0 0 0 0 0 0 3 0 0 0 5 0 6 7 3 5 2 2 2 0 0 0 0 0 0 1 0 0 2 1 1 1 0 0 0 0 0 0 0 
0 0 0 0 0 0 1 0 2 0 1 1 2 1 3 2 1 1 2 1 2 0 0 0 0 0 0 1 1 0 1 0 0 0 0 0 0 0 0 0 
0 0 0 0 0 0 0 1 0 0 0 0 2 1 0 3 4 1 2 1 1 0 1 1 0 0 0 0 0 0 0 0 0 0 0 0 0 0 0 0 
0 0 0 0 1 0 0 0 0 1 1 3 2 4 3 5 9 5 1 1 0 0 0 1 0 0 0 0 1 2 0 0 0 0 0 0 0 0 0 1 
1 1 0 0 0 0 1 0 0 0 0 2 0 1 0 3 1 1 0 1 1 0 0 0 0 0 0 0 0 0 0 0 0 0 0 0 0 0 0 0 
0 0 0 0 0 0 0 2 0 0 0 1 1 1 3 1 2 2 2 0 0 0 2 0 0 0 0 0 0 0 0 0 0 0 0 0 0 0 0 0 
0 0 0 0 0 0 2 0 2 0 1 2 3 2 2 4 5 1 1 0 0 1 0 0 0 1 0 0 0 0 0 1 1 0 0 0 0 0 1 0 
0 0 0 1 0 0 0 1 0 0 0 1 1 1 2 0 3 0 0 0 0 0 0 0 0 0 0 0 0 0 0 0 0 0 0 0 0 0 0 0 

0 0 0 1 0 1 0 6 3 2 4 3 1 1 0 0 0 2 0 0 0 0 0 1 0 0 0 0 0 1 0 0 0 0 1 0 0 0 0 0 
0 0 0 0 1 1 0 3 2 8 1 1 2 1 1 2 0 1 2 0 0 0 0 0 1 0 0 0 0 0 0 1 1 3 0 0 0 0 1 0 
0 0 0 0 0 0 0 0 2 3 2 2 0 1 1 2 1 2 0 1 1 1 1 0 0 0 0 0 1 0 0 0 0 1 0 0 0 0 0 0 
0 0 0 0 1 2 0 1 1 1 0 5 1 0 3 0 0 3 2 0 0 0 0 0 0 0 0 0 0 0 0 0 0 0 0 0 0 0 0 0 
0 0 1 0 1 3 3 1 2 7 2 7 2 4 2 0 3 1 2 0 0 0 0 0 0 0 1 0 0 0 0 2 1 1 0 1 1 1 0 0 
1 0 0 0 1 0 0 0 2 2 2 4 6 1 1 2 2 5 1 1 0 2 0 0 1 0 0 1 0 0 0 0 0 0 0 0 0 0 0 0 
0 0 0 0 0 0 0 0 2 0 3 3 3 3 3 0 2 2 1 1 1 2 0 0 0 0 0 0 0 0 1 0 2 0 0 1 0 1 0 0 
1 1 1 0 0 0 2 3 3 5 6 6 4 5 7 6 3 0 1 1 1 1 1 1 1 0 0 0 1 0 0 0 0 0 0 0 0 0 0 0 
0 0 0 0 0 0 1 1 0 2 2 7 4 7 2 4 2 2 2 1 1 1 1 0 0 0 0 0 0 0 0 0 0 2 0 0 0 0 0 0 
0 0 0 0 0 1 0 1 0 1 4 3 2 0 4 1 2 0 0 0 2 0 0 1 1 0 0 0 0 0 0 1 0 0 0 0 0 0 0 0 
0 0 0 0 0 1 1 0 2 2 5 8 5 12 7 8 7 2 3 0 0 1 2 0 1 0 0 0 0 0 1 0 1 2 0 0 0 0 0 1 
0 0 0 0 0 0 1 1 1 2 2 2 6 8 4 4 2 2 6 2 2 1 1 2 0 0 0 0 0 0 0 0 1 1 0 1 0 1 0 0 
0 0 0 1 1 0 0 1 1 0 0 2 6 7 5 6 4 1 1 0 1 1 1 1 1 0 0 0 0 2 1 0 0 0 0 0 1 0 0 0 
0 0 0 1 0 0 0 0 4 3 9 6 11 15 17 6 9 4 2 2 0 1 1 0 0 0 0 0 0 0 0 1 0 1 0 0 0 0 0 0 
0 0 1 0 0 1 0 1 1 1 2 5 2 5 8 6 4 3 1 3 0 1 0 0 1 1 1 0 0 0 1 2 1 0 1 1 0 0 0 0 
0 0 0 1 0 0 0 0 1 1 0 0 4 3 5 4 8 3 2 1 3 0 2 0 0 0 0 0 0 1 0 0 1 0 0 0 0 0 0 0 
1 0 0 0 0 1 0 3 2 2 6 6 7 6 14 22 14 6 5 0 0 0 0 1 0 0 0 0 0 1 3 1 0 0 0 0 0 0 0 1 
0 0 0 0 0 0 0 0 1 0 3 1 2 4 3 8 5 1 7 2 1 4 2 0 1 0 0 0 0 1 1 0 0 0 1 0 0 0 0 0 
0 0 0 0 0 1 0 0 1 2 1 2 5 2 0 7 8 1 3 3 2 1 3 0 0 0 1 0 2 0 0 0 0 0 0 0 0 0 0 0 
0 0 0 0 0 1 0 1 2 2 3 1 8 7 12 14 6 5 3 1 2 0 0 0 0 0 2 0 0 1 0 0 1 1 0 0 1 0 0 0 
0 0 0 0 1 0 0 0 0 1 1 4 4 4 1 11 10 3 2 2 0 2 0 0 1 0 1 0 0 0 1 1 0 0 0 0 0 0 0 0 
0 1 0 0 0 0 1 0 0 1 1 2 1 1 0 5 4 4 4 2 3 0 1 0 1 0 0 0 0 1 0 1 0 0 0 1 0 0 0 0 
0 0 0 1 2 1 1 0 5 3 9 2 6 4 11 10 4 9 7 3 0 1 1 0 1 0 0 0 1 0 0 0 1 1 0 0 0 0 0 0 
0 0 0 0 0 0 1 1 2 0 1 3 3 2 5 5 5 0 2 2 0 0 0 0 0 0 0 0 0 0 0 0 0 0 0 0 0 0 0 0 

1 0 0 1 0 1 0 5 7 10 8 3 2 5 1 3 3 0 2 0 0 1 0 0 0 1 1 0 0 1 0 1 1 0 0 0 0 0 0 0 
0 0 0 1 1 0 1 4 2 7 3 3 0 0 2 2 3 0 1 1 1 1 1 1 0 0 0 0 0 0 1 0 0 2 1 1 0 0 1 0 
0 0 0 0 0 0 1 0 0 0 1 3 3 0 4 3 1 0 1 1 0 0 0 0 0 0 0 0 0 0 0 1 0 0 0 0 0 0 0 0 
1 0 0 0 0 0 3 2 0 3 2 3 7 4 2 4 4 1 3 1 1 0 0 0 0 0 0 0 1 1 1 0 0 1 1 0 0 0 0 0 
0 0 0 0 0 1 0 3 1 9 8 7 5 3 2 4 2 1 0 1 1 3 0 0 0 0 0 0 0 0 0 0 0 1 1 0 0 0 0 0 
0 0 0 0 0 0 0 0 1 0 0 4 4 3 3 0 1 1 0 0 1 0 1 0 0 0 0 0 1 0 0 0 0 0 1 1 0 0 1 0 
1 0 0 0 0 2 1 1 1 4 3 3 5 7 5 2 6 2 1 3 1 0 1 1 0 0 0 0 0 0 0 0 0 1 0 0 0 0 0 1 
0 1 0 1 1 2 2 3 1 6 9 6 6 7 6 9 6 1 2 2 0 0 1 0 1 0 0 0 0 1 0 0 1 1 0 0 0 0 0 0 
0 0 1 1 0 1 3 1 3 1 2 0 1 5 5 2 3 2 1 0 0 1 1 0 0 0 0 0 0 0 0 0 0 1 0 0 0 0 0 0 
1 0 0 0 0 0 1 0 0 2 2 5 6 5 3 5 5 1 3 1 1 0 1 0 0 0 0 0 0 0 0 0 0 1 0 0 0 1 0 0 
0 0 1 0 0 1 1 1 1 10 6 6 4 11 10 9 4 8 2 0 2 0 0 0 0 0 1 0 1 0 2 1 1 0 0 1 0 0 0 0 
0 0 1 0 0 0 0 1 0 0 0 1 2 7 5 1 2 3 0 3 0 0 0 0 0 0 0 0 0 0 0 0 0 0 0 0 0 0 0 1 
1 0 0 2 0 2 0 1 1 2 1 5 6 12 6 9 13 4 4 3 1 0 0 0 0 0 0 0 0 1 1 1 1 0 0 0 0 0 1 0 
0 0 0 0 2 1 0 1 2 4 4 8 8 9 2 16 11 5 1 2 2 2 0 1 0 0 0 1 1 2 1 0 0 0 1 0 1 0 0 0 
0 1 0 0 0 0 0 1 0 0 1 2 2 4 6 6 3 1 2 2 2 1 1 0 0 0 0 0 1 0 0 3 2 0 0 0 0 0 0 0 
0 0 0 0 0 0 0 0 0 1 0 2 1 6 5 9 10 1 3 4 3 4 0 0 1 1 1 1 0 0 1 1 1 0 0 0 2 0 0 0 
0 0 0 0 0 0 0 0 3 3 3 6 6 5 15 19 7 3 4 3 0 2 0 1 1 0 0 0 1 1 1 0 1 2 0 0 0 1 0 1 
0 0 0 1 0 0 0 0 1 3 1 1 3 0 0 8 2 4 3 0 0 0 2 0 0 1 0 0 0 0 1 1 0 1 0 0 0 0 0 0 
0 1 0 2 1 0 0 0 1 1 0 3 3 7 3 11 11 4 3 3 2 2 1 1 1 0 0 0 1 1 1 1 0 0 0 0 0 0 0 0 
0 0 0 0 0 2 0 1 1 1 3 2 8 7 8 8 16 4 5 6 1 1 0 1 1 0 1 0 1 2 3 1 0 1 0 0 1 0 0 0 
0 0 0 1 0 1 0 0 2 0 3 6 7 4 2 13 1 1 4 4 0 0 1 0 0 0 0 0 0 0 0 0 0 1 0 0 1 0 0 0 
0 0 0 1 2 0 0 1 0 1 0 1 4 1 6 9 5 6 13 3 5 0 5 0 0 1 0 0 0 1 0 0 1 0 0 0 1 0 0 0 
0 0 0 0 0 1 0 2 2 2 3 5 3 6 9 4 13 7 5 7 0 0 0 0 0 0 1 1 0 1 0 1 0 0 0 0 0 0 0 0 
1 0 0 0 0 0 0 0 2 2 2 0 2 1 2 3 5 3 1 1 0 2 1 3 0 0 1 0 0 0 0 0 0 0 0 0 0 0 0 0 

0 0 1 4 2 3 1 5 6 10 8 15 3 2 4 2 3 2 1 2 0 2 0 0 0 1 0 2 0 1 0 2 0 2 2 0 0 0 0 0 
0 0 0 2 1 4 2 5 9 8 8 2 11 2 2 0 2 2 2 0 2 0 0 0 0 1 0 0 0 0 1 3 0 0 0 0 0 1 0 0 
0 0 0 1 0 2 0 2 4 7 5 9 8 4 2 6 1 4 3 1 1 0 1 0 1 0 0 0 0 0 1 2 2 2 0 0 0 0 0 0 
2 0 1 0 0 1 1 0 3 4 4 17 8 3 3 1 2 3 1 0 2 1 1 0 0 0 0 0 0 0 0 2 1 1 0 1 1 0 0 0 
1 2 3 3 1 1 3 5 4 14 15 32 8 10 8 6 7 5 4 4 4 0 0 0 0 1 1 0 0 1 2 3 1 2 1 0 0 0 0 0 
0 3 0 0 2 2 2 3 5 3 7 11 14 10 6 3 2 5 5 1 1 0 0 1 0 0 0 0 0 0 0 1 0 0 0 0 0 0 0 0 
2 0 0 0 1 1 1 3 1 6 2 7 9 16 13 2 6 2 5 0 1 1 3 0 0 0 0 0 0 0 0 0 0 0 0 0 0 0 0 0 
0 1 1 1 3 1 4 5 9 9 11 11 16 13 12 11 5 6 5 4 2 0 0 0 0 1 0 1 0 1 0 0 2 2 2 0 0 0 0 1 
0 0 0 0 1 0 1 5 7 5 3 10 8 17 10 4 6 1 4 2 2 1 0 0 0 0 0 0 1 0 0 0 0 1 0 0 1 0 2 1 
0 0 0 1 1 1 1 3 0 3 2 3 6 17 13 6 6 4 4 2 2 1 1 0 0 1 1 0 0 0 1 0 0 0 2 0 0 0 1 0 
1 0 0 0 2 4 3 5 7 6 9 15 21 31 29 13 10 4 3 1 1 4 1 2 1 0 0 0 1 1 0 0 1 2 0 0 0 0 0 0 
1 0 0 1 1 0 1 1 0 6 3 10 22 32 39 34 21 5 4 4 2 2 2 3 1 0 0 0 0 0 1 1 0 0 0 0 0 0 1 0 
0 0 0 0 0 1 1 0 1 6 2 10 7 23 14 17 15 3 7 1 4 2 1 2 1 0 0 1 0 0 0 1 1 0 0 0 0 0 0 1 
2 0 3 3 1 1 0 3 5 6 7 15 22 23 43 40 18 9 4 3 0 0 1 1 1 1 0 0 1 2 2 4 0 0 0 0 0 0 0 1 
0 0 0 0 0 0 1 1 3 2 7 11 15 20 40 39 22 11 12 8 2 1 0 1 1 1 0 0 0 0 0 1 2 1 0 0 1 0 0 0 
0 0 0 0 0 0 2 1 2 1 2 8 8 10 18 23 20 5 9 3 3 1 1 1 1 0 0 0 1 1 0 0 1 0 0 0 0 0 0 0 
2 0 1 0 1 1 3 2 9 4 9 11 13 18 40 49 26 17 5 3 2 1 1 2 1 1 0 1 0 1 1 1 1 3 0 0 1 0 0 0 
0 0 0 0 0 0 1 2 2 3 6 5 8 7 28 53 30 13 14 8 2 7 2 2 1 0 0 0 0 1 0 0 2 1 0 0 1 1 0 1 
0 0 0 0 0 1 3 1 0 2 2 3 6 21 12 29 34 9 6 2 3 1 6 0 2 0 3 0 0 1 0 1 0 0 0 0 0 1 0 0 
0 0 1 0 2 3 1 5 3 3 9 15 12 16 26 46 37 20 7 9 1 0 2 0 1 3 1 4 2 0 0 2 2 0 0 0 1 0 0 0 
1 0 0 1 1 1 3 1 2 0 1 9 11 17 10 38 46 21 17 7 2 4 0 1 0 0 0 0 2 0 1 0 0 0 0 0 0 0 0 0 
0 0 1 1 1 1 1 0 3 3 3 1 9 9 13 29 28 13 16 3 4 3 3 3 1 1 1 1 0 0 0 1 1 0 0 0 0 0 0 0 
1 0 1 0 3 2 2 4 4 3 11 12 13 13 15 25 25 27 15 6 0 0 1 1 1 0 1 2 0 3 2 0 1 0 0 0 0 1 0 0 
0 0 0 2 0 0 0 0 1 5 4 6 4 6 13 40 41 34 15 7 3 5 3 0 1 1 1 0 0 0 0 0 0 0 0 0 0 0 0 0 

0 1 0 0 0 5 1 17 4 25 29 15 9 5 1 3 7 5 4 1 0 0 0 0 0 0 0 2 0 1 0 1 1 1 1 0 0 0 0 0 
0 0 0 0 0 1 2 14 11 11 19 12 5 2 5 6 5 6 4 4 2 2 1 1 0 0 0 1 0 0 2 2 0 1 0 0 0 0 0 0 
0 0 0 0 2 1 1 1 2 5 6 10 12 6 3 1 1 1 2 1 1 0 0 0 1 0 0 0 0 0 0 0 0 0 0 1 0 0 0 0 
1 0 0 0 2 3 0 5 6 12 13 37 23 5 6 2 3 5 3 1 1 0 1 0 1 0 0 0 1 1 1 0 1 0 1 0 1 0 2 0 
1 0 2 0 1 0 3 5 6 14 17 35 26 11 5 9 6 8 3 3 1 1 0 0 0 0 0 0 0 0 0 4 0 3 0 0 0 0 0 0 
1 1 1 1 1 1 1 3 5 5 8 12 15 7 2 5 5 2 0 0 0 3 0 1 0 0 0 0 1 1 0 0 0 0 0 1 1 0 0 0 
3 0 0 1 0 0 1 2 3 8 14 18 38 20 16 5 8 7 7 1 4 1 0 1 1 1 0 1 0 1 1 0 0 0 0 0 0 0 1 1 
1 0 2 0 0 1 9 5 4 17 10 21 27 17 13 14 6 6 3 3 1 0 0 1 3 1 0 0 0 2 0 4 0 3 0 0 0 1 1 1 
0 0 0 0 0 0 0 2 1 5 4 9 11 9 8 6 5 0 4 1 3 1 0 0 0 0 0 0 0 0 1 0 1 0 1 0 1 0 0 0 
0 0 1 1 0 2 1 1 2 0 5 14 24 31 36 12 14 2 4 1 0 0 0 1 1 0 1 0 1 0 1 0 0 0 1 2 2 0 0 0 
1 1 0 0 0 1 8 3 6 4 9 15 22 37 39 26 14 4 4 5 1 1 2 3 0 0 0 0 0 1 4 0 1 0 0 0 1 0 1 0 
1 1 1 0 1 1 0 3 5 4 4 14 15 57 70 25 21 7 6 2 1 2 0 0 1 0 2 0 0 0 2 0 1 0 0 0 1 0 0 1 
0 1 1 0 1 2 3 3 3 11 4 12 15 54 329 41 32 6 5 2 2 1 1 0 1 0 0 1 0 0 0 1 1 1 1 0 3 0 0 2 
0 0 0 1 1 2 1 2 1 6 5 11 11 21 192 67 26 8 5 3 1 1 1 1 0 1 1 1 0 2 0 0 1 1 1 1 0 0 0 0 
2 0 2 0 4 0 2 2 1 2 5 14 13 26 81 122 16 7 4 4 1 2 4 0 0 0 0 1 0 2 1 1 1 1 0 0 0 0 0 1 
1 1 0 1 0 2 0 1 2 3 1 6 5 18 53 243 30 8 8 3 6 0 5 0 1 0 0 4 0 0 0 1 0 0 3 0 0 0 0 0 
1 0 0 1 0 2 2 2 4 3 14 9 9 12 51 212 38 14 5 4 2 1 0 1 1 1 1 0 0 2 1 1 0 0 0 0 0 0 0 0 
1 2 0 0 0 0 1 0 1 5 2 3 13 23 32 121 53 12 4 7 4 3 0 1 1 0 0 0 2 0 0 0 1 0 0 0 0 0 1 1 
1 0 0 0 0 0 1 0 1 1 4 9 7 12 17 175 180 21 10 3 7 4 3 1 1 0 1 1 0 1 0 1 0 0 0 0 0 0 0 0 
1 0 0 0 3 1 2 3 3 3 2 7 14 10 24 93 280 19 11 5 0 1 2 1 0 1 1 1 1 1 1 3 1 1 0 0 1 1 0 0 
0 0 1 0 0 1 2 1 2 1 6 15 7 14 18 73 118 43 20 9 9 3 2 1 0 0 3 0 0 0 0 1 0 0 0 0 0 0 1 0 
0 1 0 0 0 2 1 1 1 1 3 13 4 15 14 58 134 48 35 13 7 4 3 3 2 1 1 2 2 0 1 0 0 0 1 0 0 1 0 0 
0 1 1 1 0 1 1 2 7 6 11 9 10 10 14 29 71 39 16 6 1 1 0 3 0 0 0 1 1 0 1 1 0 0 0 0 0 0 0 0 
0 0 0 0 0 0 1 1 0 1 3 8 12 14 19 57 129 75 37 15 9 5 1 1 0 0 1 0 0 0 0 0 0 0 1 1 0 0 0 0 

0 1 0 0 1 5 2 15 8 70 85 37 13 10 3 11 5 15 3 2 0 1 1 0 0 0 0 1 1 3 2 2 0 3 0 0 2 1 0 0 
3 1 0 2 5 1 5 24 23 43 175 55 29 13 8 4 4 6 11 4 2 0 2 1 1 1 0 1 2 0 0 2 1 1 2 1 0 0 0 0 
1 1 1 4 3 6 4 10 17 39 177 144 33 17 6 4 2 9 11 5 2 0 0 1 0 1 1 0 0 0 1 0 1 1 1 0 0 0 0 0 
3 1 0 3 1 3 1 3 11 17 44 181 77 4 10 11 6 10 17 0 0 0 0 2 1 0 0 0 0 1 0 0 1 2 2 0 0 0 1 0 
2 0 1 4 4 5 9 11 21 31 55 375 140 30 13 15 9 16 7 3 1 5 3 2 0 0 1 4 1 0 1 3 3 1 1 1 1 1 0 0 
2 1 1 1 1 1 7 5 13 25 32 232 263 29 22 10 7 11 5 2 7 1 0 0 0 0 1 0 1 0 0 0 0 1 1 1 0 0 0 0 
1 1 1 1 1 5 2 7 8 8 23 53 543 40 35 9 8 13 9 2 0 2 1 0 1 1 0 0 0 1 0 0 2 0 0 0 0 0 2 0 
1 1 4 0 3 4 17 12 10 27 28 59 272 67 31 19 6 18 10 3 2 1 1 2 0 0 0 0 0 0 1 3 0 2 2 1 1 0 1 0 
0 1 1 1 2 1 2 3 6 10 13 22 159 311 26 20 9 11 6 3 2 2 0 1 0 1 0 0 0 0 1 2 0 2 1 0 0 0 0 0 
1 0 0 1 0 2 1 4 2 5 9 21 29 266 62 16 12 6 10 2 2 1 2 0 1 0 0 0 0 1 1 0 0 1 0 1 3 2 0 0 
0 0 0 3 5 4 8 7 9 8 24 36 43 189 70 26 9 5 5 6 2 1 0 1 0 1 1 0 1 2 1 1 2 1 1 4 0 0 0 0 
1 0 0 1 1 0 2 1 5 8 8 14 17 21 51 13 12 5 2 3 3 0 1 1 0 0 1 0 0 0 1 2 1 2 1 0 0 1 0 2 
1 0 0 0 1 0 0 2 1 5 0 5 5 41 82 23 28 7 9 1 1 2 1 1 0 0 2 0 0 2 0 0 1 1 1 1 3 0 0 1 
3 1 0 0 2 1 3 4 6 9 18 31 12 16 26 41 15 12 1 3 0 4 1 2 0 0 1 1 1 0 2 0 3 2 2 0 2 1 0 0 
0 0 1 0 2 3 2 1 4 4 8 13 6 6 20 16 11 5 2 4 1 2 0 2 0 1 1 1 0 2 1 3 1 0 0 0 0 0 0 0 
0 0 0 1 0 0 1 1 4 7 3 5 11 13 21 41 25 7 9 2 9 2 0 1 4 0 0 0 1 0 1 0 3 0 1 0 0 0 0 0 
0 2 0 1 1 1 3 3 1 10 13 17 16 12 46 63 24 6 4 2 2 3 1 1 0 1 0 1 0 1 0 0 0 3 0 1 0 0 0 0 
1 1 0 0 2 1 1 1 4 4 1 10 7 14 18 31 29 12 7 2 3 2 2 1 3 0 0 1 0 1 0 0 4 2 2 1 0 0 0 0 
0 0 0 0 1 1 0 3 2 2 4 9 13 8 12 59 67 12 13 0 4 1 7 2 5 1 0 0 0 0 0 1 2 0 0 0 0 0 0 0 
0 0 1 0 2 1 2 4 5 4 12 14 20 11 27 50 53 17 6 1 0 3 1 0 0 3 0 2 0 0 1 1 0 1 1 0 0 0 0 0 
1 0 0 0 0 2 2 1 5 5 6 10 11 9 17 34 87 11 13 4 3 2 1 0 0 1 2 1 0 1 1 1 0 1 1 0 0 1 0 0 
2 1 0 3 2 2 0 2 1 6 3 9 6 12 14 50 299 30 29 9 9 2 5 1 1 0 3 1 0 0 0 0 1 0 1 0 0 0 0 0 
0 1 2 0 0 3 1 5 3 11 14 22 28 16 15 50 339 45 15 4 0 1 0 3 0 1 1 1 0 1 0 0 1 1 0 0 0 0 0 0 
0 0 1 0 0 1 0 2 2 7 7 13 11 6 17 23 275 57 14 4 1 2 1 4 0 0 1 0 1 1 2 0 0 0 0 1 0 0 0 0 

1 0 0 2 1 6 3 36 53 462 216 26 10 8 4 12 6 21 13 7 3 1 1 0 0 0 0 3 0 1 2 3 1 2 4 0 2 0 1 0 
4 2 1 1 2 2 9 13 34 30 319 36 25 10 7 9 12 7 8 2 2 3 1 0 3 0 1 1 0 0 0 3 3 2 1 2 2 0 1 1 
1 0 1 2 0 2 7 10 25 25 160 68 31 10 8 10 8 8 11 2 3 2 0 1 0 0 1 0 0 0 1 2 3 0 1 0 0 0 0 0 
1 0 0 0 2 4 7 5 14 28 56 101 49 10 17 12 8 10 18 5 7 2 2 2 1 0 1 1 0 2 1 1 1 1 1 1 1 2 0 0 
9 1 0 0 2 2 5 8 11 20 34 70 74 27 14 13 12 23 5 12 2 3 3 1 0 1 1 0 0 2 2 1 2 4 3 1 0 2 2 0 
5 0 1 2 1 6 7 8 9 21 22 60 55 24 17 18 5 8 10 6 7 5 1 1 0 2 1 1 0 0 0 2 0 2 1 0 0 0 0 0 
1 4 1 3 0 5 2 11 9 29 15 39 61 26 21 15 17 20 14 3 3 2 0 0 0 0 1 0 2 2 0 1 0 0 0 0 2 1 2 0 
0 5 1 1 7 4 7 5 16 20 20 30 31 22 27 28 14 13 13 3 3 3 1 1 1 2 2 0 0 2 1 2 0 3 2 0 0 0 0 2 
0 2 1 1 4 0 4 3 6 19 12 26 26 46 33 18 17 7 5 4 1 2 2 1 1 1 2 0 0 0 1 1 2 0 0 0 1 0 0 2 
2 1 0 3 1 4 4 4 6 18 17 28 45 27 35 15 21 8 8 1 7 1 0 1 3 0 0 1 1 1 2 0 0 0 0 1 0 1 1 0 
1 0 1 3 3 6 7 5 6 15 22 38 32 19 20 20 17 9 8 5 3 1 2 1 0 3 1 1 0 0 1 2 1 3 0 0 1 1 0 1 
0 1 0 2 1 0 4 0 7 8 7 10 16 10 16 15 7 3 6 3 3 0 2 1 0 0 0 0 1 0 3 1 0 3 0 0 1 0 0 1 
1 2 2 1 1 3 4 4 6 8 13 18 17 13 15 19 22 8 10 2 4 2 1 0 2 1 1 1 1 1 0 1 1 0 0 1 3 1 0 1 
0 0 0 1 0 3 2 2 7 9 17 20 24 14 18 18 16 5 4 6 1 4 0 0 0 0 0 1 1 0 1 0 0 3 0 3 2 2 0 1 
0 0 1 2 1 2 2 2 2 6 5 6 12 8 15 11 9 7 5 7 2 0 1 1 0 2 1 1 0 1 0 2 1 0 1 0 0 0 0 0 
1 1 0 0 1 3 2 0 3 7 6 14 12 9 20 26 19 13 9 5 7 4 4 4 1 1 2 0 1 0 5 1 0 1 0 0 0 0 0 0 
1 0 0 0 2 0 3 2 1 3 18 33 10 11 29 24 15 13 6 2 3 0 1 3 2 1 4 1 2 2 1 2 3 1 1 0 1 0 0 0 
0 0 0 0 0 0 0 2 3 2 3 13 11 11 12 8 15 15 5 3 3 1 3 2 0 0 1 1 0 1 1 3 1 0 0 0 0 0 0 0 
1 1 1 0 0 2 0 4 3 8 4 11 8 14 16 12 26 10 18 7 7 2 5 3 3 2 1 2 2 0 1 2 2 0 0 0 0 0 0 0 
0 1 1 0 1 1 3 4 5 8 8 18 23 13 15 28 36 4 4 4 2 2 2 3 0 3 0 2 1 2 1 2 2 0 0 0 0 0 0 1 
1 0 0 0 0 2 1 3 1 3 6 10 10 7 16 12 17 14 8 4 7 2 1 3 0 0 1 1 1 1 2 0 0 1 1 2 0 1 0 1 
1 1 0 0 1 0 0 5 1 5 5 22 25 23 23 27 33 18 22 5 10 5 4 3 1 2 3 0 1 1 1 0 2 1 0 0 1 0 1 0 
0 0 1 1 0 2 2 4 2 7 16 27 24 19 13 32 26 21 5 4 2 0 0 1 2 3 1 3 1 4 1 0 1 1 0 0 0 0 1 0 
0 0 0 0 1 0 2 7 2 3 10 13 15 16 17 20 39 23 8 8 2 2 2 3 0 1 0 0 1 1 0 0 0 0 0 0 0 1 0 0 

1 0 0 4 1 4 8 111 1548 54 34 22 9 7 5 13 13 42 16 7 0 1 2 1 2 1 0 0 0 2 3 7 0 3 4 0 1 0 0 0 
1 1 1 1 2 5 9 57 290 37 32 11 14 3 4 9 19 33 27 7 8 3 4 0 2 2 1 0 1 0 1 1 2 5 2 2 2 1 2 1 
0 3 3 2 5 5 4 27 181 49 17 25 5 9 15 19 27 43 26 15 10 3 1 1 0 0 0 1 0 1 2 2 2 3 4 0 1 2 0 0 
2 1 1 1 2 4 4 11 68 68 33 23 29 8 9 18 21 39 25 6 9 4 1 0 0 3 0 0 2 2 4 6 1 8 4 0 1 1 0 0 
3 1 1 2 3 1 9 20 52 84 26 32 17 13 12 21 32 67 32 8 8 1 2 0 1 2 0 4 2 4 2 5 4 5 4 1 1 0 1 0 
1 0 0 2 8 1 7 7 30 107 38 18 13 15 17 35 52 34 24 24 10 3 4 3 1 1 1 0 1 3 0 4 2 0 1 0 1 3 1 0 
1 0 0 2 0 3 4 15 6 69 64 28 26 20 20 23 24 34 29 8 4 2 4 1 3 0 2 1 1 1 3 1 1 0 0 1 0 1 1 0 
2 1 1 1 6 7 8 16 22 87 68 37 24 30 25 37 37 41 27 11 5 4 0 1 3 1 1 1 3 2 3 5 2 7 0 2 1 1 0 1 
2 3 7 4 8 6 8 15 31 106 128 51 24 20 34 37 38 33 17 7 7 5 2 0 0 0 1 1 1 0 2 4 1 3 1 0 0 1 0 3 
1 4 1 2 0 2 4 13 8 52 56 51 44 19 21 22 33 14 17 5 9 6 9 1 0 0 0 0 0 0 3 0 0 2 0 0 2 1 0 0 
1 1 3 1 3 2 14 9 17 39 75 103 46 27 30 51 33 21 11 6 5 3 2 0 2 2 1 3 0 2 2 0 2 3 1 1 3 1 2 1 
0 2 0 1 4 2 10 9 9 24 65 52 30 25 31 46 36 18 5 14 7 4 6 3 1 1 0 4 1 2 1 0 1 2 3 1 0 1 0 3 
1 0 1 6 1 5 1 3 4 19 26 35 39 18 20 29 31 20 18 5 5 4 2 1 4 1 2 1 0 1 2 1 0 1 3 0 1 2 0 0 
1 0 1 2 4 7 4 4 16 23 48 80 43 27 37 43 42 24 9 3 2 1 0 0 1 2 1 0 2 1 3 5 2 2 6 1 3 0 2 2 
1 2 1 3 1 3 2 7 12 23 52 80 35 30 29 68 57 24 17 7 2 5 0 5 1 2 1 3 1 1 4 2 1 2 1 1 4 1 1 0 
1 1 0 2 1 2 3 6 6 18 22 52 32 19 16 29 52 12 14 10 6 4 7 3 2 2 1 1 2 1 0 0 1 2 2 0 1 0 0 1 
0 0 1 2 0 2 3 4 12 14 56 67 46 18 33 42 35 16 7 0 5 1 2 2 0 8 2 1 7 7 3 9 4 5 2 0 3 0 0 0 
0 0 0 1 2 1 0 6 16 14 31 94 43 20 28 54 73 23 8 5 4 5 4 2 1 0 0 3 1 1 1 2 2 0 1 1 1 0 0 0 
0 1 1 1 0 1 1 5 6 13 11 43 59 21 12 48 51 15 10 11 9 1 3 1 4 1 3 2 1 1 1 3 1 0 3 0 0 0 0 0 
1 0 2 0 3 1 5 4 4 14 27 80 37 30 27 72 54 24 2 7 2 3 1 2 0 4 2 3 4 5 2 4 2 1 0 2 1 0 0 0 
0 1 1 1 1 4 2 3 4 10 23 64 66 21 23 81 87 25 15 7 6 4 4 1 1 0 3 5 2 0 3 2 0 3 1 0 1 0 0 0 
0 1 0 1 2 2 1 5 3 13 11 63 65 25 24 41 55 21 23 7 11 6 1 1 0 2 1 1 0 1 1 0 2 0 2 1 0 0 0 0 
1 1 1 0 2 3 2 5 13 13 52 282 171 39 31 51 45 18 9 5 3 1 1 0 1 1 0 1 4 8 2 2 2 3 0 1 0 0 0 0 
2 3 0 1 4 3 2 4 9 15 33 144 192 72 44 60 85 38 20 18 7 1 0 4 0 0 0 1 2 2 2 0 1 0 0 0 1 0 0 0 

1 0 1 0 1 5 11 68 200 38 25 12 8 7 0 21 119 131 27 4 3 2 2 1 2 0 0 1 1 8 3 4 3 17 7 5 2 0 0 0 
2 2 1 0 1 1 7 17 103 24 28 14 22 6 13 10 153 76 38 15 4 11 6 2 2 3 1 2 2 6 1 2 2 6 5 1 0 0 1 0 
4 1 3 5 5 4 4 11 73 33 19 16 10 11 17 12 101 73 36 12 3 4 3 1 1 1 0 0 2 0 1 2 3 1 3 0 1 0 0 1 
0 2 0 3 2 1 2 16 131 49 27 12 16 7 7 5 150 101 55 4 9 1 2 2 3 3 1 1 2 7 2 4 5 6 9 2 2 0 1 0 
2 0 3 1 2 3 5 9 23 59 24 19 9 3 10 10 196 81 23 10 11 6 5 4 1 1 2 2 1 4 6 5 3 7 3 2 1 2 0 0 
1 3 3 3 4 5 9 5 30 83 41 19 17 13 13 17 114 49 22 9 6 12 5 0 1 0 0 2 1 1 0 0 2 0 1 1 4 2 1 2 
2 0 1 2 1 8 5 12 17 110 83 18 20 15 16 20 260 63 41 4 15 5 8 5 0 1 0 1 1 1 2 4 2 2 2 2 1 0 0 1 
7 1 3 1 3 6 8 10 18 169 158 38 13 17 18 31 221 57 27 10 2 4 4 5 0 4 0 0 2 5 0 4 1 4 1 3 0 1 1 1 
8 2 4 3 3 8 11 22 41 161 202 54 36 29 13 57 120 50 29 14 2 6 6 1 0 1 0 2 1 1 1 0 1 2 1 1 3 2 0 4 
0 3 1 3 3 13 8 20 16 71 378 74 56 17 26 49 211 40 33 6 9 8 2 4 4 1 1 1 1 1 0 2 5 1 2 0 2 1 5 0 
0 1 0 0 0 3 8 2 3 31 243 117 29 25 26 71 205 29 14 7 1 3 2 1 0 0 2 7 3 1 6 2 2 3 2 6 2 1 1 3 
1 5 1 1 1 5 2 6 19 38 200 71 34 29 37 60 121 33 23 12 1 1 1 1 1 2 0 0 1 2 0 0 1 4 3 1 1 0 1 0 
5 1 0 2 0 3 3 4 7 26 149 67 45 27 19 61 303 15 29 10 9 4 4 1 0 3 2 0 4 0 1 1 2 2 2 5 5 1 1 0 
0 1 0 1 4 2 4 0 9 23 72 126 27 14 30 108 257 18 13 5 4 2 1 1 1 2 0 1 2 6 0 6 4 3 4 3 1 0 0 2 
1 1 3 2 5 4 5 12 12 19 82 300 45 25 29 119 143 23 14 11 6 2 5 5 0 1 0 0 1 2 1 2 4 1 0 3 0 1 0 0 
1 3 1 2 0 5 3 4 6 26 56 180 53 22 28 99 235 18 24 8 8 6 5 0 0 2 0 2 1 4 3 5 8 5 2 2 1 0 0 0 
0 0 2 0 0 0 4 3 5 12 46 130 45 16 22 85 181 20 9 4 3 0 2 1 0 0 0 4 4 1 4 6 3 3 3 1 0 0 0 0 
1 2 1 0 2 1 1 5 5 23 36 192 51 28 22 89 105 21 12 13 5 3 3 1 4 2 0 0 0 5 0 2 1 2 1 3 1 0 0 1 
0 1 1 0 0 2 4 3 5 18 25 315 86 20 19 109 259 21 13 11 9 5 2 3 1 1 2 2 2 0 1 4 2 0 3 0 0 0 1 0 
1 0 1 1 1 1 1 7 7 11 34 165 66 23 18 101 223 27 7 2 1 3 1 0 3 3 2 5 3 1 5 1 6 2 2 1 1 0 1 0 
6 2 0 1 1 1 2 5 9 16 21 159 86 31 40 173 226 27 15 7 7 3 4 1 1 2 2 3 0 1 2 2 7 0 1 2 2 0 0 1 
1 1 0 4 1 0 1 3 5 11 27 158 191 34 42 139 206 30 34 11 11 6 5 2 4 2 2 0 3 2 3 0 3 0 0 0 1 0 0 0 
2 0 1 0 1 1 4 2 11 13 27 286 286 38 33 100 218 27 6 1 2 1 0 0 0 1 1 3 5 9 4 8 0 1 0 0 0 0 0 1 
2 1 3 1 4 4 5 6 17 25 66 230 647 102 78 206 409 42 18 15 13 5 7 3 3 2 1 0 0 0 1 1 1 0 0 1 0 1 0 1 

1 0 0 0 2 4 3 21 18 14 10 7 1 5 3 7 8 59 19 4 0 2 2 1 1 2 0 2 1 4 5 11 4 24 8 5 3 1 0 0 
1 0 0 0 0 0 4 6 9 1 8 2 4 6 6 5 20 31 9 2 4 1 7 1 0 2 0 2 1 1 4 5 5 10 8 2 2 0 0 2 
1 0 0 1 3 0 4 7 3 8 3 13 4 4 8 4 22 18 8 3 1 3 1 2 0 0 0 1 1 2 5 6 3 6 1 4 2 0 0 1 
5 1 0 0 0 2 3 5 6 12 13 5 8 6 5 13 22 43 27 1 2 1 3 2 1 0 1 1 1 4 5 5 8 4 9 3 10 2 1 0 
0 0 1 0 5 3 5 9 4 11 10 3 7 5 10 11 66 68 17 5 3 5 3 1 1 2 1 2 4 6 9 10 3 10 10 2 3 3 1 1 
3 1 0 2 2 1 0 5 3 5 9 9 12 6 5 20 45 19 9 5 5 5 0 2 1 1 1 1 1 1 4 3 8 4 6 3 0 2 1 3 
1 0 0 2 1 1 4 4 9 8 23 12 13 12 12 22 97 52 30 3 1 3 2 0 2 0 0 0 3 1 2 4 2 2 3 3 0 4 1 1 
2 0 0 3 0 1 5 13 6 24 20 16 15 15 17 36 78 46 21 5 4 4 3 0 5 0 2 1 2 3 5 7 0 10 8 3 1 2 4 2 
1 1 0 3 4 6 3 8 9 19 13 9 13 11 26 65 105 26 15 9 6 1 1 0 2 0 4 2 1 1 1 6 3 3 5 2 3 2 4 2 
0 3 0 1 1 3 3 12 8 22 34 46 34 10 12 106 550 16 19 2 4 3 1 1 1 2 1 1 2 2 2 3 5 3 4 1 1 2 0 1 
3 1 1 2 1 2 5 6 2 20 32 43 24 16 36 104 401 22 10 3 2 0 2 1 1 1 1 3 3 11 9 12 7 3 8 2 2 4 1 1 
1 2 4 1 1 0 3 6 3 13 14 13 8 13 14 20 42 13 11 6 3 0 0 1 0 1 2 3 2 2 2 4 1 5 5 0 6 5 1 0 
0 0 0 0 2 1 1 6 2 18 17 24 24 11 25 29 77 11 15 2 4 4 2 4 0 1 0 1 2 2 4 0 5 1 3 0 1 2 1 0 
1 0 1 0 2 4 4 3 5 11 24 38 11 10 25 41 46 6 4 1 3 0 3 0 1 1 1 5 5 8 3 5 5 8 4 5 3 3 5 1 
0 0 0 0 1 3 2 3 3 10 19 23 15 11 11 19 19 9 7 3 2 2 4 3 2 0 0 4 2 4 5 2 2 2 5 1 2 2 0 0 
1 0 0 3 1 1 1 5 3 13 25 33 27 8 12 28 55 20 23 5 1 1 2 1 0 0 1 3 1 2 4 1 1 2 2 3 3 0 1 0 
0 0 0 1 1 1 2 3 2 4 17 34 13 9 12 25 23 2 2 2 0 3 0 0 1 0 3 1 5 4 7 6 9 8 2 1 3 1 0 1 
1 0 0 0 1 1 0 2 3 12 5 13 17 8 10 20 17 7 4 3 2 4 3 0 0 2 5 3 1 5 3 5 5 2 3 3 0 1 2 0 
2 1 1 0 0 0 0 3 5 13 11 23 30 18 12 21 40 7 13 1 5 2 1 0 2 1 1 0 1 3 1 1 3 2 3 0 2 0 0 0 
1 0 0 0 1 1 2 1 1 4 19 19 17 9 9 23 21 8 2 2 0 4 3 1 3 3 4 6 9 4 11 14 3 1 1 0 0 0 1 0 
2 0 0 0 0 1 2 1 1 5 8 24 16 9 15 22 28 17 9 4 2 3 1 4 0 0 3 4 4 2 8 3 5 1 1 0 0 1 1 1 
3 1 0 0 1 2 1 4 1 5 7 23 31 26 33 41 45 19 16 6 7 3 1 1 2 1 0 1 1 2 2 1 0 1 1 0 1 0 1 0 
0 0 1 0 1 2 2 2 3 6 15 31 25 17 11 27 19 8 4 7 1 1 3 2 1 1 6 5 5 6 4 10 5 2 2 0 0 2 0 0 
1 1 1 1 1 1 1 5 12 17 34 57 63 47 31 55 70 30 9 8 7 1 4 0 3 1 4 2 3 2 4 5 1 0 0 2 0 0 0 0 

0 0 1 2 0 2 4 7 13 9 7 5 1 6 1 7 4 17 10 2 1 1 1 2 1 1 0 2 2 1 5 14 6 20 12 5 12 2 0 1 
2 0 1 0 2 1 2 3 2 5 1 4 4 1 2 2 5 9 11 8 3 5 0 1 0 0 0 3 0 2 4 1 9 15 15 16 4 5 3 4 
1 2 1 0 1 0 7 5 9 2 7 4 6 1 0 4 5 6 9 2 4 3 0 3 1 0 0 2 1 4 2 4 2 6 4 4 2 1 3 2 
0 0 1 1 1 2 3 4 3 6 11 3 1 4 4 6 5 14 13 2 1 0 1 2 1 0 1 0 1 5 2 6 3 12 20 8 9 3 3 2 
2 1 0 1 0 0 1 2 3 3 6 8 7 3 2 6 9 12 8 4 1 4 0 0 1 2 1 4 3 3 2 5 3 15 14 4 4 1 1 3 
1 3 0 2 4 2 1 5 5 9 4 9 7 10 13 6 14 13 16 5 3 4 3 0 1 0 0 1 0 2 2 6 2 8 6 5 1 2 2 6 
0 2 1 3 3 2 5 3 2 5 5 3 13 9 6 23 25 15 16 6 4 0 3 2 2 2 1 1 3 5 0 2 3 1 10 3 3 2 2 7 
2 2 0 2 1 1 1 3 7 4 6 11 9 16 17 33 52 18 17 9 4 2 1 2 1 2 3 1 3 3 6 7 5 10 6 6 2 3 3 3 
0 2 3 4 3 1 3 5 10 9 13 11 11 11 21 108 80 36 25 16 7 6 2 1 2 2 0 0 1 2 2 2 1 2 3 2 2 4 3 1 
1 0 0 0 0 3 0 5 1 10 7 6 21 12 12 43 72 15 25 9 11 2 3 0 2 3 3 2 1 5 5 8 2 8 5 2 2 3 3 5 
1 0 1 0 2 1 2 3 7 5 7 13 15 15 13 36 27 6 7 6 1 0 1 0 0 2 1 3 4 2 6 5 4 9 8 2 4 3 3 4 
1 1 1 3 2 1 2 3 4 9 7 9 15 18 17 16 27 10 11 9 1 3 1 0 0 5 1 2 4 4 0 3 3 1 3 3 4 0 1 2 
0 1 1 0 0 1 0 2 4 4 6 9 15 7 12 11 25 5 13 5 5 0 0 1 2 2 1 1 1 5 1 3 1 6 6 3 4 1 1 3 
2 0 4 0 1 0 0 1 2 8 12 7 10 8 7 13 12 7 2 3 1 3 2 0 1 4 3 4 2 11 7 7 10 11 6 6 2 0 4 2 
1 1 1 0 0 2 0 6 1 7 7 5 7 12 16 10 20 5 5 6 4 2 1 3 0 0 1 4 0 1 1 3 2 2 0 3 0 1 1 1 
1 0 0 0 0 1 2 3 3 4 3 10 15 8 7 8 12 6 8 2 1 2 4 2 2 0 1 2 1 4 3 6 5 4 5 1 2 1 1 3 
1 0 0 0 0 0 1 1 3 2 7 12 14 5 8 18 8 2 3 1 3 0 0 1 0 2 4 4 8 6 8 8 10 7 2 1 1 0 0 1 
0 0 0 2 1 2 4 2 1 10 6 9 12 8 6 8 7 1 4 3 3 2 0 0 2 1 1 1 1 2 3 4 3 4 2 1 1 0 0 0 
0 0 0 0 0 0 1 0 4 6 5 12 13 7 6 9 8 3 5 6 2 1 1 1 3 3 1 2 3 4 5 7 10 1 6 0 5 2 2 0 
0 1 0 0 1 1 1 1 0 2 7 7 10 4 8 13 4 3 3 3 0 1 2 0 1 2 3 2 6 6 11 12 8 2 2 0 0 1 0 0 
2 0 1 0 0 0 3 0 1 5 8 8 14 8 9 9 16 9 4 2 1 4 3 0 2 1 3 1 3 0 4 8 0 2 0 0 0 0 1 1 
2 0 1 2 0 1 1 3 2 3 5 13 4 9 15 9 20 6 6 3 9 1 0 1 2 0 0 5 2 5 2 7 4 0 4 1 1 0 0 2 
1 0 0 3 1 1 1 6 2 3 8 14 13 8 6 8 13 5 2 2 3 0 3 2 0 2 7 6 7 11 3 9 5 4 2 0 0 0 0 0 
0 0 0 0 0 4 3 1 2 5 14 11 12 8 9 10 16 9 1 5 1 3 0 1 0 1 1 0 1 1 1 0 0 2 3 2 1 1 0 0 

1 0 0 1 0 0 2 8 8 5 1 2 1 4 1 4 2 13 4 1 2 0 2 1 0 4 0 6 1 12 11 10 6 40 22 9 9 0 0 0 
3 0 0 0 0 1 1 3 3 4 2 1 3 1 3 2 3 2 1 2 1 1 2 0 1 0 2 1 0 2 5 13 38 31 48 25 17 14 8 10 
0 0 0 0 2 0 2 1 1 1 2 5 5 1 0 1 1 2 2 1 1 1 0 2 3 0 2 4 7 13 18 34 64 87 87 60 28 12 13 4 
0 0 1 0 1 1 2 0 3 3 2 4 3 6 2 0 5 5 5 0 2 2 2 1 0 1 1 1 1 6 6 9 19 19 35 18 14 5 4 3 
0 0 0 1 0 0 1 1 3 4 2 3 0 6 7 6 1 5 3 3 2 0 0 2 0 3 2 1 4 4 4 14 11 33 14 7 7 2 4 1 
0 0 0 0 0 0 0 1 1 2 3 2 5 9 10 11 8 3 5 0 3 0 2 0 0 2 0 1 2 3 3 7 6 15 13 4 1 1 3 2 
3 0 1 0 0 1 1 5 0 2 4 3 3 11 13 29 27 5 13 2 6 3 0 1 4 0 2 1 1 5 3 7 5 14 9 4 3 2 1 5 
1 1 1 0 2 1 3 6 2 7 5 4 15 24 48 193 32 10 5 2 6 1 0 2 2 1 2 1 0 6 4 4 11 29 16 8 4 6 4 1 
1 1 1 0 0 0 2 2 3 7 4 2 12 9 15 21 22 7 6 3 3 1 0 1 0 0 0 2 1 2 8 11 10 15 19 10 8 6 5 4 
1 1 1 1 1 4 0 2 2 4 4 12 13 8 13 21 29 10 13 3 3 3 5 0 2 2 4 1 1 1 4 10 5 12 12 4 3 6 4 4 
2 0 0 0 0 0 4 2 3 5 9 16 9 16 8 12 10 3 4 2 1 0 1 1 2 2 2 3 6 8 9 16 11 23 11 6 7 10 4 3 
0 0 0 0 0 0 2 1 2 3 5 7 7 3 8 5 5 7 5 4 3 3 2 4 3 2 4 2 2 6 6 7 6 10 9 7 8 5 7 2 
0 1 0 2 0 1 0 1 0 4 4 8 11 3 12 13 5 8 11 3 1 1 2 1 1 0 3 4 5 5 8 13 10 8 10 4 5 2 4 3 
0 0 1 0 0 1 0 2 2 5 3 7 3 6 5 6 2 4 3 0 0 1 1 3 1 2 5 5 4 10 8 17 20 13 19 5 8 9 3 0 
0 0 0 1 0 0 1 3 0 1 4 3 7 4 2 9 5 5 3 0 1 2 2 1 1 1 2 1 5 9 8 7 13 14 10 7 2 2 1 0 
0 2 2 0 0 1 0 1 3 4 3 12 8 3 9 8 7 3 4 3 3 2 2 0 1 0 0 2 4 7 7 7 9 4 9 0 2 2 1 3 
0 1 1 2 0 1 0 0 0 2 5 5 9 4 6 5 6 2 3 1 1 1 3 1 1 3 1 6 7 17 20 17 30 12 9 14 5 5 2 6 
0 0 0 0 1 1 0 3 1 4 5 6 9 10 5 8 9 1 2 1 0 1 0 4 1 2 5 1 6 9 10 7 16 7 5 6 0 1 0 0 
1 1 0 2 0 4 0 2 3 5 8 1 8 3 9 6 5 3 4 2 3 4 1 1 0 2 4 3 5 5 10 11 6 3 7 2 6 1 0 0 
0 0 0 0 1 0 4 0 1 8 1 4 2 3 2 6 3 0 4 0 1 0 1 3 3 5 4 13 15 11 12 22 17 8 2 3 2 1 0 0 
0 0 0 0 0 0 1 2 2 4 4 2 7 4 4 5 8 1 1 0 0 1 1 1 1 4 2 6 6 11 11 9 8 10 3 0 3 0 1 1 
1 0 0 0 1 0 1 3 2 2 3 4 7 10 10 5 10 12 4 3 1 2 3 1 0 4 2 3 3 10 8 11 3 3 0 3 0 1 0 2 
1 0 0 0 1 1 1 0 2 3 1 5 4 2 3 9 3 3 1 1 3 3 1 5 3 3 8 4 11 21 13 22 8 4 2 1 2 0 0 2 
1 0 0 0 0 2 4 2 2 4 6 7 6 14 11 6 8 7 7 3 1 2 2 1 3 2 6 2 2 11 8 10 2 1 0 1 0 0 0 0 

0 1 0 0 0 0 1 4 5 2 1 1 0 2 1 1 1 10 9 3 4 0 2 1 0 2 3 2 2 5 3 6 4 53 59 11 0 0 1 1 
1 0 0 0 0 1 0 0 1 0 2 1 2 3 1 0 3 1 2 0 1 1 2 1 1 1 3 2 1 3 7 6 20 91 106 26 12 12 5 9 
1 0 0 1 1 0 0 1 0 0 2 6 2 1 3 3 2 0 7 3 3 1 1 1 2 0 2 0 4 5 15 18 78 175 152 69 31 19 12 11 
0 0 0 0 0 1 0 1 2 0 1 1 6 2 3 3 7 1 3 4 1 1 0 0 0 3 3 1 0 3 9 9 16 32 60 10 13 5 1 7 
1 0 1 0 0 0 0 0 1 3 0 2 3 2 10 5 10 5 4 4 3 1 1 1 0 1 1 0 2 3 8 8 10 22 18 4 8 3 5 6 
0 0 0 0 2 2 1 1 3 2 1 3 6 8 8 4 5 6 3 2 2 2 2 4 0 3 0 1 0 3 3 5 7 20 15 4 1 1 3 3 
1 0 0 1 0 0 0 1 3 3 3 6 5 22 41 34 19 7 7 2 1 0 2 1 3 0 1 0 2 5 8 11 25 44 31 5 5 3 9 4 
2 0 1 0 2 0 0 0 2 2 1 7 4 31 166 72 16 9 1 4 3 1 0 3 1 0 1 3 3 2 5 8 18 47 23 5 10 6 8 8 
1 1 0 0 2 3 3 3 1 5 5 1 7 11 18 24 17 12 6 2 4 3 4 3 2 1 4 3 2 3 4 8 12 13 15 8 3 7 3 1 
1 1 1 1 0 3 0 2 3 1 5 6 11 14 15 16 15 6 14 3 3 3 1 2 1 3 1 3 4 6 6 9 12 28 26 6 9 5 7 5 
1 0 1 0 1 0 0 1 3 2 11 9 6 16 12 9 6 2 3 0 1 1 0 1 2 1 3 2 11 11 15 14 20 24 16 13 12 8 6 2 
0 0 0 0 0 2 0 2 2 0 3 4 5 1 7 4 11 4 2 4 2 0 4 0 1 1 1 1 1 3 10 10 8 13 11 1 3 1 2 3 
0 2 0 2 0 0 0 2 1 3 3 6 5 3 8 7 5 1 2 1 1 1 1 2 2 0 2 2 2 8 12 9 22 21 21 14 12 4 6 5 
0 1 0 0 0 1 0 3 0 1 5 7 5 9 6 6 3 1 1 0 0 1 1 0 0 1 4 4 10 14 17 11 18 17 23 19 6 6 7 5 
0 0 0 0 1 1 1 0 1 0 4 6 1 5 3 8 2 2 1 3 7 1 0 1 0 0 0 2 4 6 5 10 8 5 11 5 2 2 2 5 
0 0 2 1 1 0 0 1 1 2 2 3 3 1 1 4 5 1 2 0 1 1 1 1 2 1 2 5 7 4 9 17 23 13 11 5 1 2 6 5 
0 0 0 0 0 0 1 4 0 2 2 3 7 4 3 4 5 0 1 4 0 2 1 2 1 2 4 5 7 15 14 23 33 19 11 7 6 5 0 3 
0 0 1 0 1 0 1 5 1 2 2 3 3 1 3 4 5 4 2 2 3 0 1 0 1 0 1 4 2 2 11 12 10 7 10 2 4 4 3 4 
0 0 0 0 1 1 0 0 1 3 2 2 0 1 5 3 6 1 2 2 1 1 4 3 2 5 5 2 5 11 22 23 22 8 11 7 4 2 2 2 
0 0 0 1 2 0 3 2 2 4 3 1 4 1 4 5 2 2 1 1 1 1 4 4 4 1 8 6 10 19 15 32 23 4 7 3 3 0 1 1 
1 0 0 0 0 2 1 1 2 0 2 6 11 4 1 2 2 2 1 1 1 1 3 0 1 3 4 7 4 6 8 7 9 5 1 1 1 3 0 1 
2 1 1 1 2 2 3 3 2 2 4 4 2 2 6 1 6 4 0 2 9 4 1 1 5 3 2 4 8 10 13 11 14 6 4 0 3 0 0 1 
0 0 0 0 0 0 0 4 2 1 3 4 5 4 3 5 4 4 1 1 2 0 2 2 3 0 3 13 12 17 14 26 12 4 2 3 0 2 0 2 
1 0 0 0 1 3 0 1 1 1 2 4 6 3 4 2 7 4 1 0 1 1 0 0 2 3 2 5 5 6 8 8 4 4 1 3 1 0 0 1 

0 0 0 0 0 0 1 3 4 3 3 0 1 3 1 5 3 2 2 3 1 2 0 1 1 0 2 1 1 16 9 3 4 234 142 5 1 3 1 2 
0 0 1 0 0 0 0 2 2 0 1 0 0 1 0 0 2 0 1 1 0 3 1 0 2 1 2 4 4 7 11 5 10 186 59 5 3 3 4 4 
0 0 0 0 0 0 0 0 1 0 2 0 0 3 2 2 2 0 4 1 2 0 0 0 0 2 3 1 5 10 19 9 11 224 30 14 6 0 4 4 
0 0 0 0 0 0 2 0 1 2 0 3 2 4 5 2 2 5 1 1 2 0 2 5 0 1 0 3 3 8 7 9 11 157 60 10 5 1 1 4 
0 0 0 1 0 0 0 0 2 1 2 1 4 6 8 2 2 2 1 0 0 0 0 0 1 0 0 3 4 10 16 17 39 207 52 20 6 11 5 2 
0 0 0 2 0 2 0 0 1 0 5 4 3 16 14 8 12 5 2 1 1 1 2 0 2 3 1 3 2 9 8 15 79 767 36 20 7 8 7 9 
0 0 0 0 1 0 0 1 3 0 0 11 4 25 70 13 15 3 9 1 5 3 2 5 3 2 2 3 6 7 6 12 38 276 66 7 9 7 7 12 
1 0 0 1 1 0 0 0 3 5 5 11 32 93 272 39 12 9 5 4 1 2 3 1 1 0 6 5 6 10 5 20 153 156 44 15 12 12 9 15 
0 0 0 0 4 2 3 3 3 4 6 15 33 98 101 34 19 7 10 6 4 3 2 0 4 2 1 1 8 16 19 22 340 173 31 16 9 15 9 6 
1 1 0 0 1 1 1 3 6 5 5 6 13 27 46 22 15 8 12 3 5 0 2 0 0 2 0 6 3 11 14 15 243 81 48 20 14 11 4 8 
0 0 0 0 0 1 0 3 1 5 10 8 12 19 13 6 14 1 2 1 3 0 0 1 3 1 5 8 19 22 29 23 120 85 39 13 14 10 15 20 
1 0 1 2 0 0 1 3 1 1 4 3 4 8 5 6 1 1 2 1 1 1 0 0 2 4 5 4 7 20 19 40 196 81 24 14 14 9 3 5 
1 1 0 1 0 2 0 2 0 0 4 1 3 8 6 7 5 1 3 1 0 1 2 0 2 3 0 6 4 16 14 24 81 49 40 16 17 9 7 8 
0 0 0 0 1 0 5 4 2 1 3 1 1 4 2 1 1 0 2 0 1 0 1 2 4 1 7 5 21 28 31 47 121 81 54 43 20 14 9 2 
0 0 0 0 0 0 0 2 2 2 1 2 6 3 3 4 4 0 1 3 1 0 0 0 1 2 3 9 14 18 19 60 109 47 35 17 16 6 6 4 
0 2 1 0 0 3 1 2 1 3 1 0 1 6 0 1 4 1 2 1 2 1 0 2 1 2 0 3 7 25 22 47 77 25 31 8 5 4 11 6 
1 0 0 1 0 0 0 0 1 2 1 2 0 3 3 2 1 0 0 2 3 1 1 3 5 1 11 17 28 44 55 79 105 50 31 13 11 6 5 5 
0 0 1 0 0 0 1 2 0 2 1 1 3 3 6 0 2 3 1 3 3 3 3 2 6 3 9 26 27 72 51 112 138 76 27 15 9 8 4 9 
0 0 0 0 1 1 1 1 0 2 1 2 5 1 0 2 2 1 2 1 0 2 0 1 2 7 3 7 19 32 36 50 85 28 23 11 12 3 6 0 
0 0 0 0 0 0 0 1 0 3 0 0 1 3 4 4 0 4 0 0 2 3 3 2 4 7 13 14 33 55 47 105 46 11 19 5 3 3 5 1 
0 0 0 2 1 0 1 0 1 2 1 1 4 1 2 3 5 2 0 2 2 5 1 5 3 3 8 21 31 35 57 63 63 18 9 5 9 7 2 2 
1 0 0 0 0 0 1 3 0 3 1 2 5 5 1 3 4 1 3 0 2 0 3 3 3 5 3 11 20 22 34 42 49 14 15 8 9 2 2 1 
1 1 0 1 0 1 1 1 0 3 3 1 2 3 1 3 2 0 0 0 0 1 3 4 7 12 16 18 28 71 39 61 27 7 7 2 3 0 3 3 
1 0 0 0 0 2 1 3 1 2 4 5 11 4 3 5 7 1 2 3 0 1 1 1 4 9 20 15 36 44 63 54 38 20 5 4 1 3 3 3 

0 0 0 1 0 0 0 1 4 1 0 2 0 7 3 2 0 4 3 4 0 3 1 3 0 1 0 10 4 24 21 20 5 41 31 7 3 4 0 2 
0 0 0 0 0 0 0 1 1 0 2 2 2 1 2 0 1 2 0 1 1 0 0 0 0 0 0 1 5 11 17 11 14 13 23 8 8 1 5 10 
0 0 0 0 0 0 1 2 2 0 0 0 2 1 1 4 0 1 1 0 1 1 0 0 2 0 2 2 5 6 6 9 11 11 16 6 6 2 4 6 
0 0 0 0 0 0 0 1 0 0 1 2 0 2 0 2 1 2 2 0 1 0 1 1 0 1 1 6 7 10 19 20 25 17 26 4 6 5 4 6 
0 0 0 1 0 0 0 1 0 1 0 1 5 5 7 1 6 3 6 1 0 0 3 0 1 0 1 3 9 12 16 22 19 26 30 19 12 7 3 6 
0 0 1 1 0 0 1 2 0 0 1 2 8 10 15 3 4 2 3 2 2 3 0 4 1 1 3 2 4 5 8 9 23 33 31 13 16 12 8 14 
0 0 0 0 0 0 0 0 0 2 7 6 7 20 63 10 11 1 5 0 1 0 1 2 1 1 2 3 2 11 19 16 27 38 44 12 12 6 20 16 
1 0 0 1 0 0 1 3 1 1 2 7 14 206 213 35 20 7 5 4 3 1 2 0 1 0 0 3 6 11 11 17 32 56 38 14 17 7 18 19 
3 1 0 4 1 2 4 1 3 9 6 17 24 189 256 51 17 15 8 3 3 3 1 0 5 2 4 6 2 11 23 15 42 44 18 19 12 11 17 13 
1 0 2 1 0 0 0 1 0 4 3 7 16 58 96 32 24 6 15 6 2 0 5 2 3 1 1 9 10 20 32 14 50 64 44 29 17 12 21 19 
0 0 0 2 0 0 0 3 0 0 7 4 5 16 12 4 6 1 3 2 0 1 0 0 3 1 0 3 12 27 36 27 67 72 39 13 15 15 12 23 
1 0 0 0 0 3 0 0 1 6 4 5 9 7 12 5 5 7 3 2 2 2 3 3 0 2 2 10 5 34 22 31 131 36 27 17 22 13 14 13 
1 0 0 0 0 0 1 0 2 3 3 4 4 6 12 1 2 2 2 3 1 0 0 2 2 1 2 3 6 34 43 16 203 71 35 35 34 13 29 11 
1 0 1 0 0 0 1 1 0 3 2 0 0 1 2 4 3 2 0 0 0 0 3 2 2 0 1 5 15 40 32 33 475 65 53 42 25 19 5 6 
1 0 0 0 0 1 0 1 0 0 2 0 3 3 3 1 3 2 0 2 1 1 0 0 0 1 5 8 16 36 27 44 167 45 28 32 15 10 9 9 
2 0 0 0 0 0 0 0 1 2 1 1 1 2 1 3 1 2 2 2 1 0 0 2 0 1 3 9 11 52 36 50 344 43 65 11 17 3 2 3 
0 0 1 0 1 0 1 2 3 4 0 5 0 2 4 2 1 1 3 0 0 1 2 0 1 4 6 8 24 55 43 94 367 86 24 10 9 3 4 5 
0 1 0 1 0 1 1 2 2 2 0 1 2 3 7 3 1 1 0 1 0 2 2 3 6 11 14 19 52 111 72 174 337 61 38 20 20 11 8 18 
0 0 1 1 0 0 0 0 0 0 0 1 2 0 1 3 4 1 2 2 1 4 0 1 3 6 5 22 23 67 60 285 405 48 44 15 10 5 7 6 
1 1 0 1 1 0 1 3 0 0 0 1 1 1 1 2 0 0 0 0 0 0 1 1 5 3 9 10 45 41 50 275 117 19 8 6 5 1 3 0 
0 2 1 1 0 1 1 1 1 1 1 0 3 2 0 1 1 2 3 1 1 4 4 4 4 8 19 30 52 57 63 251 103 33 18 14 8 11 2 4 
0 1 1 0 0 1 0 1 0 0 1 0 1 2 3 2 0 1 1 1 3 2 2 1 5 9 5 14 30 54 65 222 103 13 20 10 6 0 4 2 
0 0 0 0 4 0 0 1 1 0 2 2 4 3 3 3 1 2 1 0 2 1 2 1 8 3 9 16 54 54 57 333 32 10 5 4 2 2 1 0 
0 0 0 0 0 0 1 2 0 2 0 3 1 2 0 2 1 1 0 2 2 2 2 5 4 17 23 55 127 100 193 412 71 30 21 9 4 3 2 0 

0 0 0 0 1 1 0 3 0 1 0 2 0 3 1 0 1 3 2 1 1 2 0 1 0 1 2 6 8 55 60 16 8 19 10 9 1 7 5 2 
0 0 0 0 0 0 0 0 0 0 1 0 0 0 1 0 0 1 0 0 1 3 0 1 4 2 1 3 12 48 162 32 12 12 6 5 5 6 4 5 
0 0 0 0 0 0 0 4 1 1 1 2 0 0 3 1 2 1 1 1 1 1 0 2 0 0 0 6 10 54 200 52 14 13 9 5 6 5 2 9 
0 0 0 0 0 0 0 0 0 1 0 1 1 2 0 2 0 1 0 0 1 0 0 0 0 1 3 2 4 20 87 55 25 9 11 14 8 2 7 9 
0 0 0 0 0 0 0 4 0 2 1 2 2 4 4 0 1 3 2 0 0 1 1 0 0 0 4 3 16 29 90 62 27 13 10 7 11 4 7 8 
0 0 0 0 1 0 1 2 1 0 3 0 2 7 4 1 1 1 3 0 1 0 0 1 0 0 3 6 8 26 101 43 15 14 5 13 11 18 8 11 
0 0 0 0 0 0 0 0 0 2 3 5 2 17 20 11 11 2 4 1 0 2 0 1 2 3 2 2 4 18 232 24 15 15 21 14 12 12 7 16 
0 0 0 0 1 0 3 0 1 2 0 2 8 18 29 10 8 2 2 2 2 2 0 2 3 5 3 6 14 38 105 42 18 23 14 12 15 18 14 23 
0 1 1 0 0 1 1 1 1 2 4 8 7 18 32 8 8 2 2 1 1 2 3 1 2 1 2 6 7 42 340 32 12 20 21 13 15 13 20 20 
0 1 1 2 0 1 0 1 1 5 3 9 8 23 45 16 16 4 5 0 0 3 1 1 3 6 2 9 2 48 303 18 23 19 27 21 24 19 9 32 
1 0 2 0 0 0 1 1 0 2 5 2 5 14 11 0 8 1 0 0 2 3 0 1 6 4 7 8 24 195 202 28 11 24 23 55 54 84 56 49 
0 0 1 1 1 2 1 0 1 2 1 2 5 5 4 0 2 0 2 1 1 0 1 6 5 4 5 6 12 367 80 30 25 35 64 120 179 112 47 38 
2 0 2 0 0 1 0 0 0 2 3 0 2 3 1 0 1 0 0 0 0 1 0 0 2 2 0 8 7 149 88 12 27 43 48 77 81 47 43 25 
1 0 1 0 0 0 3 1 2 1 2 0 2 1 1 0 1 0 2 0 1 1 1 0 3 0 7 6 25 235 56 30 30 58 101 107 58 20 9 3 
0 0 0 0 1 0 1 1 0 3 0 1 1 1 2 2 2 3 1 0 0 1 2 3 1 3 7 8 11 305 27 12 25 184 71 32 21 16 10 5 
0 1 0 0 0 3 0 1 1 2 1 0 2 0 2 0 2 1 2 2 0 0 1 2 3 1 5 7 20 276 56 35 40 131 74 19 23 9 6 6 
0 1 0 0 2 0 1 1 1 1 2 2 0 0 0 2 1 0 0 0 0 1 1 0 2 3 6 11 65 402 41 39 325 92 27 16 8 4 1 4 
1 0 0 0 0 0 0 2 0 0 0 3 1 2 0 1 1 2 0 0 1 0 1 1 1 5 2 6 22 75 33 41 58 37 15 13 7 5 10 3 
0 0 0 0 0 0 0 1 1 1 0 0 2 1 2 3 2 0 1 0 2 1 2 1 0 3 5 13 29 112 43 59 105 29 28 10 8 7 1 3 
0 0 0 0 0 0 0 0 2 0 1 2 0 2 0 1 3 1 0 1 1 2 2 0 2 1 8 13 191 149 52 57 39 10 5 8 4 2 1 3 
0 0 2 0 1 1 1 0 0 1 2 0 4 3 1 0 2 0 0 0 0 3 1 3 3 4 7 6 216 52 37 46 35 17 11 10 1 3 4 2 
0 0 0 1 0 0 0 1 3 0 1 2 0 1 5 1 1 0 3 1 0 1 3 3 2 1 5 14 252 91 50 77 67 6 15 6 5 3 2 2 
2 0 0 0 0 1 0 1 1 3 1 0 0 1 0 0 3 0 0 0 1 1 0 1 1 5 10 21 358 143 42 94 33 4 2 4 3 3 0 1 
1 1 0 0 2 0 1 1 1 1 4 3 5 1 3 3 3 2 1 0 2 0 2 2 6 7 7 30 644 90 96 140 44 15 6 5 4 1 4 1 

0 0 0 0 0 0 0 4 0 2 0 0 0 2 0 2 0 1 1 2 0 1 0 1 1 2 1 8 6 103 296 27 7 17 5 1 0 2 4 3 
0 0 0 0 0 0 0 0 1 0 1 0 0 1 1 1 1 1 0 0 0 1 0 0 0 0 2 2 9 19 283 23 16 10 12 7 6 1 4 5 
0 0 0 0 0 0 0 0 1 0 1 1 1 0 0 0 0 0 1 0 1 0 0 2 1 3 5 6 9 20 161 23 11 7 8 4 5 6 3 11 
0 0 0 0 0 1 0 0 1 0 0 0 2 0 3 0 3 1 0 0 1 1 0 0 1 1 3 2 4 18 302 38 32 8 14 6 8 9 2 8 
0 0 0 0 0 0 0 3 0 0 1 3 1 1 3 5 1 0 3 0 1 0 0 1 2 5 1 2 5 14 280 34 18 15 8 5 10 2 7 7 
0 0 0 0 0 0 1 1 0 1 0 0 2 6 3 3 1 1 1 0 1 0 2 0 0 1 1 1 6 8 71 23 14 17 13 12 6 2 5 16 
0 0 0 0 0 0 0 1 1 1 1 4 1 7 5 2 7 0 0 1 3 0 0 1 0 5 2 3 7 12 56 34 22 12 12 3 9 8 12 43 
1 0 0 0 1 0 2 2 1 2 1 1 3 3 4 9 1 1 4 1 1 0 0 1 1 1 1 5 7 15 31 29 19 14 17 8 21 9 19 38 
0 1 1 0 0 0 0 0 0 3 2 7 1 2 9 8 5 10 3 4 1 1 2 2 1 5 2 7 13 24 46 20 13 8 16 12 15 17 14 20 
2 0 0 0 0 1 1 1 2 2 4 2 0 5 6 3 2 2 5 0 0 1 2 3 2 1 2 6 7 9 62 16 14 12 12 12 19 24 37 56 
1 0 0 0 1 0 2 1 1 2 4 3 0 4 4 1 6 0 1 0 0 1 1 0 2 0 8 5 12 17 47 23 13 17 27 29 383 178 90 85 
0 0 0 0 1 0 0 1 4 0 0 0 2 3 6 3 2 2 1 2 3 4 4 5 4 2 5 12 12 25 41 25 31 34 54 175 626 178 100 103 
1 0 0 0 0 0 0 0 0 0 1 0 1 3 2 1 0 0 1 2 1 0 0 3 3 7 2 9 9 28 35 23 12 35 47 473 335 87 87 34 
0 1 0 1 1 0 3 0 0 1 3 1 1 3 0 0 0 3 1 1 0 0 0 0 2 4 7 9 13 36 34 17 20 39 237 99 42 16 27 6 
3 0 0 0 0 1 0 0 0 0 0 1 0 1 0 1 1 0 1 2 0 2 3 0 1 3 3 6 18 24 25 25 18 82 53 38 18 16 16 16 
0 0 1 0 0 0 0 1 1 0 0 0 1 0 1 0 0 0 2 0 1 0 0 2 1 5 1 9 6 35 28 19 21 49 59 11 21 6 11 3 
0 0 0 0 2 2 1 1 0 1 0 0 0 1 1 0 0 1 0 1 1 0 3 1 1 1 5 2 20 42 30 25 38 51 24 11 8 4 3 2 
0 0 0 0 0 0 0 0 2 0 1 0 1 0 0 1 1 0 2 1 1 0 2 0 3 4 7 7 18 35 19 30 42 23 11 10 10 4 4 7 
0 1 1 0 1 1 0 0 0 0 0 0 0 0 0 0 0 0 0 0 0 1 0 1 3 5 1 7 12 25 38 15 24 19 13 7 7 4 4 2 
0 0 1 1 1 0 0 1 1 0 2 2 1 1 1 2 1 1 2 0 1 1 1 0 4 5 9 12 25 47 31 25 18 15 5 0 4 3 2 2 
0 0 0 0 0 0 0 1 0 0 0 0 2 2 0 1 1 1 0 1 1 3 1 0 1 1 5 11 26 20 18 21 20 14 10 10 3 4 3 6 
2 1 0 0 1 0 0 1 0 1 2 0 0 0 1 0 1 2 0 2 0 3 1 3 2 4 5 12 21 49 36 22 25 7 11 4 6 4 4 0 
0 0 0 0 0 0 0 0 2 0 1 1 2 2 1 2 1 0 1 1 1 0 2 0 4 4 14 13 44 43 30 31 17 5 4 0 0 2 0 2 
1 0 0 0 0 1 0 1 0 0 0 1 0 2 2 0 1 0 2 2 2 1 3 0 7 4 11 22 51 39 31 33 13 14 8 4 4 0 4 3 

0 0 0 0 0 0 0 0 1 1 0 0 0 1 0 1 1 0 1 0 0 1 0 1 1 3 1 2 10 33 24 16 6 8 4 4 0 4 2 6 
0 0 0 0 0 0 0 0 0 0 0 0 0 2 1 0 0 0 1 0 0 0 0 0 1 1 1 2 6 9 15 11 11 3 5 1 3 2 3 4 
0 0 0 0 0 0 0 1 0 0 0 0 0 1 1 0 0 0 1 0 1 0 0 0 0 1 0 2 5 6 9 5 8 5 5 1 4 5 2 10 
0 0 0 0 0 1 0 1 0 1 1 0 2 0 0 1 0 1 1 0 1 0 0 1 0 2 1 4 1 6 16 20 19 4 8 9 9 9 3 9 
0 0 0 1 1 0 0 0 0 0 0 0 1 1 0 1 0 0 0 0 1 0 0 1 0 3 3 3 2 7 8 9 11 3 8 3 7 7 9 16 
0 0 0 0 0 0 1 0 1 0 0 1 1 0 1 0 1 0 0 1 0 0 0 0 3 3 1 3 2 5 9 7 7 11 7 8 14 18 48 58 
1 0 1 0 0 1 1 0 1 0 2 0 1 0 1 1 1 1 0 0 1 0 0 0 2 0 0 4 4 9 11 9 7 10 13 9 6 10 19 98 
0 0 0 0 0 0 0 1 1 0 0 3 1 2 2 4 0 0 0 0 0 1 2 0 2 1 2 1 1 16 6 6 11 6 12 7 11 32 32 89 
0 0 0 0 0 1 0 1 0 0 0 0 2 1 3 0 2 0 0 0 2 2 2 0 1 0 0 0 5 7 14 3 11 12 9 15 9 21 42 96 
0 0 0 0 0 0 0 0 1 0 0 1 4 2 4 0 4 2 2 2 0 1 0 2 0 1 1 3 6 9 11 2 13 16 13 6 15 25 50 116 
0 0 0 0 0 0 1 0 0 0 4 0 1 2 0 1 2 0 1 0 1 0 2 1 2 2 1 5 9 13 5 11 10 16 16 23 51 194 369 152 
0 0 0 0 2 0 0 2 1 1 1 0 0 4 1 1 0 1 0 0 0 2 2 0 0 1 3 1 7 11 17 8 9 10 11 28 35 34 44 35 
0 0 0 0 0 0 0 4 1 1 0 0 5 1 0 0 2 0 3 1 0 2 1 1 2 4 1 2 5 9 18 13 14 19 24 48 115 42 43 23 
0 0 0 0 1 0 2 2 1 2 0 0 2 1 1 1 0 1 0 1 0 0 0 2 3 2 3 2 7 10 17 17 18 10 40 46 32 16 8 6 
0 0 0 0 0 0 1 1 0 1 0 0 0 2 0 0 1 0 1 2 1 0 0 0 1 1 1 6 3 15 17 11 4 18 18 16 8 7 5 8 
0 0 0 0 0 0 0 1 0 0 1 0 1 1 0 0 1 0 1 0 1 0 1 1 2 2 2 4 8 8 17 15 18 17 20 7 9 11 9 6 
1 0 0 0 0 0 0 0 3 0 1 1 2 1 1 0 0 1 0 0 0 0 2 2 2 2 2 8 4 12 8 19 12 14 10 4 1 4 4 0 
0 0 0 0 0 0 1 0 0 1 1 4 1 0 0 0 2 0 0 0 0 0 1 1 0 5 5 4 7 6 10 10 13 9 8 6 10 2 2 3 
1 0 0 0 0 0 0 0 0 0 0 0 0 1 3 0 0 0 2 1 0 3 1 0 0 6 2 9 5 9 18 22 15 4 14 5 7 2 3 3 
1 1 0 0 1 1 0 1 0 3 1 1 0 0 0 0 0 0 1 0 2 0 0 1 2 4 4 5 17 17 11 15 9 4 3 3 6 2 1 2 
0 0 0 0 1 0 0 1 0 0 0 0 0 1 1 0 0 0 1 0 1 1 2 2 0 3 1 2 7 12 8 12 13 2 7 4 3 1 3 3 
0 0 0 0 0 0 0 0 1 0 1 0 0 1 0 2 2 0 1 0 0 0 1 4 2 4 4 7 14 16 26 13 23 11 9 5 1 1 1 1 
0 0 0 1 0 0 0 3 0 4 1 2 2 1 1 0 1 0 1 2 0 1 3 3 2 3 7 11 10 23 16 14 13 4 6 0 3 2 1 1 
0 1 1 0 1 0 2 1 0 2 0 3 2 0 0 0 0 0 1 1 0 0 1 4 5 9 12 16 19 19 22 23 10 9 2 5 6 2 3 0 

0 0 0 0 0 1 0 1 1 1 1 1 1 0 1 0 1 0 0 0 0 0 0 0 0 0 0 2 4 17 6 4 3 6 4 4 2 4 1 6 
0 0 0 0 0 0 0 0 1 0 1 0 1 0 1 1 2 1 1 0 0 0 0 0 1 0 0 1 0 3 6 6 4 2 8 5 5 3 1 4 
0 0 0 0 0 0 0 0 2 0 0 0 1 0 0 2 2 0 2 1 0 0 1 0 0 1 1 1 3 4 4 5 5 7 4 3 3 5 6 3 
0 0 1 1 0 0 0 0 0 0 1 1 1 0 0 1 1 0 0 0 0 0 0 0 0 0 0 2 1 6 4 8 11 4 5 1 2 6 4 11 
0 0 0 0 0 1 1 1 1 0 0 0 0 0 1 0 1 0 0 2 0 0 0 2 1 1 0 2 3 7 6 6 4 6 4 2 7 13 18 63 
0 1 0 0 1 0 0 0 0 0 0 0 1 3 4 2 2 0 1 1 0 0 1 1 0 1 4 2 1 3 3 4 3 7 6 10 10 35 185 147 
1 1 0 0 1 0 0 0 2 0 1 0 1 0 4 1 2 0 0 0 0 0 0 0 1 3 0 1 1 2 4 9 6 9 16 10 7 10 354 341 
0 0 0 0 0 0 1 1 1 1 0 3 1 3 3 0 2 2 1 2 0 0 0 1 0 1 1 2 2 5 2 2 9 7 7 7 4 28 74 419 
1 0 0 0 0 0 1 0 0 1 1 1 1 0 2 2 0 1 0 1 0 0 0 1 2 3 3 0 4 1 7 6 4 10 7 9 17 21 46 372 
0 0 0 1 0 1 0 1 0 1 0 1 0 2 1 0 3 0 0 0 1 1 0 0 3 1 3 2 1 10 4 6 3 6 7 8 6 12 50 298 
1 0 1 1 0 0 1 3 1 1 1 1 0 0 1 0 0 1 1 1 0 0 2 0 0 0 0 2 2 9 13 5 5 16 9 7 14 22 49 111 
0 0 0 0 1 0 0 0 1 1 0 0 1 2 2 2 0 2 0 1 0 0 2 2 1 1 1 3 2 6 6 7 8 7 9 10 15 21 21 35 
1 1 0 0 0 0 0 2 1 0 0 1 2 0 3 0 0 0 2 0 0 2 2 0 1 2 4 3 2 7 8 5 5 7 10 19 33 14 19 17 
0 0 0 1 0 0 0 2 1 1 0 1 0 1 0 0 0 0 0 0 0 0 0 1 0 1 3 3 3 11 11 4 7 7 16 22 10 5 6 8 
1 0 0 0 0 0 2 1 1 0 0 1 0 0 2 0 1 0 0 0 0 0 1 1 2 1 0 0 4 4 4 5 9 10 10 13 11 4 4 9 
0 0 0 0 0 0 0 0 0 0 1 0 0 0 1 1 0 0 0 0 1 0 1 0 0 1 6 2 6 1 9 7 13 8 11 8 8 6 11 6 
0 0 0 0 1 1 1 1 0 0 0 1 0 1 0 0 1 2 0 0 0 1 0 0 1 1 3 5 7 11 17 13 15 21 12 10 4 5 0 2 
0 0 1 0 0 0 0 0 0 1 0 0 0 2 1 2 0 1 0 0 0 2 2 1 0 2 3 4 3 6 5 6 6 10 6 4 2 2 2 4 
1 0 0 0 0 1 0 1 0 0 0 0 1 0 0 0 2 1 0 0 0 3 1 0 0 0 2 6 4 5 4 11 13 9 3 0 4 1 0 0 
0 0 0 0 2 3 0 0 3 2 1 0 1 1 2 3 0 0 0 1 0 0 2 0 2 0 5 7 9 10 11 14 11 5 3 1 2 2 1 2 
0 0 0 0 0 0 0 2 0 0 0 0 2 1 0 0 0 0 0 0 0 0 0 0 0 2 1 3 7 7 12 9 5 5 5 2 2 3 0 1 
0 0 0 0 0 0 0 1 0 0 0 0 0 1 0 0 1 1 0 0 0 0 1 0 2 0 3 2 2 9 8 7 8 3 6 3 2 2 1 0 
0 0 2 0 0 0 0 0 1 2 1 1 1 0 2 0 1 1 2 0 0 2 0 0 3 0 3 7 17 20 11 19 13 4 1 1 2 0 0 1 
0 0 0 0 0 0 0 0 0 2 0 0 2 0 0 1 2 1 0 0 0 1 0 1 2 6 4 3 12 10 7 14 6 7 5 2 0 1 0 0 

0 0 0 0 0 0 0 2 1 0 0 0 0 1 0 0 0 0 0 0 0 0 0 0 0 0 1 0 2 9 6 4 2 5 6 5 1 6 1 2 
0 0 0 0 0 0 0 1 0 0 1 0 0 0 0 0 0 0 0 0 0 0 1 0 0 0 0 1 1 1 3 3 2 3 2 3 1 3 0 3 
0 0 0 0 0 0 0 0 0 0 0 2 0 0 0 0 0 1 0 0 0 0 0 1 1 0 0 2 1 2 5 1 2 3 5 3 4 3 3 5 
0 1 0 1 0 0 0 1 0 0 0 1 0 0 0 1 0 0 0 0 0 0 0 1 0 2 0 1 1 1 5 6 2 1 5 2 4 4 3 3 
0 0 0 0 0 2 0 2 0 1 0 1 1 0 0 1 0 0 1 0 0 0 0 1 2 1 0 2 0 1 2 6 5 7 7 6 4 7 13 15 
0 1 0 0 0 0 0 0 0 0 0 0 0 1 2 2 1 0 1 0 0 0 0 0 0 0 1 2 2 2 2 4 8 6 7 8 8 52 455 127 
0 0 0 1 0 0 1 2 0 0 1 2 0 1 2 0 0 0 0 0 0 0 0 0 0 1 1 0 4 3 2 2 2 4 4 4 9 35 199 185 
1 1 0 0 1 0 0 0 1 1 0 2 0 1 1 1 1 1 1 0 1 0 1 0 1 1 1 1 2 1 6 5 3 12 7 7 11 35 36 85 
0 0 0 0 0 0 0 0 3 0 0 0 0 0 1 3 1 0 0 0 0 1 0 0 1 0 1 0 4 2 3 3 6 14 4 9 9 13 15 33 
0 0 0 0 0 0 0 1 1 0 0 0 2 0 0 1 1 0 0 0 0 0 0 1 0 0 1 2 2 8 5 4 6 6 7 9 12 11 17 65 
0 2 0 1 0 2 2 0 0 0 0 0 4 0 1 1 0 1 0 0 0 0 2 0 0 0 0 2 4 4 5 4 4 10 6 5 9 7 16 46 
0 0 1 0 0 0 1 2 3 2 1 1 0 3 2 1 0 0 1 0 0 0 3 0 1 1 2 1 1 3 8 9 5 8 6 7 9 8 3 17 
0 0 0 0 1 0 0 1 1 1 1 0 0 0 0 0 0 0 0 1 0 0 2 0 1 1 0 3 0 6 4 8 16 8 12 5 12 7 12 8 
0 0 0 0 0 0 2 2 0 1 0 0 1 1 0 1 0 3 0 0 0 0 0 0 1 2 7 2 2 9 12 13 7 16 8 9 7 2 6 2 
0 0 0 0 1 0 0 1 2 0 1 1 2 1 0 0 0 0 1 0 0 0 0 1 0 0 1 3 2 7 6 9 9 7 9 11 8 5 7 1 
0 0 0 0 0 0 0 0 1 0 0 1 3 1 0 1 0 1 1 0 0 1 3 0 1 4 2 6 2 8 10 4 7 12 16 7 10 6 6 1 
0 1 0 0 1 1 0 0 1 2 3 2 1 0 1 0 1 1 0 1 0 0 0 1 1 1 1 7 7 8 8 13 18 6 9 8 3 5 1 2 
0 0 1 1 0 1 2 1 1 1 0 0 0 0 0 1 0 0 1 0 0 0 2 0 0 2 3 1 4 7 8 7 16 11 9 3 1 6 2 0 
0 0 0 0 0 0 1 1 0 1 0 3 0 0 3 1 0 0 0 0 0 1 0 3 0 1 0 3 2 5 10 6 9 5 9 3 3 0 2 0 
1 0 0 0 0 2 1 2 1 3 0 1 2 1 0 0 0 0 0 0 0 0 0 0 2 4 4 1 7 5 10 19 14 7 2 5 0 2 1 1 
0 0 0 1 0 1 1 1 0 1 0 1 0 0 1 0 0 0 0 0 1 1 1 1 1 3 2 3 9 3 8 14 9 7 7 1 0 0 2 1 
1 0 0 0 0 0 0 0 1 0 0 0 2 0 0 0 0 1 0 0 0 1 0 1 1 1 0 2 2 6 9 17 17 4 3 2 5 2 3 0 
0 0 0 0 0 0 2 2 0 0 2 1 3 0 0 0 0 1 0 1 0 0 1 3 1 2 1 3 9 14 36 34 15 6 5 1 1 1 0 0 
0 0 0 0 0 0 0 0 1 2 1 0 1 2 2 2 1 0 1 1 1 1 1 1 5 2 4 15 13 28 45 33 26 17 7 4 2 0 1 1 

0 0 0 0 0 0 0 2 0 0 1 0 0 0 1 1 0 0 0 0 0 0 0 1 0 0 2 4 0 3 3 4 2 5 6 0 1 2 2 2 
0 0 0 1 1 0 0 1 0 0 0 0 2 0 0 1 0 0 0 0 0 0 0 0 0 0 1 0 0 4 4 4 2 5 6 3 2 2 2 1 
0 0 0 0 0 0 0 0 3 1 2 0 1 0 0 0 0 0 0 0 0 1 0 0 0 0 1 1 2 3 0 1 0 3 4 1 0 2 4 6 
0 0 0 0 0 0 1 0 1 0 0 0 0 0 0 0 0 0 1 0 1 1 0 0 0 0 0 0 0 2 2 3 3 5 11 3 1 0 4 12 
1 1 0 1 0 1 1 3 1 4 1 1 1 0 0 0 1 0 0 0 0 0 1 1 1 0 0 0 3 3 0 2 3 5 6 1 5 14 28 32 
0 0 0 0 0 0 0 1 0 1 1 0 1 2 0 2 0 0 2 2 1 0 0 0 0 0 0 3 2 0 2 1 4 6 6 5 14 28 113 68 
0 0 0 1 1 0 0 0 1 0 0 1 0 1 1 0 0 0 0 0 1 0 0 0 0 0 1 2 1 2 7 6 1 8 4 2 6 41 468 67 
0 0 0 1 0 1 1 2 0 0 1 2 1 2 1 0 0 1 0 0 0 1 2 1 0 1 0 1 2 5 3 1 8 12 4 6 9 30 30 46 
0 0 0 0 2 0 0 1 0 1 0 0 0 1 0 0 0 1 0 1 0 0 0 0 1 1 1 1 2 2 3 5 7 7 5 5 2 12 11 13 
1 0 0 0 0 0 0 1 1 1 0 0 2 0 0 1 1 2 0 0 0 1 0 1 1 1 0 1 2 5 2 7 7 12 9 5 5 6 13 18 
0 0 0 0 0 0 2 2 1 1 1 1 1 1 2 1 2 0 1 0 0 0 3 0 1 1 2 3 2 7 5 8 5 13 14 3 6 7 6 15 
0 0 0 0 0 1 1 0 1 1 0 1 0 1 0 0 1 0 1 0 2 0 0 0 0 0 2 0 2 3 6 9 5 5 8 2 4 4 4 12 
4 0 1 0 0 1 1 2 1 0 0 1 0 1 1 0 0 1 1 0 2 2 0 1 0 1 1 1 1 3 8 10 3 10 10 4 7 4 12 3 
1 0 0 1 1 4 1 1 1 1 0 1 1 0 0 1 0 0 0 0 0 1 1 0 1 0 2 1 1 7 7 12 10 7 10 9 9 3 1 3 
0 0 0 1 0 0 2 0 1 0 0 2 0 0 0 0 0 0 0 1 0 0 0 0 1 0 1 1 0 2 4 9 8 9 14 4 8 5 1 3 
1 0 0 1 0 0 0 1 1 0 0 0 0 1 2 1 0 0 2 0 0 0 0 1 0 0 2 4 3 2 7 16 15 6 5 4 5 4 4 4 
0 0 0 1 0 0 1 1 0 3 0 0 0 1 2 0 0 1 2 0 1 0 1 2 0 0 4 4 8 10 18 14 14 13 3 7 0 5 2 3 
1 1 0 1 2 0 0 2 1 0 0 0 1 1 0 0 2 0 0 0 0 1 0 1 2 1 2 3 2 4 6 15 14 9 4 7 6 1 1 1 
0 0 0 1 0 0 0 2 0 0 1 0 0 0 0 0 0 1 2 1 0 0 0 1 1 0 0 2 3 5 7 15 33 5 13 8 6 0 2 2 
0 0 0 2 0 3 0 1 2 2 1 0 0 0 0 1 1 0 0 0 0 0 1 0 1 3 2 3 8 12 20 35 15 6 8 2 6 1 0 0 
0 0 0 0 0 0 1 1 1 1 1 1 1 0 0 0 1 1 1 1 0 0 2 1 2 0 1 1 3 6 11 21 14 8 13 6 2 2 2 3 
2 0 0 0 1 2 2 1 1 2 1 0 0 0 1 0 1 1 0 2 0 2 0 2 0 1 1 3 1 7 4 37 32 5 7 1 2 1 1 1 
1 0 1 1 1 1 5 2 3 3 3 2 2 0 0 1 0 0 0 0 1 1 0 4 0 1 4 7 6 12 40 59 26 2 5 1 1 1 0 0 
0 0 1 0 0 0 0 1 0 1 0 0 1 0 0 0 1 1 0 2 3 3 2 3 3 6 12 11 27 60 123 104 36 16 14 6 4 3 2 3 

0 0 0 0 0 1 0 1 2 1 0 1 1 0 0 0 0 0 0 0 0 0 0 0 0 1 1 0 0 0 1 1 2 6 2 2 0 1 0 2 
0 0 0 0 0 1 0 2 0 0 0 0 0 0 0 0 0 0 0 0 0 0 0 0 0 0 0 1 1 0 2 2 3 2 2 1 2 0 0 1 
0 0 0 0 0 0 0 0 1 0 2 1 1 0 1 0 0 0 0 0 0 0 0 0 0 1 0 0 0 2 1 5 2 2 6 4 2 3 2 2 
0 1 0 0 0 0 0 2 1 1 0 0 0 0 0 0 0 0 1 0 0 0 0 0 0 0 0 0 0 0 3 6 1 5 3 7 1 2 2 2 
0 0 0 0 0 0 0 3 2 1 0 0 0 0 1 0 0 0 0 0 0 0 0 0 0 1 0 0 0 3 6 1 2 10 3 4 0 3 5 4 
0 0 0 1 2 0 1 0 1 0 1 1 0 0 0 0 1 0 1 0 0 0 0 0 0 0 2 0 0 3 1 6 2 6 9 3 5 12 18 23 
0 1 0 1 0 0 0 3 4 0 0 0 0 0 0 0 2 0 1 0 0 0 1 1 0 1 1 1 1 6 4 5 3 9 10 2 4 15 109 31 
1 0 1 0 0 0 2 5 1 0 1 0 0 1 1 1 0 1 0 0 0 1 0 0 0 0 1 4 4 2 3 6 8 13 5 5 7 24 23 18 
0 1 0 1 0 0 1 1 1 0 1 1 1 0 1 1 1 1 0 0 0 0 0 0 2 0 0 1 0 1 3 7 5 8 11 3 6 6 3 6 
0 0 0 0 1 0 0 2 0 0 0 0 0 1 0 0 0 1 1 0 0 0 1 1 1 1 1 3 1 5 6 4 7 15 15 9 7 4 4 14 
0 0 0 1 2 0 3 5 3 1 0 3 0 1 2 0 0 0 0 0 0 1 0 0 0 1 2 2 6 5 7 7 18 17 17 6 5 5 4 8 
0 0 0 0 1 2 3 2 1 2 2 1 1 1 1 0 0 0 0 0 0 0 0 0 0 1 1 2 3 5 3 6 13 17 11 4 8 2 5 6 
0 0 0 0 0 0 0 0 1 0 4 0 1 2 0 0 0 1 0 0 1 0 0 1 0 0 0 1 3 6 5 10 12 12 14 4 6 2 5 7 
3 0 1 0 0 0 6 2 2 4 0 2 0 1 0 0 0 0 1 1 0 0 0 0 1 3 1 2 6 7 8 24 33 9 10 11 4 0 1 1 
0 0 1 1 1 1 0 2 4 1 1 1 0 0 1 0 1 0 0 0 1 0 0 0 1 0 2 2 5 7 16 32 47 17 18 9 7 5 3 5 
0 0 1 1 0 0 1 2 1 0 1 1 1 0 0 0 1 0 0 1 1 0 1 1 1 0 0 7 2 10 10 21 40 12 12 7 7 1 6 1 
2 3 1 0 0 3 5 2 2 0 0 2 0 0 2 0 0 0 1 1 0 2 0 0 2 1 3 2 12 11 31 56 60 23 6 5 5 3 1 2 
0 0 0 1 1 0 2 1 2 1 2 0 0 1 0 0 0 0 0 0 1 0 2 1 0 1 4 3 3 8 15 84 66 19 12 8 8 1 3 2 
2 1 0 1 0 2 0 1 3 2 1 0 3 0 0 0 1 1 2 1 0 0 0 0 1 2 1 6 1 5 17 92 92 11 16 1 8 2 3 0 
0 0 0 1 1 3 3 3 4 3 2 1 1 1 0 0 0 0 1 0 0 0 1 1 2 1 5 4 6 18 35 177 66 9 11 4 2 1 2 0 
0 1 0 0 2 0 0 3 1 1 0 0 1 1 1 1 1 0 0 0 1 0 2 0 1 1 1 2 2 7 31 380 48 8 14 8 1 0 1 3 
1 0 0 0 3 1 0 0 0 2 1 2 1 0 1 1 1 0 0 0 1 1 0 1 1 0 4 2 1 9 21 246 57 4 6 2 4 4 6 2 
0 1 0 0 1 1 2 1 10 10 4 5 3 1 0 0 1 0 0 0 0 0 1 1 1 1 6 6 9 11 249 247 46 3 5 1 1 3 0 1 
0 2 0 1 1 3 1 3 1 5 2 1 2 0 0 2 0 3 0 2 0 1 3 1 0 6 9 7 10 21 450 96 22 11 9 3 1 0 0 3 

1 0 0 0 0 0 2 1 0 0 1 1 0 0 1 2 0 0 0 0 0 0 0 0 0 0 0 2 1 1 4 3 0 6 2 3 2 1 0 0 
1 0 0 0 0 0 0 0 1 0 0 0 1 1 0 0 0 0 0 0 0 1 0 1 0 0 0 0 0 1 1 0 0 5 4 2 2 3 2 4 
0 0 0 0 0 0 0 2 0 0 1 1 0 0 0 0 1 0 0 0 0 0 0 0 0 0 0 2 1 2 2 2 1 3 4 1 2 1 2 1 
0 0 0 0 0 2 0 1 2 1 1 0 0 0 0 0 0 0 0 0 1 0 0 0 0 0 1 0 0 1 1 2 1 12 5 0 1 0 3 3 
0 0 1 0 1 2 1 3 0 0 0 2 1 0 1 0 0 0 0 0 0 0 0 0 0 0 1 1 0 0 1 3 4 9 11 3 2 1 8 6 
0 0 0 0 0 1 0 1 1 0 0 1 0 0 0 1 0 0 0 0 0 0 0 0 0 0 0 1 2 1 5 4 4 8 14 0 3 4 6 14 
0 0 0 1 1 0 2 2 2 0 0 1 1 0 1 0 2 0 0 0 0 0 0 0 0 0 0 1 1 1 2 3 6 13 8 4 1 5 12 15 
0 0 0 1 0 2 2 6 2 1 0 2 0 0 0 0 0 1 0 0 0 1 0 0 0 1 0 1 2 2 1 4 8 16 10 8 18 12 11 17 
0 0 0 0 0 0 0 0 1 1 2 2 2 0 0 0 1 0 2 0 0 0 0 0 0 1 0 0 0 2 0 3 3 10 13 10 4 3 8 9 
0 0 0 0 1 1 0 3 0 1 0 2 1 0 0 1 0 0 2 0 0 0 0 0 0 0 2 1 0 2 3 10 13 24 26 8 4 5 8 6 
0 0 0 2 2 2 0 2 5 4 1 0 1 1 0 2 0 0 0 0 0 0 0 0 0 2 1 3 4 5 7 12 19 32 20 6 5 9 6 9 
0 0 0 1 0 1 0 2 0 1 1 0 0 2 0 0 0 0 0 0 0 1 0 0 0 1 1 1 2 4 4 13 18 14 8 4 2 2 1 3 
0 0 1 1 0 2 1 1 0 0 0 1 0 0 0 0 1 0 0 0 1 0 0 1 1 0 0 1 2 4 3 14 44 16 11 3 1 5 4 5 
3 0 1 0 1 0 2 5 2 0 0 0 0 0 0 0 0 0 0 1 0 1 0 0 1 1 2 2 4 7 14 34 68 26 11 11 1 3 3 1 
1 0 0 1 1 1 0 1 3 0 0 1 2 0 0 1 0 1 3 0 0 0 0 0 0 0 1 3 1 7 18 46 138 28 16 12 6 5 3 7 
0 0 0 1 0 1 0 0 1 1 0 0 1 1 0 1 0 0 0 0 0 0 0 0 2 2 2 4 3 7 6 70 255 22 26 11 11 3 8 3 
1 0 1 0 0 1 1 5 2 3 1 1 0 2 0 0 0 0 0 0 1 0 0 1 2 2 1 2 4 6 23 227 170 12 6 7 4 2 3 3 
0 0 0 0 0 1 0 1 0 0 2 0 0 1 0 0 1 0 1 0 0 0 1 1 2 1 1 1 3 12 15 196 81 28 13 9 8 2 4 8 
0 0 0 1 1 1 0 2 2 0 2 1 1 2 1 1 1 0 0 1 1 1 2 2 0 0 1 3 3 12 21 195 117 10 19 5 7 5 3 3 
0 1 0 1 1 1 4 5 8 3 3 1 0 2 1 0 0 1 0 2 0 0 0 0 1 1 3 7 2 7 24 89 47 16 8 4 1 2 1 0 
1 0 0 2 0 0 3 5 2 0 2 0 0 0 1 0 0 0 1 0 0 0 2 1 0 1 1 2 6 7 18 46 34 10 10 3 0 3 2 3 
1 0 0 0 0 0 2 0 4 2 1 1 1 1 0 2 0 1 1 0 1 2 0 3 0 1 1 2 4 7 7 47 45 15 5 5 7 2 2 0 
0 0 0 1 0 1 3 1 3 7 2 2 2 0 0 0 0 0 0 0 0 1 1 2 1 2 4 0 13 15 52 68 30 10 5 0 1 0 0 1 
2 0 0 0 0 1 1 0 2 1 1 0 0 0 0 1 0 1 1 0 1 1 1 0 1 1 4 4 7 17 47 44 24 13 9 2 6 0 0 3 

0 0 0 1 0 0 1 2 0 1 0 1 0 0 0 0 0 0 0 0 0 0 0 0 0 0 1 2 0 1 3 2 2 17 7 3 1 1 0 0 
0 2 2 0 0 0 1 1 2 0 0 1 0 0 0 0 0 0 0 0 0 0 0 0 0 1 0 0 1 2 0 0 5 12 4 3 2 1 2 0 
0 0 0 0 0 0 0 3 1 1 0 0 2 0 0 0 0 0 0 0 0 0 0 2 0 0 0 0 1 2 2 1 5 10 9 7 4 4 3 5 
0 0 1 0 0 1 1 2 0 1 1 0 0 3 0 0 0 0 0 0 2 0 0 1 0 1 1 1 1 0 0 4 3 18 7 1 3 1 3 3 
0 0 0 2 0 1 4 3 0 0 1 2 1 0 0 0 0 0 1 1 0 0 0 1 0 1 1 3 1 0 6 4 9 20 15 5 4 1 4 4 
0 0 0 0 1 2 1 2 3 2 1 0 1 1 0 0 1 0 1 0 0 0 0 1 0 1 1 0 1 0 2 3 9 23 12 7 7 6 3 9 
0 0 0 1 0 1 1 4 1 1 3 0 1 0 0 0 1 0 0 0 0 0 0 0 0 0 0 0 1 3 0 5 5 23 18 6 3 4 4 5 
0 0 1 0 1 5 5 2 2 0 1 0 1 1 0 1 0 1 0 1 0 1 0 0 0 1 0 0 1 5 5 15 33 56 27 15 6 9 2 5 
1 1 0 5 1 2 2 3 2 0 1 3 0 2 0 0 0 0 0 0 1 0 1 2 0 1 0 3 3 5 7 21 68 77 30 15 9 12 6 3 
0 0 0 1 0 3 1 1 2 2 1 1 0 1 0 0 0 0 2 0 0 0 1 0 0 2 1 1 1 5 7 19 27 71 46 10 9 8 9 4 
1 0 0 2 2 2 3 5 5 4 3 0 0 0 0 0 0 0 1 0 1 0 0 0 3 2 3 4 5 6 15 19 138 97 48 5 6 6 1 7 
0 0 0 0 3 2 4 2 5 2 0 0 1 1 0 1 0 0 0 0 1 0 0 1 3 0 1 3 2 13 6 24 390 64 29 7 10 11 5 4 
1 0 1 0 1 2 1 2 4 0 0 0 0 0 1 2 0 0 0 0 0 0 0 0 0 1 1 1 1 6 12 28 689 32 22 6 9 2 6 1 
3 0 0 1 1 4 6 4 4 4 0 1 2 1 1 0 1 0 0 1 0 0 0 0 2 1 4 1 7 3 15 63 448 27 7 4 6 3 1 3 
0 1 0 1 1 1 2 3 3 3 3 1 2 0 2 1 1 0 0 0 1 1 0 1 1 2 0 1 3 6 11 17 59 19 7 0 7 6 4 2 
1 0 0 0 1 1 3 1 1 2 1 1 0 0 0 2 1 1 0 0 0 1 1 0 0 0 1 3 4 5 9 36 110 19 16 1 3 3 3 2 
1 0 0 1 2 0 9 5 7 6 1 1 1 0 1 0 0 0 0 0 0 0 0 1 0 2 2 4 6 11 20 41 46 9 6 3 4 3 0 0 
0 0 0 1 1 3 1 3 5 6 2 2 3 2 1 0 0 1 0 1 0 1 1 0 0 1 0 3 2 4 4 10 27 5 7 2 2 4 2 5 
1 0 2 1 1 2 1 3 4 4 5 1 4 1 0 0 1 0 1 0 0 0 1 1 0 1 3 1 3 5 7 33 27 10 9 4 5 2 4 1 
2 0 1 1 5 3 6 14 6 18 4 3 2 2 0 0 0 0 0 0 0 1 1 0 3 1 0 5 4 6 7 24 14 5 2 2 1 1 1 1 
1 1 0 0 2 2 5 9 12 7 6 4 0 0 1 3 0 0 2 0 0 1 0 0 0 2 3 3 6 4 4 9 13 9 7 2 2 1 0 0 
0 2 0 3 0 1 0 4 3 2 1 3 4 2 1 1 0 1 0 0 1 0 0 1 1 0 2 2 1 2 8 17 17 8 9 2 2 0 0 0 
1 0 0 1 2 3 4 7 27 27 11 5 1 5 1 1 0 0 0 0 0 0 0 0 1 1 2 3 4 3 12 16 14 6 2 3 1 0 0 0 
1 1 0 1 1 1 4 5 5 6 8 4 4 2 0 1 2 0 0 1 1 1 2 3 3 3 3 4 8 10 16 10 9 6 4 2 0 2 1 3 

0 0 1 0 0 0 0 4 3 1 0 0 1 0 0 1 0 0 0 0 0 0 0 0 1 0 1 3 2 5 4 5 2 16 12 4 4 2 2 0 
0 0 0 0 0 0 0 2 4 0 0 0 0 0 1 0 0 0 0 0 0 0 0 0 0 0 1 1 1 2 2 3 4 13 15 3 4 0 3 2 
0 0 1 0 0 0 0 1 2 1 2 0 1 0 0 0 0 0 0 0 0 1 0 0 0 1 0 0 1 1 0 1 0 4 0 2 8 1 0 2 
1 0 0 1 0 1 0 3 6 2 2 2 3 0 0 0 0 0 0 1 0 0 0 0 0 0 0 0 1 2 3 4 4 28 22 4 6 3 1 2 
0 0 1 0 0 1 3 8 2 0 0 0 0 2 1 0 1 2 1 0 0 0 0 0 0 0 0 0 2 1 3 6 11 23 25 14 5 6 6 2 
1 0 0 0 0 0 0 2 1 1 0 0 0 0 0 2 0 1 0 0 0 1 1 0 0 1 0 1 0 0 1 3 4 15 11 10 6 1 3 3 
1 1 0 0 0 2 1 4 5 1 2 0 0 0 1 1 0 0 0 0 0 0 0 0 0 0 0 0 1 2 2 8 9 49 29 3 1 6 1 7 
1 1 0 1 3 5 2 7 8 0 0 3 1 1 1 0 0 0 0 0 0 0 0 0 0 0 0 0 2 1 7 8 72 308 51 4 9 5 6 2 
1 1 1 0 0 1 0 4 4 0 0 3 1 0 0 0 0 1 0 2 0 0 5 1 1 0 3 3 3 12 9 18 195 148 47 32 10 8 10 12 
0 0 0 0 2 2 1 5 4 4 2 1 2 1 1 0 0 0 1 0 1 1 0 0 1 0 0 2 3 6 2 19 178 111 68 8 18 1 10 5 
0 0 0 2 2 0 2 4 3 0 1 1 0 0 0 1 0 1 0 1 1 0 0 0 0 0 1 1 1 3 8 17 111 103 31 7 7 8 1 7 
3 0 0 0 0 0 3 6 6 4 1 1 0 0 1 0 0 0 0 0 0 0 1 1 1 0 1 0 0 6 1 20 59 32 21 14 8 3 6 7 
2 0 0 0 1 1 3 4 3 3 2 1 0 0 0 0 0 0 0 0 0 0 0 0 2 2 0 3 3 4 7 24 49 18 15 4 8 5 5 1 
1 0 5 0 3 3 10 9 11 4 2 3 1 1 1 1 0 0 0 1 0 0 0 0 0 0 3 1 8 6 12 36 50 12 6 3 2 5 1 0 
1 0 2 1 3 0 1 1 3 3 3 0 2 0 1 1 0 0 0 0 0 0 0 0 1 2 1 0 5 1 10 18 18 14 8 5 5 1 3 3 
1 2 1 1 1 2 2 9 3 4 4 0 1 4 1 0 1 1 0 0 0 0 0 1 0 1 1 3 0 5 6 11 13 5 7 1 4 1 1 1 
0 0 1 0 2 0 7 7 6 6 2 5 0 0 0 0 0 0 0 0 0 0 0 0 1 0 3 1 6 4 15 19 16 5 5 3 1 2 1 1 
1 0 3 0 1 2 4 3 5 3 5 4 2 1 1 0 0 1 0 0 0 0 0 0 0 0 1 4 3 0 5 13 14 11 9 4 2 2 3 1 
2 0 1 3 1 3 0 6 5 7 5 2 4 2 4 0 0 1 1 1 1 0 0 0 0 1 1 7 2 4 4 9 15 6 6 2 1 2 2 0 
1 2 3 1 6 1 4 3 19 18 2 3 1 1 1 0 0 2 0 0 0 0 0 1 3 1 2 4 6 7 10 10 6 1 6 0 1 0 0 0 
2 0 2 2 2 1 5 9 9 9 4 5 2 2 1 1 0 0 0 0 0 0 0 0 0 1 0 2 0 4 2 8 8 7 0 1 2 0 2 0 
1 0 1 0 1 3 5 12 8 8 11 7 2 4 2 0 0 0 0 0 0 1 0 0 1 2 0 2 0 2 3 4 13 2 7 2 0 0 2 0 
1 1 0 3 4 3 8 17 40 23 19 6 6 4 1 0 0 0 0 0 1 2 1 2 1 1 1 4 6 9 11 15 9 2 0 0 1 0 0 0 
1 2 0 2 2 1 4 13 22 24 12 3 3 1 2 1 0 1 0 0 0 1 0 1 1 1 0 4 1 2 5 5 11 6 0 3 0 2 0 0 

0 0 0 0 0 0 0 7 1 1 0 0 0 0 0 0 0 1 1 0 0 0 0 0 0 0 0 1 0 4 2 9 5 45 21 14 2 0 1 3 
0 0 0 1 0 1 2 2 5 1 2 3 0 0 0 0 0 0 0 0 0 0 1 0 0 0 0 0 0 3 2 4 12 31 25 12 8 5 5 4 
0 0 1 0 2 0 2 3 6 1 2 1 0 1 0 0 0 1 0 0 0 0 0 0 0 0 1 0 3 1 2 7 24 80 56 22 14 4 8 3 
0 1 0 1 0 0 2 10 2 1 0 0 1 2 0 0 0 0 0 0 0 0 0 0 0 0 0 1 0 1 6 2 0 56 74 14 7 2 5 4 
0 1 1 1 2 2 6 8 8 3 1 2 0 1 1 1 2 0 1 1 0 0 0 0 1 0 1 3 1 2 2 4 23 203 77 12 7 4 6 2 
0 1 0 0 2 2 1 3 2 3 0 0 0 1 0 0 1 0 0 0 0 0 0 1 0 0 1 2 0 1 0 8 14 310 33 11 5 2 5 3 
0 0 2 2 1 2 0 5 10 0 0 2 1 1 0 0 1 0 1 1 1 0 0 0 0 0 0 0 1 4 1 7 10 124 44 4 4 2 3 4 
0 2 5 4 11 6 14 13 11 5 5 4 0 1 1 0 0 2 0 0 0 0 0 0 0 0 2 2 2 3 2 8 31 112 27 7 5 2 2 1 
0 0 1 0 4 5 1 5 5 1 1 3 4 0 0 0 0 0 0 0 0 0 1 0 0 1 2 1 0 2 6 7 16 19 20 7 7 5 6 5 
0 0 1 1 0 1 4 4 7 1 0 0 2 1 1 0 0 1 0 0 0 0 1 1 0 0 1 3 1 3 5 10 32 43 36 7 14 3 10 1 
1 1 2 0 4 0 6 6 6 6 2 1 0 1 0 0 0 1 0 0 0 0 0 0 0 0 0 0 3 6 7 15 13 27 16 3 5 5 4 3 
1 0 0 1 1 3 8 10 11 8 4 1 0 0 0 0 0 0 0 0 1 0 1 0 1 0 2 0 2 3 1 6 6 9 5 3 2 4 0 4 
2 0 0 4 1 3 5 14 12 5 4 6 1 1 0 0 0 0 1 1 0 0 0 0 0 0 3 1 0 2 2 6 16 8 6 3 6 3 3 2 
3 1 1 6 5 4 11 21 13 7 5 2 2 1 1 0 0 0 0 0 0 0 0 1 0 0 2 2 1 2 4 12 6 5 4 2 4 1 3 0 
0 0 0 0 4 2 6 13 13 4 7 2 1 1 0 0 1 0 1 0 0 0 0 0 1 1 3 1 2 3 2 4 7 3 6 2 0 1 1 2 
1 1 0 2 1 2 2 4 7 6 3 2 1 0 1 1 0 1 0 1 0 0 1 1 1 3 1 0 5 7 4 8 4 11 9 1 3 0 1 0 
2 1 0 0 5 7 12 17 13 12 8 4 0 2 2 0 0 0 0 1 0 1 1 0 0 1 1 1 4 4 7 8 3 5 2 3 2 0 1 1 
1 2 2 4 2 2 8 23 32 16 6 5 3 5 2 2 0 1 1 0 0 0 0 0 0 1 1 2 3 2 4 2 1 5 7 1 2 0 1 1 
3 2 1 4 4 8 7 18 22 19 13 5 6 2 1 0 3 0 0 2 2 0 2 0 0 1 0 1 1 2 4 7 7 2 3 1 4 1 2 3 
1 0 2 3 8 6 10 28 35 48 22 9 3 3 0 0 1 0 1 1 0 0 0 0 1 0 0 1 1 4 4 7 3 2 1 0 1 0 0 0 
2 1 0 2 3 7 10 19 78 37 19 5 7 1 2 1 2 0 1 2 1 0 1 0 0 0 0 2 1 0 2 3 4 2 1 2 2 1 1 1 
4 1 1 2 2 4 5 32 50 34 29 13 3 3 5 2 1 2 2 0 2 1 1 0 1 1 1 1 2 0 6 4 3 0 3 0 2 0 2 0 
2 2 2 3 3 8 17 29 211 149 32 12 3 3 0 0 0 0 0 2 0 1 0 0 1 0 2 1 5 2 5 5 3 0 0 0 1 0 0 0 
1 1 0 1 3 6 5 49 234 567 24 7 7 2 2 0 0 0 1 0 0 1 0 0 1 2 2 3 3 5 5 15 8 5 4 3 2 2 1 2 

1 0 0 0 0 1 1 8 5 2 1 0 0 0 0 0 0 0 0 0 0 0 0 0 0 1 0 0 2 2 1 8 7 64 59 7 5 2 0 1 
0 0 0 0 1 0 0 7 7 1 1 2 0 1 0 0 0 0 0 0 0 1 0 0 0 0 0 0 0 1 2 3 18 52 86 21 16 6 2 6 
0 1 0 0 0 1 1 8 5 2 2 0 0 0 0 0 0 0 0 0 0 0 0 1 0 0 2 0 1 5 2 9 23 99 99 29 14 10 9 12 
2 0 0 0 0 2 2 7 8 2 2 1 2 1 1 0 0 0 3 0 0 0 0 1 0 0 1 2 1 4 5 1 8 204 171 9 13 7 4 3 
0 2 1 1 3 1 5 8 6 8 3 1 1 0 2 1 0 0 0 2 1 0 0 0 1 0 0 0 0 1 2 3 9 87 46 6 10 6 7 3 
0 0 1 0 2 3 1 8 10 4 2 1 1 1 0 3 0 1 0 1 0 0 0 0 1 0 0 0 1 1 2 2 8 22 30 10 7 4 6 6 
2 4 2 5 1 5 5 15 20 6 7 5 2 2 3 0 0 0 1 0 0 0 0 0 1 0 0 0 2 1 1 2 7 20 28 6 0 8 6 1 
3 1 0 2 9 10 8 25 12 3 6 3 2 1 0 0 0 0 0 0 0 1 0 0 0 0 1 0 0 2 5 5 13 33 14 6 2 4 3 3 
3 0 0 3 1 1 3 3 6 3 1 1 3 1 1 0 1 0 0 0 0 0 0 1 0 1 0 2 1 0 0 6 7 5 8 7 6 4 5 6 
0 1 0 2 1 3 3 17 7 7 1 3 2 1 0 0 2 0 0 0 0 1 0 0 0 0 1 1 1 1 5 2 7 11 21 4 8 4 3 2 
1 0 2 5 5 4 11 11 8 7 3 0 0 1 1 0 1 2 0 0 0 0 0 0 0 0 1 2 4 2 5 5 7 36 15 1 3 3 1 0 
0 1 1 3 0 5 11 19 15 14 3 1 1 1 1 1 0 1 0 0 0 0 0 0 0 0 0 3 1 2 3 2 5 3 9 6 4 4 1 3 
3 3 2 1 1 4 5 24 34 8 11 4 2 0 0 2 0 0 0 0 2 0 0 0 1 0 0 1 1 0 4 7 12 2 6 3 4 2 3 1 
1 0 1 5 6 6 20 51 25 16 5 3 1 0 0 0 0 0 1 0 0 0 0 0 1 2 2 0 5 3 1 10 2 3 7 0 1 2 0 3 
1 1 0 2 0 2 7 12 14 7 1 3 0 2 1 0 0 1 0 0 0 1 0 1 0 0 0 0 0 2 2 1 3 4 3 3 0 0 1 1 
0 2 0 4 2 2 1 21 32 9 4 2 1 1 3 2 1 0 1 1 0 0 0 0 0 1 1 1 1 1 3 5 7 1 1 2 1 1 0 2 
0 0 2 2 3 3 10 18 50 17 5 1 1 0 0 0 0 0 1 1 0 1 0 0 0 0 0 0 0 1 4 2 4 2 3 0 1 1 2 0 
1 3 2 4 6 10 17 37 81 23 14 4 6 4 0 3 0 0 0 1 1 0 0 0 0 1 0 0 1 3 3 0 1 2 1 0 0 0 1 1 
1 1 0 4 1 10 5 34 300 31 24 5 8 1 6 2 0 1 1 0 0 1 0 1 1 0 1 1 1 2 2 1 9 2 3 1 0 0 0 0 
1 0 0 1 4 9 10 33 286 72 15 5 1 1 0 2 1 0 0 0 0 1 1 0 0 0 4 0 0 3 4 8 3 3 0 1 1 0 1 0 
2 0 1 0 3 9 10 24 300 56 20 9 6 3 6 1 2 1 0 0 0 0 0 0 1 0 1 0 1 1 1 1 1 0 1 1 1 2 0 1 
1 2 0 3 1 12 9 38 295 54 26 10 6 6 6 1 2 1 1 1 0 1 1 0 0 0 2 0 2 0 1 2 2 1 1 1 1 0 0 0 
2 1 0 3 1 7 4 28 158 135 21 9 4 2 0 0 0 1 0 1 0 0 0 1 0 1 0 1 4 2 1 8 0 3 2 2 0 0 2 0 
0 2 2 0 3 5 8 32 98 110 35 12 4 2 3 1 2 0 1 1 1 1 2 1 0 2 0 1 4 2 1 3 3 2 2 2 1 0 0 1 

0 0 1 1 0 2 1 20 11 3 2 2 1 0 0 0 0 0 0 0 0 0 0 0 1 1 1 0 0 1 0 1 6 137 470 2 0 5 1 0 
0 0 0 2 1 2 6 11 9 7 2 1 1 1 0 0 0 1 0 0 0 0 0 1 0 0 0 1 1 1 1 0 10 137 200 8 5 1 2 1 
0 0 1 1 3 0 4 13 7 4 4 1 2 3 0 0 0 0 0 0 0 0 0 0 0 0 0 0 1 3 2 2 4 12 30 10 5 2 3 1 
2 1 0 1 0 2 1 13 9 1 4 1 0 2 0 0 0 0 0 1 0 0 0 0 0 0 2 0 1 5 1 2 3 17 43 6 4 2 3 3 
3 3 2 5 3 5 21 33 28 11 10 2 3 3 2 1 0 0 1 1 0 0 1 1 0 1 1 0 0 2 1 1 11 28 13 8 4 1 3 1 
1 1 2 6 7 26 35 86 85 32 13 1 3 1 3 0 1 1 1 1 0 0 1 0 1 1 0 0 1 2 0 1 4 8 7 7 2 2 2 1 
4 1 1 4 6 18 17 64 56 10 15 5 6 2 4 0 3 0 0 0 1 0 0 0 0 0 1 0 2 0 2 3 3 10 17 1 4 2 4 2 
1 2 6 2 17 16 26 54 47 12 12 5 1 0 1 2 0 1 0 0 0 1 0 0 0 0 1 1 0 0 2 2 6 10 8 3 3 1 0 2 
3 1 2 5 2 4 24 55 52 17 7 2 3 3 1 1 0 1 0 0 0 1 0 0 1 0 0 0 0 0 0 1 4 3 5 0 1 1 2 4 
3 2 0 3 4 4 7 53 60 7 7 3 3 1 0 1 2 1 1 0 0 1 1 0 0 0 1 0 1 2 0 2 5 5 16 2 5 2 6 5 
2 3 7 3 2 12 12 93 65 9 8 4 0 0 2 0 0 0 0 0 0 0 0 0 1 0 0 1 0 1 1 1 3 7 6 3 4 1 1 2 
0 0 5 2 4 5 10 118 121 15 6 4 0 1 1 1 0 0 0 0 0 0 0 1 0 1 0 0 1 0 3 0 1 6 4 2 0 2 0 3 
2 4 5 2 3 4 8 146 375 15 13 6 3 1 3 0 1 0 1 0 0 0 2 0 1 0 0 0 0 1 3 3 5 3 7 1 4 1 2 1 
5 5 4 2 6 18 36 192 395 27 10 2 0 0 1 0 2 0 0 0 0 0 0 0 0 1 0 2 1 2 3 2 5 1 4 0 3 0 1 1 
3 1 2 1 10 5 14 47 305 26 8 4 2 1 1 2 0 0 0 1 0 0 0 1 0 0 0 1 0 0 0 1 1 0 1 0 2 2 0 0 
2 0 1 2 3 7 4 52 169 12 16 2 5 2 1 1 0 1 0 0 0 0 0 0 0 0 0 0 1 3 0 4 3 2 2 2 1 0 0 1 
0 1 2 1 4 4 14 45 251 18 7 2 1 0 0 0 0 0 1 0 0 0 0 1 1 0 1 1 0 0 2 4 1 0 1 1 1 1 2 0 
2 2 0 3 5 5 14 28 67 11 4 6 3 0 1 2 1 1 1 0 0 0 0 0 0 0 1 0 1 3 2 3 0 0 2 0 2 0 0 1 
1 3 0 5 5 7 10 33 68 21 20 7 3 0 3 0 3 1 1 0 0 0 1 0 0 1 0 0 0 1 2 1 1 1 2 0 1 0 0 0 
1 0 2 3 3 3 5 27 44 25 8 6 2 0 2 0 0 0 0 0 0 0 0 0 0 0 2 0 3 2 0 6 1 2 1 1 1 0 0 0 
3 1 1 2 4 4 7 22 25 15 9 8 1 2 0 1 1 0 1 1 0 1 0 0 0 0 0 3 0 2 0 3 1 2 1 0 2 1 1 1 
2 0 1 3 2 4 6 22 20 17 24 3 7 4 3 2 2 0 1 0 1 0 0 0 0 0 0 1 0 0 3 1 3 1 3 0 3 1 0 0 
2 1 1 2 8 2 6 17 17 29 13 2 1 0 1 0 0 0 0 0 0 0 0 1 0 0 1 4 2 2 3 1 1 2 3 0 1 1 0 0 
1 2 0 2 3 4 12 14 24 14 13 7 2 1 2 1 0 1 0 1 0 0 1 0 0 1 0 0 2 2 3 3 3 4 1 1 0 0 0 1 

0 0 0 1 1 3 3 17 16 2 0 0 1 1 1 0 0 0 0 1 0 0 0 0 0 0 0 0 0 0 0 1 4 35 42 2 2 1 0 0 
0 0 0 0 2 1 8 21 22 3 7 1 1 1 1 1 0 0 0 0 1 0 0 0 0 0 0 0 0 0 0 1 1 5 21 6 3 2 0 2 
0 1 0 0 0 4 2 12 6 8 4 0 2 0 0 0 0 1 1 0 0 0 0 0 1 0 0 0 0 0 2 0 6 10 8 7 6 4 2 4 
3 1 0 0 1 2 3 30 40 3 3 1 4 3 2 0 0 0 0 1 0 0 0 0 0 0 0 2 0 1 3 1 2 5 15 3 5 1 6 2 
0 1 3 3 4 6 14 81 54 17 4 1 3 3 2 1 0 1 0 0 2 0 0 0 0 0 1 0 1 2 1 1 3 11 7 5 2 2 0 0 
6 3 8 19 15 25 72 254 168 72 26 11 9 6 1 2 2 0 0 1 0 1 2 0 1 0 1 1 0 1 0 1 1 6 4 3 5 1 3 0 
3 5 2 3 8 23 39 288 210 32 35 9 13 3 1 1 0 2 2 0 0 0 0 0 0 1 0 0 0 1 0 4 5 0 6 3 3 1 2 2 
4 4 3 6 5 14 21 250 100 12 6 2 2 2 1 3 2 1 0 0 0 0 0 0 0 0 0 1 2 3 2 6 1 7 7 5 5 4 1 0 
3 0 3 1 7 13 13 112 75 20 14 9 1 2 0 1 2 0 1 0 0 0 0 0 0 0 0 1 0 1 1 3 1 1 2 1 4 2 7 0 
1 3 1 4 4 7 19 101 82 12 6 1 2 1 0 0 0 1 0 0 0 0 0 0 0 0 0 0 0 0 0 1 1 2 7 4 1 1 1 0 
0 0 1 0 3 7 16 68 38 9 5 3 1 1 2 0 0 1 0 0 0 0 0 0 0 0 0 1 1 2 1 5 4 7 6 2 3 3 1 1 
0 1 3 2 2 9 20 29 41 16 7 4 2 1 1 0 1 1 0 0 0 0 0 0 0 1 0 0 0 1 1 3 1 3 1 1 1 1 1 0 
3 3 1 5 6 7 9 101 440 15 10 3 7 2 1 1 6 0 1 0 0 1 1 1 1 0 0 1 0 1 2 1 1 3 3 2 1 0 1 0 
3 2 3 1 6 14 24 96 112 31 8 1 2 0 0 1 1 0 1 1 0 0 0 1 0 0 1 1 0 2 2 4 4 1 0 2 0 0 0 0 
1 0 1 4 4 10 14 46 49 18 11 3 1 1 3 1 1 0 0 1 0 1 0 0 0 1 0 0 0 0 1 2 1 1 2 1 0 0 3 0 
0 1 3 1 3 6 9 21 26 9 7 5 5 1 2 2 1 0 1 0 0 0 0 1 2 0 0 0 0 3 1 2 3 1 3 0 0 0 1 1 
0 1 3 1 4 7 14 28 23 14 7 1 1 1 0 0 0 0 0 0 1 0 0 0 0 0 0 1 0 5 1 1 3 0 1 0 0 2 0 1 
4 1 3 3 3 1 3 15 15 8 7 4 3 0 0 0 1 0 0 0 0 0 0 0 0 0 1 0 1 1 2 3 2 0 1 0 1 0 0 0 
0 2 1 2 5 3 1 13 6 9 4 2 8 2 2 0 1 0 0 2 0 0 0 0 0 0 1 1 0 0 1 0 2 3 0 0 0 1 1 0 
0 0 0 0 3 4 4 11 15 19 2 3 1 1 1 0 0 0 0 0 0 0 0 1 0 0 0 1 0 1 0 1 2 1 0 2 0 0 0 1 
2 1 1 1 0 2 4 5 14 5 4 2 5 3 1 0 0 0 0 0 0 0 0 0 0 0 0 0 0 2 0 1 0 0 2 0 0 0 0 1 
1 2 0 2 4 4 3 12 8 6 5 0 1 5 0 1 0 0 0 2 0 0 1 0 0 0 0 0 0 1 1 2 0 0 2 0 1 2 1 0 
1 2 2 0 1 4 4 8 27 21 11 9 3 2 0 1 0 0 0 0 0 1 0 0 0 0 1 0 1 1 1 4 0 0 2 1 0 1 0 0 
1 1 0 1 3 3 7 12 11 4 11 7 2 4 3 0 0 1 1 0 1 1 1 0 0 0 1 1 0 0 0 1 2 1 1 1 0 0 0 0 

0 0 0 0 0 1 7 87 81 4 4 1 0 0 0 0 1 0 0 0 0 0 0 0 0 0 0 0 0 3 0 1 1 6 15 4 1 0 0 0 
0 2 0 0 1 2 19 113 69 13 5 1 1 3 0 0 0 1 0 0 0 0 0 0 0 0 0 2 0 1 0 0 1 3 3 2 0 1 2 1 
1 2 0 0 3 3 19 214 68 10 4 1 1 2 0 1 1 0 1 0 0 0 0 0 0 0 1 1 0 1 1 0 4 2 5 3 1 2 1 0 
1 0 1 2 1 2 12 125 99 4 3 3 3 0 0 0 0 0 0 0 0 0 0 0 0 0 0 0 0 2 2 1 2 5 4 2 3 0 1 3 
4 1 2 2 2 4 25 238 53 8 3 0 0 0 0 0 0 1 0 0 1 0 0 0 0 1 0 1 0 0 0 3 3 9 4 0 1 0 1 0 
2 3 5 5 5 9 21 73 53 16 4 2 0 0 1 0 1 0 0 0 0 0 0 0 0 0 3 0 1 0 1 1 1 1 1 2 3 0 0 3 
1 2 4 6 1 17 24 99 105 10 13 6 2 0 4 1 0 0 0 0 0 2 0 0 1 0 1 0 1 0 0 1 4 3 6 3 6 0 4 0 
4 1 3 4 10 12 13 48 48 4 2 2 0 2 0 0 0 0 0 0 0 0 1 1 0 0 1 1 0 1 0 1 1 5 3 1 2 3 1 1 
1 0 1 2 6 7 8 19 17 4 3 2 0 1 2 0 0 0 0 0 0 0 0 0 0 0 0 0 0 0 0 0 0 0 2 1 3 0 1 2 
0 1 0 1 1 3 4 16 15 2 4 1 4 0 2 1 0 0 1 1 0 0 1 0 0 0 0 1 1 0 0 2 3 1 6 3 2 0 0 0 
2 1 0 3 2 5 1 13 12 6 2 1 1 0 1 0 0 0 0 0 0 0 0 0 1 0 0 2 0 0 3 2 0 5 3 1 0 1 2 2 
0 0 2 1 5 6 8 15 13 5 2 4 3 1 0 0 1 1 1 0 0 0 0 0 0 0 0 0 0 2 1 0 0 2 2 1 1 3 0 0 
3 2 1 2 3 3 2 19 24 5 5 1 3 3 1 0 1 0 0 1 1 0 0 1 0 0 0 1 0 0 3 3 3 0 3 2 3 0 0 3 
1 0 3 1 2 5 14 31 26 10 6 3 0 0 0 2 1 0 0 0 0 0 0 0 0 0 0 0 1 2 0 2 2 0 0 0 2 1 1 0 
0 2 1 0 2 8 5 10 10 4 6 0 1 0 0 0 0 0 0 2 0 0 0 0 0 0 0 0 0 0 1 2 2 0 2 0 1 0 2 0 
0 0 1 3 0 6 3 9 13 5 9 3 2 2 2 1 2 1 0 0 0 0 0 0 0 0 0 1 1 2 0 4 2 2 2 0 1 0 0 0 
2 1 0 1 4 1 1 7 5 3 4 1 1 0 0 0 1 0 0 0 0 1 0 0 0 1 0 1 0 2 0 4 0 1 1 0 0 0 1 0 
1 0 0 3 2 4 2 4 6 4 0 3 5 0 0 0 0 1 1 0 0 1 0 0 0 0 0 0 0 1 1 1 0 0 0 1 0 0 1 0 
0 1 0 3 1 4 2 4 8 0 2 0 3 0 1 1 0 0 0 0 0 0 1 1 1 0 0 1 0 0 3 2 1 0 0 1 1 0 0 0 
2 0 1 0 0 2 2 4 10 4 2 2 0 0 0 0 1 0 0 0 0 1 0 0 0 0 0 0 1 1 1 2 3 2 0 0 0 0 0 0 
2 0 0 1 1 2 2 3 4 2 0 1 1 2 0 0 2 1 1 0 0 0 0 0 1 0 1 1 0 0 0 0 0 0 0 0 0 0 0 0 
0 0 1 0 0 8 2 6 4 9 3 0 1 0 3 0 2 0 0 0 0 0 0 1 0 0 1 0 0 0 0 1 2 0 2 0 1 0 0 0 
0 0 1 1 2 2 2 4 11 9 2 3 3 0 1 0 0 0 0 0 0 0 1 0 1 0 0 1 0 2 1 1 1 0 0 0 1 0 0 0 
1 0 1 2 2 3 5 5 5 6 6 7 3 1 2 0 0 0 1 0 0 0 0 0 1 0 0 0 0 2 0 1 2 1 1 0 0 0 0 0 

1 0 0 0 2 5 9 366 159 8 1 0 1 0 0 0 0 0 0 0 0 0 0 0 0 0 0 0 0 0 0 0 1 5 6 0 1 0 0 0 
3 0 0 1 1 3 11 89 59 5 4 3 1 0 0 0 0 0 0 0 0 0 0 0 0 0 0 0 0 1 0 0 1 3 3 2 0 2 0 0 
4 2 2 0 3 7 7 47 25 19 8 4 2 0 0 2 0 0 0 0 0 1 0 1 0 0 0 0 0 1 0 3 1 1 3 3 2 2 0 2 
1 0 1 3 0 3 5 16 36 5 6 3 8 1 1 2 1 1 0 1 0 1 0 0 0 0 0 0 0 1 0 1 2 4 2 0 1 0 1 1 
0 0 2 1 3 7 15 19 14 3 5 2 1 2 0 1 0 0 1 0 0 1 0 0 1 0 0 1 2 4 1 1 0 4 2 1 1 0 0 1 
1 0 2 1 1 3 6 6 13 5 5 2 2 1 0 0 1 1 0 0 0 0 0 1 0 0 1 0 0 0 1 2 0 1 4 1 1 0 0 2 
1 0 0 2 0 2 4 14 15 4 1 2 2 1 0 0 1 0 0 0 0 0 1 1 0 0 0 1 0 1 1 1 0 3 6 1 1 0 3 2 
4 0 5 0 6 8 8 14 13 7 2 0 0 0 0 0 0 0 0 0 0 0 0 0 0 0 0 0 0 0 0 0 1 2 3 0 1 1 0 2 
0 0 0 2 0 1 5 6 5 2 2 4 0 1 3 0 0 0 0 0 0 0 0 1 0 1 0 1 0 0 1 0 1 0 0 0 2 0 2 1 
0 0 1 1 0 7 0 6 13 4 6 2 1 1 0 0 0 0 0 0 0 1 0 0 0 0 0 1 0 0 0 1 0 1 1 2 1 3 2 0 
1 1 4 1 1 2 8 9 5 6 3 0 1 1 0 0 0 0 1 0 0 1 0 0 1 0 0 0 2 1 3 5 0 5 3 0 0 0 0 0 
0 1 1 2 3 2 5 7 2 6 2 0 1 2 0 0 1 0 0 0 0 0 0 0 0 0 0 1 0 2 0 0 0 0 1 0 1 0 0 0 
0 1 4 2 1 1 7 8 8 2 2 2 2 0 1 2 0 0 0 0 1 0 0 0 0 0 0 0 0 1 0 1 0 0 1 2 1 2 0 0 
2 0 3 2 3 6 10 30 20 7 6 0 0 0 1 0 0 0 0 0 0 0 0 0 0 0 1 1 3 0 3 2 2 5 7 0 0 0 0 0 
2 0 1 1 1 2 4 6 6 3 2 2 3 0 1 0 2 0 1 0 0 0 0 0 0 0 0 0 0 1 0 1 0 0 1 1 0 0 0 0 
1 1 0 2 0 1 1 5 7 0 4 0 2 1 2 0 1 0 1 1 0 0 0 0 0 0 0 0 0 0 3 3 1 1 1 0 1 0 1 0 
0 3 1 1 1 4 9 4 2 2 1 2 1 1 0 0 0 0 0 0 0 0 1 0 1 0 0 1 1 0 1 0 2 2 0 0 0 0 0 0 
3 1 0 2 1 1 2 1 5 0 0 2 1 0 0 0 0 0 0 0 0 0 0 0 0 0 0 0 0 0 0 0 0 0 0 1 0 0 0 0 
0 2 0 1 0 3 2 4 1 2 2 0 1 4 2 1 0 0 1 0 0 0 0 0 1 1 0 0 0 0 3 1 3 2 1 0 2 0 0 0 
1 0 0 1 1 0 1 2 4 5 6 3 3 0 0 0 1 0 0 0 0 0 0 0 1 0 0 0 2 1 0 1 2 0 0 0 0 0 0 0 
0 0 0 0 0 1 1 1 4 3 0 0 1 1 0 0 1 0 0 0 0 0 0 0 0 1 0 1 1 0 0 0 3 0 0 0 0 0 1 0 
0 1 0 1 0 1 0 0 2 2 3 1 2 0 0 0 1 0 1 0 1 1 1 0 0 1 1 1 1 2 1 0 1 0 0 0 0 0 0 0 
0 1 0 0 1 1 8 3 4 7 8 2 0 0 0 0 0 0 0 0 0 1 1 0 0 2 1 0 2 0 2 0 1 1 1 0 1 0 0 0 
1 0 0 0 0 1 1 3 3 4 2 2 2 1 1 0 0 0 1 0 0 0 0 0 1 0 0 0 0 1 0 2 2 0 0 1 0 0 0 1 

1 0 0 2 0 5 4 34 26 5 2 1 1 0 0 0 0 0 0 0 0 0 0 0 0 0 0 0 0 0 0 1 0 4 4 0 0 1 0 0 
1 0 0 0 0 3 1 11 11 3 2 1 0 1 0 1 0 1 1 0 0 0 0 0 0 0 0 0 0 0 0 0 2 2 1 0 1 0 0 0 
0 1 0 1 0 3 3 11 9 0 4 1 4 1 1 1 0 0 0 1 0 0 0 0 0 0 0 0 1 1 0 1 1 1 1 0 0 0 1 0 
1 1 1 0 1 5 8 4 7 5 8 2 1 1 1 0 0 0 1 1 0 0 0 0 0 0 0 0 0 0 0 1 0 1 3 1 2 0 2 0 
1 0 1 0 4 3 3 7 10 2 0 2 0 1 0 1 1 0 1 0 1 0 0 0 0 0 1 0 0 0 0 0 1 3 0 0 3 0 0 0 
4 1 1 1 1 2 6 12 3 5 1 2 0 0 0 0 0 0 0 0 0 0 0 0 0 0 0 0 1 0 0 1 1 2 6 1 3 1 0 2 
2 0 0 3 0 3 5 11 8 5 3 0 2 2 0 1 2 0 0 1 1 0 0 0 0 0 0 0 0 0 1 0 2 2 3 0 2 0 1 0 
1 0 1 0 3 4 5 8 8 5 1 0 0 0 0 0 1 0 0 0 0 0 0 0 0 0 0 0 0 0 0 1 1 3 2 0 0 2 0 0 
2 0 2 0 0 2 1 2 2 3 2 1 0 0 0 0 0 0 0 0 0 0 0 0 0 1 0 0 0 1 0 1 0 1 1 0 2 1 0 0 
0 0 1 1 0 4 4 2 6 4 4 3 2 1 2 0 0 0 0 0 0 0 0 0 0 0 0 0 0 1 2 1 3 1 2 0 1 2 1 1 
0 0 0 1 0 0 5 2 2 2 1 0 1 0 1 1 0 0 0 0 0 0 0 0 0 0 1 0 1 0 1 1 1 2 2 0 0 0 0 0 
1 1 1 1 0 2 7 3 5 2 2 1 0 1 1 0 1 0 0 0 0 0 0 0 0 0 0 0 0 0 1 0 1 0 3 0 1 0 0 0 
3 0 0 2 0 3 4 4 6 3 2 2 1 0 0 0 0 0 0 0 0 0 1 0 0 0 0 0 0 0 1 2 0 1 0 0 0 0 2 0 
3 0 1 2 1 4 7 7 7 4 2 0 0 0 0 0 1 0 0 0 0 0 0 0 0 0 1 0 0 1 0 1 1 2 1 1 0 0 0 0 
2 2 1 1 1 0 3 3 4 1 1 4 3 0 0 1 0 1 0 0 0 0 0 0 0 1 0 0 0 1 0 1 0 0 0 1 0 0 0 1 
0 0 0 0 0 6 0 4 9 3 3 1 0 0 0 1 0 0 0 0 0 0 0 0 0 0 0 2 0 0 1 2 3 1 1 0 0 1 0 0 
1 0 0 1 2 3 2 2 2 0 1 0 2 2 1 0 0 0 0 0 0 0 0 0 0 0 1 1 0 1 2 1 1 0 0 0 0 0 0 0 
3 1 0 0 0 3 1 4 1 2 0 0 0 1 0 0 0 0 1 0 0 0 0 0 0 0 0 0 0 0 0 0 0 0 1 0 0 0 1 1 
1 0 1 0 1 0 3 5 3 1 1 1 0 1 1 1 0 0 0 0 0 0 0 0 0 0 0 0 0 1 2 0 0 0 1 0 0 0 0 0 
2 0 0 0 2 0 1 3 2 3 3 0 0 0 0 0 1 0 1 0 0 0 0 0 0 0 0 0 0 1 0 0 0 0 0 0 0 0 0 0 
1 0 0 1 0 1 1 1 1 0 2 1 1 0 0 0 0 0 1 0 0 0 1 0 1 0 0 0 2 0 1 0 0 0 0 0 0 1 0 0 
1 1 0 0 1 0 2 6 4 7 2 0 0 0 1 0 0 0 0 0 0 0 0 0 0 0 0 0 0 0 0 0 0 0 0 0 0 0 0 0 
0 0 0 0 0 2 1 2 3 2 1 1 2 0 0 0 1 0 0 0 0 0 0 0 0 1 0 0 1 1 1 1 0 0 0 1 0 0 0 0 
0 0 0 0 0 0 4 4 1 4 5 2 1 3 0 0 0 1 0 0 1 0 0 0 2 0 1 0 1 0 0 1 0 0 0 1 0 1 0 0 

0 0 0 0 0 1 3 19 10 1 0 0 1 0 0 0 0 0 0 0 0 0 0 0 0 0 0 0 0 1 0 0 1 4 2 0 0 0 1 0 
0 0 0 2 2 2 2 5 7 0 2 1 0 0 2 0 0 0 0 0 0 0 0 0 0 0 0 0 0 0 0 0 0 1 0 0 0 1 0 0 
0 0 0 1 2 0 3 4 6 3 4 1 2 1 0 0 0 0 0 0 0 0 0 0 0 0 0 0 0 1 0 1 0 0 1 2 1 1 0 1 
2 0 0 1 1 2 1 5 3 0 3 1 2 0 2 0 0 0 0 0 0 0 0 0 0 0 0 1 1 0 0 0 0 2 7 0 2 0 0 0 
0 0 1 0 3 2 3 6 12 1 1 1 0 0 0 0 0 0 0 0 0 0 0 0 0 0 0 0 1 2 0 0 0 4 4 0 0 1 0 0 
0 0 0 1 0 0 0 2 2 2 0 0 0 0 2 0 0 0 0 0 0 0 0 0 0 0 0 0 0 0 0 0 0 1 2 2 1 0 0 1 
1 0 0 1 0 0 0 4 4 2 2 0 0 0 1 1 0 0 0 0 0 0 0 0 0 0 0 0 0 0 0 0 0 1 1 1 2 1 0 0 
0 0 0 0 3 3 5 10 4 1 1 1 0 0 1 0 0 0 0 0 0 0 0 0 0 0 0 0 0 1 0 1 1 3 2 0 1 1 1 0 
2 0 0 1 2 1 1 1 2 1 1 0 0 0 1 1 0 0 0 0 1 0 0 0 0 0 0 0 0 0 0 0 0 0 1 0 0 0 0 0 
0 0 1 0 0 1 1 2 2 1 4 0 2 1 0 1 0 0 0 0 0 0 0 1 0 1 1 0 0 0 0 0 0 1 1 0 1 1 1 0 
0 0 1 1 2 0 3 4 4 0 0 2 1 0 1 0 0 1 0 0 0 0 0 0 0 0 1 1 0 0 1 1 0 3 1 1 1 1 1 0 
0 0 0 1 1 1 7 4 4 2 1 0 0 1 0 0 0 0 0 1 1 0 0 0 0 0 0 0 0 1 0 0 0 0 0 0 0 0 0 0 
1 1 0 1 0 1 2 2 6 0 1 1 2 3 1 0 0 0 0 0 0 0 0 0 0 0 0 0 0 0 0 1 0 1 0 1 2 1 0 0 
5 0 1 1 2 1 2 5 4 5 1 1 0 1 0 1 0 0 1 0 0 0 0 0 0 0 1 0 2 0 1 3 1 1 2 0 0 1 0 0 
0 2 0 1 0 2 3 1 4 0 0 0 1 0 0 1 0 0 0 0 1 0 0 0 0 1 0 0 0 0 0 0 0 0 1 0 0 0 0 0 
1 0 0 1 0 2 0 2 5 1 4 0 2 2 0 0 1 0 0 0 0 0 0 0 0 0 0 0 0 1 0 1 0 0 1 0 0 0 0 0 
0 1 1 1 1 0 4 3 7 0 1 1 0 0 0 0 0 0 0 0 0 0 0 0 1 0 1 2 0 0 1 0 2 1 0 0 0 1 0 0 
0 0 0 0 0 0 1 1 1 1 0 0 0 1 0 1 0 0 0 0 0 0 0 0 0 0 0 0 0 0 0 0 0 1 0 0 0 0 0 0 
0 0 0 2 1 1 0 0 1 0 0 0 1 0 0 1 2 1 0 0 0 0 0 0 0 0 0 1 1 0 1 0 0 0 0 0 2 0 0 0 
2 0 1 1 1 1 0 1 4 4 3 1 1 0 0 1 0 0 0 0 0 0 0 0 0 0 0 1 1 1 1 2 0 1 0 0 0 0 0 0 
1 2 0 0 1 0 1 2 1 0 1 1 0 0 0 0 0 0 0 0 0 0 0 0 0 0 0 0 0 0 0 1 0 0 0 0 0 0 0 0 
0 2 0 1 1 2 0 1 0 0 0 0 3 0 0 0 0 0 0 0 0 0 0 0 0 0 1 0 0 0 0 1 0 0 0 0 0 0 0 0 
1 0 1 0 1 0 1 1 1 4 5 1 2 2 2 0 0 0 0 1 0 0 0 0 0 0 0 0 1 2 0 2 0 0 0 0 0 0 0 1 
0 0 0 0 0 0 2 0 0 0 0 0 0 0 0 2 0 0 0 0 0 0 0 0 0 0 0 0 0 0 0 1 0 0 0 0 0 0 0 0 

0 0 0 0 0 3 1 9 4 0 1 1 0 0 0 0 1 0 0 0 0 0 0 0 0 0 0 0 0 1 1 0 1 2 0 0 0 1 0 0 
0 1 0 0 1 0 1 4 1 0 0 0 1 0 1 0 0 0 0 0 0 0 0 0 0 0 0 0 0 0 0 0 0 1 0 0 1 0 0 0 
0 0 0 0 1 1 0 1 2 5 1 3 0 0 0 1 0 0 0 0 0 0 0 1 0 0 0 0 0 0 0 0 0 0 1 0 0 0 2 0 
0 0 1 0 0 1 1 5 3 0 1 0 1 0 0 1 0 0 0 0 0 0 0 0 0 0 0 0 0 0 1 0 2 1 2 0 1 0 0 0 
0 1 0 0 1 1 3 2 2 2 1 2 1 0 0 0 0 0 0 0 0 0 0 0 0 0 0 0 0 0 0 2 0 2 2 0 0 0 0 0 
3 0 0 1 0 0 0 0 1 1 0 0 0 0 0 0 1 0 0 0 0 0 0 0 0 0 0 0 0 0 0 0 0 0 0 1 0 0 0 0 
3 0 0 1 1 1 2 5 6 0 4 2 0 0 0 0 0 0 0 0 0 0 0 1 0 0 1 0 0 0 0 0 2 2 3 0 1 0 0 0 
0 0 1 0 0 1 7 6 3 1 0 1 0 0 0 0 0 0 0 0 0 0 0 0 0 0 0 0 0 1 0 1 1 1 2 0 0 0 0 0 
0 0 0 0 0 0 0 1 1 2 0 0 2 0 1 0 1 0 0 0 0 0 0 0 0 0 0 0 0 0 0 0 0 0 0 0 0 0 0 0 
0 1 1 3 0 2 2 3 5 1 2 0 1 0 0 0 1 0 0 0 1 0 0 0 0 2 0 0 0 1 0 1 1 1 1 1 0 0 0 0 
1 0 1 2 1 1 2 3 1 0 1 0 0 0 1 0 0 1 0 0 0 0 0 0 0 0 0 0 1 0 0 1 2 1 0 0 1 0 0 1 
0 0 1 0 0 1 0 2 2 1 2 0 2 0 0 0 0 0 0 0 0 0 0 0 0 0 0 0 0 0 0 0 0 0 0 0 0 1 0 1 
1 0 0 2 2 1 0 3 2 0 1 0 1 1 0 0 0 0 0 0 0 0 0 0 0 0 0 0 0 0 0 0 0 1 0 0 0 1 0 0 
0 1 0 1 1 3 1 6 2 2 0 0 0 0 0 0 0 0 0 0 0 0 0 0 0 0 0 0 0 0 0 1 0 1 1 1 0 1 0 0 
0 1 0 0 0 0 1 3 1 1 1 1 1 0 1 0 0 0 0 0 0 0 0 0 0 0 0 0 0 0 0 0 0 1 0 0 0 0 0 0 
0 1 0 0 0 2 2 1 3 1 0 0 0 0 0 0 0 1 0 0 0 0 0 0 0 0 0 0 0 1 1 3 0 0 0 0 1 0 0 0 
2 1 1 0 0 0 1 3 2 0 0 1 1 0 0 0 0 0 0 0 0 0 0 0 0 0 0 1 1 2 1 0 0 0 0 0 1 0 0 0 
0 0 0 1 1 0 4 0 0 0 0 0 1 0 0 1 0 0 1 0 0 0 1 0 0 0 0 0 0 0 0 0 0 0 0 0 0 0 0 0 
0 0 0 0 0 0 0 2 1 0 0 0 0 0 0 1 0 0 0 0 0 0 0 0 0 0 0 0 0 0 0 1 1 0 0 0 0 0 0 0 
0 0 0 0 0 0 1 1 1 2 1 1 0 0 0 0 0 0 0 0 0 0 0 0 0 0 0 0 0 0 1 0 2 0 0 0 0 0 0 0 
0 1 1 0 1 0 1 0 0 0 0 1 1 1 0 0 0 0 0 0 0 0 0 0 0 0 0 0 0 2 0 0 0 0 0 0 0 0 0 0 
0 1 0 0 0 0 0 1 3 1 1 0 0 0 3 0 0 0 0 0 0 0 0 0 0 0 0 1 0 0 0 1 0 0 0 0 0 0 0 0 
0 0 0 0 1 1 0 3 2 2 3 1 1 1 0 0 0 0 0 1 0 0 1 0 0 0 0 0 2 0 0 1 1 0 0 0 0 0 0 0 
0 0 0 1 0 0 0 1 0 2 0 0 0 0 0 0 0 0 0 0 0 0 0 0 0 1 0 0 0 0 0 0 0 0 0 0 0 0 0 0 

0 0 1 0 0 0 0 8 1 0 0 0 0 0 0 0 0 0 0 0 0 0 0 0 0 0 0 0 0 0 0 0 0 2 0 0 0 0 0 0 
0 0 0 0 0 0 0 6 5 1 0 0 0 0 0 0 0 0 0 0 0 0 0 0 0 0 0 0 0 0 0 1 2 1 1 1 0 0 0 0 
0 0 0 0 0 0 2 0 0 1 0 1 0 0 0 0 0 0 0 0 0 0 0 0 0 0 0 0 0 0 0 0 0 1 1 0 0 0 0 0 
0 0 0 0 0 1 1 1 7 1 1 0 1 0 0 0 0 1 0 0 0 0 0 0 0 0 1 1 0 0 0 0 0 1 1 0 0 0 0 0 
0 0 0 0 1 2 4 2 4 1 0 0 1 0 0 1 0 0 0 0 0 0 0 0 0 0 0 0 0 1 1 0 1 1 1 0 0 0 0 0 
0 0 0 1 0 0 0 1 1 0 0 0 0 0 0 0 1 0 1 0 0 0 0 0 0 0 0 0 0 0 0 1 0 0 3 0 0 0 0 0 
0 0 0 1 0 0 1 2 3 0 0 1 0 0 0 0 0 0 0 0 0 0 0 0 0 0 0 0 0 0 0 1 0 2 1 1 0 1 1 1 
0 0 0 0 2 1 1 1 1 3 0 1 0 0 1 0 0 0 1 0 0 0 0 0 0 0 0 0 0 0 0 1 1 0 0 0 0 3 0 0 
1 1 0 0 1 0 0 0 0 0 0 0 0 0 0 0 0 0 0 0 0 0 0 1 0 0 0 0 0 0 0 1 0 0 0 0 0 0 1 0 
0 0 0 0 0 0 1 0 1 1 1 0 0 0 0 0 0 0 0 0 0 0 0 0 0 0 1 0 0 0 0 1 0 0 1 0 0 0 0 0 
0 0 1 1 1 0 3 1 5 1 0 2 0 0 0 0 0 0 0 0 0 0 0 0 0 0 0 2 0 0 0 1 0 1 2 0 0 1 0 0 
0 0 0 0 1 2 2 2 1 0 0 0 0 0 0 0 0 0 0 0 0 0 1 0 0 1 0 0 0 1 0 0 0 1 0 1 0 0 0 0 
0 1 0 0 1 0 0 1 1 2 1 0 0 0 1 1 0 0 0 0 0 0 0 0 0 0 0 1 0 1 0 0 1 1 0 0 0 0 0 0 
0 0 2 0 1 2 2 1 7 1 0 1 0 0 0 0 0 0 0 0 0 0 0 0 0 0 0 0 0 0 1 1 0 1 2 1 0 0 0 1 
1 0 0 0 0 0 2 1 0 1 0 0 0 0 0 0 0 0 0 0 0 0 1 0 0 0 0 0 0 0 0 0 0 1 0 0 0 0 0 0 
1 0 2 0 0 0 1 0 1 2 0 1 1 0 0 0 1 1 0 0 0 0 0 0 0 0 0 0 0 1 0 0 0 0 0 1 1 2 1 0 
0 0 0 0 1 1 1 2 3 1 1 2 1 0 0 0 0 0 0 0 0 0 0 0 0 1 0 0 1 1 0 2 0 2 0 1 0 0 0 0 
0 0 0 0 1 1 1 0 0 0 0 0 0 0 0 0 0 0 0 0 0 0 0 0 0 0 0 0 0 0 1 0 0 0 0 0 0 0 0 0 
0 0 0 0 1 0 0 1 0 0 1 0 1 0 0 0 1 1 0 0 0 0 0 0 0 0 0 0 0 1 0 0 2 0 0 0 1 0 0 0 
0 0 1 0 0 1 1 3 1 2 0 2 0 0 0 0 1 0 0 0 0 0 0 0 0 0 0 1 0 2 1 2 1 1 0 0 0 0 0 0 
0 0 0 0 0 0 0 0 0 0 1 0 0 1 0 0 0 0 1 0 0 0 0 0 0 0 0 0 2 0 0 0 0 0 0 0 0 1 0 0 
0 0 0 0 0 0 1 0 0 1 1 2 0 1 0 0 0 0 0 0 1 0 0 0 0 0 0 0 1 0 0 1 0 0 0 1 0 0 0 0 
0 1 0 1 0 1 0 3 1 0 0 1 0 0 0 0 1 0 0 0 1 0 0 0 0 0 2 0 0 0 1 1 0 0 0 0 0 0 0 0 
0 0 0 0 0 0 0 0 0 0 2 0 0 0 0 0 0 0 0 0 0 0 0 0 0 0 0 0 1 0 0 0 0 0 0 0 0 0 0 0 

0 0 0 0 0 0 0 4 3 0 0 0 0 0 0 0 0 0 0 0 0 0 0 0 0 0 0 0 0 0 0 1 1 1 0 0 0 0 0 0 
0 0 0 1 0 0 0 5 1 1 0 0 0 0 0 0 0 0 0 0 0 0 0 0 0 0 0 0 0 0 0 0 1 6 1 0 0 0 0 0 
0 0 0 0 1 1 0 3 5 4 1 1 0 0 1 0 0 1 0 0 0 0 0 0 0 1 0 0 0 0 1 2 1 2 3 1 1 0 0 2 
1 0 0 0 0 0 0 1 2 2 1 0 0 1 0 0 0 1 0 0 0 0 0 0 0 0 0 0 0 0 0 2 0 6 0 1 0 0 0 0 
0 0 1 0 1 0 2 5 3 1 2 0 0 0 0 0 0 0 0 0 0 0 0 0 0 0 0 0 0 1 0 2 0 2 3 0 0 0 0 0 
0 0 0 0 0 1 2 7 7 1 0 0 1 0 0 0 0 1 0 0 0 0 1 0 0 0 0 0 0 0 0 0 1 1 0 3 2 1 2 0 
0 0 1 0 0 1 1 0 5 0 0 0 0 0 0 0 0 1 0 1 0 0 0 0 0 0 0 0 0 0 1 1 0 3 3 2 0 1 0 2 
0 0 1 0 0 0 2 3 2 1 1 0 0 2 0 0 0 0 0 1 0 0 0 0 0 0 0 0 0 0 1 1 0 1 1 0 1 1 0 0 
1 0 0 2 1 0 0 5 0 4 1 1 3 0 0 2 0 0 0 0 0 0 0 0 0 1 0 0 0 1 1 0 0 1 2 1 2 1 0 1 
0 0 0 0 1 1 1 1 0 0 2 0 1 0 1 0 1 1 0 0 0 0 0 0 0 0 0 0 0 0 1 1 1 0 0 1 1 0 0 2 
0 0 0 0 0 1 2 4 0 1 2 0 0 0 0 0 0 0 0 0 0 0 0 0 0 0 0 1 1 0 0 0 1 1 0 0 0 0 0 0 
0 0 0 0 0 1 3 2 4 1 0 0 1 2 1 1 0 0 0 0 0 0 0 0 0 0 0 0 0 0 0 1 0 1 0 0 1 0 1 0 
0 2 2 0 1 0 1 3 4 1 1 0 0 1 0 0 0 0 0 0 0 0 0 0 0 0 0 0 0 0 1 0 1 2 0 0 0 1 0 0 
0 1 0 1 1 2 2 4 2 2 2 0 0 0 0 0 0 0 0 2 0 0 0 0 1 1 0 0 0 0 0 1 2 0 0 1 0 0 0 0 
1 0 1 0 1 0 2 0 0 1 3 1 1 1 1 1 1 0 0 2 1 0 0 1 0 0 0 1 0 0 0 0 1 0 0 2 0 0 0 0 
1 1 0 0 0 0 1 1 2 2 1 0 0 0 1 1 1 0 0 0 0 0 0 0 0 0 0 0 0 0 0 1 1 4 0 1 0 0 0 0 
1 0 2 0 0 2 0 3 1 0 1 2 0 1 0 1 0 0 0 0 0 1 0 0 0 1 0 0 0 1 0 3 0 1 0 0 0 0 0 0 
0 0 1 2 0 1 0 0 1 0 0 1 0 1 1 0 0 1 0 0 0 0 0 0 0 0 0 1 1 0 0 1 2 1 0 0 1 0 0 1 
0 1 0 0 2 0 1 1 1 1 0 0 0 0 0 0 0 0 0 0 0 0 1 0 0 0 0 1 1 1 0 2 1 0 0 0 0 1 0 0 
0 0 0 0 0 0 1 1 2 0 0 1 1 0 1 0 0 1 0 0 0 0 0 0 0 0 1 0 0 0 0 0 0 2 0 0 0 0 0 0 
0 0 1 1 1 0 0 2 1 0 1 0 0 0 1 2 0 0 0 0 0 0 0 0 0 0 0 0 0 1 1 1 0 0 0 0 0 0 0 0 
0 0 0 0 0 0 1 2 0 1 1 0 0 1 0 0 1 0 0 0 0 0 0 0 0 0 0 0 0 1 0 0 0 0 1 0 0 0 0 0 
0 0 0 0 2 0 0 0 1 4 1 0 1 1 0 0 0 1 0 0 2 0 0 0 1 0 0 0 1 1 1 0 0 0 0 1 0 0 0 0 
1 0 0 0 0 1 1 1 1 0 0 1 0 1 2 0 0 0 0 0 0 0 0 0 0 0 0 0 0 0 0 0 0 0 0 0 0 0 0 0 

