#################################### 
# Matrix Size= (39.9997,23.9997,39.9995)
# Resol      = (40,24,40)
# VoxelSize  = (0.999993,0.999989,0.999989)
# nbVal      = 38400
#################################### 
0 0 0 0 0 1 0 1 0 2 1 0 1 0 0 0 0 0 0 4 0 6 2 0 0 0 0 1 0 1 0 2 0 0 0 0 0 0 0 0 
0 0 0 0 0 0 0 0 2 2 1 0 1 0 0 1 0 0 0 0 1 10 0 0 0 1 0 2 0 1 0 3 1 0 0 0 1 0 0 0 
0 0 0 0 0 0 0 0 0 0 1 0 0 0 0 1 0 0 0 0 1 2 1 0 0 0 0 0 0 2 0 0 0 2 0 0 1 0 0 0 
1 0 0 0 0 0 0 1 1 2 1 0 1 0 1 1 0 0 0 0 2 1 1 0 0 0 0 1 0 4 0 3 0 0 0 0 0 0 0 0 
0 0 0 0 1 0 0 1 0 2 1 0 1 1 0 1 1 0 1 0 2 2 0 0 2 0 0 2 1 3 0 4 2 1 0 0 0 0 1 0 
0 0 0 0 0 0 0 1 1 1 0 0 0 0 0 0 0 0 0 0 0 0 1 0 0 0 0 1 0 1 0 2 2 1 0 0 0 0 0 0 
0 0 0 0 0 0 0 0 0 2 0 1 0 0 0 0 0 0 0 0 0 0 1 0 0 0 0 0 1 2 0 6 1 2 0 4 0 0 0 0 
0 0 0 0 0 1 2 0 0 3 0 0 0 0 0 1 0 0 0 4 1 2 0 0 1 1 0 0 1 1 3 9 3 0 2 0 0 0 0 0 
1 0 0 0 0 0 0 1 0 0 0 1 0 0 0 0 0 0 0 0 1 0 0 0 1 0 0 0 0 0 2 1 0 0 0 0 0 0 0 0 
0 0 0 0 0 0 0 1 0 0 0 2 0 0 0 1 0 1 0 1 0 0 1 0 0 0 0 4 1 1 1 1 0 0 0 0 0 1 0 0 
0 0 0 0 0 0 1 0 0 3 3 2 0 0 1 0 0 1 1 3 1 1 0 0 2 0 0 2 0 2 1 3 1 1 0 0 0 0 0 0 
0 0 0 0 0 0 0 0 0 0 0 0 2 0 0 0 0 0 0 0 2 0 1 0 0 0 0 0 0 0 0 0 0 1 0 0 0 0 0 0 
1 0 0 0 0 0 0 0 0 0 0 1 0 0 0 0 0 1 0 1 1 1 2 1 1 0 0 0 2 0 0 1 1 0 0 0 2 0 0 0 
0 0 1 0 0 0 0 0 2 3 1 1 0 1 0 0 0 4 1 0 2 0 0 0 0 0 1 0 1 1 0 4 1 1 0 0 0 0 1 0 
0 0 0 0 0 0 0 0 0 0 1 0 0 0 0 0 0 1 0 0 1 0 0 1 0 0 0 0 1 0 0 0 1 0 0 0 0 0 0 0 
0 0 0 0 0 0 0 1 0 1 1 1 0 0 0 1 0 0 0 0 1 1 0 0 1 0 0 0 1 0 0 0 0 1 0 0 0 0 0 0 
1 0 0 0 1 0 0 0 2 1 0 0 0 0 1 1 2 1 2 2 1 0 1 0 0 0 0 0 0 0 0 1 0 0 1 1 0 1 0 0 
0 0 0 0 0 0 0 0 1 0 0 0 0 0 0 0 0 0 0 0 0 0 1 0 0 0 0 0 1 0 0 0 0 0 0 0 0 0 0 0 
0 0 0 0 0 0 0 0 0 1 1 0 0 1 1 0 0 1 0 0 0 0 1 0 0 0 0 0 0 0 0 0 0 1 0 0 0 0 0 0 
0 0 1 0 0 0 1 0 0 0 2 0 0 0 0 1 0 2 1 1 1 0 0 0 0 1 0 3 0 0 0 1 1 0 0 1 0 0 0 0 
0 0 0 0 0 0 0 0 0 1 0 0 0 0 0 0 0 0 1 0 1 0 0 0 0 0 0 0 0 0 0 1 0 0 0 0 0 0 0 0 
1 0 0 0 0 0 0 0 0 0 0 0 0 0 0 0 0 2 1 0 0 1 1 0 0 0 0 1 0 0 0 1 0 1 0 0 0 0 0 0 
0 0 0 0 0 0 0 0 2 1 3 1 0 2 1 1 0 1 1 0 0 0 1 0 0 0 2 1 0 1 1 1 2 1 0 0 0 0 1 0 
0 0 0 0 0 0 0 0 0 0 0 0 0 0 0 0 0 0 0 0 0 0 0 0 0 0 0 0 0 0 0 0 0 0 0 0 0 0 0 0 

0 0 0 0 0 0 0 1 0 1 4 0 0 0 1 0 0 1 0 2 0 2 1 2 0 0 0 0 0 0 0 2 0 2 0 0 0 0 0 0 
0 0 0 0 0 1 0 0 0 1 1 2 0 0 0 0 0 0 0 0 2 0 0 0 1 0 0 0 0 1 2 2 0 1 0 0 0 0 0 1 
0 0 0 0 0 0 0 0 0 0 0 0 0 0 2 0 0 0 0 0 0 0 0 0 0 0 0 1 0 0 0 1 3 1 0 0 0 1 0 0 
0 0 0 0 0 0 0 2 0 0 1 0 0 0 0 0 0 0 0 1 1 0 0 0 0 1 1 1 1 2 1 1 2 0 0 1 0 0 0 1 
0 0 0 0 0 0 1 0 1 5 1 2 2 1 2 0 0 1 0 1 0 1 1 0 0 1 1 0 0 1 0 1 1 0 0 0 1 0 0 0 
0 0 0 0 0 0 1 1 2 1 1 1 0 0 1 0 0 1 0 1 1 0 0 0 1 1 0 0 0 0 0 0 2 1 1 1 0 0 0 0 
0 0 1 0 0 0 0 0 0 1 0 0 0 0 1 1 0 0 0 0 3 0 0 0 0 1 0 0 1 0 4 4 0 1 0 0 0 0 0 0 
0 0 0 0 0 1 0 1 1 2 1 0 0 0 1 1 0 2 1 3 0 0 1 0 0 0 1 1 1 5 0 8 0 1 2 1 1 0 1 0 
0 0 0 0 0 0 0 0 0 2 2 0 2 0 1 0 0 0 1 1 0 0 1 1 0 0 0 0 0 0 1 0 0 0 2 0 0 0 0 0 
0 0 0 0 0 0 0 1 2 0 1 0 0 0 0 1 1 0 0 1 1 1 0 0 0 0 0 0 1 2 1 1 3 0 2 0 0 0 0 0 
1 0 0 0 0 0 0 1 3 3 1 1 1 0 1 0 0 0 0 3 0 2 1 0 0 3 0 2 2 0 0 1 1 0 0 0 0 0 0 0 
0 0 0 0 0 0 0 0 1 2 1 0 1 0 0 0 0 1 1 1 0 0 0 0 0 0 1 0 1 1 0 0 0 0 0 0 0 0 0 0 
1 0 0 0 0 0 0 0 1 0 0 1 0 0 0 0 0 0 0 1 0 1 0 0 0 0 1 0 0 1 1 2 0 0 0 0 0 0 0 0 
0 0 0 0 0 0 0 2 1 3 3 0 2 0 1 0 0 2 3 2 0 0 0 0 0 0 0 0 0 1 1 1 1 2 0 0 0 0 0 0 
0 0 0 0 1 0 0 0 1 0 1 0 0 0 1 0 1 2 1 1 2 1 0 2 0 0 0 0 0 0 0 1 0 1 0 0 0 0 0 0 
0 0 0 0 0 0 0 0 0 0 1 0 1 0 1 1 0 1 0 1 0 1 0 0 0 0 0 0 0 1 0 0 0 0 0 0 0 0 0 0 
0 0 0 0 0 1 0 0 2 0 0 0 0 0 1 1 0 2 4 4 0 0 0 0 0 0 1 1 0 1 1 0 0 0 0 1 1 0 0 0 
0 0 0 0 1 0 0 0 0 0 0 0 0 0 0 0 0 0 1 0 0 0 0 0 0 0 0 0 0 0 1 0 0 0 0 0 1 1 0 0 
0 0 0 0 0 0 0 0 0 0 0 0 1 1 0 0 0 0 0 1 1 0 0 0 0 1 0 1 2 0 0 0 1 0 0 0 0 0 0 1 
0 0 0 0 0 0 0 2 0 1 1 0 1 0 2 0 0 2 0 2 0 0 0 1 1 1 1 0 1 0 3 2 1 1 1 1 0 0 0 0 
0 0 0 0 0 0 0 0 0 0 0 0 0 0 0 0 0 1 1 1 0 0 1 0 0 0 0 0 0 0 0 0 0 0 1 0 0 0 0 0 
0 0 0 0 0 0 0 0 0 0 1 0 0 0 0 0 0 1 0 0 0 1 0 0 0 0 0 0 0 0 0 0 0 0 0 0 0 0 0 0 
0 0 0 0 0 0 0 0 0 1 1 2 1 1 0 1 1 0 0 1 1 0 0 0 0 0 0 0 0 0 0 1 0 1 0 0 0 0 0 0 
0 0 0 0 0 0 0 0 0 0 0 0 1 0 0 0 0 0 0 0 0 0 0 0 0 0 0 1 0 0 1 0 0 0 0 0 0 0 0 0 

0 0 0 0 0 1 0 1 1 5 0 1 0 2 0 0 0 1 0 1 1 2 1 0 0 0 0 1 0 1 1 4 1 1 1 0 0 0 0 0 
0 0 0 0 0 1 0 1 0 1 1 0 0 0 0 0 0 1 0 1 0 2 1 0 0 0 0 0 0 0 1 1 1 0 0 0 0 0 0 0 
0 0 0 1 0 0 0 1 2 1 0 1 1 0 1 0 0 0 2 0 0 2 1 0 0 1 0 0 0 0 1 1 1 0 1 0 0 0 0 0 
2 0 0 0 0 0 0 0 1 0 2 0 1 0 0 0 0 0 0 2 0 1 0 0 0 1 0 0 0 0 2 3 1 2 2 1 0 0 0 0 
1 0 1 0 0 1 1 1 5 7 3 0 1 0 1 2 0 1 1 1 2 1 1 1 1 0 0 0 2 0 2 3 1 0 1 0 0 0 1 0 
0 0 0 0 0 0 1 1 0 0 0 0 0 0 1 1 0 1 0 0 1 0 0 0 0 0 0 1 0 1 1 1 1 0 2 0 0 1 1 0 
0 0 0 0 0 0 0 0 1 3 0 1 0 1 1 0 1 0 0 1 0 0 2 0 0 0 0 0 2 0 0 5 4 0 1 0 1 0 0 0 
0 0 0 0 0 1 0 0 2 2 1 1 0 0 0 1 0 0 1 1 0 1 1 1 1 1 0 1 0 2 1 2 2 2 2 3 0 0 0 1 
0 0 0 0 1 1 0 0 0 0 0 0 0 0 0 0 0 0 0 0 0 0 0 1 0 0 0 0 1 1 0 1 3 0 0 0 0 0 0 0 
0 0 0 0 0 0 0 0 1 1 0 0 0 0 0 0 0 0 1 0 0 0 0 0 0 1 0 1 0 1 1 1 0 0 0 0 0 0 0 0 
0 0 0 1 0 0 1 2 3 3 2 0 0 0 0 0 1 1 0 1 0 2 0 0 0 0 0 1 1 3 2 1 2 1 0 1 0 0 0 0 
0 0 1 0 0 0 0 0 0 0 0 0 0 0 0 0 0 1 0 0 0 0 0 0 1 1 0 0 1 0 0 0 1 0 0 0 0 0 0 0 
0 0 1 0 0 0 0 0 1 1 0 1 0 1 0 0 0 0 1 2 1 0 0 0 0 1 0 0 2 1 0 0 1 1 0 0 0 0 0 0 
0 0 0 1 0 0 2 0 0 4 0 0 1 2 0 0 1 1 1 2 3 2 0 2 0 0 1 2 1 0 2 3 1 0 0 0 0 0 0 1 
0 0 0 0 0 0 0 0 0 0 2 0 0 0 0 0 0 0 0 1 0 0 1 0 0 0 0 0 0 0 0 1 0 0 0 0 0 0 0 0 
0 0 0 0 0 0 0 1 0 0 1 0 0 0 0 0 0 0 0 1 0 0 2 0 0 0 0 0 0 2 0 0 1 0 0 0 0 0 0 0 
0 0 1 0 0 0 1 0 1 2 1 1 0 0 0 0 1 0 2 1 1 1 0 0 0 0 0 0 1 1 1 0 0 0 0 0 0 0 0 0 
0 0 0 0 0 0 0 0 1 0 0 0 0 0 0 0 0 1 1 0 0 0 0 0 0 0 0 0 0 0 0 0 0 0 0 0 0 0 0 0 
0 0 0 0 0 0 0 0 0 1 0 1 1 0 0 0 1 0 0 1 1 1 0 0 0 0 0 0 0 1 0 1 0 0 0 0 0 0 1 0 
0 0 0 0 0 1 0 1 0 2 1 0 0 1 0 1 1 0 1 1 1 1 0 0 0 1 1 1 1 0 1 2 0 0 0 0 0 0 0 0 
0 0 0 0 0 0 0 1 0 0 1 0 0 0 0 0 0 0 0 0 0 1 0 0 1 0 0 0 0 0 0 0 0 0 0 0 0 0 0 0 
0 0 0 0 0 0 0 0 0 0 0 0 0 1 0 2 0 0 0 0 1 0 0 0 0 0 0 0 0 1 0 1 0 0 0 0 0 1 0 0 
0 0 0 0 0 2 0 0 1 2 0 1 1 0 0 0 1 2 3 1 0 1 1 0 0 0 1 0 1 0 1 0 1 0 0 0 1 0 0 0 
0 0 0 0 0 0 0 0 0 0 1 0 0 0 0 1 0 0 0 0 0 0 0 0 0 0 0 0 0 0 0 0 0 0 0 0 0 0 0 0 

0 0 0 0 0 0 0 1 1 6 7 2 0 0 0 2 0 2 1 4 1 3 2 2 0 0 0 3 1 0 0 7 4 2 0 1 0 0 0 0 
0 0 0 0 0 0 0 0 0 4 3 2 0 1 0 0 1 2 2 1 1 2 1 3 0 0 1 1 0 2 1 4 2 1 0 0 0 0 1 0 
0 0 0 0 0 0 0 0 3 1 1 5 0 0 0 1 0 0 0 2 0 0 2 1 0 1 0 0 0 0 2 4 4 4 2 0 1 0 0 1 
1 0 0 0 0 0 0 2 2 2 7 1 0 0 0 1 0 0 0 3 2 4 2 1 0 0 0 0 1 1 3 5 3 1 1 0 0 0 0 1 
1 0 0 0 0 6 5 4 2 8 1 3 1 1 1 1 0 1 1 4 2 4 3 1 0 2 2 0 2 1 2 6 2 1 2 1 0 0 0 0 
0 0 0 0 0 0 0 0 0 2 0 2 1 1 0 0 0 0 3 0 1 0 2 4 0 0 3 1 0 2 5 0 5 4 2 0 1 1 0 0 
1 0 0 0 0 0 0 0 1 1 2 2 0 0 0 0 0 1 1 3 4 0 0 1 0 0 0 2 1 4 2 9 6 2 2 0 0 1 1 1 
0 1 0 1 1 4 3 3 5 8 11 2 1 1 1 1 1 0 7 6 1 1 2 0 2 0 0 3 3 4 1 9 5 3 1 0 0 0 0 0 
0 0 1 0 1 1 0 2 0 3 3 0 1 0 1 0 1 1 0 1 0 1 0 0 0 2 0 2 0 3 4 1 2 0 1 0 0 0 0 0 
0 0 1 0 0 0 1 0 1 2 0 0 1 1 0 0 1 0 1 0 0 3 1 3 0 0 0 2 0 2 1 2 1 1 1 1 1 0 0 0 
1 0 1 1 0 1 3 0 4 3 2 1 1 0 1 0 0 1 0 5 3 2 2 1 0 0 0 0 5 2 2 5 2 2 2 0 0 0 0 1 
0 1 1 0 0 0 2 1 1 3 2 0 1 0 0 0 0 2 3 0 0 0 2 1 1 0 0 1 0 1 0 1 1 0 0 0 0 0 0 0 
0 0 0 1 0 0 0 0 0 0 0 0 0 1 0 0 0 0 0 0 4 2 0 0 0 0 0 0 1 0 0 0 2 0 0 0 0 0 1 0 
1 0 0 0 0 1 0 1 5 1 2 0 2 0 2 2 1 1 0 2 4 1 1 0 1 0 2 1 1 2 1 2 2 0 0 0 0 0 0 0 
0 1 0 0 0 1 1 0 0 1 1 2 0 1 0 0 0 1 0 0 1 0 0 0 0 0 0 1 1 1 0 2 0 0 1 0 2 0 1 0 
1 1 0 0 0 0 0 0 0 1 0 0 0 1 0 0 0 2 0 1 2 0 0 0 1 0 0 1 1 1 1 1 2 0 0 0 0 0 0 0 
0 0 0 0 1 1 1 3 1 1 2 1 0 1 0 0 1 0 2 3 2 3 0 3 0 0 1 2 0 1 1 1 0 0 1 0 0 0 0 0 
0 0 0 0 0 0 0 0 0 3 0 1 0 1 0 1 1 1 1 2 1 1 0 1 0 0 0 1 2 0 0 0 0 1 0 1 0 0 0 0 
0 0 0 0 0 0 0 0 0 0 0 1 0 0 0 1 0 1 2 0 1 0 0 0 0 0 0 0 0 0 0 0 0 1 1 1 0 0 0 0 
0 0 0 0 0 0 0 0 1 1 3 3 0 1 1 0 1 0 1 2 4 1 0 1 0 0 0 1 1 0 0 3 2 0 0 0 0 0 0 0 
0 0 0 0 0 0 0 0 0 1 1 0 0 0 0 0 0 0 1 1 0 0 1 0 0 0 0 0 1 0 0 0 0 0 1 0 1 1 0 0 
0 0 0 0 0 0 0 0 1 0 1 1 1 0 2 0 0 0 0 0 2 0 0 0 0 0 1 1 1 0 0 0 0 0 0 0 0 0 1 0 
0 0 0 0 0 1 0 1 0 0 3 3 0 0 2 2 2 0 1 1 1 0 1 0 0 1 2 0 0 0 1 1 2 0 0 0 0 1 0 0 
0 0 0 0 0 0 0 0 0 0 0 0 0 2 1 1 0 0 1 0 0 0 0 0 0 0 1 0 0 1 0 0 0 0 0 0 0 0 0 0 

0 1 0 0 0 1 0 2 0 15 5 3 0 0 0 0 1 1 0 4 1 2 5 1 0 1 1 0 1 1 1 10 8 1 2 4 0 0 0 0 
1 0 1 0 2 0 1 1 1 4 1 1 0 1 1 0 0 0 0 2 0 4 1 0 0 0 1 2 1 1 5 1 4 1 0 0 1 1 0 0 
0 0 0 0 0 0 0 2 0 2 1 0 3 0 1 0 1 0 1 0 0 1 0 2 0 0 0 0 0 2 0 2 3 1 0 0 0 0 0 0 
0 0 0 0 0 0 0 3 3 7 7 5 2 1 2 0 0 2 0 2 0 2 5 0 1 3 1 1 2 1 5 14 1 3 2 1 1 0 0 0 
0 0 0 0 0 1 0 1 5 5 5 3 2 0 0 0 0 1 1 2 2 3 2 0 2 1 0 0 0 3 3 7 1 1 3 1 0 0 0 0 
0 0 0 0 0 1 0 0 0 2 1 0 1 2 0 0 2 0 1 1 1 0 1 0 0 3 0 1 1 0 0 2 3 2 2 1 0 0 0 1 
2 0 0 0 1 1 0 1 1 3 3 1 2 0 2 0 0 5 0 4 2 2 2 1 0 2 1 2 1 3 1 6 2 5 1 0 1 0 0 1 
0 0 0 1 0 0 0 4 1 6 5 3 1 1 1 0 0 3 1 3 3 1 1 0 0 0 0 4 2 5 4 3 2 11 4 0 0 1 0 0 
0 0 0 1 0 1 1 0 1 0 0 1 1 0 0 0 0 0 2 0 2 0 1 2 1 1 0 0 0 1 2 0 2 2 2 0 0 0 1 0 
0 0 0 0 1 0 1 0 0 3 3 2 1 4 1 0 1 1 0 2 3 1 1 0 1 1 1 1 0 4 0 0 4 0 3 1 0 0 0 1 
0 0 3 1 3 0 0 5 1 4 7 2 2 1 2 0 1 0 1 1 1 2 1 0 0 2 0 0 4 3 4 6 1 1 3 1 0 0 0 1 
0 0 0 0 0 1 0 2 2 2 1 0 1 0 0 1 0 0 2 0 0 2 1 0 0 0 0 0 0 0 0 3 1 2 1 2 0 0 1 0 
1 1 0 0 0 0 1 4 1 3 3 0 1 0 1 0 0 0 1 1 0 2 2 1 0 0 1 0 2 1 2 0 1 0 2 0 0 0 0 0 
0 0 0 0 0 1 0 1 2 11 3 3 0 2 0 0 2 4 1 2 2 2 2 0 1 1 0 2 2 0 0 6 1 0 1 1 0 1 0 0 
0 0 0 0 0 1 0 0 1 2 0 0 0 1 1 1 1 0 1 1 2 0 2 0 0 1 0 0 0 1 1 0 0 0 1 0 0 0 0 0 
0 0 0 0 0 1 1 0 0 2 1 1 1 0 3 1 3 1 0 0 2 1 0 2 1 0 0 0 2 0 1 3 0 0 1 0 0 0 0 0 
1 0 0 0 1 1 1 1 1 1 2 1 1 1 0 2 0 2 6 4 2 1 0 1 0 2 0 1 1 4 1 3 2 1 0 2 0 0 0 0 
0 0 0 0 0 0 0 0 0 1 0 1 1 1 1 1 1 2 0 1 0 0 0 0 0 0 0 1 0 0 0 1 1 0 0 0 0 0 0 0 
0 0 0 0 0 0 0 0 0 2 1 1 0 1 0 0 1 0 0 0 3 0 0 0 0 1 0 0 0 1 1 0 0 1 0 0 0 0 0 0 
0 0 1 0 0 0 1 0 0 3 2 1 0 1 3 0 3 1 1 0 3 2 0 2 1 2 1 0 0 0 3 1 5 0 0 0 0 0 1 1 
0 0 0 0 0 0 0 0 1 1 0 0 0 0 1 0 0 0 1 0 0 0 0 0 0 0 1 0 0 2 0 0 1 0 1 0 0 0 0 0 
0 1 0 0 0 0 0 0 0 0 0 2 1 1 1 0 0 0 1 0 0 0 1 0 0 0 0 0 1 1 1 2 0 0 0 0 0 0 1 0 
0 0 0 0 0 1 0 0 2 1 2 2 1 1 0 1 3 1 1 0 1 0 2 1 0 0 0 1 2 1 2 0 3 0 0 0 0 1 0 0 
0 0 0 0 1 0 0 0 1 1 1 0 0 0 0 0 0 0 1 0 0 0 0 1 0 0 0 0 0 0 0 0 2 0 0 0 0 0 0 0 

0 0 0 1 1 1 1 1 1 20 13 3 0 0 0 0 1 4 0 10 3 14 8 1 2 0 0 1 1 2 1 22 12 8 0 1 0 0 0 0 
0 0 0 1 1 0 3 2 6 15 8 6 3 2 1 0 1 1 0 2 2 9 9 0 2 0 0 1 1 5 10 9 11 1 2 2 1 2 2 0 
0 0 0 0 0 0 1 3 1 14 14 6 3 2 2 0 0 0 1 5 1 4 1 2 1 3 2 0 2 2 9 17 9 9 0 0 0 1 0 0 
1 0 0 0 0 2 0 1 1 9 11 1 4 1 2 3 1 1 1 2 3 4 3 0 1 1 0 3 0 1 2 9 16 2 7 0 2 2 0 0 
0 0 0 0 2 0 9 6 10 12 1 2 5 5 1 0 0 1 3 7 1 11 4 0 0 2 2 1 0 6 3 10 11 4 2 1 0 2 2 1 
0 0 0 1 2 2 4 0 1 9 3 4 5 0 2 0 2 1 2 6 2 1 4 1 2 0 0 0 0 3 6 10 6 3 2 3 1 1 1 1 
0 0 0 0 1 1 0 2 1 9 13 5 5 1 1 0 1 2 0 5 5 4 1 1 4 2 2 1 0 3 1 10 13 5 9 0 1 0 3 0 
0 0 0 0 0 2 4 3 8 17 10 0 4 1 0 0 2 4 1 7 5 3 3 2 3 5 0 6 6 10 10 17 9 10 3 1 2 0 2 1 
0 1 0 0 0 0 5 3 0 5 7 2 5 0 1 0 0 0 1 1 2 2 1 1 1 1 1 0 1 4 4 6 1 5 2 2 3 0 0 0 
0 0 0 0 1 2 0 0 0 4 3 2 1 2 2 0 1 0 0 1 6 2 1 2 0 0 0 1 2 1 2 4 4 3 0 1 1 1 1 0 
0 3 3 0 0 0 3 5 5 10 7 2 5 3 1 0 5 2 11 3 4 2 2 3 4 1 2 0 12 3 10 9 8 1 3 1 0 1 0 0 
0 0 0 0 0 1 1 1 4 1 5 0 1 1 2 2 1 4 1 2 2 1 2 1 0 0 1 0 1 0 3 3 2 2 1 0 0 0 0 0 
1 0 0 4 2 2 1 1 3 4 5 4 2 1 0 0 0 2 1 6 1 2 4 0 1 1 2 0 1 2 0 2 2 1 1 0 0 0 0 0 
2 0 1 0 0 4 1 3 3 12 8 3 0 0 1 1 2 2 5 2 1 2 2 0 4 1 0 6 1 5 3 9 5 2 5 2 0 0 0 0 
0 0 1 0 1 0 0 3 1 5 4 3 0 2 2 1 0 2 3 2 3 3 1 0 1 1 1 0 1 1 1 1 2 1 2 1 1 0 0 0 
1 0 0 0 0 0 0 0 1 1 2 2 2 1 0 1 0 0 2 0 3 0 1 1 0 1 1 1 0 2 1 0 3 0 0 0 1 1 0 0 
0 0 0 1 1 1 1 4 4 3 1 2 1 3 2 3 7 2 8 7 3 3 1 1 2 0 1 2 2 0 4 4 2 1 0 1 0 0 0 0 
0 0 0 0 0 0 1 2 4 6 0 0 0 3 1 0 1 1 0 3 0 2 0 1 1 1 0 0 1 0 1 1 3 2 1 0 0 0 1 0 
0 0 0 0 0 0 0 0 1 4 1 0 0 0 0 1 1 0 0 1 0 0 0 0 0 1 2 0 0 1 1 2 5 0 0 0 0 0 0 0 
0 0 0 2 1 1 0 2 1 2 1 2 0 2 2 0 1 1 0 2 4 1 1 2 1 3 4 0 2 0 2 7 5 1 0 0 1 0 0 0 
0 0 0 0 0 0 0 1 0 2 0 0 4 1 0 0 1 2 2 1 0 0 0 1 0 2 2 0 0 1 2 1 1 0 0 0 0 0 0 0 
0 0 0 0 0 1 0 0 0 0 2 0 1 0 0 0 1 1 1 1 2 2 1 0 0 0 1 1 1 1 0 1 2 0 1 0 0 1 0 0 
0 0 0 0 0 0 3 3 4 5 3 6 2 1 0 1 1 1 2 2 0 1 1 1 2 2 1 1 3 4 1 1 2 3 0 0 1 0 0 0 
0 0 0 0 0 1 0 0 1 0 3 2 2 0 1 0 0 0 2 1 1 0 0 0 0 1 0 0 0 0 1 1 1 0 1 0 0 0 0 0 

0 0 0 1 0 2 2 4 6 62 19 1 4 1 1 0 3 2 2 8 3 26 11 2 1 1 2 4 0 7 5 31 29 6 2 1 0 1 1 1 
0 1 0 0 0 0 0 4 9 15 18 2 4 0 1 0 1 1 0 0 2 15 15 3 2 3 0 1 2 3 6 17 14 1 3 1 1 0 0 1 
0 0 1 0 0 0 0 2 1 11 8 4 5 0 1 1 0 4 1 1 3 4 1 2 1 1 0 0 3 2 9 9 7 3 4 2 0 0 0 0 
0 0 0 1 0 2 0 1 6 14 18 5 6 4 2 1 4 2 1 2 6 4 10 4 0 1 2 4 2 2 6 15 14 9 1 3 2 0 0 2 
2 2 0 1 0 0 3 1 9 21 11 5 2 1 2 4 4 1 1 5 4 9 6 0 3 1 1 0 3 2 10 19 9 7 5 1 4 2 1 1 
0 0 0 0 0 2 0 1 3 6 9 6 3 1 0 2 1 2 2 1 4 1 3 2 0 5 1 0 1 0 8 11 9 10 5 3 0 2 0 2 
1 0 1 2 0 2 1 4 5 13 16 3 3 2 5 0 1 1 3 6 5 1 2 3 7 1 3 3 2 8 9 20 12 12 8 3 3 1 1 0 
1 0 0 1 1 2 4 4 3 12 5 6 6 2 3 2 1 2 5 8 4 1 4 3 4 2 3 3 10 7 4 18 15 12 8 6 1 2 0 2 
0 0 1 1 0 0 1 2 1 4 6 4 3 1 0 1 0 2 1 5 3 1 0 0 2 1 2 0 2 1 1 5 8 4 2 0 1 0 0 0 
0 0 0 0 1 1 1 4 6 8 12 9 4 3 1 5 1 2 1 3 4 2 3 2 1 2 1 2 4 1 3 12 14 1 11 2 1 2 2 0 
0 1 0 2 1 1 3 0 7 16 6 2 3 0 2 2 2 1 5 4 2 8 1 4 1 2 1 0 4 9 7 11 7 2 0 2 0 0 1 0 
0 0 0 1 1 0 0 4 1 4 6 1 4 2 2 2 1 3 1 1 2 1 1 3 1 0 1 2 2 0 3 3 5 0 3 0 1 0 0 0 
1 1 0 1 0 2 1 2 1 10 8 6 4 1 4 1 0 1 0 2 5 1 4 2 1 0 1 2 4 2 3 7 6 2 4 1 1 2 0 0 
0 0 2 0 4 2 6 3 11 11 10 2 0 1 0 2 2 3 3 9 7 3 3 5 1 1 0 2 2 0 5 10 7 2 1 0 2 0 1 0 
0 1 0 1 1 0 2 0 1 3 5 2 1 1 2 0 1 1 1 2 1 1 1 0 0 1 1 1 1 0 0 1 0 0 0 0 1 0 0 2 
1 0 1 0 0 0 0 0 1 1 5 4 2 1 1 0 1 1 0 5 6 0 2 0 0 2 1 0 1 2 1 6 2 0 0 0 1 0 0 0 
0 0 1 1 3 0 5 1 4 6 2 2 0 4 1 2 2 5 8 7 4 2 0 1 0 2 1 3 1 2 2 9 2 3 1 0 0 0 1 1 
0 0 0 0 0 0 1 1 0 4 9 2 2 0 1 3 0 0 2 3 2 2 2 2 0 0 0 0 0 1 0 2 0 1 1 0 1 0 0 0 
0 0 0 0 0 0 1 2 0 2 0 0 3 0 1 1 1 0 0 4 2 1 2 0 1 0 0 3 4 0 0 1 1 1 1 0 0 1 0 0 
0 0 1 1 0 1 0 0 2 4 3 2 2 1 3 0 1 2 1 4 3 1 3 0 0 1 0 2 1 6 2 2 2 1 1 1 0 0 0 0 
0 0 0 0 0 0 0 0 1 2 0 0 0 0 0 0 0 0 0 1 1 0 1 0 0 0 0 0 2 2 2 1 1 0 0 0 0 1 0 2 
1 0 0 1 0 0 0 0 0 2 2 0 1 2 2 0 1 2 1 2 2 3 2 0 0 0 1 0 0 1 2 1 6 2 0 0 0 0 0 0 
0 0 0 0 0 1 1 2 1 1 6 6 2 5 2 3 5 0 4 6 2 2 3 0 0 1 1 1 5 3 2 2 3 2 1 0 0 0 0 0 
0 0 0 0 0 0 1 0 0 0 0 0 1 0 0 0 1 0 0 2 0 0 0 0 0 0 0 2 2 0 1 0 0 0 0 0 0 0 0 0 

1 0 0 0 0 0 1 4 17 428 51 9 3 4 2 3 0 2 1 17 5 33 20 4 4 1 1 0 1 2 17 434 61 9 6 2 3 1 1 0 
1 0 1 0 1 0 0 6 43 250 56 7 7 3 2 5 1 3 4 5 12 32 16 7 4 4 3 1 5 6 25 154 49 9 3 1 4 3 3 2 
0 1 0 4 1 5 4 4 26 297 34 12 9 1 4 3 4 4 7 12 27 34 17 18 7 4 3 2 3 5 15 72 26 12 5 5 4 3 2 0 
1 1 0 0 0 0 2 4 20 164 46 5 5 1 2 0 3 4 3 8 8 12 24 7 6 2 2 5 3 12 11 55 51 6 5 2 3 1 1 0 
4 1 2 1 1 2 12 9 39 128 31 5 7 6 0 7 3 5 8 8 5 16 15 5 3 1 1 1 2 11 15 57 62 19 15 7 7 3 1 4 
0 4 1 1 1 4 5 6 45 144 42 18 12 4 2 3 2 3 5 10 10 13 11 5 0 1 3 8 6 10 23 74 69 26 10 7 4 2 3 2 
2 0 0 1 0 4 2 7 11 51 38 12 7 3 4 2 4 4 7 9 8 8 10 6 3 2 3 6 3 12 11 41 43 14 26 2 6 0 3 1 
3 1 0 2 2 1 7 6 31 74 35 15 9 2 5 2 1 8 10 21 11 5 8 3 1 4 4 11 13 6 28 55 64 31 12 4 3 3 1 2 
0 0 3 1 3 3 10 9 26 68 45 10 13 2 2 1 1 3 4 4 5 4 7 5 2 1 3 7 3 22 34 67 73 38 16 8 4 4 3 2 
0 0 0 3 1 6 1 10 5 27 31 12 4 4 3 2 3 5 8 10 6 5 7 1 1 4 3 1 5 10 9 19 31 11 16 5 4 1 3 3 
1 0 1 3 6 3 7 8 19 41 22 15 7 4 1 3 4 4 5 7 7 12 12 3 2 3 3 3 8 10 11 25 15 6 5 2 0 0 2 0 
1 2 2 2 1 1 1 9 27 29 28 10 4 3 1 2 2 5 2 10 3 5 4 2 1 1 0 2 1 3 6 11 9 7 3 3 0 0 2 0 
1 0 0 2 0 4 0 6 11 21 30 9 9 4 3 4 2 1 3 5 4 10 2 3 4 6 2 2 1 5 3 4 12 0 5 2 1 0 3 1 
1 0 0 1 0 2 2 8 20 26 21 10 10 5 2 2 4 7 12 11 6 7 7 4 1 2 2 5 2 8 7 20 5 1 4 0 1 0 0 0 
1 0 1 1 2 2 0 1 4 10 10 3 6 1 0 1 2 1 1 7 5 4 5 2 1 2 1 0 3 0 3 12 7 2 3 1 0 0 0 0 
0 0 1 1 1 1 0 0 4 11 8 5 6 2 1 0 2 3 1 4 2 6 4 0 0 1 0 2 2 3 3 8 7 2 2 1 2 0 1 1 
1 0 0 1 0 2 0 5 5 7 16 6 6 2 0 1 2 6 11 10 8 5 5 1 2 3 1 3 7 5 6 6 5 5 3 0 2 0 1 0 
1 1 0 0 0 0 1 3 5 6 7 3 3 4 4 0 1 2 3 5 2 1 3 1 2 1 2 0 5 1 1 3 1 2 3 1 0 1 0 0 
1 2 0 0 0 1 1 1 3 5 7 3 2 7 5 2 1 5 1 6 2 3 5 2 1 0 3 2 0 3 2 4 4 0 3 0 1 0 1 0 
1 1 0 1 1 1 3 1 7 7 3 3 2 0 2 5 3 6 7 10 7 6 2 3 1 2 4 5 0 8 8 13 7 0 2 0 0 0 0 0 
0 0 1 0 0 1 1 0 2 4 4 2 3 2 0 4 0 3 3 6 1 2 1 1 0 4 0 3 1 1 4 2 5 0 1 0 1 0 0 0 
1 0 0 0 1 2 1 2 0 1 2 7 6 1 4 0 2 0 2 1 2 1 2 1 1 2 2 1 0 1 1 3 4 1 1 0 0 0 0 0 
0 1 1 0 1 1 1 2 1 8 8 13 7 6 1 2 1 0 6 5 4 1 2 2 3 1 0 2 4 5 3 9 2 2 1 0 1 0 0 0 
0 1 0 0 0 0 0 2 1 4 2 3 5 3 2 1 2 1 2 4 1 2 0 1 1 1 2 2 1 1 1 3 1 3 0 1 2 1 0 0 

0 0 0 4 0 1 2 6 9 138 45 12 1 2 2 3 0 2 2 4 14 270 52 5 1 1 2 3 3 5 14 132 58 11 4 3 2 0 0 1 
3 0 0 0 0 0 3 1 20 45 44 11 10 6 7 4 0 2 4 8 27 57 28 6 7 3 3 0 7 4 20 50 35 11 3 7 5 2 4 1 
0 3 1 4 0 5 6 8 19 86 28 6 3 5 3 2 2 5 8 11 42 46 25 14 5 2 2 3 2 3 10 46 30 10 5 5 1 2 2 3 
0 1 1 1 0 1 1 11 12 79 44 2 7 0 4 1 1 1 1 17 27 32 28 9 5 2 4 2 1 9 10 101 97 3 4 4 5 2 1 2 
1 0 1 0 2 0 6 3 17 115 32 9 7 5 4 2 2 2 7 12 5 42 13 7 1 5 3 2 4 5 13 164 146 33 14 3 9 4 2 5 
0 2 0 2 2 5 6 15 20 150 33 11 9 7 1 1 4 2 5 12 24 7 14 8 2 1 1 8 3 15 23 151 143 28 20 13 13 3 6 5 
0 1 0 1 3 5 6 13 11 202 74 10 7 2 5 4 1 5 3 26 34 20 16 4 3 7 3 9 3 8 12 149 175 30 34 3 7 2 4 4 
2 1 1 1 2 2 3 9 19 144 42 5 2 5 1 3 1 3 9 20 20 4 8 4 5 2 2 1 8 12 23 96 132 34 20 9 10 7 1 6 
1 1 3 2 4 1 6 14 23 229 41 14 3 4 3 1 0 3 2 7 5 5 3 4 3 3 4 5 9 18 30 88 98 39 14 8 0 5 1 4 
5 0 0 0 1 6 2 12 13 214 68 15 12 4 1 1 4 6 3 5 11 14 8 3 4 1 3 9 1 9 9 38 58 7 12 5 4 2 4 1 
1 1 1 1 2 3 2 6 16 149 29 5 6 5 2 2 1 0 8 10 11 10 13 3 1 1 3 1 5 4 9 20 22 5 5 0 3 2 1 2 
3 1 3 3 3 4 6 14 34 99 54 19 8 2 3 4 1 1 2 6 5 4 8 4 2 0 2 1 6 6 7 14 10 6 8 5 1 1 1 0 
2 0 1 3 0 4 3 17 19 110 73 14 7 5 6 4 3 2 2 10 11 8 12 2 8 6 2 6 1 5 5 13 28 7 9 0 2 0 2 0 
0 0 2 0 2 1 2 8 21 48 26 9 6 4 2 0 4 4 3 15 13 13 4 3 5 2 2 1 3 6 10 23 12 2 2 4 0 0 0 2 
1 0 1 1 1 1 1 4 6 15 21 7 8 3 3 3 3 5 6 6 7 7 2 3 1 2 1 1 1 1 1 8 4 4 4 2 2 1 1 0 
2 0 2 3 1 2 0 5 3 16 21 8 5 4 5 3 7 4 4 13 13 8 9 2 7 3 1 2 4 3 4 4 5 3 5 4 0 4 2 1 
2 2 2 0 4 1 2 3 8 12 10 10 1 1 4 2 4 7 10 15 16 9 5 4 4 1 1 2 4 4 3 16 10 1 3 1 1 2 0 0 
1 0 0 0 1 1 2 1 3 10 10 5 5 2 1 1 1 2 1 8 11 2 2 2 1 1 2 1 2 1 2 1 5 2 1 1 2 0 1 0 
0 1 0 1 1 0 0 2 2 9 12 3 6 1 1 2 2 4 4 8 5 1 1 2 4 1 4 4 3 3 1 7 7 4 3 0 2 2 0 0 
1 0 0 0 2 0 1 4 4 10 14 3 3 2 2 2 2 3 3 12 10 3 3 3 1 2 3 4 7 8 10 10 8 2 1 1 1 1 0 0 
0 0 0 0 0 0 1 3 6 4 4 2 4 0 0 3 2 2 3 5 4 2 2 1 0 3 1 2 1 4 2 2 4 0 1 4 0 0 0 0 
1 0 0 0 0 1 1 3 1 11 6 6 3 5 6 1 2 2 4 6 6 3 9 6 4 0 1 0 0 6 3 3 6 2 1 0 1 1 0 1 
1 0 0 0 0 0 1 1 2 3 9 18 5 2 1 3 4 4 5 9 2 6 2 2 1 0 1 5 1 2 2 7 9 2 2 1 0 0 0 1 
0 0 0 0 0 0 0 2 0 2 4 2 3 1 3 0 1 0 1 1 4 3 0 0 1 1 1 1 2 3 0 3 2 2 0 0 0 1 0 0 

0 0 1 0 0 1 0 5 2 33 21 2 0 2 0 0 1 2 0 13 2 176 45 10 1 2 1 3 2 5 6 36 25 6 3 1 1 0 1 0 
0 0 0 2 0 0 0 0 3 4 11 3 2 0 1 0 1 1 6 7 153 107 25 1 2 3 2 2 4 1 5 9 8 6 0 5 1 0 0 3 
0 0 0 0 0 0 0 2 2 7 6 3 5 2 1 2 2 2 3 16 227 52 20 8 6 5 4 5 1 2 3 13 14 2 5 2 2 2 2 0 
0 0 0 1 1 3 0 6 3 11 14 1 7 4 2 4 2 2 5 17 199 87 30 5 2 0 1 2 4 4 8 17 24 4 4 4 6 0 3 2 
0 0 0 0 1 1 2 5 4 9 9 2 5 3 4 3 5 12 4 22 227 92 39 9 8 3 3 2 3 8 12 22 30 5 9 5 6 2 0 2 
1 1 5 0 2 2 3 3 9 10 9 8 7 2 1 3 3 13 17 63 687 98 21 8 8 5 5 3 3 3 10 37 40 13 10 11 3 2 1 0 
0 0 0 1 1 2 2 6 6 19 18 9 6 4 1 2 4 3 9 43 674 50 24 10 14 6 5 4 4 6 13 83 125 37 39 4 2 1 3 2 
0 1 1 0 0 2 2 8 12 21 10 7 5 2 1 1 2 4 31 41 216 44 10 8 1 4 5 9 12 7 37 505 200 53 30 4 5 5 1 2 
0 1 2 1 0 0 2 3 8 23 10 5 3 1 3 8 2 6 7 34 133 36 13 10 6 2 3 4 6 13 18 142 63 22 15 8 9 4 2 3 
0 0 0 0 0 4 2 2 9 31 38 8 12 1 3 5 4 4 7 12 43 37 31 3 5 3 3 3 4 10 13 132 87 10 11 4 6 1 4 1 
0 0 0 2 3 1 5 7 17 26 16 4 0 2 2 4 4 4 23 20 45 45 23 8 1 4 4 4 10 9 29 149 52 16 5 3 3 2 0 0 
1 1 0 1 2 2 2 4 8 97 30 9 6 3 0 2 6 3 13 31 61 34 15 12 5 8 4 2 7 12 22 211 61 14 7 2 4 5 2 0 
1 1 1 0 0 2 0 8 6 322 95 3 12 1 1 4 2 6 9 24 29 20 15 7 11 4 3 5 6 9 11 77 73 7 7 0 3 2 1 0 
1 1 0 0 2 1 7 5 32 288 63 13 12 4 6 5 7 9 11 37 50 51 17 13 6 5 6 8 10 5 36 103 48 12 5 3 3 1 1 4 
0 2 0 0 1 8 4 7 16 285 96 10 6 5 4 5 4 9 22 55 83 45 19 7 10 5 3 4 2 2 20 37 28 15 6 1 4 1 3 1 
3 0 3 0 0 0 1 11 11 152 134 17 7 2 3 5 4 4 7 34 44 22 12 16 3 3 5 5 2 6 7 21 24 7 3 0 2 1 1 1 
4 1 0 0 0 1 2 11 21 82 106 12 7 5 3 4 12 11 25 39 39 26 13 2 1 2 7 3 13 10 28 33 23 7 2 2 3 1 0 1 
2 2 1 2 2 3 4 8 17 57 110 25 9 11 6 8 3 10 15 25 40 14 7 5 5 3 3 5 16 23 23 40 35 11 9 4 1 1 1 0 
2 0 0 5 0 3 0 4 3 42 51 17 12 7 9 3 2 4 9 17 19 16 8 6 6 4 4 6 3 4 13 25 28 6 5 5 4 1 2 1 
0 1 1 1 1 0 3 5 10 34 32 15 14 3 5 4 10 6 17 25 35 9 8 3 6 0 6 4 12 14 30 41 17 5 1 2 1 3 0 0 
1 0 0 0 2 1 9 4 12 25 41 24 12 6 5 6 9 13 15 37 36 19 11 14 4 5 2 1 6 8 16 7 12 2 2 0 2 1 2 0 
2 0 0 0 1 3 2 3 3 15 23 14 16 0 6 3 2 2 5 12 24 10 12 3 4 2 1 1 2 6 8 12 7 3 4 1 0 0 1 0 
0 0 0 1 1 3 6 2 2 18 42 53 12 8 3 6 8 5 12 19 16 8 5 4 3 5 6 11 17 12 9 29 23 4 4 2 1 1 0 1 
0 0 3 0 2 2 2 4 5 25 30 37 20 10 6 3 5 4 5 8 8 5 1 0 3 2 1 2 4 6 2 7 17 2 0 0 3 2 0 1 

0 0 0 0 0 0 1 4 2 15 8 1 2 1 0 1 2 1 2 13 3 49 28 8 2 1 0 2 2 9 4 22 6 2 0 2 0 0 2 0 
0 0 0 3 0 1 0 1 1 5 6 4 1 3 4 1 4 0 7 10 17 10 9 5 10 4 8 2 6 0 7 8 5 7 3 2 0 3 3 0 
0 0 0 0 0 1 0 1 0 2 6 4 4 3 3 1 1 0 3 7 8 17 17 9 4 3 2 5 3 5 4 6 5 3 2 3 1 2 2 1 
0 0 0 0 0 1 1 1 1 6 7 1 0 1 1 4 3 2 7 9 13 26 28 4 6 3 5 5 4 5 9 8 8 3 4 2 4 1 1 0 
0 0 0 0 0 1 3 2 2 5 4 1 4 1 1 4 0 3 12 13 39 43 31 10 5 2 6 6 8 5 7 10 20 9 14 7 3 3 6 4 
2 0 0 0 0 2 2 1 5 5 5 2 2 2 7 2 5 6 11 23 65 27 21 12 10 5 6 2 4 6 3 13 19 10 6 9 8 5 2 3 
1 0 1 0 1 2 1 0 3 4 4 6 7 2 1 3 2 9 7 37 160 35 27 5 8 6 5 2 7 4 18 40 69 55 29 1 4 2 1 3 
1 1 0 1 1 0 3 3 2 4 3 3 0 2 6 0 2 5 13 25 130 18 14 7 5 6 7 5 9 5 15 90 545 83 36 7 4 5 3 1 
1 0 1 1 1 1 2 5 3 6 17 7 6 5 4 3 6 8 6 19 129 28 15 10 8 2 4 1 5 10 14 38 59 24 21 17 4 8 4 5 
0 0 0 2 0 5 1 2 2 7 6 3 5 0 3 4 4 7 14 20 267 43 20 5 6 3 4 7 4 8 15 19 42 12 22 3 11 8 7 0 
0 1 1 0 0 1 1 0 2 4 2 6 2 2 4 3 2 6 10 13 104 35 25 5 3 3 8 5 4 11 15 32 42 12 9 6 6 1 1 2 
0 2 0 1 3 3 4 3 1 16 15 8 5 6 1 4 3 2 11 31 151 27 14 7 5 6 6 4 6 11 19 106 33 14 13 11 3 0 2 7 
1 2 0 2 0 3 3 4 8 7 27 5 5 3 3 8 4 5 10 31 419 32 19 7 7 6 4 6 5 13 14 203 81 10 12 3 1 2 3 1 
3 0 3 1 1 1 2 1 20 35 29 7 2 7 6 4 5 5 9 41 247 45 15 8 5 1 4 10 5 4 26 294 44 10 5 6 5 0 1 2 
2 2 4 0 3 2 4 9 12 26 36 9 12 6 12 8 14 15 21 62 247 51 42 16 10 4 4 4 6 10 22 130 53 9 6 1 4 2 2 4 
2 0 0 2 1 6 2 6 14 56 73 14 10 4 7 6 6 10 14 51 634 39 24 10 15 7 5 4 7 11 24 169 42 4 8 8 5 1 1 1 
2 1 0 1 0 1 1 9 15 42 103 21 5 6 1 0 7 6 26 47 487 31 14 4 2 6 2 0 7 9 41 144 23 5 3 4 0 1 3 0 
3 2 2 5 3 6 4 12 22 48 130 26 20 6 6 2 6 11 10 39 86 18 12 8 6 10 6 7 6 17 47 103 40 10 8 4 4 4 3 4 
3 0 0 2 0 5 3 9 6 79 414 22 8 2 7 7 7 9 11 45 118 17 18 2 7 4 2 8 2 16 31 47 53 9 11 2 3 2 1 3 
1 1 0 0 0 0 3 2 9 28 81 18 10 5 2 3 4 5 13 27 64 17 7 1 4 2 9 5 9 6 31 66 17 3 6 3 0 1 1 1 
0 0 1 2 3 4 5 11 11 40 154 35 15 8 10 10 6 12 17 54 67 25 17 12 6 2 2 2 4 9 17 16 11 6 3 1 1 0 0 0 
2 2 0 1 3 3 1 5 7 35 163 37 27 8 6 7 5 8 6 36 59 15 20 5 4 8 1 4 8 13 25 30 31 1 1 3 1 2 1 1 
1 0 0 0 2 0 1 2 6 20 130 100 19 11 5 1 6 4 7 33 26 14 6 3 1 2 6 8 7 19 22 59 19 6 1 0 0 0 0 0 
0 1 0 0 1 2 8 11 30 39 126 155 52 17 12 6 3 3 5 10 10 7 2 1 0 1 2 1 4 9 9 7 6 3 0 1 0 0 0 0 

0 0 0 0 0 0 1 3 1 11 3 6 1 1 0 1 1 4 2 10 3 23 11 4 2 0 2 1 1 5 3 16 7 7 2 1 0 0 0 0 
0 0 0 0 0 0 1 0 1 4 2 0 3 3 0 2 0 1 1 2 5 3 3 0 1 0 1 1 2 4 3 2 3 0 0 0 0 0 0 0 
0 0 0 0 0 0 0 1 1 1 2 2 2 0 2 0 2 1 0 2 3 8 6 4 1 4 2 6 3 6 3 3 6 2 0 1 0 0 2 0 
0 0 0 0 0 0 0 0 0 3 4 2 1 1 0 2 1 2 4 8 10 14 10 4 4 4 3 3 2 7 4 7 13 6 0 0 0 0 1 0 
0 0 0 0 0 0 1 1 1 1 1 0 1 0 0 0 2 1 0 5 8 6 13 2 0 2 0 2 3 6 3 4 4 6 4 7 3 3 0 1 
0 1 0 0 1 0 0 0 0 2 2 1 4 0 1 2 2 1 2 12 4 8 6 4 2 2 2 1 2 4 4 9 6 19 10 10 2 3 3 1 
1 0 0 0 0 0 0 3 3 1 6 0 3 2 1 1 1 0 0 7 17 21 15 5 8 3 3 2 3 4 6 9 19 45 33 3 0 1 3 2 
0 1 0 0 0 0 0 0 1 2 2 1 1 4 3 0 3 5 6 9 11 4 6 2 2 3 1 5 3 8 9 17 57 64 27 6 5 1 2 2 
0 2 0 0 0 0 2 4 2 4 3 1 4 1 1 2 1 4 5 9 8 5 6 5 2 1 1 4 5 9 2 9 8 12 3 2 4 6 3 3 
1 0 1 2 1 1 0 1 2 3 7 3 2 5 2 2 2 4 8 11 14 19 17 3 4 3 4 6 3 9 4 6 11 10 10 3 5 0 2 0 
0 1 0 0 1 1 1 0 2 5 4 4 3 1 3 1 7 2 6 11 11 6 5 9 3 4 3 9 7 11 7 13 10 5 3 2 1 1 3 1 
0 0 0 0 0 2 2 2 3 3 6 1 6 2 2 1 3 2 3 11 10 8 7 2 1 4 4 4 2 5 6 17 9 8 6 3 3 0 1 2 
0 2 0 1 0 0 2 4 2 8 6 5 6 1 5 2 2 2 2 9 11 19 15 2 8 0 2 3 2 4 8 11 27 6 6 2 4 1 3 1 
1 0 0 1 0 1 1 2 3 7 5 1 0 3 1 4 4 4 5 19 21 14 4 0 3 6 6 5 3 4 3 19 26 7 2 2 2 1 1 0 
1 0 0 2 0 1 2 3 3 8 7 2 5 2 4 2 2 3 5 26 35 7 10 5 2 7 3 5 4 5 4 19 14 7 3 2 3 2 2 4 
1 0 0 0 1 3 2 4 8 5 15 5 12 3 3 3 9 4 5 22 107 33 26 5 6 6 7 2 1 3 11 30 27 2 9 3 2 2 4 1 
2 0 2 1 2 2 3 5 4 5 9 5 2 1 5 3 5 5 11 41 99 19 8 3 6 7 10 5 5 11 26 152 19 10 5 1 0 2 0 0 
2 3 2 0 1 1 4 4 6 9 15 7 3 1 3 3 2 12 6 28 49 15 4 6 6 3 2 1 6 7 40 77 14 7 3 3 4 4 2 2 
0 1 0 2 1 5 1 7 4 19 27 8 5 6 1 2 4 5 6 27 330 16 9 1 3 4 0 1 7 11 41 175 39 4 9 1 4 1 1 0 
0 0 0 1 1 1 2 1 4 8 14 8 4 0 2 4 4 6 14 36 278 12 9 5 5 3 5 3 11 8 207 180 30 10 4 2 3 0 1 0 
1 1 0 0 0 2 2 3 5 9 21 12 8 7 2 3 1 2 4 22 119 8 4 4 4 4 2 4 7 12 259 44 20 6 3 4 2 0 1 0 
0 0 0 0 1 2 2 3 6 26 47 24 21 3 7 6 4 2 3 36 370 18 8 1 4 5 1 4 8 16 333 79 39 6 7 2 3 1 3 3 
0 1 0 1 2 0 2 4 4 15 209 179 20 2 3 0 2 5 14 63 310 24 11 2 9 3 4 13 15 31 345 103 36 5 5 1 2 1 0 0 
3 0 1 0 2 2 2 3 8 11 79 137 22 9 3 6 1 4 11 44 343 25 7 2 3 2 4 8 13 56 480 56 3 6 5 3 1 0 1 0 

0 0 1 0 0 0 0 2 1 9 2 2 0 1 0 1 1 1 3 3 4 12 7 4 2 3 2 3 2 7 2 11 4 0 3 1 0 0 1 0 
0 0 0 0 0 0 0 0 0 0 1 1 3 1 1 2 0 1 2 1 2 4 7 1 0 2 2 1 2 3 2 2 2 5 1 0 2 0 1 0 
0 0 0 0 0 1 0 0 2 2 1 1 1 0 3 1 0 0 2 1 1 1 5 9 6 1 3 4 0 3 6 1 2 1 0 2 0 1 1 1 
0 0 0 0 0 0 0 0 0 0 0 2 0 1 0 1 1 1 1 3 5 3 1 0 3 2 1 3 4 7 9 5 2 3 2 0 2 0 1 0 
0 0 0 0 0 0 0 1 0 3 0 0 3 0 2 2 1 2 0 3 2 1 7 1 4 2 3 4 6 4 5 4 12 4 10 7 4 6 1 1 
0 0 0 0 0 0 2 1 1 1 2 1 1 2 0 2 1 1 2 3 8 2 2 5 4 1 5 4 1 4 7 8 8 2 3 4 3 1 5 2 
0 0 0 0 0 1 0 0 0 2 3 1 0 1 0 1 1 5 3 4 3 7 10 5 3 3 2 3 0 8 8 10 10 18 14 0 1 2 3 0 
1 0 0 0 0 0 0 1 2 1 3 1 0 3 0 2 3 0 2 2 3 1 0 2 1 1 6 3 5 10 6 8 5 15 7 5 3 2 2 2 
0 0 0 1 0 1 0 3 0 7 2 2 1 1 1 2 4 2 3 5 5 3 3 2 3 1 1 3 7 6 4 10 13 6 9 11 7 5 2 3 
1 0 0 1 0 0 1 1 0 2 1 1 1 0 2 1 2 2 3 3 0 6 9 2 1 3 2 3 2 1 5 2 14 5 8 2 5 0 2 1 
1 0 0 0 2 1 3 0 2 2 2 3 1 0 2 0 4 2 4 4 6 6 6 2 1 3 4 6 5 6 12 7 2 3 1 1 1 1 0 1 
0 0 0 1 0 1 1 0 2 5 4 3 5 2 2 2 3 3 4 11 5 5 5 3 7 4 2 3 3 6 8 5 7 6 4 2 2 0 1 2 
0 1 0 0 0 0 0 2 5 3 0 1 2 2 2 5 0 1 5 6 4 6 7 1 5 8 2 6 7 1 2 13 12 4 2 0 8 1 3 3 
0 0 2 1 0 0 0 2 2 2 4 2 3 1 1 4 3 2 2 7 7 9 1 1 5 2 5 11 6 6 9 17 12 5 0 0 1 0 0 2 
1 0 0 1 0 0 0 7 2 5 2 2 3 3 2 0 2 3 6 8 11 12 4 1 7 2 2 6 7 2 4 5 8 7 5 2 2 2 3 0 
0 0 0 1 0 2 1 3 2 4 4 1 4 5 3 5 4 1 5 13 7 6 3 0 4 1 5 4 10 2 5 6 16 3 5 0 2 1 1 2 
0 2 2 0 1 1 0 1 1 3 3 2 0 3 4 1 2 5 8 15 9 10 5 2 2 6 2 8 5 2 10 13 7 3 2 1 1 0 0 1 
3 0 0 0 1 2 2 5 5 6 9 5 3 4 1 6 5 9 8 21 20 7 5 2 6 6 3 5 8 9 10 12 17 7 4 3 0 2 3 2 
0 0 0 1 0 1 1 4 1 11 4 6 3 4 3 4 0 5 6 11 18 5 7 6 2 3 6 2 5 5 8 16 22 5 12 2 7 1 1 0 
1 0 1 1 1 1 2 2 4 6 6 2 2 2 1 0 3 2 3 11 14 9 6 6 5 6 7 14 7 10 27 39 11 2 4 1 2 1 0 1 
0 0 0 1 0 2 4 5 1 4 8 0 5 3 4 0 5 4 7 16 15 9 2 4 3 5 2 3 3 17 15 23 15 7 4 5 2 2 0 1 
0 0 0 1 1 1 1 2 2 4 2 2 7 4 2 2 4 3 6 14 28 6 7 1 8 5 1 11 4 7 26 53 37 1 4 4 4 0 1 1 
0 0 0 0 0 0 2 3 3 7 18 22 8 6 1 1 2 6 12 23 34 7 3 6 2 3 5 10 14 16 64 65 24 7 1 0 1 0 1 1 
0 0 2 1 1 2 0 2 1 10 22 20 7 3 8 7 7 11 25 31 69 15 8 8 4 3 7 7 27 49 113 55 22 17 9 6 2 1 1 1 

0 0 0 0 0 0 0 0 1 1 2 0 0 0 0 1 0 3 2 0 0 5 2 0 2 3 0 4 1 10 7 11 1 3 0 1 0 0 0 0 
0 0 0 0 0 1 0 0 1 1 2 0 1 0 0 0 0 0 2 2 2 1 2 0 4 0 0 2 4 2 7 1 4 2 1 1 0 2 3 2 
0 0 0 0 0 0 0 0 0 2 0 1 0 2 2 1 0 0 1 0 0 2 1 1 1 0 3 0 5 3 9 7 2 9 1 0 2 2 2 0 
0 0 0 0 0 0 0 0 0 2 0 1 0 0 0 1 1 0 2 3 3 2 4 3 2 1 0 3 2 13 2 2 6 4 4 0 0 0 1 1 
0 0 0 0 0 0 0 2 0 0 1 0 0 0 0 0 2 1 0 1 4 1 2 0 1 5 3 4 15 20 7 6 5 3 5 0 3 3 0 1 
0 0 0 0 0 0 2 0 0 0 1 0 0 0 0 0 0 0 1 0 0 2 1 1 3 2 0 3 3 7 8 5 8 4 4 2 3 0 2 1 
0 0 0 0 1 1 0 0 0 0 3 1 1 0 1 0 0 2 1 2 3 1 4 2 1 2 4 3 5 5 8 5 6 5 4 0 3 1 2 1 
0 0 0 0 0 0 0 0 0 0 1 0 0 0 2 1 4 1 2 1 2 0 2 2 3 3 5 8 11 14 5 6 7 9 3 7 0 0 0 1 
1 0 0 0 0 1 0 1 0 4 0 0 1 3 1 0 1 2 2 3 4 0 2 2 2 1 3 5 4 8 11 7 8 5 3 6 1 0 1 1 
0 0 0 0 0 0 0 1 1 0 3 0 0 1 1 0 0 3 3 3 4 1 7 0 1 1 2 4 5 7 10 2 2 2 10 2 5 1 4 1 
0 0 0 0 0 0 0 1 0 3 2 1 1 1 0 0 1 2 4 3 3 6 1 0 2 3 12 7 10 11 5 13 3 2 3 2 0 1 0 0 
1 0 0 0 1 0 0 2 0 0 3 1 2 0 1 0 2 3 2 1 0 2 3 4 2 0 6 5 4 7 10 5 4 5 3 1 1 1 0 2 
1 1 0 1 1 0 0 2 0 2 1 1 1 2 1 2 0 1 3 0 3 8 1 0 5 4 1 6 4 2 7 7 10 4 2 2 3 0 2 0 
0 0 0 0 0 0 1 0 0 0 3 2 1 2 2 0 2 1 2 6 2 6 1 3 7 2 7 14 7 2 8 8 6 2 2 1 1 1 1 1 
0 0 0 0 0 0 0 0 3 0 2 2 2 2 1 0 2 1 4 7 6 4 5 2 6 5 2 3 3 5 6 2 14 5 5 1 2 0 1 1 
0 1 0 0 0 0 1 3 1 3 5 3 2 2 1 2 1 7 1 9 3 3 7 3 7 6 8 5 6 4 8 4 5 3 5 0 4 1 1 1 
1 0 0 0 0 0 1 0 0 1 2 2 1 0 1 3 3 0 3 10 6 5 1 3 2 3 9 12 7 6 1 10 3 3 2 2 0 0 0 0 
0 0 0 1 0 0 1 1 1 3 3 6 1 0 1 2 2 2 2 10 5 3 3 1 3 3 1 8 2 4 3 4 2 2 3 1 2 2 0 1 
0 0 0 0 0 0 0 3 0 7 1 1 2 2 1 0 3 10 2 8 8 4 5 3 5 3 2 8 5 4 10 11 10 4 6 4 0 0 0 1 
0 0 1 0 1 0 0 0 1 3 1 1 2 0 0 0 3 3 1 6 6 5 7 3 6 6 11 16 7 7 5 11 7 1 0 2 2 1 0 2 
1 0 1 1 2 2 2 0 1 3 2 0 1 1 2 1 3 0 5 3 7 4 7 7 2 3 2 6 3 11 10 7 9 6 5 5 0 2 1 2 
0 0 1 0 0 3 1 0 2 8 1 5 1 3 1 3 2 2 7 5 7 7 2 3 3 3 3 6 7 7 14 17 21 2 9 3 3 0 0 1 
0 0 0 1 1 0 2 1 2 1 7 4 2 2 2 1 1 6 5 5 6 2 4 3 6 6 11 9 11 14 8 22 7 1 3 1 0 2 1 0 
0 0 0 2 3 1 2 3 6 16 11 13 12 8 9 6 5 5 13 17 25 8 14 7 5 3 9 6 9 16 24 23 15 7 7 5 3 1 2 0 

0 0 0 0 0 0 0 0 0 1 0 0 0 2 0 0 0 0 1 1 1 4 1 2 3 2 3 6 3 13 15 13 5 3 1 1 0 1 0 1 
0 0 0 0 0 1 0 0 0 0 1 2 0 0 0 0 1 1 0 1 1 0 0 1 3 2 0 0 7 12 11 4 3 3 5 0 2 0 0 1 
0 0 0 0 0 0 0 0 0 1 0 1 0 0 0 0 0 1 0 1 1 0 2 1 1 2 1 2 4 5 10 4 3 5 1 1 0 0 0 1 
0 0 0 0 0 0 0 0 0 0 1 1 0 0 0 0 0 0 0 1 2 2 2 0 4 4 0 7 4 26 18 3 5 3 0 0 0 0 0 0 
0 0 0 0 0 1 0 0 0 1 1 0 0 1 0 0 0 2 1 0 1 0 2 0 3 1 3 3 0 17 12 8 3 5 6 5 3 1 0 3 
1 0 0 0 0 0 0 0 1 0 1 0 0 0 0 0 1 0 5 0 2 1 0 0 3 0 3 2 8 6 4 4 5 5 1 3 2 1 1 2 
0 0 0 0 0 0 0 0 1 1 1 0 0 0 1 2 2 0 1 3 3 4 1 1 1 1 3 5 4 25 13 6 5 7 8 2 2 0 1 1 
0 1 1 0 0 2 1 0 0 1 1 0 1 0 0 1 0 1 1 3 4 2 1 0 0 4 6 5 8 22 18 8 5 5 4 0 3 1 0 2 
0 0 0 0 0 1 0 0 0 2 4 0 0 1 0 0 1 1 3 2 3 1 1 4 2 2 1 6 7 8 5 6 5 2 6 5 4 1 1 1 
1 0 0 0 0 0 2 0 1 2 1 0 0 0 0 0 1 1 2 3 1 0 4 1 4 1 3 10 7 19 13 3 3 0 1 1 1 0 2 0 
0 0 0 0 0 0 2 0 1 1 0 1 0 0 1 2 0 1 2 3 6 2 6 2 1 3 11 5 20 22 13 4 4 3 2 0 1 0 1 1 
3 0 0 0 1 0 1 0 2 3 2 0 1 1 2 1 0 1 0 1 0 1 4 1 2 1 4 4 13 8 4 3 6 2 5 1 0 0 0 1 
0 0 0 0 0 0 0 0 0 1 1 1 0 2 0 1 0 2 0 3 2 1 3 1 2 5 4 13 9 6 11 9 7 1 6 1 0 1 1 2 
0 0 1 1 0 0 1 0 2 3 3 1 2 0 2 2 3 1 1 3 6 1 7 3 5 3 9 11 6 10 7 7 5 2 0 1 2 1 0 0 
0 0 0 0 0 1 0 0 3 3 1 3 0 2 0 0 2 3 3 12 3 8 3 2 3 2 5 6 5 6 4 5 5 2 0 1 1 0 0 1 
0 0 0 0 0 0 1 2 0 1 1 0 0 4 2 3 5 1 1 2 7 1 1 2 2 3 7 6 7 12 8 4 10 1 2 2 2 1 2 0 
1 0 0 0 0 1 0 0 0 0 0 0 0 0 0 2 3 2 3 7 5 2 3 3 6 4 10 14 10 7 4 8 2 2 2 2 1 0 0 0 
0 1 0 0 0 0 2 0 0 2 3 0 3 0 0 0 1 3 3 7 5 3 2 1 3 6 2 5 5 9 6 2 5 4 4 0 1 1 1 2 
0 0 0 0 0 0 0 0 2 0 1 0 0 1 0 2 0 1 4 1 4 2 2 3 3 4 6 11 8 3 7 1 6 2 2 4 4 0 0 0 
0 0 0 0 0 1 0 2 2 0 0 2 0 2 1 0 2 4 3 7 2 1 3 1 4 4 5 15 11 7 4 6 5 3 2 1 1 1 1 0 
0 0 0 0 0 0 0 0 2 2 1 0 0 2 0 1 2 0 4 4 5 0 1 0 2 6 1 5 2 4 4 4 5 4 3 1 3 0 0 1 
0 0 0 0 0 1 0 1 0 0 0 3 0 5 1 1 2 0 1 3 3 9 5 1 2 4 7 10 11 7 4 4 7 3 1 3 0 0 2 1 
0 0 1 1 1 0 0 1 1 3 6 7 5 0 0 2 2 3 4 3 7 7 6 1 4 6 8 13 11 5 7 17 9 5 3 5 0 1 0 0 
0 0 0 1 0 1 1 1 2 1 1 5 3 3 2 6 2 2 6 4 6 4 2 2 3 3 4 7 7 6 5 8 9 5 2 1 3 2 1 1 

0 0 0 0 0 0 0 0 0 1 2 0 0 0 0 1 0 0 1 2 1 3 2 3 0 3 3 6 2 43 423 23 12 3 1 4 2 1 1 0 
0 0 0 0 0 0 0 0 0 0 0 0 1 2 0 0 0 1 1 0 0 0 2 0 0 2 3 3 10 36 138 19 8 7 4 4 1 0 0 1 
0 0 0 0 0 0 0 0 0 1 0 0 0 1 1 0 0 0 0 0 1 0 2 3 1 2 1 6 10 123 104 13 15 7 2 3 1 1 2 1 
0 0 0 0 0 1 0 1 0 0 0 2 0 0 0 2 0 0 0 0 1 0 3 0 1 3 2 4 5 73 73 12 5 7 1 0 2 0 1 0 
0 0 0 0 0 0 0 0 0 1 0 0 0 0 0 0 0 1 0 0 4 3 0 3 0 0 3 11 33 121 67 11 13 7 3 2 2 2 0 0 
0 0 0 0 0 0 0 0 0 0 0 1 0 0 2 0 1 0 2 0 2 0 2 5 3 2 4 8 32 150 55 25 9 9 4 4 0 5 2 1 
0 0 0 0 0 0 1 0 0 1 3 0 1 0 0 0 0 0 2 0 0 0 0 2 3 3 1 14 16 84 53 9 14 3 11 3 0 0 0 0 
0 0 0 0 0 0 0 0 0 0 1 0 0 0 0 0 0 0 3 0 1 1 2 1 6 3 7 12 50 118 43 13 8 4 4 2 0 2 0 0 
0 0 0 0 0 0 0 0 0 2 0 0 0 1 0 1 0 1 2 1 2 1 5 3 2 2 6 15 45 51 25 10 12 5 5 2 4 3 1 1 
0 0 0 0 0 0 0 0 0 0 1 0 0 1 0 1 1 1 2 3 2 1 5 1 1 3 2 7 25 49 39 11 9 8 4 3 7 3 3 0 
1 0 0 0 0 0 1 0 1 0 1 0 0 0 0 0 1 1 2 1 1 1 2 0 6 7 9 24 62 68 27 13 5 2 4 2 0 1 0 1 
0 0 0 0 0 0 1 0 0 1 0 0 1 1 0 1 0 2 0 1 3 1 1 4 7 7 13 47 76 41 24 6 10 2 3 1 1 0 0 1 
0 0 0 0 0 0 1 3 0 1 1 0 0 0 1 1 3 2 1 4 1 1 0 3 1 2 9 30 45 16 18 8 11 4 4 0 0 1 3 1 
0 0 0 1 0 0 0 0 0 1 0 0 1 0 0 0 0 0 0 4 3 1 4 3 8 6 35 42 47 14 13 5 10 4 3 2 2 1 1 0 
0 0 1 0 0 0 0 0 0 0 2 1 0 1 0 1 2 0 1 5 1 0 2 6 1 9 20 30 34 14 11 4 5 3 1 1 0 0 0 0 
0 1 1 0 0 0 2 1 1 0 3 1 0 2 2 1 1 1 0 2 1 1 3 3 1 3 8 17 28 2 8 5 6 2 3 0 1 2 0 0 
0 0 0 0 1 0 0 1 0 2 1 2 0 0 0 0 4 2 0 5 2 4 7 4 6 9 14 39 35 7 6 1 0 1 0 1 3 0 1 1 
0 0 0 1 0 1 0 1 1 2 1 0 2 1 1 3 3 2 2 2 3 1 4 8 4 13 17 42 36 18 8 3 5 1 3 1 2 2 0 0 
0 0 0 0 0 1 1 1 1 1 3 0 1 1 1 2 0 1 2 5 4 6 4 3 5 10 10 21 29 12 10 3 11 1 3 1 1 1 5 0 
2 0 0 0 0 0 0 1 2 2 0 0 0 2 0 1 3 1 0 4 1 2 4 2 10 3 18 48 22 8 9 9 3 2 4 1 0 1 1 1 
0 0 0 0 1 0 0 3 1 0 0 1 2 1 1 2 0 2 1 4 1 3 5 1 3 11 31 28 30 19 14 4 6 2 2 1 0 6 0 1 
1 0 0 0 0 0 1 2 1 1 1 1 0 1 2 1 2 5 1 4 5 0 1 8 2 5 11 28 15 8 6 5 9 2 1 2 2 1 0 1 
0 0 0 0 0 0 0 0 0 1 2 2 1 0 0 1 1 2 3 3 8 4 2 6 9 13 28 39 22 10 4 6 6 2 0 0 0 0 0 0 
0 0 0 1 0 3 2 1 2 6 7 2 3 3 4 2 1 2 2 5 9 4 3 10 8 27 42 32 19 14 4 11 12 9 5 6 2 3 1 0 

0 0 0 0 0 0 0 1 0 1 1 0 0 0 0 0 1 1 2 0 1 1 1 0 0 4 2 2 4 44 171 22 4 6 2 0 0 1 0 1 
0 0 0 0 0 0 0 0 0 0 0 0 0 1 0 0 1 1 0 1 1 1 0 0 1 3 1 2 10 20 74 17 11 10 7 5 2 0 3 2 
0 0 0 0 0 0 0 0 0 0 0 2 0 1 0 0 1 0 0 0 1 0 1 0 1 0 2 7 5 57 51 19 4 7 9 3 1 1 1 1 
0 0 0 0 0 0 0 0 0 0 0 0 1 0 0 1 0 0 0 0 1 1 2 1 1 1 1 5 2 93 87 11 6 2 8 2 1 2 0 1 
0 0 0 0 0 0 0 0 0 0 1 0 0 0 0 1 0 0 0 4 0 2 1 1 0 0 3 5 16 130 67 10 12 18 8 1 7 4 0 1 
0 1 0 0 0 0 0 0 1 2 0 0 0 1 0 0 0 0 0 1 2 0 2 1 2 6 4 8 12 133 45 15 15 9 7 2 2 2 1 3 
0 0 1 0 0 1 0 0 1 0 0 0 0 0 0 0 0 1 0 1 0 1 2 1 5 3 1 0 6 146 66 8 4 12 5 2 5 1 0 2 
0 0 0 0 0 0 0 0 0 0 0 0 0 0 0 0 0 1 2 2 3 0 0 2 0 2 6 1 29 159 41 9 6 8 5 2 2 2 0 1 
0 0 0 0 0 0 1 0 0 0 2 0 0 0 0 0 1 1 5 1 2 0 5 0 0 2 8 8 52 83 31 15 10 11 3 3 5 0 1 2 
0 0 0 0 0 0 0 0 0 0 1 1 0 0 0 0 1 0 1 0 1 2 1 2 1 3 5 17 245 62 46 6 7 5 6 5 3 0 0 1 
0 0 1 0 0 0 0 1 0 1 0 0 0 1 0 1 1 1 3 0 2 2 0 0 2 5 8 16 244 68 27 8 5 5 0 1 0 2 2 1 
0 0 0 0 0 1 0 0 1 1 1 1 0 0 0 4 0 3 1 0 3 2 0 4 5 7 10 31 163 47 20 24 12 6 5 4 1 2 2 2 
0 0 0 0 0 0 0 0 0 0 0 0 0 0 0 1 1 0 1 1 3 7 0 2 0 6 7 41 580 23 38 9 10 5 5 1 1 2 2 0 
0 0 0 0 1 0 0 0 0 1 1 0 0 0 0 0 0 1 0 3 4 1 1 2 5 5 15 52 221 15 15 6 4 1 3 1 0 1 0 1 
1 0 0 0 0 0 0 0 0 0 0 1 0 0 0 2 0 1 0 5 2 4 1 4 5 9 22 77 83 14 17 9 4 3 3 1 1 1 2 3 
0 0 0 0 0 2 0 1 0 1 1 1 0 0 1 0 0 2 0 1 0 1 1 1 1 7 7 115 134 11 18 4 4 1 5 2 1 0 1 0 
0 0 0 0 0 0 1 0 1 2 1 0 0 0 0 2 0 1 0 2 5 2 1 1 4 7 21 106 49 17 8 2 0 1 2 1 1 2 1 1 
0 1 0 0 0 0 1 0 1 0 1 1 0 0 1 0 0 3 1 3 1 2 5 6 4 14 30 105 71 19 9 9 5 4 2 1 0 1 0 0 
0 0 0 0 0 0 0 1 1 0 1 1 1 3 0 1 1 0 0 2 1 1 1 3 2 9 13 83 59 10 11 7 6 3 1 0 0 0 1 0 
0 0 0 0 0 0 0 1 0 0 0 0 1 0 0 0 2 3 1 3 3 3 3 4 4 14 30 100 32 6 6 7 2 0 3 2 2 0 0 0 
0 0 2 1 0 0 0 0 0 1 2 0 1 0 0 1 1 1 3 3 2 0 1 3 8 14 47 76 37 17 4 0 4 2 3 1 3 0 1 1 
0 0 0 0 0 0 0 0 0 0 1 0 1 0 2 1 1 2 2 2 1 3 3 4 9 15 24 55 36 12 6 2 3 1 6 1 0 2 0 0 
0 1 0 1 0 0 0 0 0 1 1 6 0 1 2 1 0 2 1 3 4 4 0 3 8 5 62 75 19 3 4 7 3 2 2 2 0 0 0 1 
0 0 1 0 0 0 0 0 0 2 5 3 2 0 4 0 1 2 2 3 8 1 11 9 26 39 113 67 38 9 11 6 4 6 5 2 2 3 3 1 

0 0 0 0 0 0 0 0 1 1 1 0 0 0 0 0 0 0 0 3 0 1 1 1 0 2 2 3 6 17 14 9 7 8 6 3 0 0 1 0 
0 0 0 0 0 0 0 0 0 0 0 0 0 0 0 0 1 0 0 1 1 0 0 0 1 0 0 0 3 9 13 5 0 8 8 2 0 1 0 0 
0 0 0 0 0 0 0 0 0 0 0 0 0 0 1 1 0 0 0 0 1 3 0 0 4 0 0 5 4 14 7 4 4 13 6 0 2 0 0 2 
0 0 0 0 0 0 0 0 0 0 0 0 0 0 0 0 0 0 0 1 1 3 2 0 0 0 2 4 3 11 24 7 7 7 7 1 3 0 1 1 
0 1 0 0 1 0 0 0 0 0 0 0 0 0 0 0 0 0 1 1 1 0 0 1 2 0 2 5 1 19 14 6 6 8 2 2 1 1 1 0 
0 0 0 0 0 0 0 0 1 0 0 0 0 0 0 0 0 1 0 0 0 1 0 0 1 1 2 1 3 7 7 2 6 4 8 0 1 3 2 0 
0 0 0 0 0 0 0 0 0 0 1 1 0 0 0 0 0 1 0 0 0 0 0 1 0 1 2 3 0 17 17 6 12 3 4 2 1 0 0 1 
0 0 0 0 0 0 0 0 0 0 1 0 0 1 0 0 0 0 0 0 0 1 3 0 3 1 5 8 9 26 15 4 4 8 2 3 0 1 1 0 
0 0 0 0 0 0 0 0 0 0 2 0 0 0 0 0 0 1 1 1 1 0 1 1 0 3 2 6 4 9 20 2 4 3 8 1 2 2 0 2 
0 0 0 0 0 0 0 0 1 0 0 0 0 0 0 0 0 1 2 0 1 0 0 3 1 4 2 12 13 22 29 6 7 7 4 2 3 0 1 0 
0 0 0 0 0 1 1 0 0 0 0 0 0 0 2 0 1 2 0 1 3 0 2 1 3 1 6 12 24 22 12 4 5 14 4 4 0 0 1 2 
0 0 0 0 0 1 0 1 0 0 0 0 0 1 0 0 0 0 0 0 1 0 0 0 4 3 2 8 15 16 11 5 7 5 1 0 2 1 1 3 
0 1 0 0 0 1 0 0 0 0 1 0 0 0 1 0 2 1 0 0 1 2 0 1 2 3 4 25 54 15 16 1 8 3 1 2 1 1 0 1 
0 0 0 0 0 0 0 0 0 1 2 1 0 1 2 0 0 0 1 0 1 2 4 2 2 7 9 15 26 16 6 2 1 2 2 1 1 0 0 1 
0 0 0 0 0 0 0 1 0 0 2 0 0 0 0 0 0 3 2 1 2 3 1 2 0 3 8 23 31 11 5 3 1 3 1 2 2 1 1 2 
1 0 0 0 0 0 0 0 1 0 0 0 0 0 1 0 0 1 1 0 1 3 1 1 0 3 7 79 104 8 8 1 3 2 0 0 1 0 1 0 
0 0 0 0 0 1 1 1 0 0 2 0 0 1 1 0 0 0 1 0 2 0 1 0 0 4 10 198 39 5 9 3 3 2 0 1 0 0 1 1 
0 0 0 0 0 0 0 2 1 1 1 1 0 0 0 0 0 0 0 0 0 1 1 2 1 5 8 66 24 3 5 2 3 2 0 2 1 1 0 1 
0 1 0 0 0 0 0 0 0 2 1 0 1 2 0 1 0 0 0 1 1 0 0 1 2 3 13 166 48 8 9 4 2 1 1 1 0 0 0 1 
0 0 0 0 0 0 0 0 0 0 1 0 0 0 2 0 1 3 0 1 0 0 8 0 4 10 32 362 29 6 1 3 2 2 4 1 0 0 1 0 
1 0 0 0 1 0 0 0 0 0 0 0 1 0 0 0 1 0 2 4 1 1 1 2 6 4 25 68 15 7 2 6 2 2 2 1 2 0 1 0 
0 0 0 0 0 1 0 1 0 1 1 0 1 0 0 0 0 4 2 0 1 1 5 1 2 5 53 126 33 4 3 7 6 1 0 1 0 0 0 1 
0 0 0 0 0 0 0 0 2 0 0 2 0 0 0 0 1 0 3 1 1 0 2 2 8 10 168 109 17 6 4 4 3 3 1 0 1 1 0 0 
0 0 0 0 0 0 1 1 0 6 1 3 2 1 2 0 1 2 0 5 1 5 3 4 9 24 206 43 14 5 2 5 4 1 1 1 1 1 0 0 

0 0 0 0 0 0 0 0 0 0 0 0 0 0 0 0 0 3 1 1 0 1 0 0 0 1 0 4 0 8 6 10 8 15 13 7 0 0 1 1 
0 0 0 0 0 0 0 0 0 0 0 0 0 0 0 0 1 0 0 1 0 0 0 1 0 0 0 0 3 3 5 6 2 21 11 6 2 2 2 1 
0 0 0 0 0 0 0 0 0 1 0 0 0 0 0 0 0 0 0 2 0 1 1 1 1 0 3 1 4 3 6 6 3 7 4 1 1 1 0 0 
0 0 0 0 0 0 0 0 0 2 2 0 0 0 0 0 0 1 0 1 1 1 3 0 1 0 1 2 1 4 6 9 6 9 9 1 1 1 3 0 
1 0 0 0 0 0 0 0 0 1 0 0 1 0 1 0 0 2 0 1 2 0 1 0 0 0 1 3 1 7 10 9 5 15 7 3 1 2 0 0 
0 0 0 0 0 0 0 0 0 0 1 0 0 0 0 0 0 0 0 0 1 0 0 0 0 1 2 2 1 6 7 5 3 4 5 3 0 1 0 1 
0 0 0 0 0 0 1 0 0 1 1 0 0 0 0 0 0 0 0 1 2 0 1 2 0 4 3 3 0 3 6 3 6 5 7 1 2 1 0 1 
0 0 0 0 0 0 0 0 2 0 0 1 0 0 0 0 0 1 1 0 0 1 1 0 0 1 2 5 7 9 5 7 8 10 5 1 0 0 2 1 
0 0 0 0 0 0 0 0 0 0 2 0 0 0 0 0 0 1 0 2 1 0 1 0 0 2 1 1 3 9 6 6 2 4 4 2 4 1 0 2 
0 0 0 0 0 0 0 0 0 0 0 0 0 0 0 0 0 0 0 2 0 0 1 0 0 1 1 3 5 10 12 3 9 5 6 1 5 1 1 1 
0 0 0 0 0 0 0 0 0 0 0 0 0 0 0 0 0 0 3 2 2 1 0 2 1 1 4 4 8 11 5 4 4 3 5 1 0 0 1 0 
0 0 0 0 0 0 0 0 0 0 1 0 0 0 0 1 2 0 0 0 0 1 3 4 1 3 1 5 8 9 3 3 3 3 7 2 1 2 0 3 
0 0 0 0 0 0 0 0 0 1 0 0 1 0 0 0 0 0 0 0 0 2 0 0 1 3 1 9 12 7 7 1 7 3 4 2 1 0 2 0 
0 0 0 0 0 0 0 1 0 1 1 0 0 0 1 0 1 1 0 1 2 0 0 0 4 1 7 7 10 4 3 5 4 2 0 2 0 1 1 0 
0 0 0 0 0 0 0 1 1 1 0 1 0 1 0 1 0 0 1 1 2 0 2 1 5 4 6 8 13 1 4 1 2 1 1 0 0 2 0 1 
0 0 0 0 0 0 0 0 0 0 1 0 0 0 1 0 0 0 0 0 2 1 1 1 0 0 2 12 13 2 3 2 3 1 1 0 1 1 0 1 
1 0 0 0 0 0 0 0 1 0 0 0 0 0 0 1 1 0 1 0 2 2 0 1 4 3 8 22 7 6 1 1 2 3 2 2 1 0 1 1 
0 0 0 0 0 0 0 0 0 0 0 0 0 1 0 0 2 0 2 1 1 1 2 3 2 7 6 12 12 3 6 2 2 1 1 2 3 2 0 0 
0 0 1 0 0 1 0 0 1 0 1 0 1 1 1 0 1 0 0 1 0 1 1 3 2 3 7 16 14 2 7 3 4 1 1 1 0 1 1 1 
1 0 0 0 0 0 0 1 0 0 0 1 0 1 0 0 0 0 0 3 1 1 1 1 5 5 8 14 7 8 2 3 4 1 1 0 0 0 1 0 
0 1 0 0 1 0 0 0 1 0 1 0 1 1 0 1 0 0 1 0 1 0 0 2 5 8 4 12 8 7 6 3 2 3 1 1 0 0 0 1 
0 0 0 0 0 1 0 0 0 0 0 0 0 0 1 0 1 0 1 0 2 0 1 1 2 3 6 16 11 6 3 4 1 0 2 0 0 0 2 0 
0 0 0 0 0 0 0 0 1 2 2 0 0 0 1 1 2 3 3 1 1 0 0 1 1 3 16 32 7 4 2 5 1 1 1 2 0 0 0 1 
0 0 0 0 0 1 0 0 0 0 1 0 1 0 1 0 3 2 1 3 2 2 3 0 3 9 18 17 19 3 7 3 4 4 2 0 2 0 0 0 

1 0 0 0 0 0 0 0 0 0 1 0 0 1 0 0 1 1 0 3 1 0 0 3 0 1 0 3 0 5 1 19 5 32 21 5 0 0 1 1 
0 0 0 0 0 0 0 0 0 0 0 0 0 0 0 0 0 1 0 1 2 2 0 0 0 1 0 1 0 0 5 5 10 23 17 7 1 2 3 1 
0 0 0 0 0 0 0 0 0 0 0 0 0 0 0 0 0 0 0 0 1 1 0 0 2 0 0 0 1 2 3 2 6 16 13 3 1 0 0 0 
0 0 0 0 0 0 0 0 1 0 0 0 0 0 0 0 0 0 0 0 0 1 0 0 1 3 0 1 1 5 1 6 4 12 9 2 5 2 0 0 
0 0 0 0 0 0 0 0 0 0 0 0 1 0 0 0 1 0 0 1 1 2 1 0 0 1 1 3 4 4 2 4 5 15 10 5 1 3 0 4 
0 0 0 0 0 0 0 0 0 0 0 0 0 0 0 0 1 0 0 1 1 0 2 1 1 2 1 0 0 3 3 4 4 11 9 4 3 2 1 0 
0 0 0 0 0 0 0 0 0 0 0 0 0 0 0 1 0 1 0 0 2 0 0 1 1 1 1 2 1 4 7 4 6 5 7 4 4 2 0 1 
0 0 0 0 0 0 0 0 0 0 1 0 0 0 0 1 0 1 0 1 2 0 0 0 0 2 0 2 5 5 5 5 7 13 7 0 1 0 0 0 
0 0 0 0 0 0 0 0 0 0 0 0 0 1 0 0 0 0 0 0 0 1 0 2 1 1 1 4 1 1 6 3 5 5 6 4 2 0 2 1 
1 0 0 0 0 0 0 0 0 0 0 0 0 0 0 0 0 0 0 2 0 1 0 0 2 0 1 1 4 9 11 5 6 3 1 2 1 0 0 0 
0 0 1 0 0 0 0 0 0 0 0 0 0 0 1 1 0 0 3 0 0 2 4 0 1 0 0 1 5 4 4 4 7 4 2 1 3 0 0 1 
0 0 0 0 0 0 0 0 1 1 1 0 0 0 0 0 0 0 0 1 0 3 0 2 1 2 1 2 2 5 5 3 4 2 0 3 1 0 1 1 
0 0 0 0 1 0 0 0 0 0 0 0 0 0 0 0 0 0 1 0 1 0 0 1 1 1 3 3 4 6 8 4 2 5 4 1 1 2 1 0 
0 0 1 0 0 0 0 1 0 0 0 0 1 0 0 0 0 1 0 2 0 3 2 2 2 1 1 6 4 6 5 5 4 3 6 3 0 1 0 0 
0 0 0 0 0 0 0 0 0 0 0 0 0 0 1 0 0 0 1 0 1 0 1 3 4 2 3 9 4 4 3 4 2 2 3 2 1 0 0 1 
0 0 0 0 0 1 0 0 0 0 0 0 1 0 0 0 0 0 0 2 1 0 0 2 2 3 4 9 6 4 5 1 1 1 1 1 0 0 0 1 
0 0 0 0 0 0 1 0 0 0 1 0 0 0 1 1 1 0 2 1 0 1 2 0 2 0 2 3 2 0 2 3 6 4 3 1 0 3 0 0 
1 0 0 1 0 0 0 0 0 0 0 0 0 1 0 0 0 0 0 2 0 1 1 2 3 2 4 6 7 3 5 0 0 1 0 0 2 0 0 1 
0 0 0 0 0 0 2 0 0 0 0 0 1 1 0 1 2 1 0 1 0 0 1 2 0 0 2 6 6 5 5 0 1 0 2 1 2 0 1 0 
0 0 0 0 0 0 0 0 0 0 0 0 0 0 0 2 0 0 1 2 2 1 1 0 0 4 0 5 3 2 4 2 0 0 2 0 0 2 1 0 
0 0 0 0 0 0 0 0 0 0 0 0 0 0 1 0 1 0 0 0 1 1 0 0 1 2 5 7 1 2 1 3 2 2 2 1 0 0 3 1 
1 0 0 0 0 0 0 0 0 0 0 1 0 0 1 0 1 0 0 0 2 3 1 3 2 3 5 14 6 6 4 0 3 4 1 1 1 0 0 2 
0 0 1 0 0 0 0 0 0 1 0 0 1 0 0 1 0 1 0 1 2 0 2 2 0 0 3 9 11 2 2 2 3 0 2 0 0 1 0 0 
0 0 0 0 0 0 1 0 0 0 1 0 1 4 0 1 1 1 1 2 2 1 1 2 2 7 18 13 11 9 3 4 3 3 0 1 0 0 0 0 

0 0 0 1 0 0 0 0 0 0 1 0 0 0 0 1 0 0 0 2 0 0 1 1 1 0 1 0 1 5 1 13 6 57 28 5 3 1 1 1 
0 0 0 0 0 0 0 0 0 0 0 0 0 0 0 0 0 0 0 0 1 0 0 0 2 0 2 0 0 3 3 2 9 29 18 4 2 4 1 1 
0 0 0 0 0 0 0 1 0 0 0 0 1 0 0 0 0 0 1 0 1 0 0 1 0 0 0 1 0 0 2 3 9 9 13 7 5 3 4 3 
1 0 0 0 0 0 0 0 0 0 1 1 0 0 0 0 1 1 2 2 6 2 0 0 3 0 1 1 1 3 7 5 10 32 25 6 3 5 3 0 
0 0 0 0 0 0 0 0 0 0 0 0 1 0 1 1 1 1 1 1 0 1 1 1 1 0 1 3 2 4 6 7 11 18 13 5 4 2 2 2 
1 0 0 0 0 0 0 1 1 0 0 0 1 0 0 0 0 0 0 1 2 0 0 1 1 0 0 1 0 3 1 7 1 5 8 3 2 1 2 3 
0 0 0 0 0 0 1 0 0 0 0 1 0 0 0 0 0 0 0 1 2 0 1 1 0 0 1 0 1 2 4 5 7 8 13 10 5 0 2 0 
0 0 0 0 0 0 0 0 0 0 1 0 0 1 0 0 0 2 0 2 1 2 0 0 0 0 1 2 0 3 5 4 3 13 8 0 2 1 2 0 
0 0 0 0 0 0 0 0 0 0 0 0 0 1 0 0 0 0 1 0 1 0 1 0 0 1 2 3 5 2 6 2 2 6 5 3 3 1 2 1 
0 0 0 1 0 0 0 0 0 0 0 0 0 1 0 0 1 0 0 0 0 0 0 0 1 0 1 1 3 5 4 4 4 6 3 1 5 0 1 0 
0 0 0 0 0 0 0 1 0 0 0 0 0 0 1 1 0 1 3 0 0 0 0 0 2 1 1 2 4 4 6 4 6 5 4 1 4 0 0 3 
0 0 0 0 0 0 0 0 0 0 0 1 0 0 0 0 0 0 2 0 0 1 0 3 1 2 1 3 4 0 3 0 1 4 3 3 3 1 2 1 
0 0 0 0 0 0 0 0 0 1 0 1 1 0 1 0 0 1 0 1 0 0 0 0 0 1 0 2 5 0 3 1 2 4 3 2 2 0 1 0 
0 1 0 0 1 0 0 0 0 0 0 0 0 0 0 0 0 1 0 0 0 0 0 0 2 1 3 5 3 2 6 4 3 7 3 1 1 0 0 1 
1 0 0 0 0 0 0 0 0 0 0 1 0 0 0 0 0 1 0 1 0 2 0 1 0 4 2 2 2 2 4 2 0 4 2 1 1 0 0 0 
0 0 0 0 0 0 0 0 0 0 0 0 0 0 1 0 0 0 1 0 1 2 1 0 1 3 2 3 0 1 0 2 3 1 1 0 1 1 1 3 
0 0 0 0 0 0 0 0 0 1 0 0 0 0 1 0 0 0 2 0 2 1 1 2 0 0 1 6 0 3 0 2 2 3 2 2 2 0 0 0 
0 0 0 0 0 0 0 0 0 0 0 0 0 1 0 0 1 1 1 0 0 0 2 2 1 2 0 2 2 2 0 3 0 2 0 2 2 0 2 0 
0 0 0 1 0 0 0 0 0 0 1 0 0 0 0 0 0 0 0 1 0 1 0 1 0 1 0 1 6 1 3 0 1 3 1 0 1 1 1 0 
0 0 0 0 0 0 1 0 0 0 0 1 0 0 1 0 0 0 3 1 1 2 3 0 2 1 1 5 6 4 5 2 3 1 2 1 1 0 0 1 
0 0 0 0 0 0 0 0 0 0 0 0 0 1 1 0 0 0 1 0 1 2 0 1 1 1 2 1 4 1 2 2 1 2 2 1 4 0 0 0 
0 0 0 0 1 0 0 0 0 1 0 0 0 0 0 0 0 0 0 0 0 0 0 1 0 1 1 5 2 3 4 0 1 2 1 0 1 0 0 0 
0 0 0 0 0 1 0 0 0 1 0 0 0 1 0 0 0 2 1 1 2 3 2 2 1 2 5 7 3 3 0 0 3 4 0 1 0 1 0 0 
0 0 0 0 1 0 0 0 0 0 0 1 0 0 0 0 0 1 1 0 0 2 0 1 1 2 3 3 1 3 3 3 1 1 0 0 0 1 0 1 

1 0 0 0 0 0 0 0 0 0 1 0 0 0 1 0 0 3 0 4 4 1 2 0 1 0 0 2 0 8 6 22 201 195 51 12 11 3 0 0 
0 0 0 0 0 0 0 1 0 0 1 0 0 0 0 0 0 1 2 1 2 1 1 0 0 0 2 2 2 1 6 13 58 147 60 12 3 8 7 2 
0 1 0 0 0 0 0 0 1 0 0 0 0 0 0 0 2 0 0 1 2 1 2 1 1 1 1 4 4 6 5 16 74 136 42 18 14 6 3 5 
1 0 0 0 0 0 0 0 0 0 0 0 0 0 0 0 0 1 0 0 1 1 1 0 1 0 2 1 1 3 8 12 21 65 59 10 11 3 4 2 
0 0 0 0 0 0 0 0 0 0 0 1 1 0 1 1 0 1 1 2 2 2 0 0 1 2 4 3 3 8 9 27 30 73 72 22 14 5 4 2 
0 0 0 0 0 0 0 0 0 0 0 0 1 0 0 0 1 1 0 1 1 0 0 1 2 0 1 2 4 3 5 13 27 67 47 26 9 12 1 1 
0 0 0 0 1 0 0 0 1 0 0 0 0 0 0 0 0 0 0 0 3 0 2 0 2 0 0 2 0 5 4 3 3 13 33 5 13 0 5 1 
0 0 0 0 0 0 0 0 0 0 0 0 0 0 0 0 1 1 0 1 1 1 1 0 1 3 1 2 3 4 6 11 12 20 19 9 6 2 1 2 
0 0 0 0 0 0 0 0 0 0 0 0 0 0 0 0 1 0 1 1 0 1 3 1 0 1 2 2 1 4 2 5 7 11 5 5 3 1 1 1 
0 0 0 0 0 0 0 0 0 0 0 0 0 1 1 0 0 0 1 1 1 0 2 2 0 1 1 2 3 0 7 4 4 10 10 3 3 2 1 1 
0 0 0 0 0 0 0 0 0 0 0 0 0 0 0 0 0 0 1 3 0 3 3 0 0 1 2 0 0 3 5 7 11 13 10 1 2 1 1 1 
0 0 0 0 0 0 0 0 0 0 0 2 0 0 0 1 0 0 1 0 0 0 0 0 0 0 2 1 2 4 6 0 6 4 4 1 3 3 0 2 
0 0 0 0 0 0 0 0 0 0 0 0 0 0 1 1 0 0 1 0 1 0 2 0 4 2 4 2 2 2 2 0 5 7 3 3 3 1 1 1 
0 0 0 0 1 0 0 0 0 2 0 1 0 0 0 0 1 1 0 2 2 4 4 1 1 1 2 4 1 0 4 1 8 11 9 3 1 0 0 0 
0 0 0 0 0 0 0 0 0 0 0 0 1 1 1 1 1 0 0 0 0 2 0 0 2 1 0 0 6 2 2 1 5 4 3 3 2 1 1 0 
0 0 0 1 0 1 0 0 0 0 0 0 0 0 0 0 0 0 0 1 1 0 0 0 1 0 1 0 1 0 2 1 0 2 1 0 1 0 0 0 
0 0 0 0 0 0 0 0 0 1 0 0 0 1 0 0 0 0 2 0 0 5 1 0 2 1 1 6 2 1 4 4 1 5 0 2 3 0 1 0 
0 0 0 0 0 0 0 1 0 1 0 0 1 0 0 0 1 0 0 1 0 0 1 0 4 1 0 1 3 1 2 2 2 0 1 0 1 1 0 0 
0 0 0 0 0 0 0 0 0 0 0 1 0 1 0 0 1 0 0 2 0 0 0 1 2 1 0 1 5 0 1 1 0 2 1 0 4 0 2 0 
0 0 0 0 0 0 0 0 0 0 0 0 0 1 0 0 0 3 0 1 1 4 4 0 3 2 0 2 6 1 3 2 0 4 0 0 0 0 0 1 
0 0 0 0 0 0 0 0 0 0 1 0 0 0 1 1 0 0 0 1 1 0 1 1 0 3 1 1 3 2 1 4 0 1 2 0 1 0 0 1 
0 0 0 0 0 0 0 0 0 1 0 1 0 0 1 1 0 0 1 1 1 1 0 1 4 1 1 1 1 0 1 3 0 0 2 0 2 0 0 0 
0 0 0 0 0 0 0 2 0 0 0 0 0 1 0 1 1 0 2 2 3 4 1 1 1 1 4 4 4 1 0 2 2 3 2 0 2 0 1 1 
0 0 0 0 0 0 0 0 0 1 3 0 0 0 0 0 0 0 2 2 1 1 2 5 2 3 1 6 11 7 2 2 0 4 3 1 2 1 0 0 

0 0 0 0 0 0 0 0 0 1 1 0 0 0 0 0 0 1 1 6 5 0 0 0 1 1 0 1 1 2 1 15 38 196 64 13 3 0 2 1 
0 0 0 0 0 0 0 0 0 0 0 0 0 0 0 0 1 2 0 2 1 4 1 1 2 1 0 0 0 2 2 7 80 217 71 14 12 7 2 8 
0 0 0 0 0 0 0 0 0 0 0 0 1 0 0 2 0 0 0 0 1 2 0 1 0 1 0 2 2 3 7 7 42 287 60 26 18 13 9 8 
0 0 0 0 0 0 0 0 0 1 0 0 0 0 0 1 1 1 1 2 4 0 1 1 1 1 0 1 0 3 8 6 29 209 119 11 17 7 3 5 
0 0 1 0 0 0 0 0 0 0 0 0 0 0 0 0 0 0 2 4 2 0 0 0 0 0 0 0 2 4 1 9 34 803 144 28 17 5 7 5 
0 0 0 0 0 0 0 2 1 0 0 0 0 0 0 1 1 0 1 1 1 0 5 1 0 0 2 1 1 6 6 11 32 100 78 35 16 9 9 8 
0 0 0 0 1 0 0 0 1 0 0 0 0 0 0 1 0 0 0 2 4 1 0 0 1 1 2 0 4 7 3 6 23 49 87 17 8 6 7 2 
0 0 0 0 0 0 0 0 0 0 0 1 1 2 1 0 1 1 3 4 3 2 0 1 1 0 1 2 2 2 4 9 12 44 48 7 3 9 1 0 
0 0 0 0 0 0 0 0 0 0 0 0 0 0 0 0 0 0 1 0 0 0 1 0 2 0 0 0 1 1 3 5 5 10 19 5 3 4 3 4 
0 0 0 0 0 0 0 0 0 1 0 0 0 0 0 0 0 0 0 0 1 0 2 1 0 0 0 0 1 2 5 5 3 6 11 3 6 1 4 1 
0 0 0 0 0 0 0 0 0 0 0 0 0 0 0 0 1 0 3 1 2 1 1 1 0 2 0 3 3 0 4 1 6 7 7 1 0 0 0 0 
0 1 0 0 0 0 0 0 0 0 0 0 1 0 0 0 0 0 0 0 0 1 2 1 1 0 1 1 1 6 5 0 6 8 11 3 1 0 0 2 
0 1 0 1 0 0 0 0 1 1 0 0 0 2 1 0 0 0 1 1 1 0 1 0 2 0 1 1 3 2 0 2 4 7 11 6 4 4 3 1 
0 0 0 0 0 0 0 0 0 0 0 0 0 0 0 0 0 2 0 3 2 6 1 2 2 0 3 2 2 3 2 2 13 9 2 3 2 3 0 0 
0 0 0 0 0 0 0 0 0 0 0 0 0 0 0 0 0 1 0 1 0 1 1 0 1 1 0 3 0 3 2 0 1 10 6 1 2 1 0 2 
0 0 0 0 0 0 1 0 0 0 0 0 0 0 1 1 0 0 0 2 2 1 1 1 2 0 0 2 3 2 2 0 1 3 3 3 1 0 1 0 
0 0 0 0 0 0 0 0 0 0 0 0 2 0 0 0 0 0 0 3 0 4 0 0 1 3 2 0 3 1 3 1 3 4 4 3 2 0 0 1 
0 0 0 0 0 0 0 0 0 0 0 0 0 0 0 0 0 0 0 0 0 0 0 3 2 0 1 0 0 3 3 2 1 1 2 4 1 1 0 0 
0 0 0 0 0 1 0 1 0 0 0 0 0 0 0 0 0 1 0 1 0 0 0 0 0 0 1 2 1 0 3 0 4 1 2 3 2 0 1 0 
0 0 0 0 0 0 0 0 0 2 0 0 0 0 0 0 0 2 2 1 0 3 2 1 0 0 2 3 3 0 2 4 5 7 2 1 1 1 0 0 
0 0 0 0 1 0 0 0 0 0 0 0 0 0 0 0 1 0 0 0 0 2 1 0 1 0 0 2 1 1 2 3 1 2 3 0 0 0 1 0 
0 0 0 0 0 0 0 0 0 0 0 1 0 0 0 1 0 0 0 1 1 2 1 1 3 1 1 0 4 1 2 1 3 3 2 0 1 0 0 0 
0 0 0 1 0 0 0 0 0 0 0 0 0 0 0 2 1 0 4 2 1 4 3 1 1 2 2 3 2 2 2 0 0 2 1 1 1 0 0 0 
0 0 0 0 0 0 1 0 0 0 0 1 0 0 0 0 1 0 1 0 1 1 0 1 1 0 0 2 0 1 1 2 1 0 1 0 1 1 1 0 

0 0 0 0 0 0 0 0 0 0 0 0 0 1 0 0 0 3 1 7 11 2 2 0 2 0 0 0 0 3 2 7 8 70 31 9 3 1 1 1 
0 0 0 0 1 0 0 0 0 0 1 1 0 1 0 0 1 2 0 9 7 2 3 0 0 0 0 0 0 0 1 2 11 28 25 10 6 3 2 3 
0 0 0 0 0 0 0 0 0 0 0 0 0 1 0 0 0 1 3 5 1 1 0 1 0 0 0 1 0 0 0 8 11 31 16 9 6 5 2 1 
1 0 0 0 0 0 0 0 0 0 0 0 0 0 0 0 0 0 3 2 3 1 1 1 1 0 0 2 0 1 3 9 13 42 71 5 6 2 3 4 
0 0 0 0 0 0 0 0 0 1 0 0 0 0 1 0 1 3 6 5 5 0 5 3 1 1 1 1 1 3 3 7 11 116 84 11 4 4 3 1 
0 0 0 0 0 0 0 0 0 0 0 0 0 0 0 1 1 1 1 1 1 1 0 1 2 0 2 1 2 2 3 4 7 96 40 9 4 6 3 3 
0 0 0 0 0 0 0 0 0 0 1 0 0 0 0 2 1 0 0 2 1 2 0 1 0 2 1 0 0 2 2 2 6 151 112 8 8 2 2 3 
0 0 0 0 0 0 0 0 1 0 2 1 1 0 0 0 2 1 2 3 1 0 2 0 1 3 1 1 4 2 8 3 16 254 119 21 10 3 2 3 
0 0 0 0 0 0 0 0 0 0 0 0 0 0 0 0 1 1 0 5 2 1 0 0 2 1 1 3 2 3 0 1 11 172 64 12 7 2 4 1 
0 0 0 0 0 0 0 0 0 0 0 0 1 0 0 0 0 1 0 1 1 2 0 0 1 1 1 1 2 7 2 4 4 40 49 11 6 7 1 3 
0 0 0 0 0 0 0 0 0 0 0 0 0 0 1 1 0 2 2 3 3 6 4 1 1 0 1 3 0 1 2 5 13 27 34 15 9 3 3 3 
0 0 0 0 1 0 0 0 0 0 0 0 0 0 1 0 1 1 2 2 2 2 5 3 2 1 1 7 5 5 5 8 16 49 56 15 7 5 3 3 
0 0 0 0 0 0 0 1 0 0 0 0 0 0 0 0 1 1 0 1 1 2 0 0 1 1 1 1 6 3 3 4 5 18 20 5 9 1 2 3 
0 0 0 0 0 0 1 1 0 0 0 0 0 0 1 3 2 1 1 5 5 6 1 2 4 3 2 1 4 1 4 5 20 24 22 5 6 1 4 2 
0 0 0 1 0 0 0 0 0 0 0 0 0 0 1 2 0 1 1 0 2 3 2 1 1 0 1 1 1 1 2 2 10 11 10 5 4 1 3 1 
0 0 0 0 0 1 0 0 1 0 0 0 0 0 1 0 0 0 0 2 0 3 2 1 0 3 0 0 2 2 1 3 5 7 6 2 1 1 1 2 
0 0 0 1 0 0 0 0 0 1 0 0 1 1 1 1 1 2 2 5 2 6 4 1 1 1 0 5 3 1 4 3 10 14 8 3 1 1 0 2 
0 0 0 0 0 0 0 0 0 0 0 0 0 0 0 0 0 0 2 0 1 1 1 4 0 1 1 5 3 2 3 2 3 4 6 4 4 3 0 1 
1 0 0 0 0 0 0 0 0 0 1 0 0 0 0 1 0 0 0 0 0 2 2 1 0 0 3 1 2 1 2 1 1 4 7 3 4 0 0 0 
0 0 0 0 0 0 0 1 0 0 0 0 0 0 2 0 2 3 2 3 4 8 5 4 2 1 4 2 3 3 9 6 4 10 2 2 1 1 0 1 
0 0 0 0 1 0 0 0 0 0 0 1 0 0 0 0 0 2 1 1 2 1 0 0 1 0 0 2 3 3 1 0 1 5 0 2 2 0 1 0 
1 0 0 0 0 0 0 0 0 0 0 0 0 0 0 0 1 0 1 0 0 1 1 1 0 2 2 1 0 2 1 3 1 3 0 0 1 1 0 0 
0 0 0 0 0 0 0 0 0 0 0 0 0 0 1 0 1 0 1 3 0 7 0 1 0 0 2 4 1 1 1 1 4 5 6 0 2 0 0 0 
0 0 0 0 0 0 0 1 0 0 1 0 0 1 2 0 0 1 0 3 1 2 2 1 2 2 3 1 1 2 5 2 2 2 0 0 3 1 0 1 

0 0 0 0 0 0 0 0 0 0 0 0 0 4 1 1 2 5 2 18 16 0 4 0 0 1 0 0 1 3 6 4 4 29 19 9 0 2 0 0 
0 0 0 0 0 0 0 0 0 0 0 0 0 0 0 0 0 6 0 3 5 3 0 0 0 1 1 1 1 0 1 3 4 6 11 6 6 3 0 3 
0 0 0 0 0 0 0 0 0 0 0 0 0 0 1 1 0 1 0 4 6 1 0 0 3 0 0 0 0 1 1 3 8 9 10 6 2 2 3 10 
0 0 0 0 1 0 0 0 0 0 0 2 0 0 0 0 0 2 1 7 4 0 0 0 1 0 2 2 0 1 4 1 3 8 30 3 3 0 2 4 
0 0 0 0 0 0 0 0 0 0 0 0 1 1 3 2 4 1 3 7 4 1 2 0 0 2 1 2 1 0 5 3 8 15 25 6 6 4 4 5 
0 0 0 0 0 0 0 0 0 0 0 0 0 0 0 0 0 0 3 2 2 0 0 1 1 0 1 0 3 0 4 6 12 11 18 6 13 2 5 5 
0 0 0 0 0 0 0 1 0 0 0 0 0 0 0 1 0 0 3 3 1 3 5 1 1 1 1 2 2 2 8 2 5 12 30 6 2 2 1 2 
0 0 0 0 0 0 1 0 0 0 0 0 0 1 0 1 1 2 2 8 1 1 1 0 2 2 0 0 3 1 2 1 6 16 22 9 8 0 2 3 
0 0 0 0 0 0 0 1 0 0 0 0 0 1 0 0 1 1 0 6 1 1 2 1 0 0 1 1 0 1 7 7 7 11 22 10 4 6 4 3 
0 0 0 0 0 0 0 1 0 0 0 0 0 1 0 1 0 2 1 0 3 4 5 2 1 1 0 2 0 0 1 2 4 39 51 5 7 3 1 3 
0 1 0 0 0 1 0 0 0 0 0 0 0 0 0 0 1 1 1 2 2 3 1 0 0 3 1 2 3 1 1 4 10 174 62 16 6 7 6 4 
0 0 0 0 0 0 0 0 0 1 0 1 0 1 1 0 0 1 0 2 1 4 3 2 1 2 6 0 2 3 3 7 23 101 92 32 13 9 10 4 
0 0 0 0 0 0 0 0 0 0 0 0 0 1 0 1 0 1 3 4 3 2 0 3 1 1 1 2 0 4 5 1 12 47 102 3 21 5 4 2 
0 0 0 0 0 0 0 0 0 1 0 0 0 0 1 0 3 1 3 4 3 8 3 2 1 3 1 2 1 2 3 10 19 37 32 5 8 2 3 2 
0 0 0 0 0 0 0 0 0 1 0 0 0 0 0 0 0 0 1 1 0 2 2 0 0 3 0 1 2 3 2 2 7 11 12 4 3 2 2 1 
0 0 0 0 0 0 0 0 0 0 1 0 0 0 0 1 0 0 0 0 0 1 3 6 1 1 1 1 2 3 1 5 1 8 16 4 3 2 0 3 
0 0 0 0 0 0 0 0 0 1 1 0 0 1 0 0 1 4 1 2 5 4 2 4 1 0 2 2 3 1 0 4 4 12 8 5 3 2 1 1 
0 0 0 0 0 0 0 0 0 0 0 1 0 0 0 0 1 0 0 2 0 1 2 4 2 3 0 1 1 2 0 4 5 2 5 5 1 1 0 1 
0 0 0 0 0 0 0 0 0 0 0 0 0 0 1 0 0 1 2 0 3 4 2 0 3 1 2 2 2 0 0 3 2 3 8 6 9 3 2 2 
0 0 0 0 0 0 0 0 0 0 0 0 0 1 0 2 1 1 3 6 4 7 7 2 2 3 0 3 1 3 6 3 6 14 7 4 3 2 1 0 
0 0 0 0 0 0 0 0 0 0 0 0 0 0 0 0 1 0 0 0 2 2 2 1 2 1 2 2 0 4 1 0 2 1 6 2 0 1 0 1 
0 0 0 0 0 0 0 0 0 0 0 0 0 0 0 1 0 2 2 3 0 1 2 0 2 1 3 2 2 2 1 0 2 4 4 2 1 0 0 0 
1 0 0 0 0 0 0 0 0 0 2 0 0 0 0 1 1 0 2 6 3 1 2 0 1 0 5 1 0 3 5 1 5 7 6 1 2 1 1 2 
0 0 0 0 0 0 0 0 0 0 0 0 0 1 0 0 0 0 0 1 1 1 1 0 1 0 0 1 0 1 0 1 1 0 2 1 1 0 0 2 

0 0 0 0 0 0 0 0 0 1 0 1 0 0 1 4 1 6 3 41 27 1 3 0 1 1 0 1 0 3 0 2 2 15 8 7 2 1 1 1 
0 0 0 0 0 0 0 0 0 0 0 0 0 0 1 0 2 3 4 26 20 5 2 2 0 0 0 0 1 0 1 2 4 4 10 0 3 1 0 2 
0 0 0 0 1 0 0 0 0 0 0 0 0 0 0 0 2 2 3 15 8 8 2 2 1 3 1 0 1 1 1 1 1 9 6 6 1 0 2 4 
0 0 0 0 0 0 0 0 0 0 0 0 0 0 0 1 0 2 1 7 5 3 6 1 3 0 1 2 0 4 1 4 3 10 9 2 2 0 2 3 
0 0 0 0 0 0 1 0 0 0 0 0 1 0 0 2 4 4 5 19 9 2 2 0 2 0 0 0 1 1 1 1 2 6 4 3 2 1 0 0 
0 0 0 0 0 0 0 0 0 0 0 0 0 0 1 1 0 0 4 7 5 5 3 1 1 0 0 2 0 1 1 5 4 6 8 6 1 3 3 2 
0 0 0 0 0 0 0 0 0 0 0 0 1 0 2 0 3 1 0 5 6 2 0 1 3 1 0 1 1 4 3 4 2 8 7 6 6 4 2 0 
0 0 0 0 0 0 0 0 0 1 1 2 0 1 3 0 4 2 4 5 2 1 7 1 0 1 1 0 1 2 1 4 6 6 3 2 1 2 0 0 
0 0 0 0 0 0 0 0 0 0 1 0 1 0 1 0 2 1 5 6 4 5 2 2 0 0 0 0 2 1 3 2 7 6 9 3 4 0 1 1 
0 0 0 0 0 0 0 0 0 0 0 0 0 2 1 1 0 2 0 3 1 3 5 1 1 0 0 0 1 2 3 3 4 5 11 4 4 2 2 2 
0 0 0 0 0 0 0 0 0 0 0 0 2 0 2 1 4 2 9 13 2 6 3 1 3 1 1 0 1 1 2 1 5 12 13 6 10 0 2 1 
0 0 0 0 0 0 0 1 0 0 0 0 0 0 0 1 0 0 2 7 4 7 3 1 1 0 0 1 1 2 3 2 4 67 34 11 11 3 6 2 
0 0 0 0 0 0 0 0 0 0 0 1 0 0 0 0 0 1 1 6 1 4 6 1 5 2 2 0 3 5 3 3 7 156 167 16 14 6 1 0 
0 1 0 0 0 0 0 0 0 2 1 0 0 1 0 0 3 1 3 8 5 13 15 4 1 0 0 2 1 5 8 13 24 249 142 16 10 1 2 3 
0 0 0 0 0 0 0 0 0 0 0 0 0 0 0 0 1 0 2 1 5 6 6 3 0 1 1 2 1 3 2 5 23 155 87 12 2 2 0 2 
0 0 0 0 0 1 0 0 0 0 1 0 0 0 0 0 0 0 0 2 1 7 9 3 5 0 1 3 1 1 2 9 5 33 49 5 8 0 6 3 
0 0 0 0 0 0 0 0 0 0 0 0 0 1 0 0 1 3 5 2 6 8 6 3 2 1 4 1 4 3 4 7 15 39 31 10 6 6 0 2 
0 0 0 0 0 0 0 0 0 0 1 0 0 0 2 0 0 1 1 1 1 6 5 2 0 4 8 1 4 3 5 13 17 42 40 7 8 8 4 1 
0 0 0 0 0 0 0 0 0 1 0 0 0 0 0 2 1 0 2 2 3 3 7 2 4 3 0 1 0 7 4 3 9 17 33 6 9 7 1 2 
0 0 0 0 0 0 1 0 0 0 0 0 0 1 2 3 1 1 6 5 13 13 9 3 2 3 4 2 3 4 9 4 21 29 22 4 4 1 2 2 
0 0 0 0 0 0 0 0 1 0 0 0 0 0 2 0 0 0 2 4 4 6 8 1 3 0 1 1 3 4 3 0 6 10 9 4 3 0 2 1 
0 0 0 0 0 0 0 0 0 0 1 0 0 0 1 0 1 1 0 0 1 2 8 6 1 2 0 1 2 0 1 0 5 9 7 1 3 0 1 2 
0 0 0 0 0 0 0 0 0 0 0 0 0 0 0 4 0 1 4 7 10 8 3 6 1 3 1 2 5 3 2 5 5 25 11 3 4 2 2 2 
0 0 0 0 0 1 0 0 0 0 0 0 1 2 2 0 0 3 2 5 8 8 9 3 0 5 2 2 2 2 4 3 12 13 12 7 1 0 3 1 

0 0 0 0 0 0 0 0 0 0 0 0 1 0 3 2 3 7 10 119 51 7 1 1 0 1 1 0 1 0 1 2 1 8 4 3 1 1 1 0 
0 0 0 0 0 0 0 0 0 0 0 0 0 1 0 1 1 2 6 39 22 6 4 3 0 2 2 1 1 1 3 1 1 1 4 2 3 1 3 1 
0 0 0 0 0 0 0 0 0 0 0 0 1 0 0 0 1 2 2 13 10 6 8 1 1 1 0 0 0 1 1 0 0 4 8 5 4 0 2 6 
0 0 0 0 0 0 0 0 0 0 1 0 0 1 0 2 1 10 6 17 19 9 6 2 1 0 1 1 1 0 3 1 1 5 8 2 2 0 1 0 
0 0 0 0 0 0 0 0 0 1 0 0 0 0 2 1 1 4 12 13 20 9 6 2 2 1 1 1 1 2 1 2 1 3 7 3 2 1 1 3 
0 0 0 0 0 0 0 0 0 0 0 1 0 0 0 1 3 5 6 12 8 8 2 0 0 2 2 0 2 0 2 0 3 3 4 2 5 0 2 3 
0 0 0 0 0 0 0 0 0 0 1 0 0 1 1 0 1 0 1 15 18 5 6 1 2 0 0 0 0 0 1 1 1 3 10 2 3 0 0 1 
0 0 0 0 0 0 0 0 1 0 0 0 0 0 0 0 2 3 4 12 5 5 5 3 2 1 0 2 2 1 1 2 1 4 6 0 2 0 2 1 
0 0 0 0 0 0 0 0 0 0 0 0 0 1 0 0 3 4 4 4 6 0 2 1 3 1 1 1 1 1 3 0 3 2 7 2 2 1 1 1 
0 0 0 0 0 0 0 0 2 0 0 0 0 1 2 1 2 3 1 8 5 11 15 2 2 2 1 0 1 2 1 2 2 1 5 0 2 1 5 2 
0 0 0 0 1 0 0 0 1 1 0 0 0 0 1 2 2 2 3 6 6 10 11 6 1 2 2 0 0 1 4 2 5 8 11 3 5 2 1 2 
0 0 0 0 0 0 0 0 0 0 0 0 0 0 0 0 0 1 2 8 6 4 2 4 3 1 0 0 2 2 1 6 7 9 9 10 5 3 2 5 
0 0 0 0 0 0 0 0 0 0 0 0 1 1 1 0 1 0 2 8 3 14 11 2 1 3 1 3 1 0 5 6 10 13 36 7 10 3 5 4 
0 0 0 0 0 0 0 0 0 1 0 0 0 0 1 2 0 1 3 2 5 13 6 5 0 2 2 4 1 2 2 8 25 39 39 9 8 4 2 2 
0 0 0 0 0 0 0 0 0 0 0 0 0 1 0 0 1 0 2 3 0 5 4 4 1 0 1 1 1 0 3 5 8 76 56 18 1 11 7 8 
0 0 0 0 0 0 0 0 2 0 0 0 0 1 0 0 1 0 2 6 6 10 7 5 6 3 2 2 2 4 2 6 4 95 116 13 10 2 3 4 
0 0 0 0 0 0 0 0 0 0 0 1 0 0 0 0 1 1 4 7 6 11 16 5 4 1 2 2 1 1 8 5 18 259 101 14 5 3 1 1 
0 0 0 0 0 0 0 0 0 0 0 1 1 0 0 1 3 1 2 5 2 1 5 5 2 1 4 1 9 7 5 12 13 102 101 37 19 8 12 12 
0 0 0 0 0 0 0 0 0 0 0 0 0 0 0 1 0 1 2 2 4 10 21 3 1 2 3 3 4 6 3 13 13 54 84 19 12 5 2 8 
0 0 0 0 0 0 0 0 0 0 0 1 0 1 2 1 2 4 6 5 13 10 8 4 3 0 0 3 5 2 11 4 11 36 19 9 7 2 4 1 
0 0 0 0 0 1 0 0 0 0 0 0 0 2 0 0 0 0 1 6 6 5 10 1 0 2 1 1 1 4 3 4 8 19 13 5 8 4 2 3 
0 0 0 0 0 0 0 0 0 0 1 1 1 0 0 0 0 1 2 3 6 11 11 5 1 2 2 1 1 2 2 4 7 13 17 4 1 1 3 0 
0 0 1 0 0 0 1 0 0 0 2 0 1 0 1 1 4 3 5 7 9 20 18 7 2 1 0 0 1 1 0 12 17 27 16 4 1 1 1 2 
0 0 0 0 0 0 0 0 1 0 0 0 0 1 0 0 0 1 0 5 8 5 3 0 3 0 1 2 1 1 1 2 16 25 12 2 0 1 0 1 

0 0 0 0 0 1 0 0 1 0 0 1 1 1 1 4 3 17 343 264 84 12 3 1 2 1 0 2 1 0 0 1 1 2 1 0 1 0 0 0 
0 0 0 0 0 0 0 0 0 0 0 2 0 0 0 1 3 12 98 245 57 9 10 6 3 3 6 2 1 0 0 0 2 0 3 1 0 0 0 1 
1 0 0 0 0 0 0 0 0 0 0 0 1 1 3 0 3 5 38 121 49 19 7 7 3 4 0 1 1 3 1 0 1 1 0 2 1 2 3 1 
0 0 0 0 0 0 0 0 0 0 0 0 0 1 0 3 1 5 14 77 61 9 6 3 5 1 1 0 2 0 1 2 1 3 6 0 1 1 0 0 
0 0 0 0 0 0 0 0 0 1 0 1 1 0 0 2 5 6 34 76 50 16 9 3 2 0 1 1 1 2 1 0 1 1 2 2 0 0 1 1 
0 0 0 0 0 0 0 0 0 0 0 1 0 1 0 2 4 7 14 42 49 14 11 6 1 1 0 1 0 1 0 1 2 5 4 1 1 1 1 1 
0 0 0 0 0 0 0 1 1 0 0 1 0 0 0 2 2 3 3 32 49 7 12 5 3 2 3 0 1 1 0 1 1 1 5 1 0 1 0 0 
1 0 0 1 0 0 0 2 0 1 0 0 1 3 1 3 9 9 11 52 52 16 6 4 5 1 2 2 1 0 2 1 0 2 5 2 1 1 0 1 
0 0 0 0 0 0 0 0 0 0 1 3 0 1 3 2 3 6 15 34 59 35 13 5 4 1 0 1 0 1 1 3 1 1 6 0 1 0 0 2 
0 0 0 0 0 0 1 0 0 0 0 4 1 1 2 1 5 3 4 15 29 29 18 7 4 1 0 1 2 0 2 1 1 4 4 1 2 0 4 0 
0 0 0 0 0 0 0 0 1 0 0 0 1 3 4 1 3 8 11 18 31 36 9 5 7 2 1 0 2 5 2 1 3 3 0 2 0 0 1 1 
0 0 1 0 0 0 0 0 0 0 0 0 0 1 0 1 3 3 5 14 43 37 15 13 7 4 1 0 0 2 4 3 4 9 9 3 3 2 2 3 
0 0 0 0 0 0 0 0 0 0 0 0 0 0 1 2 0 4 3 13 15 35 25 4 8 1 2 2 0 3 0 4 2 1 11 4 3 3 1 3 
0 0 1 0 0 0 0 0 0 0 0 2 0 0 2 3 7 5 14 17 49 65 27 8 5 3 0 3 2 2 0 1 3 11 9 5 1 0 1 0 
0 0 0 0 0 0 0 0 1 0 0 2 1 2 0 2 0 2 5 11 40 33 14 8 4 3 3 4 1 3 3 3 3 7 22 5 8 5 7 4 
1 0 0 0 0 0 0 0 0 0 0 1 1 0 0 1 2 3 4 5 14 17 24 5 6 1 2 3 6 3 2 4 6 21 31 6 14 1 6 1 
0 0 0 0 0 0 0 0 0 1 2 0 1 1 1 1 3 1 11 17 39 55 27 5 3 1 4 2 2 3 4 9 7 26 29 3 5 2 2 2 
0 0 0 0 0 0 1 0 0 0 0 0 0 1 0 2 0 1 3 9 31 32 12 10 7 2 2 1 5 3 2 4 12 64 52 15 11 2 1 6 
0 0 0 0 0 0 0 0 0 0 1 0 1 0 0 1 4 3 2 10 12 27 20 12 7 2 3 4 3 8 3 8 12 147 166 13 14 3 5 5 
0 0 0 0 1 0 1 0 0 1 0 0 0 0 1 0 4 2 8 13 46 72 29 14 7 0 2 5 3 3 7 10 22 198 133 23 10 1 4 1 
0 0 0 1 0 0 1 0 1 0 0 1 2 2 2 0 2 2 8 9 33 65 22 7 5 3 4 3 3 3 1 5 16 294 137 20 6 3 1 3 
0 0 0 0 0 0 0 0 0 0 0 1 2 0 0 0 1 8 3 8 16 37 43 11 9 1 3 3 0 6 2 8 13 87 117 15 9 5 4 1 
0 0 0 0 0 0 1 0 0 0 0 0 0 1 2 1 3 2 16 10 39 88 31 3 1 4 1 2 5 4 6 7 34 165 45 5 2 0 1 1 
1 0 0 0 0 0 0 1 1 0 1 2 0 0 0 1 0 4 5 5 49 112 40 6 5 4 1 1 4 4 4 10 75 651 53 12 6 4 0 3 

0 0 0 0 0 0 0 0 1 1 0 1 1 0 1 1 2 14 13 163 69 13 4 2 2 0 0 0 0 2 1 1 2 3 1 1 1 1 0 0 
0 0 0 0 0 0 0 0 0 0 0 0 0 0 0 2 2 2 38 70 50 13 12 5 6 2 2 1 2 1 1 2 0 0 0 2 0 0 0 2 
1 0 1 0 0 1 1 0 1 1 0 1 0 2 0 2 4 5 28 162 57 22 9 11 2 3 2 3 3 1 1 3 2 3 5 0 2 1 1 0 
0 0 0 1 0 0 0 0 0 0 0 2 0 2 1 2 2 8 13 201 101 10 7 8 5 1 2 1 1 2 0 1 1 1 0 1 0 0 1 1 
0 0 0 0 0 0 0 0 0 0 1 0 0 0 1 0 0 6 22 125 80 15 12 2 2 0 0 1 2 2 1 1 1 2 3 0 1 0 1 1 
0 0 1 0 0 0 0 0 0 0 0 0 0 1 0 2 3 5 16 53 153 23 12 11 8 0 3 2 3 0 0 2 0 2 6 1 1 2 1 1 
0 0 0 0 0 0 1 0 1 0 0 0 3 1 1 0 5 5 12 46 288 13 13 2 5 1 2 2 1 2 2 0 0 0 4 1 0 0 0 0 
0 0 0 0 0 0 0 0 0 0 0 0 0 0 1 1 1 8 13 45 247 17 6 0 6 1 0 4 3 1 0 0 1 2 1 0 2 1 1 0 
0 0 0 1 0 0 0 0 0 1 1 0 0 0 1 2 5 8 8 40 220 30 13 10 5 2 3 3 2 5 3 1 2 1 0 0 1 1 0 1 
0 0 0 0 0 0 0 0 1 0 0 0 0 0 0 1 5 5 5 23 206 45 33 9 4 0 2 2 4 0 2 1 0 0 0 0 0 0 0 1 
0 0 0 0 0 0 0 0 0 0 1 0 0 1 1 1 6 1 15 18 246 56 17 5 2 1 0 0 1 1 0 0 0 5 1 0 3 1 1 0 
0 0 0 0 0 0 0 0 0 1 0 1 0 3 3 3 6 4 7 21 139 55 16 9 3 10 1 3 0 3 3 1 3 3 6 1 2 1 0 0 
0 0 0 0 0 0 0 0 0 1 0 1 0 0 1 1 2 4 3 17 144 82 33 9 5 3 1 0 0 1 1 2 2 3 6 3 4 1 2 2 
0 0 0 0 0 0 0 0 0 0 0 0 0 1 2 1 2 4 7 19 356 184 30 7 5 0 4 2 1 3 2 3 8 10 4 1 0 0 1 2 
0 0 0 0 0 0 0 0 0 1 0 1 0 0 0 1 4 4 6 15 92 60 34 6 4 2 5 2 3 2 2 1 3 6 9 2 3 0 1 2 
0 0 0 1 0 0 0 0 0 0 0 0 0 0 1 6 0 4 4 16 97 92 34 10 10 5 3 1 4 0 1 0 4 3 11 2 7 1 4 1 
0 1 0 0 0 0 0 0 0 0 0 1 0 1 1 1 0 3 4 9 83 220 25 5 4 2 1 2 4 2 2 3 13 19 8 2 3 3 2 0 
0 0 0 0 0 0 0 0 0 0 1 1 0 1 2 0 3 1 8 14 43 80 24 8 9 5 1 1 4 1 4 3 6 12 21 6 5 5 5 5 
0 0 0 0 1 0 0 0 0 0 0 1 0 1 1 1 1 4 4 13 30 203 53 10 7 6 2 3 1 4 2 5 13 15 27 6 7 5 4 3 
0 1 0 0 0 0 0 0 0 1 0 0 0 1 0 0 8 0 5 9 92 301 28 7 2 3 3 3 4 5 0 4 14 39 42 12 6 7 1 5 
0 0 0 0 1 0 0 0 0 0 0 0 1 0 2 2 2 3 3 12 42 184 41 10 10 2 3 3 2 5 3 8 15 48 47 9 4 7 7 7 
0 0 0 0 0 0 0 0 0 0 1 0 0 1 0 0 1 4 3 16 21 244 49 10 11 10 5 3 4 5 1 7 19 153 124 16 10 2 7 2 
1 0 0 0 1 0 0 0 0 0 0 0 1 3 0 0 3 0 3 13 59 286 40 3 3 3 3 1 3 7 4 15 36 208 58 5 7 0 3 1 
0 1 0 0 0 0 0 0 1 0 1 0 1 0 0 4 2 3 6 11 66 439 54 7 4 3 6 8 4 3 9 13 64 237 27 13 9 7 3 1 

0 0 0 0 0 0 0 0 0 0 0 0 0 1 0 3 1 9 7 61 26 5 1 1 1 0 1 0 1 1 0 0 1 4 0 0 0 0 0 0 
0 0 0 0 0 0 0 0 0 0 0 0 0 0 0 1 0 3 4 8 7 2 3 2 2 0 0 0 4 1 0 2 1 1 2 0 0 0 0 1 
0 0 0 0 0 0 0 0 0 0 0 0 0 0 0 2 1 2 2 7 9 2 2 2 3 3 1 0 0 0 0 1 1 2 0 0 1 1 2 0 
0 0 0 0 0 0 0 0 0 1 0 0 0 0 0 0 1 4 2 20 33 7 10 3 4 0 2 0 1 1 1 0 1 0 3 0 0 0 0 0 
0 0 0 0 0 0 0 0 0 0 0 1 0 0 1 1 3 2 8 24 10 2 3 2 0 1 0 0 0 1 0 0 1 1 2 0 0 0 1 0 
1 0 0 0 0 0 0 1 1 0 0 0 2 0 1 0 0 0 7 11 16 4 5 0 0 2 0 0 1 1 0 0 0 2 1 3 0 0 0 1 
0 0 1 1 0 1 0 0 0 0 0 0 0 1 0 2 1 2 5 17 27 6 5 3 2 1 4 0 1 1 2 1 0 0 1 1 2 0 0 0 
0 0 0 1 0 0 0 0 0 0 0 0 0 0 1 5 0 3 6 22 17 1 6 1 0 4 0 3 0 0 0 4 0 0 0 2 0 0 0 0 
0 1 0 0 0 0 0 0 0 0 0 0 1 1 1 0 4 5 5 7 17 5 1 7 1 1 1 1 0 0 1 0 2 1 0 0 0 1 1 0 
0 0 0 0 0 0 0 1 0 0 0 0 1 1 0 3 0 3 1 9 29 23 20 3 3 4 3 1 0 3 2 0 1 2 6 1 0 0 0 0 
0 0 0 0 0 0 0 0 1 0 0 0 0 0 3 2 2 6 8 11 19 33 7 0 0 1 0 2 1 0 0 0 1 1 0 1 2 0 0 0 
0 0 0 0 0 1 0 0 0 0 0 0 0 0 0 3 0 2 1 10 12 13 4 5 2 1 1 1 2 2 0 1 2 0 4 0 0 1 0 0 
0 0 0 0 0 0 0 0 1 0 0 1 0 0 0 5 1 4 0 4 21 31 16 3 7 1 2 1 1 1 0 2 3 2 4 0 1 0 0 0 
0 0 0 0 0 0 0 0 0 0 0 1 0 0 1 1 2 0 3 9 37 46 10 4 2 0 1 0 0 0 0 0 1 4 0 0 0 2 0 0 
0 0 0 0 0 0 0 0 0 0 0 1 0 0 0 1 0 1 0 8 10 18 14 3 6 2 2 0 0 2 0 2 0 2 3 1 4 3 1 3 
0 0 0 0 0 0 0 0 0 0 0 0 0 0 0 0 1 2 1 3 12 30 20 3 2 5 1 1 2 1 2 2 1 3 6 4 4 2 0 2 
0 0 0 0 0 0 0 0 0 0 0 0 0 0 0 0 0 1 3 8 21 39 8 4 0 0 0 0 3 3 1 1 3 7 3 0 3 1 0 2 
0 0 0 0 0 0 1 0 0 0 0 0 0 0 1 1 1 2 2 5 10 25 14 7 3 0 1 1 1 4 0 0 3 5 8 0 3 2 2 2 
0 0 0 0 0 0 0 0 0 0 0 0 0 2 0 2 1 2 1 10 13 25 27 7 4 1 3 3 1 4 2 8 3 12 10 3 4 5 1 2 
0 0 0 0 0 0 0 1 0 0 0 0 1 1 0 1 0 4 7 9 40 38 8 4 2 1 2 3 3 2 2 4 8 10 12 7 3 2 0 2 
0 0 0 0 0 0 0 0 0 1 1 0 0 0 1 1 0 2 2 10 12 19 14 10 6 2 2 1 2 4 2 6 6 14 20 11 6 2 4 7 
0 0 0 1 0 0 0 0 0 0 1 0 1 1 0 2 0 9 5 11 14 28 22 6 11 1 2 2 1 4 4 8 8 16 25 10 14 5 3 2 
0 0 0 0 0 0 0 0 0 1 0 0 0 0 1 0 0 1 4 4 14 20 15 2 5 1 1 2 1 6 2 9 14 19 13 2 5 1 1 1 
0 0 0 0 0 0 0 1 0 0 0 0 0 0 0 1 1 3 3 8 18 29 20 12 11 2 2 3 2 8 4 11 16 34 19 5 3 2 1 3 

0 0 0 0 0 0 0 0 0 0 0 0 0 0 0 0 1 3 0 23 18 1 0 2 0 0 0 0 0 0 0 0 1 2 1 0 0 0 0 0 
0 0 0 0 0 0 0 0 0 0 0 0 0 0 0 0 1 0 2 6 2 1 1 2 1 0 2 0 1 0 0 0 2 1 0 1 0 0 1 0 
0 0 0 0 0 0 0 0 0 0 0 1 0 1 1 0 2 2 6 3 13 3 4 5 3 1 4 1 0 0 0 1 0 0 0 0 3 0 1 0 
0 0 0 0 1 1 0 0 0 0 0 0 0 1 0 2 1 1 0 7 7 1 1 0 2 0 2 1 1 0 0 0 0 1 0 0 0 1 0 0 
0 0 0 0 0 0 0 0 0 0 0 0 0 0 0 0 0 1 7 11 8 2 1 0 3 0 0 1 1 2 0 0 0 1 3 1 1 0 0 0 
0 1 0 0 0 0 0 1 0 0 0 0 0 1 0 2 1 3 2 4 15 6 2 2 0 1 2 0 1 2 0 0 2 3 1 1 0 1 1 0 
0 0 0 0 0 0 0 1 0 0 0 0 0 0 0 1 1 6 3 3 11 1 2 0 0 1 1 0 0 1 0 1 2 0 3 0 2 0 1 1 
0 0 0 0 0 0 0 0 1 0 1 0 1 1 0 0 1 5 3 6 10 2 2 0 0 0 1 1 0 0 0 0 0 1 0 0 1 0 0 2 
0 0 1 0 0 0 0 0 0 0 0 0 0 1 0 1 1 5 2 3 9 2 2 0 2 3 1 2 0 4 0 0 0 0 0 1 0 0 3 0 
0 0 0 0 1 0 0 0 0 0 1 0 0 0 0 0 0 4 1 1 4 10 9 3 2 0 1 2 0 0 1 1 0 1 0 0 0 0 1 0 
0 0 0 0 0 0 0 0 0 0 1 0 2 0 1 1 1 2 5 3 4 7 10 5 1 2 1 0 0 2 1 0 2 2 0 2 1 1 2 0 
0 0 0 0 0 0 0 0 0 0 0 0 0 0 0 2 0 3 2 5 1 4 6 9 2 2 1 2 1 1 2 0 2 1 1 2 0 0 1 0 
0 0 0 0 0 0 0 0 1 0 0 0 0 0 3 0 0 1 3 1 3 7 13 0 3 2 1 1 1 0 1 3 0 1 2 1 1 0 0 2 
0 0 0 0 0 0 0 0 0 0 0 0 0 0 0 0 0 1 2 7 12 23 17 1 1 1 2 1 1 0 0 0 4 4 6 1 1 0 0 0 
0 0 1 0 0 1 0 0 0 0 0 0 0 1 0 2 1 2 4 5 1 8 6 4 3 3 2 2 1 2 1 0 2 1 5 1 3 1 1 2 
0 0 0 0 0 0 0 0 0 0 0 0 0 0 0 2 1 6 1 3 4 6 16 6 3 0 0 1 1 0 1 2 2 3 2 1 1 0 0 2 
0 0 0 0 0 0 0 0 0 0 1 0 0 1 0 1 1 5 2 2 17 16 11 1 2 1 2 0 0 1 3 3 3 9 2 0 1 0 1 0 
0 0 0 0 0 0 0 0 0 0 0 0 0 0 0 1 0 1 2 2 4 3 5 2 3 3 1 3 3 0 1 2 1 4 4 1 1 2 2 1 
0 0 0 0 0 0 0 0 0 0 0 1 0 1 0 0 2 1 3 5 5 12 9 3 4 1 1 0 2 1 2 1 2 3 4 1 2 2 1 1 
0 0 0 0 0 0 0 0 0 0 0 0 0 0 2 0 1 2 6 5 21 25 13 4 1 2 0 0 2 0 4 1 7 9 4 4 0 0 1 1 
0 0 0 0 0 0 0 0 1 0 0 0 0 1 0 0 1 1 1 3 4 7 7 6 1 0 2 0 1 3 0 1 3 2 1 3 6 3 4 2 
0 0 0 0 0 0 0 0 0 0 0 0 0 1 0 1 4 1 1 8 2 5 6 0 4 3 3 0 1 2 2 4 1 9 7 2 5 2 4 1 
0 0 0 0 0 0 0 1 0 0 1 0 0 0 0 1 1 0 7 7 12 15 12 1 2 0 2 2 2 1 3 1 9 13 5 3 0 0 0 0 
0 0 0 0 0 0 0 0 0 0 0 0 0 0 0 1 1 1 3 3 8 7 12 6 2 1 2 3 2 2 3 5 9 12 8 4 0 0 3 5 

0 0 0 0 0 0 0 0 0 0 0 0 0 0 0 0 0 2 2 14 7 3 1 0 0 0 0 0 0 0 0 1 0 2 2 0 0 0 0 0 
0 0 0 0 0 0 0 0 0 0 0 0 0 0 0 0 2 1 0 2 4 3 1 0 1 0 0 0 0 0 0 0 0 1 0 0 0 0 0 0 
0 1 0 0 0 0 0 0 0 0 0 0 0 1 0 0 0 1 1 2 2 3 3 1 3 0 0 0 0 0 0 0 0 1 0 0 1 0 0 0 
0 0 0 0 0 0 0 0 0 0 0 0 0 1 0 0 1 1 1 5 6 1 1 0 2 0 2 0 1 1 0 0 0 3 0 0 0 0 0 0 
0 0 0 0 0 0 0 0 0 0 0 0 1 0 0 0 2 1 5 3 3 0 2 0 1 1 0 0 0 0 0 0 2 2 0 0 1 0 0 0 
0 0 0 0 0 0 0 0 0 0 0 0 0 0 0 1 0 4 0 1 4 3 3 0 2 0 1 0 0 0 0 0 0 1 1 0 0 0 0 0 
0 0 0 0 0 0 0 0 0 0 0 0 0 1 1 0 1 1 4 1 11 1 3 1 2 0 1 1 2 1 0 1 1 0 1 0 3 0 0 1 
1 0 0 0 1 1 0 0 0 0 0 0 0 0 1 0 0 1 0 2 2 0 0 3 1 1 0 0 0 1 0 0 0 3 0 2 1 0 0 0 
0 0 0 0 0 0 0 0 0 0 0 0 0 0 2 1 0 0 1 1 2 1 1 0 2 0 1 1 0 0 0 0 0 0 1 0 0 1 0 0 
0 0 0 0 0 0 0 0 0 0 0 0 0 0 0 2 0 4 2 0 13 3 4 1 3 0 0 0 0 1 0 0 0 0 2 0 1 0 0 0 
0 0 0 0 0 0 0 2 0 0 0 0 0 0 0 0 0 3 1 5 3 6 5 4 0 0 2 1 0 1 0 0 0 0 0 0 0 1 0 0 
0 0 0 0 0 0 0 0 0 0 0 0 0 0 0 0 0 1 1 1 1 2 2 0 4 4 0 5 2 0 1 0 0 1 0 0 1 0 2 0 
0 0 0 0 0 1 0 0 1 0 0 0 0 0 1 0 0 0 1 4 2 6 8 3 2 3 0 1 0 0 0 0 0 3 1 0 1 0 0 1 
0 0 0 0 0 0 0 0 0 0 0 0 0 0 0 0 1 1 0 4 5 14 3 3 0 2 4 1 0 0 0 1 1 2 1 0 0 0 0 0 
0 0 0 0 0 0 0 0 0 0 0 0 0 0 0 0 0 0 0 1 2 3 7 0 0 3 2 2 1 0 0 0 1 1 1 2 1 0 1 1 
0 0 0 0 0 0 0 1 0 0 0 0 1 0 0 1 1 2 1 2 5 5 11 0 5 0 1 2 0 0 0 3 0 3 5 0 2 0 2 2 
0 0 0 0 0 0 0 0 0 0 0 0 0 0 0 0 1 0 4 6 3 10 7 2 1 1 1 0 1 1 2 0 1 5 2 0 0 0 1 0 
0 0 0 0 0 0 0 0 0 0 0 0 0 0 0 0 1 0 3 1 2 2 4 5 4 1 0 0 0 0 0 0 0 1 2 1 1 0 2 3 
0 0 0 0 0 0 0 0 0 0 0 0 0 1 0 1 0 0 0 5 2 4 7 1 2 4 0 0 2 0 0 1 3 2 5 2 1 0 3 1 
0 0 0 0 0 0 0 0 1 1 0 0 0 0 2 0 0 0 2 4 9 9 4 0 2 0 1 0 2 0 1 0 2 6 1 1 1 3 2 0 
0 0 0 0 0 0 0 0 1 1 0 0 0 0 0 1 0 0 2 2 2 2 2 2 3 0 1 2 2 0 1 2 2 2 2 1 1 1 1 2 
0 0 0 0 1 0 0 0 0 1 0 0 0 1 2 0 0 3 0 2 2 8 6 3 2 0 2 0 0 0 1 3 2 4 4 5 1 1 3 0 
0 0 0 0 0 0 0 0 0 0 0 0 0 0 1 2 2 1 3 3 4 8 6 1 1 1 1 1 0 0 3 2 5 9 2 0 2 0 1 0 
0 0 0 0 0 0 0 0 0 0 0 0 1 0 3 0 2 1 3 2 3 7 6 5 3 2 2 1 4 4 3 5 3 6 8 6 4 2 4 3 

0 0 0 0 0 0 0 0 0 0 0 0 0 0 0 0 0 0 1 3 5 0 0 0 2 0 0 0 0 0 0 0 0 1 0 1 0 0 0 0 
0 0 0 0 0 0 0 0 0 0 0 0 0 0 0 0 0 1 1 1 1 0 2 1 2 0 1 0 0 0 0 1 0 0 1 0 0 0 0 0 
0 0 0 0 0 0 0 0 0 0 0 0 0 0 0 0 0 1 2 1 2 1 5 1 0 2 1 0 0 0 0 0 0 1 0 0 0 0 0 0 
0 0 0 0 0 0 0 0 0 0 0 0 0 0 0 0 0 0 0 5 1 1 3 0 1 1 0 0 0 0 0 0 1 1 1 0 1 0 0 0 
0 0 0 0 0 0 0 0 0 0 0 0 0 0 1 2 0 0 2 1 2 3 1 1 0 0 0 0 0 0 0 1 0 1 3 0 0 0 0 1 
0 0 0 0 0 0 0 0 0 0 0 0 0 0 1 0 1 0 1 2 2 0 0 1 1 0 1 0 0 0 0 0 0 1 0 3 0 0 1 0 
0 0 0 0 0 0 0 0 0 0 0 0 0 0 0 1 0 0 0 0 2 0 4 0 0 0 0 0 0 0 1 0 1 0 0 1 0 1 0 0 
0 0 0 0 0 0 0 0 0 0 0 0 0 0 0 1 1 1 2 6 1 1 1 0 0 1 0 0 0 0 2 0 0 1 0 1 0 0 0 0 
0 0 0 0 0 0 0 0 1 0 0 0 0 0 0 0 0 2 1 2 6 1 0 0 0 0 1 1 0 1 1 0 1 0 0 1 0 0 0 0 
0 0 0 0 0 0 0 0 0 0 0 0 0 0 0 0 0 2 1 3 4 4 1 0 1 0 0 0 1 0 1 0 0 1 0 0 0 0 0 0 
0 0 0 0 0 1 0 0 0 0 0 0 0 0 0 0 3 4 1 2 1 10 0 2 2 0 0 1 0 0 0 0 0 0 0 2 1 0 0 0 
0 0 0 0 0 0 0 0 0 0 0 0 0 0 0 0 0 1 0 2 1 0 3 0 1 0 0 0 1 1 1 0 0 0 1 0 0 0 1 0 
1 0 0 0 0 0 0 0 0 0 0 0 0 0 0 1 0 0 3 1 1 3 2 1 1 0 1 0 1 0 0 0 1 0 3 0 1 0 3 1 
0 0 0 0 0 0 0 0 0 1 0 0 0 0 0 0 0 1 1 5 3 5 3 1 2 0 2 1 0 0 0 1 0 3 2 0 0 1 1 0 
0 0 0 0 0 0 0 0 0 0 0 0 1 1 0 0 1 0 1 3 3 0 1 0 0 1 0 0 1 0 0 1 0 1 1 1 1 0 0 0 
0 0 0 0 0 0 0 0 0 0 0 0 0 0 0 2 0 0 0 0 0 5 3 0 3 0 1 0 1 0 2 0 0 1 0 0 0 0 0 2 
0 0 0 0 0 0 0 0 0 0 0 2 0 0 1 0 0 1 2 1 3 7 3 0 3 0 2 0 0 1 5 4 2 2 2 0 0 1 0 0 
0 0 0 1 0 0 0 0 0 0 0 0 0 0 0 1 0 0 1 1 0 2 1 2 0 0 1 0 3 1 0 1 0 0 1 1 0 0 0 0 
0 0 0 0 0 0 0 1 0 0 0 0 0 0 0 0 0 2 0 0 2 2 2 0 2 3 0 1 1 0 1 1 2 4 2 2 0 0 0 0 
0 0 0 0 0 0 0 0 1 0 0 0 1 1 1 1 2 1 3 3 4 11 1 2 0 0 1 1 2 1 3 1 2 2 3 0 0 0 0 0 
0 0 0 0 1 0 0 0 0 0 0 0 1 1 1 0 0 0 0 2 0 1 1 0 1 1 0 0 0 0 1 1 1 2 4 1 0 0 0 1 
0 0 0 0 0 0 0 0 0 0 0 0 0 0 0 1 0 0 1 2 2 2 3 2 4 1 0 0 1 1 0 0 1 2 4 0 1 1 1 0 
0 0 0 0 0 0 0 0 0 0 0 0 0 0 0 0 0 2 0 1 2 8 4 1 1 0 1 2 2 1 4 4 4 7 0 1 1 1 0 0 
0 0 0 0 0 0 0 1 1 1 0 1 1 1 1 1 0 1 2 1 2 2 1 0 1 1 1 0 2 1 2 0 2 3 2 0 0 1 1 1 

0 0 0 0 0 0 1 0 0 0 0 0 0 0 0 0 1 1 1 7 2 1 0 0 0 0 0 0 0 0 0 0 0 2 0 0 0 0 0 0 
0 0 0 0 0 0 0 0 0 0 0 0 0 0 0 1 1 0 0 2 0 0 0 0 0 0 0 0 1 0 1 0 0 1 1 0 0 0 0 0 
0 0 0 0 0 0 0 0 0 0 0 0 0 0 0 1 0 0 0 1 0 1 1 0 0 0 1 0 0 0 0 0 0 0 0 1 0 0 0 2 
0 0 0 0 0 0 0 0 0 0 0 0 0 0 0 0 0 0 0 1 1 1 1 0 0 1 1 0 0 0 1 0 0 0 0 0 0 0 0 0 
0 0 0 0 0 0 0 0 0 0 0 0 1 0 0 0 0 1 0 0 3 0 0 0 0 1 0 0 0 0 0 0 0 0 0 0 0 0 0 0 
0 0 0 0 0 0 0 0 0 0 0 0 0 0 0 1 1 0 1 1 0 2 1 0 1 2 0 0 0 0 0 0 0 0 0 0 0 0 0 1 
0 0 0 0 0 0 0 0 0 0 0 0 1 0 0 0 1 0 1 1 3 0 0 0 3 0 1 0 0 0 0 1 0 0 0 0 0 0 0 0 
0 0 0 0 0 0 0 0 0 0 0 0 0 0 0 0 1 0 0 4 0 2 0 1 0 0 0 0 0 0 0 0 1 1 1 0 0 0 0 0 
0 0 0 0 0 0 0 0 0 0 0 0 0 1 0 0 0 0 0 0 1 0 1 1 0 1 0 0 0 1 1 0 0 0 1 0 1 0 0 0 
0 0 0 0 0 0 0 0 0 0 0 0 0 0 0 0 0 0 0 1 4 3 2 1 1 0 0 0 0 0 0 0 0 0 0 0 0 0 0 0 
0 0 0 0 0 0 0 0 0 0 0 0 0 0 0 1 0 0 1 0 0 4 3 1 0 0 0 1 0 0 0 0 0 0 1 0 0 0 0 0 
0 0 0 0 0 0 0 0 0 0 0 0 0 0 0 0 0 2 1 1 1 0 1 0 1 0 0 0 0 0 0 0 0 0 0 1 0 0 1 2 
0 0 0 0 0 0 0 0 0 1 0 0 0 0 0 1 0 1 1 3 1 3 2 0 0 0 0 0 1 0 0 0 0 1 2 0 1 0 0 0 
0 0 0 0 0 0 0 0 0 0 0 1 0 0 0 0 0 0 1 0 1 2 2 2 1 1 0 0 2 0 1 0 0 1 0 0 0 0 0 0 
0 0 0 0 0 0 0 0 0 0 0 0 0 0 0 0 0 2 0 0 0 1 7 2 1 0 0 0 0 0 1 0 1 0 2 0 0 0 0 0 
0 0 0 0 0 0 0 0 0 0 0 0 0 0 0 0 0 0 0 1 0 0 2 1 0 0 0 0 0 0 0 0 1 0 1 1 0 0 0 0 
0 0 0 0 0 0 0 0 0 0 0 0 0 0 0 0 0 0 0 0 2 2 1 1 2 0 2 0 1 0 2 0 1 1 3 0 0 1 0 0 
0 0 0 0 0 0 0 0 0 0 0 0 0 0 0 0 0 0 0 2 1 1 0 1 0 0 1 0 2 0 0 0 1 3 3 0 0 2 0 0 
0 0 0 0 0 0 0 0 0 0 0 0 1 0 1 1 0 0 0 1 2 2 0 1 2 1 2 1 0 1 1 1 0 0 1 0 0 0 0 2 
0 0 0 0 0 0 0 0 0 0 0 0 0 0 0 1 0 2 0 4 4 4 1 2 0 1 1 0 3 0 0 0 3 2 1 1 0 0 0 0 
0 0 0 0 0 0 0 0 0 0 0 0 0 0 0 0 0 1 1 0 1 2 1 2 0 1 1 0 0 1 1 1 0 0 1 0 2 0 0 2 
0 0 0 0 0 0 0 0 0 0 1 0 0 0 0 0 1 1 1 1 3 3 2 1 3 0 0 0 1 0 0 1 2 1 2 2 1 0 2 0 
0 0 0 0 0 0 0 0 0 2 1 0 0 0 0 0 1 0 0 2 1 5 4 4 0 0 3 1 0 0 2 0 4 5 3 0 1 0 0 0 
0 0 0 0 0 0 0 0 0 0 0 0 1 0 0 0 1 0 0 2 0 5 2 3 2 0 2 2 2 1 1 0 3 2 5 3 0 1 0 1 

0 0 0 0 0 0 0 0 0 0 0 0 0 0 0 0 1 2 0 7 1 0 0 0 0 0 0 0 0 0 0 0 0 1 0 0 0 0 0 0 
1 0 0 0 0 0 0 0 0 0 0 0 0 0 0 0 1 1 0 0 1 0 1 0 0 0 0 0 0 0 0 0 0 1 0 0 0 0 0 1 
0 0 0 0 0 0 0 0 0 1 0 0 0 0 0 0 0 0 0 0 1 0 0 1 0 0 0 0 0 0 0 0 0 0 0 0 0 0 0 0 
0 0 0 0 0 0 0 0 0 0 0 0 0 0 0 1 0 0 0 1 0 0 3 0 1 0 1 0 0 1 0 0 0 0 0 0 0 0 0 0 
0 0 0 0 0 0 0 0 0 0 0 0 0 0 1 0 0 1 0 1 2 1 0 1 0 0 0 0 0 0 0 0 0 1 1 0 0 0 0 0 
0 0 0 0 0 0 0 0 0 0 0 0 0 0 0 0 0 1 0 1 2 0 0 0 0 0 0 0 0 0 0 1 0 0 0 1 0 0 0 0 
0 0 0 0 0 0 0 0 0 0 0 0 0 0 0 0 0 1 0 3 0 0 1 0 0 0 0 0 0 0 0 0 1 1 0 0 0 0 0 0 
0 0 0 0 0 0 0 0 0 1 0 0 0 1 0 1 1 1 0 1 0 0 1 0 1 0 0 0 0 0 1 0 0 0 1 0 0 0 0 0 
0 0 0 0 0 0 0 0 0 0 0 0 0 0 0 0 1 0 1 1 2 0 5 0 0 1 0 1 0 0 0 1 0 0 0 0 0 0 1 0 
0 0 0 0 0 0 0 0 0 0 0 0 0 0 0 1 0 0 0 1 0 1 1 1 0 0 0 0 0 1 0 0 0 1 0 0 1 0 0 0 
0 0 0 0 0 0 0 0 0 0 0 0 0 0 1 0 0 0 0 2 1 0 3 0 0 1 0 0 1 0 0 0 0 0 0 0 0 0 0 0 
0 0 0 0 0 0 0 0 0 0 0 0 0 0 0 0 0 1 0 1 1 0 0 0 0 0 2 0 0 0 0 0 0 0 0 0 0 0 0 0 
0 0 0 0 0 0 1 0 0 0 0 1 0 0 0 0 1 0 1 1 2 0 1 3 0 0 0 0 0 0 0 2 0 0 0 0 0 0 0 0 
0 0 0 0 0 0 0 0 0 0 0 0 0 0 0 0 1 1 2 0 4 6 0 2 0 1 0 1 0 1 0 0 0 2 0 0 0 0 0 0 
1 0 0 0 0 0 0 0 0 0 0 0 1 0 0 0 0 0 0 0 0 1 2 0 0 0 0 0 0 0 0 0 0 0 0 1 0 1 1 0 
0 0 0 0 0 0 0 0 0 0 0 0 0 1 0 0 0 0 1 0 0 0 2 2 2 1 2 0 3 0 2 1 0 3 0 0 1 0 0 0 
0 0 0 0 0 0 0 0 0 0 0 0 0 0 0 0 0 3 1 1 1 2 2 2 2 0 0 1 0 0 0 0 0 1 4 0 1 0 0 0 
0 0 0 0 0 0 0 0 0 0 0 0 0 0 0 0 0 0 0 0 1 1 2 0 0 0 0 0 0 0 0 0 0 1 0 0 0 0 0 0 
0 0 0 0 0 0 0 0 0 0 0 0 0 0 0 0 0 0 0 0 2 2 0 1 2 0 0 1 0 0 0 0 1 0 1 0 0 1 1 0 
0 0 0 0 0 0 0 0 0 0 0 0 0 0 0 0 2 0 1 0 1 2 3 1 1 1 1 1 1 0 1 0 1 3 1 2 0 1 1 0 
0 0 0 0 0 0 0 0 0 0 0 0 1 0 0 0 0 0 0 0 0 0 1 0 0 0 1 1 0 0 0 0 0 0 0 1 1 0 0 0 
0 0 0 0 0 0 0 0 0 0 0 0 0 0 1 1 0 0 0 1 0 1 1 0 0 0 1 0 0 0 0 1 0 0 1 0 0 0 0 0 
0 0 0 0 0 0 0 0 0 0 0 1 0 0 0 0 2 0 1 1 3 4 1 0 4 0 0 1 0 0 0 0 3 2 2 2 1 0 0 0 
0 0 0 0 0 0 0 0 0 0 0 0 0 0 0 0 1 0 1 0 0 0 0 0 0 0 0 0 0 1 0 0 0 0 1 0 0 0 0 0 

0 0 0 0 0 0 0 0 0 0 0 0 0 0 0 0 0 0 0 1 0 0 0 0 0 0 0 0 0 0 0 0 0 0 0 0 0 0 0 0 
0 0 0 0 0 0 0 0 0 0 0 0 0 0 0 0 0 0 0 0 1 0 0 0 0 0 0 0 0 0 0 0 1 0 0 0 0 0 0 0 
0 0 0 0 0 0 0 0 0 0 0 0 0 0 0 0 0 0 0 1 2 0 0 0 0 0 0 0 0 0 0 0 0 0 0 0 0 0 0 0 
0 0 0 0 0 0 0 0 0 0 0 0 0 0 0 0 0 0 1 1 1 0 1 0 0 0 0 0 1 0 0 0 0 1 0 1 0 0 1 0 
0 0 0 0 0 0 0 0 0 0 0 0 0 0 0 0 0 0 0 2 0 0 0 0 0 0 0 0 0 0 0 1 0 1 0 0 0 0 0 0 
0 0 0 0 0 0 0 0 0 0 0 0 0 0 0 2 0 0 2 0 1 0 0 0 1 0 0 0 1 0 0 0 1 0 0 0 0 0 0 0 
0 0 0 0 0 0 0 0 0 0 0 0 0 0 0 1 0 0 0 1 2 0 0 0 0 0 0 0 0 0 0 0 0 1 0 0 0 0 0 0 
0 0 0 0 0 0 0 0 0 0 0 0 0 0 0 0 1 0 0 0 1 0 0 0 0 0 0 0 0 0 0 1 0 0 1 0 0 0 0 0 
0 0 0 1 0 0 0 0 0 0 0 0 0 0 0 0 0 0 0 0 2 1 0 0 0 0 2 0 0 0 0 0 0 0 0 0 0 0 0 0 
0 0 0 0 0 0 0 0 0 0 0 0 0 1 0 0 0 0 0 2 0 2 0 0 0 0 0 0 0 0 1 1 0 1 0 0 0 0 0 0 
0 0 0 0 0 0 0 0 0 0 0 0 0 0 0 0 0 1 0 1 0 1 1 0 0 0 0 0 1 1 0 0 1 0 0 0 0 0 0 0 
0 0 0 0 0 0 0 0 0 0 0 0 0 0 0 0 0 2 2 0 0 0 0 0 0 0 0 0 0 1 0 0 0 0 0 1 0 0 0 0 
0 0 0 0 0 0 0 0 0 0 0 0 0 0 0 0 1 0 0 0 0 0 0 1 1 0 0 0 0 0 0 1 0 0 0 0 0 0 0 0 
1 0 0 0 0 0 0 0 0 0 1 0 0 0 0 0 0 1 0 0 1 1 3 0 0 1 0 0 1 0 0 1 1 1 1 0 0 0 0 1 
0 0 0 0 0 0 0 0 0 0 0 0 0 0 0 0 0 0 0 0 0 0 3 0 1 0 0 1 0 0 0 0 0 1 1 0 0 0 0 0 
0 0 0 0 1 0 0 0 0 0 0 0 0 0 0 0 0 1 0 0 1 0 1 2 0 1 0 0 0 0 0 0 1 0 0 0 0 0 0 0 
0 0 0 0 0 0 0 0 0 0 1 1 0 0 0 0 0 0 1 2 0 4 2 2 0 0 0 0 1 0 0 0 3 0 1 1 1 0 0 0 
0 0 0 0 0 0 0 0 0 0 0 0 0 0 0 1 0 0 1 1 0 1 0 0 1 0 1 0 0 0 0 0 0 0 1 0 0 1 0 0 
0 0 0 0 0 0 0 0 0 0 0 0 0 0 2 0 0 0 0 0 0 2 0 2 0 0 1 1 0 0 0 1 1 2 2 0 1 0 0 2 
0 1 0 0 0 0 0 0 0 0 0 0 0 1 0 0 0 1 0 1 2 2 0 0 1 0 0 0 0 0 0 0 1 3 0 2 0 0 0 0 
0 0 0 0 0 0 0 0 0 0 0 0 0 0 0 0 1 0 0 0 0 0 0 1 0 0 0 0 0 0 1 0 1 0 0 0 1 0 0 2 
0 0 0 0 0 0 0 0 0 0 0 1 0 0 0 1 0 0 0 1 0 0 2 0 0 2 0 0 0 0 0 0 2 0 0 0 0 0 0 0 
0 0 0 0 0 0 0 0 0 0 0 0 0 0 0 0 0 1 0 1 0 3 0 0 1 0 1 0 1 2 2 0 1 3 1 0 0 1 0 0 
0 0 0 0 0 0 0 0 0 0 0 0 0 0 0 0 0 0 0 0 0 1 0 2 0 0 0 0 1 0 0 0 1 1 0 1 0 0 1 0 

0 0 0 0 0 0 0 0 0 1 0 0 0 0 0 0 0 0 0 0 2 0 0 0 0 0 0 0 0 0 0 0 0 0 0 0 0 0 0 0 
0 0 0 0 0 0 0 0 0 0 0 0 0 0 0 0 0 0 0 2 0 1 1 0 0 0 0 0 0 1 1 1 0 0 0 0 0 0 0 0 
0 0 0 0 0 0 0 0 0 0 0 0 0 0 0 0 0 0 0 0 0 0 0 0 0 0 0 0 0 0 0 0 0 0 1 0 0 0 0 0 
0 0 0 0 0 0 0 0 0 0 0 0 0 0 0 1 0 0 0 0 0 0 0 0 1 0 0 0 0 0 0 0 1 2 0 0 1 0 0 0 
0 0 0 0 0 0 0 0 0 0 0 0 0 0 0 0 0 1 0 0 1 0 0 0 0 1 0 0 0 0 0 0 0 0 1 0 0 0 0 1 
0 0 0 0 0 0 0 0 0 0 0 0 0 0 0 0 0 0 0 1 1 0 0 0 0 0 0 0 1 0 0 0 0 0 0 0 0 0 0 0 
0 0 0 0 0 0 0 0 0 0 0 0 0 0 0 0 1 0 0 2 1 1 1 0 1 1 0 0 0 1 0 0 1 0 0 0 0 0 0 0 
0 0 0 0 0 0 0 0 0 0 0 0 0 0 0 0 0 0 0 2 0 0 1 0 0 0 0 0 1 0 0 0 0 0 0 0 0 0 0 0 
0 0 0 0 0 0 0 0 0 0 0 0 0 0 0 0 1 0 0 0 0 0 0 0 0 0 0 0 0 0 0 0 0 0 0 0 0 0 0 0 
0 0 0 0 0 0 0 0 0 0 0 0 0 0 1 0 0 0 0 0 0 0 0 1 0 0 0 0 0 0 0 1 0 1 0 0 0 0 0 0 
0 0 0 0 0 0 0 0 0 0 0 0 0 0 0 0 0 0 0 1 0 0 0 0 0 0 1 0 0 1 0 0 1 0 1 0 0 0 0 0 
0 0 0 0 0 1 0 0 0 0 0 0 0 0 0 0 0 0 0 1 0 0 0 0 0 1 0 0 0 0 0 0 0 0 0 0 0 0 0 0 
0 0 0 0 0 0 0 0 0 0 0 0 0 0 0 0 0 1 0 4 0 1 0 1 1 0 1 0 0 0 0 0 1 0 0 0 0 0 0 0 
0 0 0 0 0 0 0 0 1 1 0 0 0 0 1 0 0 0 1 1 1 4 0 1 0 0 0 0 0 0 0 0 0 0 0 0 0 0 1 0 
0 0 0 0 0 0 0 0 0 0 0 0 0 0 0 0 0 1 0 0 1 0 0 1 0 0 0 0 0 0 0 0 0 0 0 0 0 0 0 0 
0 0 0 0 0 0 0 0 0 0 0 0 0 0 0 0 0 0 1 0 1 1 1 0 1 1 1 0 0 0 0 0 0 0 0 0 0 0 0 1 
0 0 0 0 0 0 0 0 0 0 0 0 0 0 0 0 1 0 0 1 2 2 1 0 0 0 0 1 0 0 2 1 2 0 0 0 0 0 0 0 
0 0 0 0 0 0 0 0 0 0 0 0 0 0 0 0 0 0 0 1 0 0 0 0 0 0 0 0 0 0 0 1 0 0 0 0 0 0 0 0 
0 0 0 0 0 0 0 0 0 0 0 0 0 0 0 0 0 2 0 0 0 0 0 0 0 0 0 0 0 0 0 0 2 0 1 0 0 0 0 0 
0 0 0 0 0 0 0 0 0 0 0 0 0 0 0 0 1 0 0 0 0 2 3 0 0 1 0 0 0 0 0 0 0 1 0 0 0 1 0 0 
0 0 0 0 0 0 0 0 0 0 0 0 0 0 0 0 0 1 0 0 0 0 1 0 0 0 0 0 1 0 1 1 1 1 0 0 0 0 0 0 
0 0 0 0 0 0 0 0 0 0 0 0 0 0 0 0 0 1 1 0 0 1 0 0 0 0 0 0 0 0 1 0 1 0 1 0 2 0 1 0 
0 0 0 0 0 0 0 0 0 0 0 0 0 0 0 1 0 0 0 2 2 0 1 2 1 0 0 0 0 1 1 0 3 2 0 0 0 0 0 0 
0 0 0 0 0 0 0 0 0 0 0 0 0 0 0 0 0 0 0 0 0 0 1 0 0 1 0 0 0 0 0 1 1 0 0 0 0 0 0 0 

0 0 0 0 0 0 0 0 0 1 0 0 0 0 0 0 0 0 0 1 1 0 0 0 0 0 0 0 0 0 0 0 0 0 0 0 0 0 0 0 
0 0 0 0 0 0 0 0 0 0 0 0 0 0 0 0 0 0 0 0 0 2 0 0 0 0 0 0 0 0 0 0 0 0 0 0 0 0 0 0 
0 0 0 0 0 0 0 0 0 0 0 0 0 0 0 0 0 0 0 0 0 0 0 0 0 0 0 0 0 0 0 0 0 0 0 0 0 0 0 1 
0 0 0 0 0 0 0 0 0 0 0 0 0 0 0 0 0 0 0 1 0 0 0 0 0 0 0 0 0 0 0 2 0 0 1 0 0 0 0 0 
0 0 0 0 0 0 0 0 0 0 0 0 0 0 0 0 0 0 0 1 1 1 0 0 0 0 0 0 0 0 0 0 0 1 1 0 1 0 0 0 
1 0 0 0 0 0 0 0 0 0 0 0 0 0 0 0 0 0 0 0 0 1 0 0 0 0 0 0 0 0 0 0 0 0 0 0 0 0 0 0 
0 0 0 0 0 0 0 0 0 0 0 0 0 0 0 0 0 0 0 0 0 0 0 0 0 0 0 0 0 0 0 0 0 0 0 0 0 0 0 0 
0 0 0 0 0 0 0 0 0 0 0 0 0 0 0 0 0 0 1 0 0 0 0 0 0 0 0 0 0 0 0 0 1 0 0 0 0 0 0 0 
0 0 0 0 0 0 0 0 0 0 0 0 0 0 0 0 0 0 0 0 0 0 0 0 0 0 0 0 0 1 0 0 0 0 0 0 0 0 0 0 
0 0 0 0 0 0 0 0 0 0 0 0 0 0 0 0 0 0 1 0 0 0 2 0 0 0 0 0 0 0 0 0 0 0 0 0 0 0 0 0 
0 0 0 0 0 0 0 0 0 0 0 0 0 0 0 0 0 0 0 2 0 0 0 1 0 1 0 0 0 0 0 1 0 0 0 0 0 0 0 0 
0 0 0 0 0 0 0 0 0 0 0 0 0 0 0 0 0 0 0 0 0 0 1 1 1 0 0 0 0 0 0 0 0 0 0 0 0 0 0 0 
0 0 0 0 0 0 0 0 0 0 0 0 0 0 0 0 0 0 0 1 0 0 2 0 0 0 0 0 0 0 0 0 0 0 1 0 0 0 0 0 
0 0 0 0 0 0 0 0 0 0 0 0 0 0 1 0 0 0 0 0 3 0 0 0 1 0 0 1 0 0 0 0 1 0 0 0 0 0 0 0 
0 0 0 0 0 0 0 0 0 0 0 0 0 0 0 0 0 0 0 0 0 0 0 2 0 0 0 0 0 1 0 0 0 0 0 0 0 0 0 0 
0 0 0 0 0 0 0 0 0 0 0 0 0 0 0 0 0 0 0 0 0 1 1 0 1 0 0 1 3 0 0 0 0 0 0 0 0 0 0 0 
0 0 0 0 0 0 0 0 0 0 0 0 0 0 0 0 0 0 0 1 2 0 1 1 0 0 0 0 0 0 0 0 0 1 0 1 0 0 0 1 
0 0 0 0 0 0 0 0 0 0 0 0 0 0 0 0 0 0 1 0 0 0 1 0 1 0 0 1 0 0 0 0 0 0 0 0 0 0 0 0 
0 0 0 0 0 0 0 0 0 0 0 1 0 1 0 0 0 0 0 0 0 0 0 1 0 0 0 0 0 0 0 0 0 0 0 1 0 1 0 0 
0 0 0 0 0 0 0 0 0 0 0 0 0 0 0 0 0 0 0 1 0 1 1 0 1 0 1 1 0 0 1 0 0 2 0 0 0 0 0 0 
0 0 0 0 0 0 0 0 0 0 0 0 0 0 0 0 0 0 0 2 0 0 0 1 0 0 0 0 0 1 0 0 0 0 0 0 0 0 0 0 
0 0 0 0 0 0 0 0 0 0 0 0 0 1 0 0 0 0 0 0 1 1 0 0 0 0 1 0 0 0 0 0 1 0 1 0 3 0 0 0 
0 0 0 0 0 1 0 1 0 0 0 0 0 0 0 0 1 2 1 1 0 1 2 0 0 1 0 2 0 0 0 1 2 1 1 0 0 0 0 0 
0 0 0 0 0 0 0 0 0 0 0 0 0 0 0 0 1 0 0 1 0 0 0 0 0 2 0 0 0 0 0 1 0 0 0 0 0 0 0 0 

0 0 0 0 0 0 0 0 0 0 0 0 0 0 0 0 0 1 1 0 0 0 0 0 0 0 0 0 0 0 0 0 0 0 1 0 0 0 0 0 
0 0 0 0 0 0 0 0 0 0 0 0 0 0 0 1 0 0 0 0 0 1 0 0 0 0 0 0 0 1 0 0 0 1 1 0 0 0 0 0 
0 0 0 0 0 0 0 0 0 0 0 0 0 0 0 0 0 0 0 0 0 0 0 0 0 0 0 0 0 0 0 0 0 0 0 0 0 0 0 0 
0 0 0 0 0 0 0 0 0 0 0 0 0 0 0 0 0 0 1 0 0 1 0 0 0 0 0 0 0 0 0 1 0 0 0 0 0 0 0 0 
0 0 0 0 0 0 0 0 0 0 0 0 0 0 1 0 0 0 0 0 0 0 0 0 0 0 0 0 0 0 0 0 0 1 0 0 1 0 0 0 
0 0 0 0 0 0 0 0 0 0 0 0 0 0 0 0 0 0 0 0 1 0 0 0 0 0 0 0 0 0 0 0 1 0 0 0 0 0 0 0 
0 0 0 0 0 0 0 0 0 0 0 0 0 0 0 0 0 0 0 1 0 0 0 0 0 0 0 1 0 1 1 1 0 0 0 0 0 0 0 0 
0 0 0 0 0 0 0 0 0 0 0 0 1 0 0 0 0 1 0 2 0 0 0 0 0 0 0 0 0 0 0 0 0 0 0 0 0 0 0 0 
0 0 0 0 0 0 0 0 0 0 0 0 0 0 0 1 0 0 0 0 0 0 2 1 2 0 1 0 0 0 0 0 0 0 0 0 0 0 0 0 
0 0 0 0 0 0 0 0 0 0 0 0 0 0 0 0 0 0 0 0 0 1 2 0 0 0 0 0 0 1 0 0 0 0 0 0 0 0 0 0 
0 0 0 0 0 0 0 0 0 0 1 0 0 0 0 0 0 0 0 0 0 0 0 1 0 0 0 0 0 0 1 0 0 0 0 0 0 0 0 0 
0 0 0 0 0 0 0 0 0 0 0 0 0 0 0 0 0 0 0 0 0 0 0 0 0 0 0 0 0 0 0 0 0 0 0 0 0 0 0 0 
0 0 0 0 0 0 0 0 0 0 0 0 0 0 0 1 1 0 0 0 0 2 0 0 0 0 0 0 0 0 0 0 0 0 1 0 0 1 0 1 
0 0 0 0 0 0 0 0 0 0 0 0 0 1 0 0 0 2 0 2 4 1 1 0 0 1 0 0 0 1 0 0 0 1 0 0 0 0 0 0 
0 0 0 0 0 0 0 0 0 0 1 0 0 0 0 0 0 0 0 0 0 2 0 0 0 0 0 1 0 1 0 0 2 0 0 0 0 0 0 0 
0 0 0 0 0 0 0 0 0 1 0 0 0 0 0 0 0 0 0 0 1 0 1 0 1 0 0 0 1 0 0 0 0 0 0 0 0 0 0 0 
0 0 0 0 0 0 0 0 0 0 0 0 0 0 0 0 1 0 0 0 1 1 1 0 0 0 0 0 0 0 0 1 0 1 0 0 0 0 1 0 
0 0 0 0 0 0 0 0 0 0 0 0 0 0 0 0 0 0 0 0 0 0 0 0 0 0 0 0 1 0 0 0 0 0 0 0 0 0 0 0 
0 0 0 0 0 0 0 0 0 0 0 1 0 0 1 1 0 0 0 0 0 2 1 1 0 0 0 0 1 0 0 0 0 0 1 0 0 0 0 0 
0 0 0 0 0 0 0 0 1 0 0 0 0 0 0 0 1 1 0 1 3 2 0 0 0 0 0 1 0 0 0 0 2 0 1 0 0 0 0 0 
0 0 0 0 0 0 0 0 0 0 0 0 0 0 0 0 0 0 0 0 0 0 0 1 1 0 0 0 0 0 0 0 0 1 0 0 0 0 0 0 
0 0 0 0 0 1 0 0 0 0 0 0 0 0 0 0 0 0 0 1 0 0 0 0 0 0 0 1 1 0 1 0 0 0 1 1 0 0 1 0 
0 0 0 0 0 0 0 0 0 0 1 0 0 0 0 0 0 0 0 0 0 3 0 0 0 0 1 0 1 2 0 1 0 0 1 0 0 0 0 0 
0 0 0 0 0 0 0 0 0 0 1 0 0 0 0 0 0 0 0 0 0 1 1 0 1 0 1 1 0 0 0 0 0 0 2 0 1 0 0 0 

0 0 0 0 0 1 0 0 0 0 0 0 0 0 0 0 1 0 0 0 0 0 0 0 0 0 0 0 0 0 0 0 0 2 0 0 0 0 0 0 
1 0 0 0 0 1 0 0 0 0 0 0 0 0 0 0 0 0 0 1 0 0 0 0 0 0 0 0 0 0 0 1 0 0 0 0 0 0 0 0 
0 0 0 0 0 0 0 0 0 0 0 0 0 0 0 0 1 0 0 0 0 1 0 0 2 0 0 0 0 0 0 0 0 1 1 0 0 2 0 0 
0 0 0 0 0 0 0 0 0 0 0 0 0 0 0 0 0 1 0 0 0 0 0 0 0 0 0 1 0 0 0 0 0 0 0 0 0 0 0 0 
0 0 0 0 0 0 0 0 0 0 0 0 0 0 0 1 2 1 0 2 0 0 0 0 3 0 0 0 0 0 0 0 0 0 0 0 0 0 0 0 
0 0 0 0 0 0 0 0 1 0 0 0 0 0 0 0 0 0 1 0 0 0 0 0 0 0 0 0 0 2 0 1 0 0 0 1 0 0 0 0 
0 0 0 0 0 0 0 0 0 0 0 0 0 0 0 0 0 0 0 2 0 0 0 0 0 1 0 0 0 0 0 0 0 0 0 0 0 0 0 0 
0 0 0 0 0 0 1 0 0 0 0 0 0 0 0 0 0 0 0 1 0 0 1 0 0 0 0 0 0 1 0 0 0 1 0 0 0 0 0 0 
0 0 0 0 0 0 0 1 0 0 0 0 0 0 0 0 0 0 1 0 1 1 0 0 0 3 0 0 1 1 0 0 0 0 0 0 0 0 0 0 
0 0 0 0 0 0 0 0 0 0 0 0 0 0 0 0 0 0 0 0 0 1 0 0 1 0 0 0 0 0 0 0 0 0 0 0 0 0 0 0 
0 0 0 0 0 0 0 0 0 0 0 0 0 0 0 0 0 0 0 1 1 0 0 0 0 0 0 0 0 0 0 0 0 0 0 0 0 0 0 0 
0 0 0 0 0 0 0 0 0 0 0 0 0 0 0 1 0 0 0 0 0 1 2 2 0 0 0 0 0 0 0 1 1 0 0 1 0 0 0 1 
0 0 0 0 0 0 0 0 0 0 0 0 0 0 0 0 0 1 0 1 1 0 1 0 0 0 0 0 0 0 0 0 0 1 0 0 0 0 0 0 
0 0 0 0 0 0 0 0 0 0 0 0 0 0 2 0 1 1 2 0 1 2 1 1 0 0 0 0 0 0 0 1 0 0 0 0 0 0 0 0 
0 0 0 0 0 0 0 0 0 0 0 0 1 1 0 1 0 0 0 0 0 0 2 0 0 0 0 0 0 1 0 0 0 1 0 1 0 0 0 0 
0 0 0 0 0 0 0 0 0 0 0 0 0 0 0 0 0 0 0 1 0 0 2 0 1 0 0 0 0 0 0 0 0 0 0 0 0 0 0 0 
0 0 0 0 0 0 0 0 0 0 0 0 1 0 0 0 0 0 0 0 2 1 1 2 1 0 0 0 0 0 1 0 0 0 0 0 0 0 0 0 
0 0 0 0 0 0 0 0 0 0 0 0 0 0 0 0 0 1 0 0 2 1 0 0 0 1 0 0 0 0 1 1 0 1 2 0 0 1 0 0 
0 0 0 0 0 0 0 0 0 0 0 0 0 0 0 0 0 1 0 0 0 0 0 0 1 0 0 0 0 0 0 0 0 1 0 0 0 0 0 0 
0 0 0 0 0 0 0 0 0 0 0 0 0 1 0 0 0 0 0 0 0 2 0 0 1 0 1 0 0 0 0 0 0 1 0 0 0 0 1 0 
0 0 0 0 0 1 0 0 0 0 0 0 0 0 0 0 0 0 0 0 1 1 2 2 0 0 1 0 0 0 1 0 1 1 1 1 0 1 0 0 
0 0 0 1 0 0 0 0 0 0 0 0 0 0 0 0 0 0 1 0 0 0 0 0 0 0 0 0 1 0 0 0 0 0 0 0 0 0 0 0 
0 0 0 0 0 0 0 0 0 0 0 0 0 0 0 0 2 0 1 0 1 0 1 0 0 2 0 0 0 0 1 1 0 0 1 0 0 0 1 0 
0 0 0 0 0 0 0 0 0 0 0 0 0 0 1 0 0 0 0 0 0 0 0 0 0 0 1 0 0 0 1 0 0 1 0 0 0 0 0 0 

