#################################### 
# Matrix Size= (39.9997,23.9997,39.9995)
# Resol      = (40,24,40)
# VoxelSize  = (0.999993,0.999989,0.999989)
# nbVal      = 38400
#################################### 
1 1 0 1 4 4 0 0 0 0 0 1 0 3 0 0 0 2 0 2 0 0 0 0 0 0 0 0 0 0 0 0 0 0 0 0 0 0 0 0 
0 2 1 4 1 1 1 0 0 0 0 0 0 1 1 0 1 0 1 3 1 0 0 0 0 0 0 0 0 0 0 0 0 0 0 0 0 0 0 0 
0 0 0 0 0 1 0 0 0 1 0 0 1 0 0 0 0 1 0 0 2 0 0 0 1 0 0 0 0 0 0 0 0 0 0 1 0 0 0 0 
0 1 0 0 0 3 1 1 0 1 0 3 0 2 1 0 1 4 1 1 1 4 0 1 0 0 0 0 0 0 0 0 0 1 0 0 0 0 0 0 
2 0 1 2 5 15 4 4 1 0 0 1 0 0 0 1 0 0 1 1 3 2 1 0 1 0 0 0 0 0 0 0 0 0 0 0 0 0 0 0 
0 0 0 0 0 2 0 0 0 0 0 0 0 0 0 0 0 0 0 1 1 0 1 0 0 0 0 0 0 0 0 0 0 0 0 0 0 0 0 0 
0 0 0 1 0 1 1 0 2 2 0 0 0 1 0 1 0 2 1 3 3 0 1 0 0 0 1 0 0 0 0 0 0 0 0 0 0 0 0 0 
1 0 1 1 2 1 5 3 1 0 0 0 0 0 0 0 2 1 1 3 2 3 1 0 0 0 0 0 0 0 0 0 0 0 0 0 0 0 0 0 
0 0 0 0 0 0 0 0 1 0 0 0 0 1 0 1 0 0 1 0 0 1 1 0 1 0 0 1 0 0 0 0 0 0 0 0 0 0 0 0 
0 0 0 0 1 0 0 2 0 1 0 0 0 1 0 0 0 1 0 3 0 2 0 1 0 0 1 0 0 0 0 0 1 0 0 0 0 1 0 0 
0 0 3 2 5 3 1 2 2 1 2 0 0 0 0 0 0 0 3 1 1 2 0 0 0 0 0 0 0 0 0 0 0 0 0 0 0 0 0 0 
0 0 0 0 0 0 1 0 1 0 0 0 0 1 0 0 0 1 0 0 0 0 0 0 0 0 0 0 0 0 0 0 0 1 0 0 0 0 0 0 
0 0 0 0 1 0 1 1 0 2 1 0 0 0 0 0 0 0 1 4 3 0 3 0 0 0 0 0 0 0 0 0 0 0 0 0 1 0 0 0 
0 1 0 1 0 2 4 2 1 1 3 2 1 0 1 0 2 0 2 2 2 2 0 0 0 1 0 0 0 0 0 0 0 0 0 0 0 0 0 0 
0 0 0 0 0 0 1 1 0 0 0 0 0 1 0 0 0 0 1 1 0 0 2 1 0 0 0 0 0 0 0 1 0 0 0 0 0 0 0 0 
0 0 0 0 0 0 1 1 0 0 0 1 0 0 0 1 0 0 0 2 2 1 1 1 0 0 0 0 0 0 0 0 0 0 0 0 0 0 0 0 
0 1 1 0 0 2 1 1 1 1 0 3 0 1 0 0 0 0 2 2 1 4 0 0 1 1 0 0 0 0 0 0 0 0 0 0 0 0 0 0 
0 0 0 0 0 0 0 0 0 0 1 0 1 0 0 1 0 0 0 1 2 1 0 1 1 0 0 0 0 1 0 0 0 0 0 0 0 0 0 0 
0 0 0 0 0 0 0 1 0 1 1 1 0 0 0 0 0 1 0 0 0 2 1 2 0 1 0 0 0 0 0 0 0 0 0 0 0 0 0 0 
1 0 0 1 1 1 1 1 0 7 2 2 2 0 1 1 1 2 3 3 2 1 1 0 0 0 0 1 0 1 0 0 0 0 0 0 0 0 0 0 
0 0 0 0 0 0 0 0 1 0 1 0 0 1 0 0 0 0 1 0 1 0 0 1 0 0 0 0 0 0 0 0 0 0 1 0 0 0 0 0 
0 0 1 0 0 0 0 1 0 0 0 1 0 0 0 1 0 0 0 2 0 1 0 0 1 0 0 0 0 0 0 0 0 0 0 0 0 0 0 0 
1 0 0 0 0 1 0 1 0 1 3 0 0 1 0 0 0 1 5 1 0 1 2 2 1 0 1 2 0 0 1 0 0 0 0 0 0 0 1 0 
0 0 0 0 0 1 0 0 0 0 0 0 0 0 0 0 0 0 0 0 0 0 0 0 0 0 0 0 0 0 0 0 0 0 0 0 0 0 0 0 

1 2 0 4 0 3 0 1 0 0 0 1 0 1 1 0 0 1 0 2 0 2 2 0 0 0 0 0 0 0 0 0 0 0 0 1 0 0 0 0 
1 2 1 3 0 2 0 0 0 0 1 1 0 1 1 2 0 1 0 1 0 1 2 1 0 0 0 0 0 0 0 0 0 0 0 0 0 0 0 0 
0 1 0 1 0 0 0 0 0 1 0 0 0 0 0 0 1 1 0 0 1 0 0 0 0 0 0 0 0 0 0 1 0 0 0 0 0 0 0 0 
1 1 1 3 2 0 1 1 0 0 1 0 0 0 0 0 0 2 0 3 0 0 1 0 0 0 0 0 0 0 0 0 0 0 0 0 0 0 0 0 
2 0 1 3 1 14 5 6 0 0 1 0 0 0 3 1 1 4 3 7 0 2 1 2 1 0 0 0 0 0 0 0 0 0 0 0 1 0 0 0 
0 0 0 3 2 3 5 2 0 2 0 0 0 0 0 2 0 0 0 2 0 1 0 1 1 0 0 0 0 0 0 0 0 0 0 0 0 0 0 0 
0 0 1 1 1 1 2 2 0 0 1 0 0 0 0 0 0 2 0 4 2 3 1 1 1 0 0 0 0 0 0 0 0 1 0 0 0 0 0 0 
2 0 1 1 4 6 1 0 1 1 1 0 2 0 0 1 0 0 0 7 2 5 0 0 2 1 0 0 0 0 1 0 0 0 0 0 0 0 0 1 
0 1 1 0 0 1 0 1 1 0 2 2 0 1 0 1 0 0 0 1 1 0 2 0 0 0 0 1 1 0 0 0 0 0 0 0 0 0 0 0 
0 0 0 0 2 3 0 2 0 0 0 0 0 0 0 0 0 0 1 3 2 1 2 0 0 0 0 0 0 0 0 0 0 0 0 0 0 0 0 0 
0 1 0 2 2 1 4 1 3 0 0 2 1 0 0 1 1 1 1 2 1 0 1 1 0 0 0 0 0 0 0 0 1 1 0 1 0 0 0 0 
0 1 0 1 1 0 0 0 2 0 1 0 0 0 0 2 1 0 0 1 1 1 0 0 0 0 1 1 0 0 0 0 1 0 0 0 0 0 0 0 
0 0 0 1 0 0 1 0 1 0 2 0 0 0 0 0 0 0 0 6 0 1 0 0 0 0 0 0 0 0 0 0 0 0 0 0 0 0 0 0 
0 0 0 0 1 2 1 3 2 2 0 0 1 1 0 1 0 0 1 1 2 0 1 1 0 0 0 1 0 0 1 0 0 0 0 0 0 0 0 0 
0 0 0 0 0 0 0 0 0 1 0 1 0 0 0 0 0 0 0 2 0 0 0 0 0 0 0 0 0 0 0 1 0 0 0 0 0 0 0 0 
1 0 0 0 0 0 0 1 1 2 0 0 0 0 0 0 1 0 1 0 0 0 0 0 0 0 0 0 1 0 0 1 0 0 0 0 0 0 0 0 
0 0 0 1 2 1 1 1 4 3 2 0 1 0 1 0 1 1 0 3 3 1 0 2 1 0 0 0 1 0 0 0 0 0 0 1 0 0 0 0 
0 0 0 0 0 0 1 0 1 0 1 0 1 0 0 0 1 1 0 1 0 0 1 0 1 0 1 0 0 0 0 0 0 0 0 0 0 0 0 0 
0 0 0 0 0 1 1 1 0 0 0 1 0 0 0 0 1 0 1 0 1 0 0 0 0 1 0 0 0 0 0 0 0 0 0 0 0 0 0 0 
0 0 0 0 0 3 1 2 5 1 2 3 1 0 1 0 2 2 1 4 0 1 1 1 1 0 0 0 0 0 0 0 0 0 0 0 0 0 0 0 
0 0 0 0 1 0 0 0 0 1 0 0 1 0 0 0 0 0 0 1 0 0 0 0 0 0 0 0 0 0 0 0 0 0 0 0 0 0 0 0 
0 0 0 0 0 0 0 0 0 0 1 0 0 0 0 1 0 0 0 0 0 2 0 1 0 2 1 1 0 0 0 0 0 0 0 0 0 0 0 0 
0 1 0 0 0 0 0 0 1 0 0 1 0 0 1 0 4 1 2 0 2 0 0 1 2 0 0 1 0 0 0 0 0 0 0 0 1 0 0 0 
0 0 0 0 0 0 1 0 0 0 0 1 0 0 0 0 0 0 0 0 0 0 0 0 0 0 0 0 0 0 0 0 0 0 0 0 0 0 0 0 

1 0 1 3 2 4 1 1 1 1 1 0 0 1 1 1 0 0 0 3 0 1 0 0 0 0 0 0 0 0 0 0 0 0 0 0 0 0 0 0 
2 1 0 2 1 4 1 0 1 0 0 0 0 0 0 0 2 1 0 1 0 2 2 0 0 0 0 0 0 0 0 0 0 0 0 1 0 0 0 0 
0 0 1 1 0 1 1 0 1 0 0 0 0 0 0 0 0 1 1 1 1 0 1 1 0 0 0 0 0 0 0 0 0 0 0 0 0 0 0 0 
2 0 0 0 0 4 4 1 1 0 0 0 0 0 1 0 1 1 0 1 3 0 1 0 0 0 0 0 0 0 0 0 0 0 0 0 0 0 0 0 
2 2 2 3 10 22 7 1 1 0 0 0 2 1 0 0 0 2 4 3 2 2 1 0 0 0 1 1 0 0 1 0 0 0 0 0 0 0 0 0 
0 1 0 0 1 1 0 1 1 0 0 0 0 0 0 0 1 0 1 1 0 0 0 0 0 0 0 0 0 0 0 0 0 0 0 1 0 0 0 0 
0 0 0 0 0 1 1 3 0 2 1 0 1 0 0 0 1 2 1 3 1 1 1 1 0 0 0 0 0 0 0 0 1 0 0 0 0 0 0 0 
0 1 0 2 0 3 0 2 1 0 0 0 0 0 1 0 1 2 5 1 2 7 1 1 0 0 0 1 0 0 1 0 0 1 0 0 0 0 1 0 
0 0 0 1 1 0 2 0 2 0 0 1 1 0 0 1 0 2 0 1 0 0 0 0 0 0 0 0 0 0 0 0 0 0 0 1 0 0 0 0 
0 0 1 0 0 2 1 3 1 0 1 2 0 0 1 0 0 0 1 1 0 2 0 0 0 0 1 0 0 0 0 0 0 0 0 0 0 0 0 0 
0 2 2 2 1 3 4 5 3 0 0 0 1 1 1 0 1 0 3 2 1 0 3 0 0 1 0 0 0 0 0 0 1 0 0 0 0 0 0 0 
0 0 0 0 0 0 1 1 0 0 0 0 0 1 0 0 0 0 0 1 0 0 0 0 0 0 0 0 0 0 0 0 0 0 0 0 0 0 0 0 
0 1 0 0 1 2 0 2 1 0 0 0 0 0 0 0 0 0 1 0 2 0 0 0 0 0 0 0 0 0 0 0 1 0 0 0 0 0 0 0 
0 0 2 1 2 1 0 2 2 3 2 1 1 1 0 1 0 0 2 4 0 0 0 0 1 0 1 0 0 0 0 0 0 0 0 1 0 0 0 0 
0 0 1 0 0 0 1 0 1 0 0 0 1 0 0 0 0 1 0 0 0 2 0 0 0 0 0 0 0 0 0 0 0 0 0 0 0 0 0 0 
0 0 1 0 0 1 0 2 0 0 1 1 0 0 0 2 0 0 1 1 2 0 0 1 0 0 0 0 0 0 0 0 0 0 0 0 0 0 0 0 
0 0 0 0 1 1 1 3 1 3 0 1 0 0 0 0 1 0 2 0 1 0 0 1 0 0 0 0 0 1 0 0 0 0 0 0 0 0 0 0 
0 0 0 0 0 0 0 0 0 1 2 0 0 1 1 0 0 0 0 0 0 0 0 1 0 1 0 0 0 0 0 0 0 0 0 0 0 0 0 0 
1 0 0 0 0 0 0 0 2 0 1 0 2 1 0 0 0 0 0 0 1 1 1 0 1 1 1 1 0 0 0 0 0 0 0 0 0 0 0 0 
0 0 0 0 0 1 1 1 4 3 0 1 0 1 0 2 0 2 1 2 4 1 1 1 0 0 0 0 0 0 0 1 0 0 0 0 0 0 0 0 
1 0 0 0 0 0 0 0 0 0 0 0 0 0 0 0 1 0 1 2 0 0 0 1 0 0 0 0 0 0 0 0 0 0 0 0 0 0 0 0 
0 0 0 0 0 1 0 0 0 1 0 0 0 0 1 0 0 0 0 1 1 0 0 0 0 0 1 1 1 0 0 0 0 0 0 0 0 0 0 0 
0 0 0 0 0 0 0 0 0 0 0 0 0 1 0 1 0 0 3 0 2 2 1 2 0 0 0 1 0 0 0 1 1 0 0 0 0 0 0 0 
1 0 0 0 0 0 0 0 0 1 0 0 0 0 0 0 0 0 0 0 0 0 1 0 0 0 0 0 0 0 0 0 0 0 0 0 0 0 0 0 

1 2 2 9 5 9 2 1 1 1 1 1 1 5 5 0 1 0 1 4 0 3 0 3 0 0 0 1 0 0 0 0 0 0 0 0 0 0 0 0 
3 0 4 6 4 2 2 4 1 0 3 0 3 0 2 3 1 2 0 0 1 3 2 2 0 0 0 1 0 1 0 0 0 0 0 0 0 1 0 0 
1 1 4 5 1 2 4 2 2 4 0 0 2 0 1 0 0 1 2 1 1 0 1 2 1 0 0 0 0 0 0 0 0 0 0 0 0 0 0 0 
0 0 3 3 0 5 4 2 5 0 1 1 2 1 0 2 0 3 1 1 1 3 0 0 1 0 0 0 0 0 0 0 0 0 0 0 0 0 0 0 
3 1 4 7 18 19 12 5 4 0 1 4 0 1 0 2 1 1 2 4 1 4 3 1 1 1 0 0 0 0 0 0 1 1 1 1 1 0 0 0 
2 2 0 4 6 14 4 4 0 2 0 1 0 0 1 0 0 5 2 3 1 2 0 0 0 0 1 0 0 0 0 0 0 0 1 0 0 0 1 0 
2 2 1 1 2 0 2 3 2 1 1 0 0 0 0 0 2 0 2 1 5 0 2 1 1 0 0 0 0 0 1 0 0 0 0 0 0 0 0 0 
2 2 2 4 5 7 3 5 5 1 0 1 1 1 3 1 1 4 3 5 4 4 2 2 0 0 0 0 0 0 0 0 0 0 0 1 0 0 0 1 
0 1 1 3 0 2 4 2 4 2 1 2 1 0 0 0 1 0 1 3 2 3 3 0 1 0 1 0 0 0 0 0 0 0 0 0 0 0 0 1 
1 0 4 1 1 2 1 4 2 0 1 1 1 0 0 0 1 2 0 1 2 1 1 0 0 0 0 0 0 0 0 0 0 0 0 0 0 0 0 0 
0 0 2 2 4 1 4 7 6 4 1 2 0 0 0 1 2 1 1 9 1 1 0 1 1 1 0 0 0 0 0 0 0 0 0 0 0 0 0 0 
0 1 0 0 0 5 2 1 3 1 0 2 0 0 1 0 1 0 1 1 0 1 0 2 2 3 1 0 0 1 0 0 0 0 0 0 0 0 0 0 
0 0 1 0 0 0 0 1 1 1 0 1 0 0 0 0 0 1 1 0 0 0 2 0 0 0 0 0 0 1 0 0 0 0 0 0 0 0 0 0 
1 0 0 3 2 1 2 3 5 2 2 1 2 1 0 5 2 1 2 5 3 3 2 2 2 0 0 2 0 0 0 0 0 0 0 0 0 0 0 0 
0 0 0 0 0 0 2 0 2 0 1 1 1 3 0 3 0 0 0 0 1 0 2 0 0 1 1 0 0 0 0 0 0 0 0 0 0 0 0 0 
0 0 0 1 0 0 0 3 0 2 0 2 1 1 0 1 2 0 1 0 1 0 0 2 0 0 1 0 0 0 0 1 0 0 0 0 0 0 0 0 
0 0 0 1 4 0 2 1 4 4 1 0 1 0 0 2 3 0 6 3 3 1 1 3 0 1 0 0 0 0 0 0 0 0 0 1 0 0 0 0 
1 0 0 0 1 0 1 0 0 2 1 2 1 1 0 0 1 0 2 0 1 0 1 1 1 0 2 0 0 0 0 0 0 0 0 0 0 0 0 0 
1 0 0 0 0 1 0 0 0 1 1 1 0 1 0 0 1 0 0 0 0 1 1 0 0 1 0 0 0 0 0 0 0 0 0 0 0 0 0 0 
1 0 0 1 1 2 0 2 4 5 3 4 4 0 3 1 4 1 1 4 6 2 2 2 1 0 0 0 1 0 0 0 0 0 0 0 0 0 0 0 
0 0 0 0 0 0 0 1 3 0 0 1 0 0 0 0 0 0 0 0 1 0 0 0 1 0 0 0 0 0 0 0 1 0 0 0 0 0 0 0 
0 0 0 0 0 1 0 1 1 0 0 0 0 0 0 1 0 0 0 1 0 0 1 0 2 0 1 0 0 0 0 0 1 0 0 0 0 0 0 0 
0 1 1 0 0 2 4 0 0 3 2 0 0 2 1 0 1 1 1 2 3 2 1 1 1 0 0 1 0 0 1 0 0 0 0 0 0 0 0 0 
0 0 0 0 0 0 1 1 0 0 0 0 2 0 0 0 2 1 1 0 2 0 0 0 0 0 0 0 0 0 0 0 0 0 0 0 0 0 0 0 

2 2 1 16 5 13 9 6 3 1 1 0 1 2 6 0 0 1 0 5 2 4 1 1 1 2 0 0 0 0 1 0 0 0 0 1 0 0 0 0 
4 3 3 9 5 2 2 4 2 3 1 2 2 2 1 1 0 4 0 1 1 1 0 1 2 0 0 0 0 0 0 0 0 1 0 1 0 0 0 0 
0 0 1 3 4 4 3 2 4 2 1 0 0 0 0 0 0 0 0 1 1 2 1 1 0 0 0 0 0 0 0 0 0 0 0 0 0 0 0 0 
2 1 1 4 4 14 14 7 4 3 0 1 0 0 1 1 0 0 2 5 3 3 1 0 0 0 1 0 1 0 0 0 0 0 0 0 0 0 0 0 
4 1 3 8 20 32 16 2 4 2 2 4 0 1 0 0 1 1 4 6 4 1 3 0 1 0 1 0 1 0 0 0 1 0 0 1 0 0 0 0 
2 1 1 1 2 2 3 0 3 1 1 1 0 0 1 0 0 1 2 1 4 3 1 0 0 1 0 0 0 0 0 0 0 0 0 0 0 0 0 0 
1 2 1 1 1 3 3 1 4 1 3 2 2 1 1 3 1 1 2 5 2 3 1 2 1 1 0 0 1 0 0 0 0 0 0 0 0 0 0 1 
3 4 2 6 3 8 4 8 2 3 0 1 0 1 1 2 2 4 4 7 3 6 4 2 1 1 0 0 0 0 0 0 0 0 0 1 0 0 0 0 
1 0 0 2 1 3 6 5 0 1 3 1 0 1 0 1 0 0 1 1 1 0 0 0 1 0 0 1 0 0 0 0 0 0 0 0 0 0 1 0 
1 1 1 0 0 2 4 7 6 4 3 0 1 1 0 1 3 1 4 4 2 1 3 1 0 1 1 1 0 0 1 0 0 0 0 0 0 0 0 0 
1 2 0 4 3 4 10 4 6 4 1 2 0 1 3 2 3 1 5 3 1 6 2 1 0 1 0 0 0 0 0 1 0 0 0 0 0 0 0 0 
0 1 0 0 2 1 1 2 1 0 1 1 1 2 0 1 0 0 1 2 1 0 1 0 0 2 0 0 0 0 0 0 0 0 0 0 0 0 0 0 
2 1 1 2 2 1 2 5 1 1 6 0 0 1 1 0 0 0 0 3 0 1 1 3 1 1 0 0 0 0 0 0 1 0 1 0 0 0 0 0 
0 1 1 0 3 0 4 2 4 1 0 0 2 1 1 0 0 1 3 4 3 4 0 1 1 0 0 0 0 0 0 0 0 0 0 0 0 0 0 0 
1 0 0 0 1 0 0 0 1 1 4 2 0 0 1 2 1 1 1 0 0 1 1 1 0 0 0 0 0 0 0 0 0 0 0 0 0 1 0 0 
0 0 0 0 0 0 0 1 0 2 1 1 1 1 1 1 0 0 2 2 2 1 2 1 0 0 1 0 0 0 1 0 0 0 0 0 0 0 0 0 
1 0 0 1 0 2 2 4 5 2 6 0 0 0 0 4 4 0 0 9 3 1 1 0 1 0 0 2 0 0 0 0 0 0 1 1 1 0 0 0 
0 0 0 0 0 0 0 1 0 0 3 0 1 0 0 1 0 1 1 3 2 0 1 1 2 1 1 0 0 0 0 0 0 0 0 0 1 0 0 0 
0 0 1 0 0 0 0 1 0 0 0 2 2 1 0 0 1 0 3 4 2 2 0 0 2 0 0 0 0 0 0 0 0 0 0 0 0 0 0 0 
1 0 0 2 2 2 1 2 5 4 2 4 0 1 0 2 1 0 3 5 5 2 1 1 0 1 0 0 1 1 0 0 0 0 0 0 0 0 1 0 
0 0 0 0 0 0 0 1 0 2 0 1 0 0 0 0 0 1 1 0 1 0 0 0 0 1 1 0 1 1 0 0 1 1 0 0 0 0 1 1 
0 0 0 0 0 0 0 1 0 4 6 1 1 0 1 1 0 0 0 0 1 2 3 1 0 0 1 0 0 0 0 0 1 0 0 0 0 0 0 0 
0 0 0 0 0 1 1 0 0 2 2 1 2 1 0 2 1 2 2 3 2 7 3 1 2 2 2 0 0 0 1 0 0 1 0 0 0 0 0 0 
0 0 0 0 0 0 0 0 0 0 0 0 0 0 1 0 1 1 1 0 0 0 0 0 0 0 0 0 0 0 0 0 0 0 0 0 0 0 0 0 

1 3 5 27 36 31 10 5 3 0 3 1 1 3 4 2 2 5 0 3 6 3 1 0 1 2 0 1 1 0 0 0 0 0 0 0 2 0 0 0 
1 4 13 22 40 17 12 9 11 4 4 0 2 4 3 4 1 1 4 4 1 7 3 1 2 0 0 0 0 2 0 1 0 0 0 1 0 0 0 0 
6 4 8 15 30 46 23 12 11 8 2 2 1 1 0 0 1 1 0 7 3 5 3 2 3 1 0 1 0 1 0 0 0 0 0 1 0 0 0 0 
3 6 5 12 17 38 46 8 5 1 5 3 2 0 4 2 2 4 4 5 1 3 7 1 1 2 2 1 0 0 0 0 0 1 0 0 0 0 0 0 
9 5 8 20 62 127 40 12 5 2 1 2 5 0 2 3 2 9 5 7 3 10 5 3 0 1 0 0 1 0 0 0 0 0 0 1 0 0 0 0 
2 3 1 15 23 25 14 6 6 7 5 2 0 1 0 3 1 4 3 4 2 1 4 6 2 2 0 0 0 0 0 0 0 0 0 0 0 0 0 1 
2 2 3 10 7 16 11 11 7 3 3 0 3 1 1 1 1 1 4 5 6 5 4 2 1 0 0 0 1 0 0 1 0 0 0 0 0 0 0 0 
3 2 6 4 10 13 14 12 6 4 1 1 0 3 2 7 7 10 4 9 8 9 5 2 0 3 0 3 1 0 0 0 1 2 0 0 0 0 0 0 
1 0 7 4 3 2 12 13 4 6 2 3 1 1 1 0 2 1 1 4 5 6 3 4 1 0 0 0 0 1 0 0 0 0 0 0 0 0 0 0 
0 2 1 6 3 8 8 6 4 4 7 2 5 0 0 1 2 1 1 5 6 3 4 1 1 1 1 1 1 0 0 0 0 0 0 0 0 0 0 0 
3 0 4 2 5 14 17 22 13 3 2 3 1 3 2 6 6 7 5 10 5 5 6 2 2 0 0 0 0 0 0 0 0 0 0 0 0 1 0 0 
0 3 3 1 2 5 5 11 5 6 1 1 0 4 1 3 1 2 0 7 2 2 6 2 0 0 1 0 0 0 0 0 0 0 0 0 0 0 0 0 
2 1 2 3 2 1 5 4 3 2 4 3 2 2 0 1 1 0 0 1 1 1 2 0 2 3 1 0 0 1 0 0 0 0 0 0 0 0 0 0 
2 0 1 0 5 3 10 12 6 6 2 0 1 2 2 2 2 5 4 9 3 2 3 1 1 2 1 0 0 0 1 0 0 1 0 0 0 0 0 0 
0 2 1 1 0 2 2 6 2 3 3 3 3 1 1 1 1 2 2 7 4 2 3 0 0 1 2 0 3 0 0 0 0 1 0 0 0 0 0 0 
1 0 0 3 0 0 1 2 6 2 2 2 1 1 1 1 1 0 0 1 8 1 1 0 1 2 0 1 0 0 0 0 1 0 0 0 0 0 0 0 
0 0 4 2 0 3 3 6 12 9 4 1 2 1 3 8 3 3 7 10 5 3 1 0 2 0 0 1 0 1 0 0 1 0 0 0 0 0 0 0 
1 0 0 0 0 1 1 1 4 5 9 4 2 1 2 0 1 4 1 2 3 1 5 0 1 1 1 0 0 0 0 0 0 0 0 0 0 0 0 0 
1 0 0 3 0 0 1 2 1 3 3 2 2 0 2 1 0 0 0 1 3 1 1 2 2 0 0 0 2 0 0 0 0 0 0 0 0 0 0 0 
0 0 0 3 1 2 2 10 19 10 7 6 2 1 0 2 2 4 6 7 8 4 4 1 1 1 1 0 0 0 0 2 0 0 0 0 0 0 0 0 
0 0 0 1 1 3 0 2 4 3 3 2 0 0 0 2 1 1 3 3 2 4 6 1 3 0 0 1 1 0 0 0 0 0 0 1 0 0 0 1 
1 0 0 1 0 0 1 0 0 2 2 2 0 1 1 1 0 0 2 3 3 1 1 0 1 0 1 0 1 0 0 0 1 2 0 0 0 0 0 0 
0 0 0 0 0 1 3 1 6 2 3 8 2 1 0 3 3 3 7 7 5 5 3 2 1 1 2 1 0 1 0 0 0 0 0 0 0 0 0 0 
0 0 0 0 0 0 0 0 0 0 2 1 0 0 0 0 2 1 2 5 3 3 1 1 0 1 0 0 0 0 0 0 0 0 0 0 0 0 0 0 

0 3 2 67 989 38 15 6 8 1 3 0 0 10 4 1 1 6 2 15 8 7 8 2 0 1 1 2 0 0 0 0 0 0 0 0 0 0 0 0 
9 8 18 22 210 54 21 15 9 5 5 5 10 5 8 2 3 3 0 7 6 3 2 3 1 1 0 0 1 0 0 0 1 0 0 0 1 0 1 0 
17 11 9 52 106 80 40 16 8 4 2 4 0 2 2 1 1 1 1 5 2 4 2 0 0 1 0 0 0 1 0 0 0 0 0 0 0 0 0 1 
8 5 5 25 33 100 76 4 11 2 2 2 2 2 1 2 2 5 3 4 5 7 8 0 2 1 2 0 0 0 0 0 0 0 0 0 1 0 0 0 
9 4 4 13 96 184 53 12 10 3 2 3 6 1 2 2 4 5 10 10 8 10 3 2 2 0 0 2 0 1 0 0 0 0 0 0 0 0 0 0 
3 2 4 15 23 32 31 9 8 4 5 0 0 0 0 0 1 0 2 3 2 4 7 4 2 1 0 1 0 0 0 0 0 0 0 0 1 0 0 0 
5 5 1 15 15 33 25 11 15 6 7 6 2 2 3 2 2 0 0 7 9 5 6 2 2 2 1 0 1 0 0 0 1 0 0 0 0 0 0 1 
3 2 1 7 10 14 19 7 7 2 1 4 0 3 5 5 6 3 5 13 13 11 5 8 3 0 0 0 0 1 0 1 1 1 0 0 0 0 0 0 
1 1 1 3 5 9 24 6 4 5 2 2 2 1 1 2 1 1 1 7 5 2 3 2 0 2 1 0 0 0 0 0 1 0 0 1 0 0 0 0 
2 1 2 3 5 9 13 16 23 3 3 0 2 1 2 3 0 2 1 5 3 6 8 3 5 0 2 1 1 0 0 0 0 0 0 0 0 0 0 0 
1 0 1 2 9 11 9 27 4 5 4 6 2 3 2 3 4 2 5 11 7 7 5 1 2 2 0 0 0 0 0 0 0 1 0 0 0 0 0 0 
0 1 2 1 3 7 6 9 10 5 3 0 0 1 0 0 2 2 2 3 0 5 3 2 1 2 0 1 0 0 0 0 0 0 1 0 0 0 0 0 
1 2 1 2 1 4 6 12 9 7 9 7 2 3 2 1 1 0 0 9 4 4 4 1 0 1 0 1 2 0 0 0 0 0 0 0 0 0 0 0 
7 2 3 0 3 6 5 8 10 6 5 0 2 3 7 4 4 5 7 12 5 6 2 4 0 0 0 1 0 0 0 0 0 0 0 1 0 0 0 1 
0 1 0 2 3 3 5 1 1 3 2 1 2 1 1 0 2 4 0 4 3 1 1 0 1 1 0 0 0 0 0 0 0 0 0 0 1 0 0 0 
0 2 0 3 1 2 0 5 5 6 3 3 5 2 4 1 0 0 2 7 5 0 1 0 2 0 0 0 0 0 0 2 0 0 0 0 0 0 0 0 
1 1 0 0 1 2 2 3 11 13 8 3 2 3 1 1 1 1 7 8 7 4 2 4 1 1 0 1 0 1 0 2 1 0 0 0 0 0 0 0 
0 2 0 0 1 2 0 2 3 1 2 6 1 1 1 2 0 0 2 5 4 3 2 1 3 2 0 0 1 0 1 1 0 1 0 0 0 0 0 0 
0 0 3 0 0 1 2 9 4 1 7 4 3 1 2 1 2 0 2 3 2 0 2 1 1 2 1 1 1 0 0 0 0 0 1 0 0 0 0 0 
2 1 0 1 1 3 2 4 12 13 9 4 1 2 2 3 4 2 9 10 7 6 4 1 3 1 3 0 1 0 0 0 0 0 0 0 0 0 0 0 
0 0 1 0 0 1 0 1 1 1 0 0 0 1 2 0 0 1 2 2 7 0 2 1 0 1 1 2 1 0 0 0 0 0 0 0 0 0 0 0 
0 0 0 0 2 0 2 0 1 8 0 0 4 0 2 0 0 2 0 5 3 1 4 1 3 1 6 1 0 0 1 0 0 0 0 0 0 0 0 0 
0 0 1 0 0 0 1 1 4 5 8 1 1 3 0 3 2 2 8 10 4 6 5 1 0 1 1 0 1 2 1 1 0 0 0 0 0 0 0 0 
0 0 0 1 1 1 0 2 0 2 1 1 1 1 1 1 1 0 0 0 0 0 1 1 1 0 0 0 0 0 0 0 0 0 0 0 0 0 0 0 

0 1 3 28 53 12 4 7 2 2 3 2 3 17 3 3 3 8 2 26 17 10 7 8 1 2 1 0 0 0 0 0 0 0 0 0 0 0 0 0 
0 3 5 15 36 8 7 1 5 5 2 2 6 7 8 6 7 5 6 10 13 4 12 6 0 3 1 0 0 0 0 0 0 0 0 0 0 0 0 1 
3 3 6 8 134 49 10 8 6 0 3 6 1 2 3 3 1 1 6 11 10 8 10 4 2 3 0 1 0 1 0 0 0 0 0 1 0 0 0 0 
7 1 0 11 30 172 77 4 5 2 3 0 2 1 3 3 2 8 7 10 14 5 9 5 3 0 0 0 0 0 0 0 0 0 1 0 0 0 0 0 
11 11 12 15 166 574 91 28 14 2 2 1 3 5 1 1 11 7 5 23 16 14 11 2 6 2 0 1 1 0 0 0 0 0 0 0 1 0 0 0 
6 3 6 17 44 530 103 26 9 10 7 1 5 5 1 1 8 3 4 10 4 13 14 2 0 0 1 0 1 1 0 1 1 1 1 0 0 0 0 0 
10 2 5 10 17 118 123 22 11 13 5 4 4 3 3 5 3 2 5 13 9 17 14 5 6 1 4 0 1 1 1 1 0 0 0 0 0 0 1 0 
2 3 9 13 16 59 124 32 20 11 4 5 3 2 4 5 13 12 8 31 25 30 15 4 4 1 2 1 1 0 1 0 0 1 1 1 1 0 0 1 
4 2 7 18 14 56 170 92 27 6 6 7 4 3 2 4 4 2 2 9 13 9 13 4 6 1 1 1 1 0 1 1 0 0 0 0 0 0 0 0 
2 2 6 5 12 25 59 69 40 18 10 3 8 3 1 3 3 4 2 6 5 12 11 2 3 0 2 1 0 1 0 0 0 0 0 0 0 0 0 1 
3 0 4 12 17 35 52 59 43 12 12 4 1 2 2 3 11 10 10 20 13 14 5 1 3 1 2 1 0 0 1 0 0 0 1 0 0 0 1 0 
3 0 3 7 16 21 41 78 49 15 8 4 7 5 1 5 4 6 3 6 7 8 14 1 2 4 0 0 1 0 0 0 1 0 0 0 0 0 0 0 
6 2 2 2 6 11 16 40 32 11 9 1 5 3 3 4 2 5 2 8 8 3 8 2 5 0 0 1 0 0 1 0 0 0 0 0 1 0 0 0 
1 2 4 2 2 14 13 44 55 22 7 4 5 3 6 2 8 6 11 26 7 9 5 2 7 0 1 2 0 1 0 0 0 1 0 0 0 0 0 0 
3 0 5 0 3 11 5 25 35 26 21 12 3 1 1 6 1 5 5 12 6 5 3 1 0 2 2 1 0 3 1 0 0 0 0 0 0 0 0 0 
2 1 2 6 2 6 2 15 18 12 21 4 3 2 4 1 3 0 2 10 9 3 3 5 2 0 1 2 0 1 0 1 0 0 1 0 1 0 0 0 
1 1 2 2 4 3 4 20 30 39 25 5 4 1 2 2 10 13 8 18 10 5 0 6 2 3 0 3 1 1 0 0 1 2 0 0 0 0 0 0 
0 3 2 2 1 5 13 12 22 28 24 14 4 2 1 4 6 3 5 12 1 4 9 2 2 5 3 1 0 1 1 0 1 0 0 0 0 0 0 0 
1 0 2 3 3 3 2 6 9 18 14 5 6 4 4 3 2 4 1 11 7 6 10 3 1 4 1 0 1 0 0 0 0 0 0 0 1 0 0 0 
2 2 0 5 4 5 1 9 36 31 22 14 9 7 4 5 7 3 11 16 10 17 11 4 0 0 3 1 1 1 0 0 1 0 0 0 0 0 0 0 
1 1 1 1 3 4 6 4 9 13 10 4 3 2 1 6 3 2 5 9 7 8 5 3 2 0 3 0 0 0 0 0 0 0 1 0 0 0 0 0 
1 0 1 0 0 2 1 7 3 6 5 2 2 1 1 3 1 1 4 6 5 2 4 7 1 2 2 2 2 0 2 1 0 0 0 0 0 0 0 0 
1 0 0 0 3 0 5 10 8 9 9 3 10 4 4 5 5 2 13 11 14 9 5 0 2 2 3 1 1 0 0 0 0 0 0 0 0 0 0 0 
0 1 0 1 0 3 2 2 4 9 5 6 1 1 0 1 3 3 5 5 1 1 3 4 2 3 0 0 0 0 0 0 1 0 0 0 0 0 0 0 

0 0 7 11 7 8 4 12 3 5 1 1 0 16 6 4 7 15 5 65 28 25 15 7 4 1 5 0 1 0 0 0 1 0 0 0 0 0 0 0 
4 4 1 2 7 7 18 2 5 5 3 3 4 12 9 6 3 3 9 22 13 12 13 4 2 3 2 2 2 1 0 3 1 0 1 0 0 0 0 1 
9 3 5 1 6 4 7 3 6 4 0 2 1 2 2 1 0 4 5 6 14 10 7 6 1 1 0 0 0 2 0 0 0 0 0 0 0 0 0 0 
6 1 3 2 8 29 26 4 3 1 2 3 2 3 7 7 6 7 11 19 34 17 17 2 4 1 3 2 4 0 0 0 0 0 0 1 0 0 1 0 
4 2 4 7 25 60 31 12 11 8 5 3 7 2 2 6 6 6 7 24 15 21 11 10 6 7 0 1 1 1 1 0 0 0 1 0 0 0 0 0 
8 8 10 19 39 75 54 18 18 11 4 7 4 3 1 4 2 4 6 9 13 14 16 2 2 1 0 1 0 0 1 0 0 0 0 1 0 0 0 0 
7 6 4 9 19 67 78 22 18 10 3 7 6 2 3 1 4 5 9 22 26 30 30 3 5 0 4 0 2 0 1 0 0 0 0 0 0 0 0 2 
6 3 7 5 6 29 131 20 17 7 5 10 2 4 3 4 5 3 7 23 24 41 23 10 6 2 4 0 2 3 2 1 1 2 1 1 0 0 0 0 
7 8 9 17 20 40 322 79 18 14 8 6 3 7 2 2 0 2 2 6 8 11 7 3 3 2 1 0 0 0 0 0 0 0 0 0 0 0 0 1 
3 6 5 12 14 55 627 73 46 14 17 4 5 2 1 6 5 12 8 21 24 29 18 2 5 2 5 1 0 0 0 0 1 0 0 0 0 1 0 0 
1 2 2 5 7 16 64 193 37 14 1 2 3 3 6 6 8 6 15 16 23 35 17 4 2 1 2 0 1 0 1 1 0 1 1 0 0 0 0 1 
6 4 4 9 9 30 54 193 52 16 12 6 4 7 1 4 2 4 5 7 8 14 10 5 3 4 3 1 1 0 0 0 0 0 0 0 2 0 0 1 
6 2 2 8 6 22 32 221 219 16 21 7 7 1 2 0 2 6 2 15 22 6 13 3 2 1 1 2 1 0 0 0 0 0 0 0 0 0 0 0 
7 3 5 3 4 9 13 105 280 29 5 5 0 2 2 2 8 6 12 23 13 11 7 5 1 2 3 3 1 3 1 0 1 0 1 1 1 0 0 0 
3 4 3 4 4 6 18 39 137 32 15 12 4 0 6 2 2 3 4 8 7 3 4 1 2 2 2 0 1 0 2 1 0 0 0 1 0 0 0 0 
3 4 0 2 2 11 8 30 227 33 18 2 7 6 1 4 7 9 5 8 17 8 10 1 4 2 2 2 0 1 0 0 1 0 1 0 0 1 0 0 
2 2 3 2 4 7 7 17 47 62 25 5 2 3 3 2 6 6 13 18 19 5 3 4 0 1 0 1 0 0 0 2 1 0 0 2 0 0 0 0 
3 3 4 3 4 4 8 29 45 80 33 17 6 5 3 5 1 3 7 5 9 2 4 1 2 3 1 0 0 0 0 0 0 0 0 0 0 1 0 0 
1 1 1 2 1 6 4 22 31 68 47 16 8 4 2 3 3 2 2 12 8 15 11 4 9 5 4 2 3 2 2 0 0 0 4 0 0 0 0 0 
2 0 1 2 2 2 9 11 35 61 22 12 7 1 5 4 6 15 10 21 21 21 15 4 1 4 4 4 0 2 0 0 0 1 0 0 0 0 0 0 
2 0 0 0 1 2 4 5 11 16 19 8 5 1 1 3 3 4 3 7 4 3 5 2 0 2 1 2 0 0 0 0 0 0 0 0 0 0 0 0 
2 0 1 1 1 1 3 5 5 15 12 5 4 2 7 3 3 4 8 10 10 11 7 4 8 2 6 1 2 1 1 0 1 0 1 1 0 0 0 0 
1 1 0 1 2 0 2 9 11 10 21 7 4 2 3 4 10 8 16 16 15 16 6 3 6 7 4 3 2 0 0 0 0 0 0 0 1 0 0 0 
1 0 0 0 0 1 0 2 1 8 6 6 6 2 2 3 2 3 3 5 5 2 6 2 0 2 0 0 0 0 0 0 0 0 0 0 1 0 0 0 

0 0 1 4 4 5 4 8 2 3 2 2 2 29 20 5 3 14 21 291 41 44 34 12 4 5 2 0 2 0 0 0 0 0 0 1 0 1 0 0 
2 2 1 2 2 2 2 4 1 2 3 9 4 19 15 7 7 7 49 233 57 61 47 15 10 7 3 2 4 3 1 1 1 2 1 1 0 0 1 0 
0 2 1 1 2 4 2 3 2 1 4 3 3 8 16 9 12 16 55 186 79 79 32 21 13 4 1 2 3 1 0 0 1 2 2 0 0 1 1 0 
5 1 0 0 0 8 23 4 4 2 1 5 1 1 1 7 4 17 24 50 44 52 50 10 12 1 8 3 2 1 1 0 0 0 1 0 0 0 0 0 
8 3 1 5 10 15 13 4 4 2 4 3 6 3 4 6 14 22 30 85 70 81 46 21 12 7 2 2 4 6 3 0 2 0 0 3 0 1 2 0 
2 0 2 3 5 9 14 5 9 3 7 4 5 1 6 8 12 28 39 70 118 140 53 20 19 7 7 3 3 0 1 0 0 0 2 1 1 0 0 0 
7 2 1 6 14 16 30 9 20 3 6 6 8 8 4 5 7 9 17 42 63 93 63 12 14 3 3 2 4 2 4 0 1 1 1 0 2 1 1 0 
4 8 3 9 7 16 16 7 7 6 4 4 4 2 5 4 12 14 30 86 107 149 43 18 9 7 2 1 1 1 1 0 0 1 2 0 0 2 1 0 
2 2 4 4 1 9 9 7 6 7 1 1 6 1 4 6 12 17 40 65 121 106 31 15 8 12 6 3 1 4 1 1 0 2 0 1 1 0 1 0 
3 3 6 4 5 26 30 31 32 9 11 1 4 4 1 6 5 10 13 41 61 55 47 4 12 5 4 2 3 1 2 0 0 0 0 1 0 1 0 0 
1 0 2 5 7 8 31 23 12 12 1 3 1 4 8 3 17 20 36 47 67 77 33 6 9 6 3 0 1 1 0 4 0 0 0 0 0 0 0 0 
3 0 4 0 6 6 9 17 16 7 1 3 3 4 2 5 9 5 14 50 75 43 13 9 7 6 2 1 2 0 0 2 1 0 0 0 1 0 0 0 
3 1 2 5 4 6 9 40 57 8 11 3 6 1 2 1 2 7 13 42 47 24 14 5 14 2 2 1 0 0 0 0 0 0 1 0 0 0 0 0 
2 1 2 4 5 4 12 26 37 5 4 4 3 1 4 5 11 13 41 77 68 15 18 12 9 2 3 3 0 0 3 1 0 0 1 0 0 0 0 0 
2 0 1 1 1 3 3 14 29 7 4 2 3 5 4 4 14 9 18 42 71 32 22 12 1 3 6 1 0 1 1 0 0 0 3 1 0 1 0 0 
1 1 0 1 1 4 2 17 56 27 20 3 5 3 0 4 4 5 7 30 44 19 17 3 4 4 5 3 2 3 0 1 0 0 0 1 0 0 1 0 
0 0 2 2 1 3 3 18 61 134 19 3 2 9 4 8 15 9 30 44 51 21 9 2 5 4 2 1 2 3 0 0 2 0 1 1 0 0 1 0 
1 0 1 0 2 1 2 4 22 86 13 10 9 5 1 4 7 11 13 48 46 19 10 10 6 2 1 2 2 1 1 0 0 0 0 1 0 0 0 1 
3 1 0 0 1 5 2 9 16 299 48 7 10 4 5 9 7 8 10 26 38 20 27 7 6 6 7 3 2 4 0 1 1 0 0 1 0 0 0 0 
2 0 4 2 1 1 8 15 81 415 50 18 8 3 6 8 12 15 21 73 59 37 12 15 2 4 2 2 2 1 1 1 0 1 0 2 0 2 0 0 
0 0 1 1 1 0 3 8 27 561 53 9 10 4 8 5 5 12 25 43 38 31 24 14 4 4 2 4 1 1 0 0 0 0 2 0 0 0 0 0 
1 1 3 2 1 1 6 9 13 167 90 9 9 8 3 9 2 7 7 35 25 20 13 10 11 8 3 4 0 0 1 0 1 0 0 0 1 0 0 0 
1 0 4 1 4 0 6 9 28 174 102 19 10 1 6 5 9 10 28 39 48 22 16 2 8 9 1 2 1 2 2 0 0 0 0 0 0 1 0 0 
2 3 0 0 4 1 1 8 11 198 220 14 8 4 7 6 9 19 22 35 59 33 22 8 4 4 2 2 2 1 1 0 0 0 1 0 0 0 0 1 

0 1 0 4 2 4 3 3 0 3 1 6 4 38 31 7 7 23 11 102 40 344 187 14 7 3 4 2 3 0 0 0 0 0 0 1 0 0 0 0 
2 1 0 0 2 2 7 1 1 2 4 2 10 26 39 13 11 7 34 81 62 117 104 18 13 11 9 5 3 1 2 0 3 0 1 0 3 1 0 1 
2 1 0 1 3 6 2 1 1 1 3 2 6 3 10 9 5 13 30 217 46 173 72 14 10 10 2 4 3 1 2 0 3 0 1 0 0 0 1 0 
1 0 0 1 2 4 12 4 4 4 1 2 7 3 10 9 9 13 45 160 65 171 66 10 8 5 7 6 2 2 1 0 0 1 0 3 0 0 1 0 
3 2 2 1 3 11 3 2 6 2 5 2 3 3 3 6 15 12 48 193 89 118 53 21 17 3 4 2 3 0 0 1 2 1 0 1 1 0 0 0 
2 2 1 3 9 11 12 4 5 4 5 5 10 6 7 6 7 21 59 190 112 286 62 22 11 8 7 5 0 3 2 2 2 1 0 1 0 0 0 1 
1 1 2 3 3 1 5 7 4 1 5 4 2 5 3 11 5 15 28 214 109 294 99 23 11 4 6 5 1 2 0 0 0 1 1 0 1 1 0 0 
7 1 0 4 3 3 2 2 3 0 2 0 1 3 3 9 7 9 44 135 151 143 38 13 7 7 1 3 5 1 1 2 2 2 2 1 0 2 1 0 
7 1 3 10 7 1 13 4 5 2 5 4 7 3 2 8 10 28 43 96 230 73 46 25 20 12 2 5 3 3 1 1 1 0 0 0 0 0 0 1 
2 5 2 3 4 9 6 6 10 3 8 3 1 3 4 8 5 11 20 81 281 67 70 12 20 1 5 0 6 0 2 0 0 1 0 0 2 0 0 0 
2 2 0 1 4 3 11 9 7 4 3 1 1 1 3 6 2 8 21 45 219 66 26 11 2 1 3 1 0 0 0 0 0 0 0 0 0 0 0 1 
0 1 0 2 5 3 4 11 9 2 5 4 3 6 1 4 4 11 24 48 192 42 22 10 11 6 1 2 3 2 1 0 0 1 0 1 0 0 0 0 
4 1 0 1 2 3 4 5 8 6 3 4 1 6 1 4 1 15 14 62 466 25 34 7 10 4 2 0 1 2 1 0 1 1 1 0 1 0 0 0 
3 1 2 0 2 3 7 10 6 8 2 0 4 3 3 3 9 10 28 63 259 25 9 4 5 4 5 3 0 2 0 2 0 0 0 0 0 2 0 0 
2 0 1 2 4 0 2 7 8 6 7 3 4 4 4 1 7 10 17 54 178 37 20 8 7 3 1 2 0 1 2 2 2 0 0 1 0 0 0 0 
0 1 3 0 1 4 5 8 12 10 13 3 10 2 7 5 2 18 9 70 406 34 27 5 10 6 4 2 4 2 3 0 3 2 0 0 1 0 0 1 
0 1 2 2 2 2 2 3 9 15 7 3 3 2 7 3 12 9 20 54 196 25 14 7 1 3 5 3 1 1 2 3 0 1 0 0 1 0 0 1 
1 0 0 0 2 1 5 6 7 7 14 5 7 4 6 5 5 10 20 63 156 23 28 8 5 4 1 2 3 0 1 2 0 0 0 0 1 3 0 1 
2 0 2 1 1 1 4 10 5 17 17 8 7 7 2 4 10 18 10 66 304 27 36 15 21 8 12 10 2 1 1 1 2 0 2 1 1 0 0 0 
6 3 2 0 0 2 7 7 28 46 25 9 12 4 0 4 7 13 18 66 539 45 14 10 8 5 4 2 4 3 3 1 1 0 0 0 0 1 1 0 
0 4 2 3 4 4 4 16 28 49 25 14 10 7 8 14 9 13 27 68 140 38 25 16 10 7 5 5 6 1 1 1 0 1 0 0 1 1 0 0 
3 1 0 1 0 4 4 11 9 35 35 14 8 5 12 5 9 11 14 77 180 35 50 12 14 6 3 4 1 1 3 0 0 0 1 0 0 0 0 0 
1 0 0 0 2 3 4 7 14 41 46 11 4 4 9 5 15 10 26 53 121 44 25 4 14 3 1 2 0 2 0 3 1 1 0 0 1 0 0 0 
1 1 0 3 4 4 7 18 20 93 107 20 10 11 11 7 12 17 53 81 182 52 33 10 8 4 2 3 0 2 0 1 0 3 0 0 0 0 0 0 

1 1 0 2 4 2 1 2 1 0 0 4 13 108 111 16 12 15 7 53 26 31 37 4 7 0 3 0 0 0 0 0 0 0 1 0 0 1 0 0 
2 1 2 2 0 1 0 0 2 2 4 5 28 91 203 34 9 1 7 14 11 23 20 4 3 1 2 1 3 0 0 0 0 0 0 1 1 0 0 0 
0 0 0 0 1 0 3 7 4 1 1 3 15 20 32 27 11 9 8 11 10 17 12 3 2 0 3 4 0 0 2 1 3 0 3 0 0 1 0 0 
1 2 0 3 3 5 5 2 3 5 3 3 5 13 22 11 19 12 9 23 49 16 34 12 7 3 3 0 3 0 0 0 2 0 1 1 0 0 0 0 
2 0 0 0 2 6 4 5 1 6 9 4 6 9 12 16 12 8 8 39 27 23 12 8 7 5 2 0 1 2 0 0 0 0 2 2 0 1 1 1 
0 0 1 3 4 2 3 2 1 1 2 1 12 2 5 2 7 5 16 43 19 23 24 9 7 5 2 2 1 0 0 0 1 2 2 1 0 0 0 0 
1 0 2 3 5 3 3 7 3 2 3 1 2 2 3 5 4 9 23 180 78 29 39 6 4 4 8 3 2 0 2 1 1 1 0 0 0 0 1 1 
1 0 0 0 2 1 3 1 2 3 4 2 5 7 4 8 16 15 59 368 61 36 24 8 6 3 2 5 4 1 1 2 0 2 0 3 0 0 1 1 
2 1 1 3 1 2 3 1 1 1 1 1 1 2 2 5 2 8 25 336 23 14 20 6 6 9 2 0 3 1 2 1 0 1 0 1 0 1 0 0 
2 3 2 1 0 7 4 6 6 0 3 5 1 2 1 4 3 8 21 277 69 37 31 8 8 6 3 1 2 3 0 1 1 0 1 0 0 0 0 0 
1 4 1 1 3 1 2 4 2 2 1 2 2 3 6 4 6 7 46 149 38 34 17 13 5 2 1 2 0 0 2 2 1 0 0 2 0 0 0 0 
1 1 1 2 2 4 1 2 3 1 5 5 1 1 0 6 3 5 27 282 31 18 18 3 3 3 1 2 2 1 4 1 0 1 2 0 0 0 1 0 
2 1 0 3 5 5 2 3 6 4 6 2 0 0 1 3 3 11 12 218 95 30 17 7 11 0 7 1 2 3 1 0 0 0 2 1 1 0 0 0 
1 1 2 0 1 1 1 0 1 1 3 1 2 4 5 1 12 12 60 202 72 34 6 8 3 4 1 1 1 0 2 2 3 0 0 0 0 1 0 0 
0 0 3 0 3 1 4 3 3 4 2 4 4 1 3 8 11 14 39 105 75 29 13 7 3 2 2 4 1 0 2 1 1 0 1 0 0 1 1 0 
1 2 0 2 2 3 3 3 4 4 5 4 7 1 6 5 4 8 15 45 100 24 26 5 14 5 1 5 4 0 3 0 1 1 0 1 1 1 0 0 
1 0 2 1 0 3 2 7 2 3 3 4 5 5 4 3 9 16 37 66 54 17 16 7 3 9 2 5 3 3 2 3 1 0 0 1 0 0 0 0 
2 0 4 1 2 1 2 2 3 7 5 3 6 1 7 8 9 10 22 48 74 27 16 9 5 4 3 2 2 1 1 1 1 0 0 0 0 0 0 0 
3 0 1 1 0 4 2 7 8 7 11 2 10 5 2 4 6 21 14 54 93 38 35 15 15 10 9 7 3 2 3 1 0 0 2 0 0 0 1 0 
3 2 2 2 1 1 3 4 8 20 6 6 3 2 4 4 10 8 35 69 114 117 103 28 14 8 5 6 2 3 1 1 2 3 0 0 0 0 1 2 
0 2 1 2 5 1 5 4 4 12 13 6 8 9 11 6 9 18 27 82 141 217 214 45 20 10 6 8 3 2 2 2 1 0 1 1 1 0 0 1 
1 1 2 4 6 6 4 13 11 16 15 10 5 9 7 6 10 18 13 90 249 69 94 20 22 8 11 6 6 3 1 2 1 0 1 3 1 0 0 0 
2 1 0 1 1 0 1 10 5 7 14 1 7 6 6 11 25 16 40 76 336 72 28 13 15 7 5 1 3 0 0 3 0 0 0 0 0 1 0 0 
0 0 0 0 2 2 3 6 8 27 23 14 14 5 6 7 14 18 37 78 595 65 26 14 7 6 5 3 2 0 2 2 1 0 0 1 0 0 0 0 

0 0 1 2 0 3 1 1 0 2 1 3 21 329 552 22 6 9 6 21 8 16 16 5 0 0 1 0 0 0 0 0 1 0 0 0 0 1 0 1 
1 1 0 2 0 1 1 1 2 3 1 2 14 166 1019 32 13 9 10 13 11 8 7 7 5 2 3 0 2 2 0 0 0 0 0 1 0 1 0 0 
1 1 0 1 2 2 4 1 5 2 2 6 10 28 57 28 21 11 7 8 8 10 10 11 1 0 4 1 1 1 1 1 0 1 1 0 0 0 0 1 
0 0 0 1 2 2 1 1 3 2 4 8 12 12 31 21 17 13 16 14 14 14 9 3 5 0 1 1 1 2 2 2 1 0 0 1 1 0 0 0 
1 0 2 1 4 4 1 2 2 0 1 3 8 12 8 14 20 6 8 19 9 6 7 5 7 5 1 3 2 1 1 1 2 1 1 0 2 0 0 1 
1 0 1 3 2 3 5 4 3 3 5 1 4 3 3 2 5 7 11 16 18 11 11 11 8 8 5 4 2 1 4 0 0 1 0 1 1 0 2 1 
1 0 2 1 1 3 2 1 2 3 3 2 7 4 2 4 13 7 6 21 23 12 18 0 6 1 3 2 3 0 0 1 1 1 0 0 1 1 1 0 
1 2 0 1 3 1 4 2 1 1 3 1 1 3 2 1 10 4 22 23 23 15 7 7 5 4 3 3 2 1 0 2 1 3 1 0 0 0 0 0 
0 2 1 2 3 3 2 0 3 1 4 3 2 9 2 10 5 11 19 22 24 16 12 10 12 4 5 5 0 2 1 1 2 0 0 1 1 0 1 0 
2 0 0 0 3 1 2 1 6 1 3 2 3 4 2 4 6 7 11 18 38 15 13 3 11 3 7 3 3 1 0 0 0 0 1 1 0 0 0 0 
1 0 2 0 1 1 3 2 0 5 0 2 2 0 3 3 4 5 13 41 20 19 6 6 4 2 2 1 0 0 0 0 1 0 0 0 0 0 0 0 
1 0 3 2 1 2 5 2 5 1 4 2 0 2 2 4 3 11 14 37 31 14 9 7 5 5 3 1 2 0 0 0 0 1 1 0 0 1 0 0 
2 1 0 1 2 3 0 0 3 0 3 2 0 2 2 3 2 7 13 84 74 14 20 4 6 2 0 0 2 3 0 0 2 0 0 0 0 1 0 0 
0 0 0 2 1 2 4 1 2 3 0 1 2 0 1 2 3 7 35 178 56 15 5 2 4 2 2 4 0 1 0 0 1 2 0 0 0 1 0 1 
0 1 2 1 1 3 1 1 3 1 4 2 1 3 5 1 7 19 31 206 80 23 16 6 7 4 0 3 4 2 2 1 0 1 1 1 1 0 0 2 
0 0 1 0 0 1 0 1 3 2 3 2 4 2 2 8 6 16 21 218 133 15 25 4 6 3 4 3 2 1 2 0 3 0 0 0 2 0 0 0 
1 0 1 0 1 1 1 1 5 2 2 2 2 3 3 4 8 7 28 275 90 28 14 7 5 3 4 1 1 2 2 4 1 0 0 0 2 1 0 0 
2 0 1 1 0 2 1 5 0 6 4 5 1 5 8 8 14 22 27 126 110 35 26 10 7 6 7 2 1 1 3 0 1 3 0 0 0 1 1 1 
3 0 1 2 2 2 2 1 2 2 2 3 3 4 4 6 8 16 20 106 147 21 25 9 13 6 6 0 7 4 3 2 0 1 2 1 0 0 0 0 
2 3 1 2 0 2 2 5 7 10 4 1 2 3 4 5 9 6 28 62 78 139 93 31 12 9 5 10 7 3 1 1 1 0 0 0 2 2 1 1 
0 2 2 1 2 1 5 3 9 12 12 4 10 7 7 8 12 34 45 108 148 274 365 65 23 28 12 11 9 2 6 6 2 1 2 1 1 2 0 2 
0 0 0 1 0 1 4 1 3 4 10 10 2 7 5 6 11 20 20 109 170 154 142 25 41 12 13 5 7 1 4 3 2 0 0 2 2 0 0 1 
0 0 1 1 1 3 3 5 3 5 8 3 4 1 6 5 12 15 45 61 117 89 40 11 17 5 7 4 6 1 1 2 0 0 2 0 0 0 0 0 
2 0 2 2 1 2 1 3 5 4 6 3 9 5 3 12 17 21 44 98 141 72 38 26 10 8 4 3 1 0 1 4 2 0 0 0 1 0 0 0 

0 2 0 1 1 1 0 0 0 1 1 3 11 536 700 35 6 3 7 15 7 14 10 2 5 2 1 1 0 1 0 1 0 2 1 3 0 0 0 1 
1 0 1 0 0 1 1 1 1 1 0 4 15 95 483 69 15 11 9 6 3 5 5 3 4 0 1 0 1 0 0 1 0 0 0 4 0 0 0 1 
1 0 0 0 0 2 1 1 3 3 4 9 9 18 99 57 28 15 11 11 3 5 2 3 2 0 3 1 0 2 0 0 0 0 0 1 2 0 0 0 
2 1 1 1 0 1 1 2 1 2 2 7 3 16 14 21 28 13 9 8 12 3 9 5 1 0 1 1 0 2 0 0 0 1 2 0 2 0 0 1 
0 0 0 1 4 2 4 1 2 1 6 4 13 10 14 29 26 7 8 6 7 2 3 2 1 0 1 3 0 2 1 0 1 1 3 1 0 0 1 0 
1 1 1 0 0 1 0 1 0 2 0 1 2 4 3 11 10 6 5 9 7 6 8 4 6 3 1 2 0 1 1 0 1 1 1 0 0 0 0 0 
0 0 1 1 0 1 1 0 2 1 2 0 4 2 5 2 5 9 8 12 15 7 6 2 7 3 4 1 3 1 1 0 1 1 1 0 0 0 0 0 
1 0 0 0 1 2 1 0 2 0 1 1 10 2 9 8 5 9 14 9 4 10 8 4 1 2 2 0 0 2 1 0 2 2 1 0 0 0 0 0 
0 0 0 1 1 1 0 1 0 2 2 0 2 4 1 4 7 8 4 10 10 4 7 7 4 3 1 2 0 1 1 0 1 0 0 0 0 0 0 1 
0 1 0 0 1 3 2 2 2 0 0 3 2 3 1 5 2 7 10 11 16 9 17 5 7 5 6 1 0 0 1 2 1 0 0 1 0 0 0 0 
0 0 1 1 0 1 2 1 0 1 0 1 2 1 7 4 3 7 9 10 17 5 9 1 2 0 0 2 1 1 0 0 1 1 0 2 0 0 0 0 
0 1 0 2 2 2 3 0 1 0 0 1 0 2 1 3 0 2 7 9 12 4 7 6 5 3 1 4 1 4 1 3 0 0 1 1 1 0 0 0 
0 0 0 0 2 1 0 3 3 2 0 2 2 4 1 1 3 2 3 15 24 6 15 4 5 1 3 2 1 0 1 1 2 0 0 2 0 0 0 0 
0 0 0 0 2 0 1 3 3 0 2 2 1 0 2 0 6 8 14 16 12 7 6 2 3 1 1 0 1 3 2 1 0 0 1 2 0 1 1 0 
0 0 0 0 0 3 0 0 1 1 1 1 1 1 1 1 3 11 14 21 19 5 7 4 7 2 0 2 2 2 2 1 1 0 4 1 0 0 0 0 
1 0 0 2 0 0 1 1 3 3 4 1 1 4 1 5 4 13 12 25 48 3 9 5 6 3 3 0 4 0 0 1 1 1 0 0 0 0 0 0 
0 0 0 1 3 0 0 1 1 3 1 2 0 1 1 1 3 7 15 56 30 12 8 8 6 1 3 1 3 5 4 0 4 1 0 0 1 2 0 0 
0 0 0 0 1 0 1 1 3 1 2 3 3 3 2 2 4 8 9 48 59 14 8 3 3 7 4 8 5 3 4 3 0 1 3 0 0 0 0 1 
2 1 0 2 0 0 3 1 2 1 3 3 2 0 4 6 3 15 9 117 198 16 11 12 9 10 8 4 2 2 2 0 4 1 2 0 1 1 0 0 
2 0 0 1 0 0 0 1 2 3 6 0 6 2 6 1 9 13 18 37 130 17 11 11 7 9 7 5 1 3 0 2 0 0 0 0 0 2 0 0 
0 1 0 1 2 0 0 2 1 3 4 2 3 2 4 9 5 12 13 75 173 97 55 19 21 16 7 6 5 3 0 4 2 0 2 0 0 2 0 2 
2 1 0 3 1 1 1 3 3 3 8 5 3 3 1 7 7 13 12 164 466 259 101 21 21 10 13 7 8 6 2 1 2 1 2 1 0 2 0 0 
1 0 0 0 1 0 2 1 3 3 7 5 0 0 5 3 7 14 35 138 547 276 42 11 18 23 10 6 2 3 3 0 0 1 1 1 0 0 0 0 
0 1 1 1 2 3 5 5 0 3 7 7 1 2 5 11 8 14 33 110 1170 112 22 14 7 9 6 6 5 1 0 0 1 0 1 2 0 1 0 0 

0 1 0 1 1 0 0 2 2 2 1 6 5 74 88 38 8 7 7 9 3 6 3 2 2 0 0 0 0 1 0 0 0 1 1 5 2 1 0 0 
1 0 1 0 0 0 2 0 1 0 6 1 5 19 110 46 33 14 5 4 6 8 5 3 4 0 5 1 1 2 1 0 0 2 1 4 0 0 0 1 
2 0 0 0 2 0 1 2 5 2 4 11 11 24 73 224 43 14 11 14 7 4 5 4 3 3 1 0 1 0 0 0 1 0 2 0 0 1 1 1 
1 1 0 0 0 0 2 0 1 3 0 3 5 9 27 72 63 10 12 9 6 4 5 3 2 2 1 1 0 0 2 1 0 2 0 1 2 0 0 0 
0 1 1 0 0 0 0 0 1 0 2 4 6 5 9 25 32 18 8 6 2 3 5 2 1 0 0 0 1 2 1 1 1 1 0 1 1 0 0 0 
0 0 1 0 2 4 2 1 0 1 4 1 4 8 3 6 6 7 6 6 10 0 8 4 6 1 1 1 2 1 1 0 1 1 2 0 0 0 0 0 
0 0 0 0 0 0 1 0 1 2 2 0 2 3 6 6 7 9 13 9 16 6 6 2 4 4 1 2 0 0 1 1 1 0 0 0 0 0 0 1 
1 0 1 0 0 0 2 0 2 1 0 2 3 4 4 7 6 14 18 6 4 4 6 2 2 2 4 2 1 0 0 0 1 1 0 0 0 2 0 0 
0 1 2 1 1 1 1 0 1 1 1 2 1 1 1 3 2 4 9 5 6 6 6 5 3 1 2 1 0 0 2 1 1 0 0 0 0 0 0 0 
1 0 0 1 0 0 1 0 2 2 0 2 1 6 0 4 4 5 6 5 3 1 4 2 3 1 3 0 1 1 1 0 1 1 3 0 0 0 0 0 
1 0 1 0 1 0 0 4 0 0 0 2 2 1 1 1 3 8 10 7 7 10 4 4 6 0 1 0 1 1 1 1 3 0 0 0 1 2 0 0 
0 1 1 0 0 1 1 2 1 1 0 1 1 1 3 0 2 2 6 7 7 9 3 4 4 1 0 2 1 0 0 2 1 1 0 1 0 1 0 0 
0 1 1 1 1 0 0 0 1 1 2 0 2 0 0 2 2 4 3 7 12 7 3 1 3 1 4 2 2 3 2 0 2 0 0 0 0 1 0 0 
1 0 0 1 0 0 0 0 0 0 0 2 2 2 0 2 0 2 7 12 7 7 5 6 3 1 1 0 2 2 1 2 0 0 1 1 2 0 0 0 
0 0 1 0 1 1 1 1 3 3 1 1 1 2 1 3 1 7 8 10 13 5 5 3 4 1 1 4 1 0 1 2 1 1 0 1 0 1 0 0 
1 1 0 1 0 1 0 2 0 0 1 2 0 0 2 1 1 5 4 9 19 8 5 4 6 2 3 0 5 0 1 0 1 0 0 0 0 0 0 0 
2 0 0 0 0 3 1 0 1 2 1 1 1 1 2 4 3 7 7 18 13 10 4 4 2 4 6 2 2 7 2 0 1 1 0 0 0 0 1 0 
0 1 0 0 1 2 2 0 3 4 2 5 1 3 3 5 3 5 8 15 19 9 11 10 2 4 4 4 2 6 1 2 2 0 0 0 0 0 2 0 
2 1 0 1 0 0 0 0 0 2 1 5 3 2 2 3 2 5 3 21 25 12 9 2 6 9 10 7 4 6 0 2 1 0 0 0 0 0 0 0 
0 1 0 0 0 1 1 1 3 1 6 2 2 1 2 2 4 6 16 24 20 15 10 5 8 11 3 3 3 1 1 2 0 0 0 1 0 1 0 0 
0 0 0 0 1 1 1 5 2 1 5 5 0 4 4 3 3 15 13 28 33 11 16 10 6 11 8 7 4 2 1 1 5 2 1 0 1 0 0 0 
0 0 0 1 0 0 0 1 2 3 3 0 2 3 2 4 6 13 13 27 37 23 46 9 17 8 11 3 4 5 5 0 2 0 2 0 1 0 0 0 
1 0 0 1 0 1 2 1 0 2 3 2 6 1 4 8 5 6 19 32 57 57 25 5 13 15 8 8 6 5 2 1 2 2 1 1 0 0 0 0 
0 2 0 0 1 1 1 3 0 3 3 3 4 4 4 8 16 30 36 53 125 77 51 22 6 9 7 5 2 2 2 0 1 2 1 1 0 1 1 1 

0 0 0 0 0 0 2 0 0 0 1 3 5 30 25 17 8 5 6 5 4 7 4 0 2 0 1 0 1 2 2 0 2 0 3 5 3 1 0 0 
0 0 0 0 0 0 0 0 0 0 0 1 1 7 13 8 14 6 2 1 4 2 3 2 0 0 1 1 0 1 1 3 1 1 0 2 3 1 0 0 
1 0 0 0 0 0 1 1 1 2 0 1 6 5 17 86 42 8 8 7 2 6 3 1 0 0 2 0 1 0 0 1 1 0 3 4 3 1 1 1 
1 1 0 1 0 2 0 0 0 2 2 0 2 1 18 172 138 19 10 3 2 5 5 2 4 2 1 0 0 0 1 1 0 1 3 2 2 0 0 0 
0 0 1 0 1 0 0 0 2 1 2 2 9 9 24 78 109 36 12 14 8 2 2 6 3 3 1 0 0 4 0 2 1 0 1 1 4 1 1 1 
0 0 1 1 2 0 1 1 2 2 0 5 8 6 14 33 45 46 37 24 12 10 7 5 4 0 2 2 1 0 0 0 0 0 1 2 2 0 1 0 
0 1 0 0 0 0 0 2 1 4 2 2 2 1 5 8 12 15 20 12 17 3 9 3 1 1 2 1 0 1 1 1 1 3 4 2 0 0 1 0 
1 0 0 1 1 0 0 0 1 1 3 3 3 5 11 8 14 17 17 9 10 6 2 2 3 1 2 0 0 1 1 2 4 6 1 0 2 3 2 0 
0 0 0 0 0 1 0 2 0 1 0 4 1 6 1 4 6 10 8 6 4 9 6 5 3 3 5 1 1 1 0 2 3 3 0 1 1 0 0 0 
0 2 1 0 1 0 0 1 2 0 2 1 3 3 0 2 7 3 1 8 10 8 15 5 2 2 0 0 0 0 1 1 2 1 0 1 0 0 0 0 
0 0 0 0 0 1 1 0 1 2 0 0 3 5 2 6 6 6 11 9 4 11 5 3 3 3 2 1 3 0 2 3 3 1 1 0 0 0 0 0 
0 0 0 0 0 0 1 0 3 2 0 0 3 1 2 2 1 4 3 4 6 4 1 6 0 2 2 1 5 2 2 0 1 0 0 2 0 1 0 0 
1 0 0 0 1 1 1 2 1 0 0 0 0 2 1 4 1 2 7 7 7 3 4 5 1 1 2 1 2 1 3 0 1 0 1 2 1 1 0 0 
0 0 0 1 1 0 0 1 0 1 1 0 0 1 1 2 2 6 1 8 8 6 5 5 7 3 1 4 2 3 2 3 3 0 1 0 0 0 0 0 
0 0 0 0 1 0 1 2 2 2 0 0 1 0 2 5 1 1 3 4 8 4 2 3 3 9 1 2 1 3 2 5 0 0 1 0 0 0 1 0 
0 0 0 1 1 0 0 1 0 0 0 1 0 1 1 1 3 1 4 7 5 4 4 8 3 4 5 4 1 1 0 4 3 1 0 0 0 1 0 0 
0 0 0 0 0 0 0 0 1 1 1 1 1 0 1 1 1 4 5 7 6 8 3 4 10 3 6 1 2 4 4 5 7 2 0 0 0 0 0 0 
0 0 0 0 0 0 0 1 0 1 0 0 4 2 0 3 1 4 4 7 7 0 4 6 5 3 2 4 2 4 1 2 2 1 0 0 1 0 0 0 
0 1 0 0 0 0 0 0 1 3 2 2 0 0 2 2 4 7 11 11 13 9 7 4 7 9 12 2 2 1 4 5 2 0 1 0 1 1 1 1 
1 0 0 1 0 0 0 0 2 2 2 1 1 1 0 1 1 1 4 9 10 7 7 8 6 10 9 13 6 7 3 1 1 2 0 0 0 0 0 0 
0 0 0 0 0 0 1 1 0 1 2 1 0 3 4 3 2 8 8 8 12 11 7 7 7 10 9 8 3 4 2 0 1 1 1 1 0 0 1 0 
1 0 0 0 0 0 0 0 0 3 3 1 1 0 1 5 2 5 2 16 12 14 12 3 8 15 13 6 3 2 2 0 0 0 1 0 1 0 0 0 
0 0 0 0 0 1 0 2 0 1 0 1 2 0 2 5 4 4 14 16 11 13 11 13 29 36 18 14 6 4 3 5 1 0 2 1 0 0 0 1 
0 0 1 2 2 1 4 2 3 3 4 2 1 6 3 2 11 27 29 29 53 47 28 24 16 9 12 5 3 3 3 1 0 0 1 0 0 0 1 1 

1 0 0 0 4 0 0 0 1 2 1 3 1 25 15 13 4 10 1 1 4 3 5 3 0 0 0 1 0 1 1 1 0 6 1 5 2 1 2 1 
1 0 0 0 0 1 1 0 0 2 2 2 3 3 15 9 9 7 9 4 3 5 6 0 2 0 1 0 0 0 3 3 1 0 0 6 3 3 1 0 
1 1 1 0 0 0 1 0 0 2 3 2 1 7 14 15 12 7 5 6 9 4 2 3 0 2 0 0 0 1 0 2 1 2 2 2 1 0 0 0 
0 0 0 0 0 0 1 0 0 2 1 4 1 2 3 29 102 8 7 4 4 3 4 1 0 0 0 0 1 0 0 5 0 0 3 2 4 0 1 0 
0 0 1 0 0 1 0 0 1 1 2 0 3 1 7 37 460 56 15 11 6 7 1 3 0 1 2 0 1 3 4 1 2 0 1 7 4 1 3 2 
1 0 1 0 1 2 0 2 3 5 5 4 3 7 14 34 91 102 54 25 14 8 2 5 6 1 1 2 1 2 1 1 0 2 3 3 1 0 0 0 
1 0 1 0 0 1 0 1 2 2 1 5 3 6 6 18 44 30 58 26 21 9 8 0 5 1 0 5 1 2 2 1 4 6 2 2 0 0 1 0 
0 0 1 0 1 0 2 1 0 1 0 3 4 7 7 9 7 18 11 12 12 10 7 2 4 0 2 1 0 2 2 3 5 5 5 1 1 0 0 0 
1 1 0 0 1 1 0 3 2 0 1 4 1 1 6 7 10 9 7 10 6 7 7 3 6 5 2 1 2 1 1 1 1 1 0 5 0 0 1 0 
1 2 0 0 2 1 0 1 0 0 1 0 0 4 1 1 6 5 9 18 6 7 12 1 2 6 2 2 2 0 1 2 2 1 0 0 0 1 0 0 
1 0 1 0 0 0 0 0 1 1 2 1 0 2 5 1 4 14 7 12 8 7 7 2 3 2 1 1 1 4 3 1 0 0 1 0 0 0 1 0 
0 0 0 0 0 0 0 0 2 0 0 1 2 2 0 1 0 2 0 1 5 2 3 5 5 1 2 2 3 1 2 2 0 1 3 2 0 0 0 1 
0 0 0 0 0 1 1 0 1 0 1 1 2 3 1 1 2 2 2 2 4 7 8 2 4 1 1 0 2 2 0 1 4 0 1 0 0 0 1 0 
0 0 0 0 0 0 0 0 0 0 1 1 0 0 1 3 1 3 4 8 4 4 6 7 6 3 3 0 1 1 1 5 5 0 0 0 1 0 1 0 
1 0 0 0 1 0 1 0 2 0 0 0 0 1 0 1 1 1 2 2 3 3 2 4 2 3 4 2 1 4 2 0 0 1 1 0 0 0 1 0 
1 0 0 0 0 0 0 1 0 0 0 2 1 0 2 1 3 2 4 5 5 2 2 3 2 5 4 1 1 2 6 4 5 2 0 1 1 0 1 0 
0 0 0 0 0 0 2 0 0 1 0 1 0 1 1 0 1 4 3 6 5 3 2 0 3 3 6 5 7 6 3 4 6 1 0 0 2 1 0 0 
0 0 0 0 0 0 0 0 1 1 1 3 0 1 2 0 1 8 1 6 5 9 4 4 3 4 5 2 1 4 1 1 0 0 0 0 0 1 2 0 
1 0 0 0 0 0 0 0 1 0 2 0 1 2 1 2 0 1 3 5 1 5 4 5 7 6 8 3 2 3 6 5 2 1 4 1 0 0 0 0 
0 0 1 0 0 2 1 0 2 2 3 1 2 1 4 3 3 2 2 4 7 7 1 3 13 14 13 8 9 9 4 4 1 3 0 1 0 1 0 1 
0 0 0 0 0 0 0 1 1 2 0 0 3 1 0 1 1 3 3 5 2 3 2 5 6 11 10 9 4 4 2 0 4 2 0 0 0 0 0 1 
0 0 0 0 0 0 1 1 2 1 1 1 2 2 2 0 2 0 5 6 8 5 6 7 10 19 23 5 8 1 6 2 2 0 2 0 0 0 0 0 
0 1 0 0 1 0 1 0 0 4 0 1 3 1 3 2 1 4 9 14 12 10 8 14 28 40 26 12 5 11 7 5 2 1 0 1 0 1 0 1 
0 0 1 1 0 1 1 1 1 2 0 2 0 0 1 3 5 3 4 15 11 13 7 3 9 5 7 1 1 3 2 1 0 0 0 1 1 0 0 0 

0 0 0 0 0 0 0 0 0 3 0 0 2 19 16 6 1 9 3 5 2 7 1 1 0 1 0 2 0 0 0 1 3 3 3 17 10 2 1 0 
1 0 0 0 0 1 0 0 2 0 0 1 1 8 7 2 9 6 4 2 2 2 4 1 1 0 0 0 0 0 0 2 0 0 5 7 4 3 4 2 
0 0 0 0 0 0 0 0 0 1 1 0 2 2 5 9 7 6 4 2 11 7 4 4 3 1 1 0 1 0 1 1 1 1 5 2 2 2 1 0 
0 0 0 0 0 0 0 1 0 0 0 1 1 3 3 13 13 17 13 11 4 6 6 6 4 1 3 0 2 0 1 0 1 5 3 4 6 1 1 1 
0 0 1 0 0 1 0 1 0 3 0 0 1 2 7 9 36 26 27 14 14 6 8 5 3 2 5 1 1 2 0 2 2 6 5 7 6 2 1 1 
0 0 0 1 0 0 1 1 1 3 1 6 3 4 6 9 34 709 173 36 24 10 12 2 1 6 2 0 0 2 1 4 0 6 2 4 3 3 2 0 
0 0 0 1 0 0 1 1 1 2 1 3 2 1 3 7 11 89 174 25 31 10 14 5 3 3 5 0 1 3 2 2 1 5 2 0 2 0 0 1 
0 0 0 0 1 1 0 1 1 0 2 1 4 1 7 10 29 51 54 27 25 13 9 5 2 3 2 3 2 2 2 6 11 3 4 1 2 1 0 1 
0 0 1 0 0 1 0 2 0 1 1 0 1 2 3 9 10 9 16 22 17 9 8 11 3 5 3 0 2 1 2 2 6 4 3 1 3 1 0 0 
0 0 0 0 0 0 1 0 1 1 0 3 1 3 3 3 8 10 6 11 14 15 6 7 5 0 6 0 1 2 1 5 3 0 0 1 0 0 0 0 
0 0 0 1 0 0 0 2 0 2 2 4 2 3 5 9 5 5 23 23 14 19 22 4 6 3 0 4 1 1 4 7 2 2 2 1 1 2 0 0 
0 0 0 1 0 0 0 0 1 1 1 1 1 0 1 1 3 10 4 6 13 8 6 6 4 3 2 1 1 5 2 2 3 2 2 2 0 2 0 0 
0 0 0 0 0 0 0 0 0 0 0 0 1 1 1 1 5 2 4 2 4 6 3 11 2 7 3 1 2 3 1 2 3 1 0 0 0 0 0 0 
0 0 0 1 0 0 0 0 0 0 0 0 0 0 0 0 1 5 2 8 7 6 11 9 11 3 8 3 2 3 6 2 4 2 2 1 1 0 1 0 
1 0 1 0 0 0 1 0 0 0 0 1 0 3 2 1 0 1 2 6 6 3 6 7 6 4 5 5 3 2 5 7 3 0 4 0 0 1 0 0 
0 0 0 0 0 1 0 0 0 0 0 1 2 1 0 3 2 2 4 0 5 5 2 10 5 7 4 1 2 2 4 8 7 2 1 1 1 1 1 0 
0 0 0 0 1 0 0 0 1 0 1 0 0 2 0 2 6 2 1 1 3 3 11 6 6 10 8 2 14 6 7 11 14 5 1 1 2 0 2 0 
1 1 0 1 0 0 0 1 0 0 2 1 0 0 1 1 1 1 2 6 2 3 7 4 6 7 5 6 3 4 7 7 8 4 1 1 0 0 1 0 
0 0 0 0 0 0 1 0 0 0 0 0 1 1 0 1 2 4 1 2 5 5 5 7 8 17 14 1 3 4 7 2 4 0 4 1 2 1 1 0 
0 0 0 0 0 0 0 0 0 1 0 0 0 0 2 2 2 1 7 4 2 3 4 6 23 36 18 10 10 11 7 3 3 4 1 0 0 1 0 1 
0 0 0 0 0 0 0 2 0 0 1 1 2 3 1 2 1 2 3 6 7 2 5 5 9 39 21 9 4 11 7 2 3 3 3 1 0 0 1 1 
1 1 0 1 0 0 0 0 1 1 0 2 0 1 1 1 2 2 4 3 7 9 8 9 6 64 51 4 10 5 7 4 6 2 0 0 0 1 1 1 
0 0 0 0 0 1 0 2 2 0 2 0 2 1 0 2 6 7 8 10 8 6 10 19 85 218 94 27 15 14 11 1 4 2 1 2 0 0 0 0 
0 0 0 0 0 0 3 2 0 0 2 0 0 2 4 3 4 10 16 14 21 13 17 22 42 70 62 20 14 3 6 11 3 3 0 0 1 0 0 1 

0 0 0 2 2 0 0 0 0 0 0 1 1 14 6 4 2 11 3 4 2 1 2 0 1 1 2 0 0 1 3 2 2 6 5 23 7 3 4 0 
0 0 0 0 0 0 0 0 1 0 2 0 1 2 5 1 6 5 9 6 4 6 5 1 1 0 2 0 0 0 0 0 1 0 2 12 15 3 1 5 
0 0 1 0 0 0 0 0 0 0 0 3 1 3 5 2 3 9 9 3 1 4 2 1 0 2 1 0 2 1 2 2 2 2 0 4 2 3 1 2 
0 0 0 0 0 0 0 0 0 0 1 1 2 1 1 12 5 9 11 4 6 5 5 1 0 1 0 2 1 0 0 5 2 5 0 14 16 4 7 2 
0 1 1 0 0 0 1 2 0 0 1 1 0 2 5 7 14 13 26 18 20 10 12 5 7 5 2 4 1 0 2 1 5 7 4 13 13 3 2 2 
0 0 1 0 0 2 0 2 2 5 4 1 4 3 7 12 9 33 44 17 20 15 9 5 3 0 4 1 0 1 2 2 3 3 5 2 2 1 0 2 
0 0 1 0 0 1 1 1 1 0 2 0 1 0 3 9 12 47 302 63 44 14 14 2 5 3 2 0 1 2 3 4 3 13 14 2 4 2 3 0 
0 0 0 0 0 1 0 0 1 0 0 2 0 2 0 1 12 12 29 66 30 16 14 6 2 8 1 2 1 0 2 1 2 7 5 2 2 0 0 0 
2 0 0 0 2 1 1 2 1 0 1 0 4 3 4 5 6 7 22 26 32 22 16 9 5 7 3 2 1 0 2 1 8 3 1 2 2 2 0 1 
0 1 0 0 1 0 1 1 1 0 1 1 0 5 1 8 11 10 14 20 28 23 29 12 16 4 3 3 2 5 1 5 2 3 2 0 2 0 2 1 
0 0 0 1 0 0 0 0 0 0 0 1 3 4 4 9 6 5 20 18 18 23 19 4 1 3 4 3 2 4 4 5 5 2 1 3 0 3 1 0 
0 0 1 0 0 0 1 0 0 2 0 0 0 0 0 2 0 1 2 3 5 10 6 6 3 4 2 3 3 3 0 2 2 2 0 3 0 0 1 0 
0 0 0 0 0 0 0 0 1 0 2 0 0 0 1 2 1 3 2 1 7 5 5 11 11 6 4 1 2 3 4 5 12 1 6 2 2 0 1 1 
0 0 1 0 0 0 0 0 0 1 0 1 1 0 0 1 2 2 2 4 4 4 19 17 18 6 5 3 3 4 2 14 7 3 2 1 1 0 1 1 
0 0 0 0 0 0 0 0 0 0 0 0 0 2 1 1 1 2 1 4 3 5 6 10 11 4 5 3 3 1 3 6 4 3 2 4 1 1 0 0 
1 0 0 0 0 0 0 0 0 0 0 0 0 0 0 2 1 3 0 1 3 4 6 17 21 9 12 4 5 8 8 8 13 5 2 0 2 0 1 0 
0 0 0 0 0 0 0 1 0 0 1 0 1 1 0 0 3 1 2 5 1 2 6 7 16 6 13 4 9 1 5 14 15 8 8 2 0 0 0 0 
0 0 0 0 0 0 0 0 0 0 2 0 0 2 1 0 0 1 3 3 3 2 4 6 3 9 10 5 7 7 6 3 0 0 2 0 0 2 0 1 
1 0 0 0 0 0 0 0 0 0 0 0 0 0 0 2 2 0 0 3 6 5 4 6 11 23 28 7 3 14 5 4 4 3 6 2 2 4 0 0 
0 0 0 0 0 0 0 0 2 0 0 2 2 2 1 1 3 0 4 1 3 1 5 5 39 31 36 20 10 14 8 6 3 2 1 4 0 2 0 0 
0 0 0 0 0 0 0 0 0 1 0 1 0 0 1 1 2 2 0 0 3 2 3 5 6 27 21 8 13 7 10 5 3 5 1 1 1 0 0 1 
2 0 1 0 0 0 0 0 0 1 0 1 0 0 0 3 2 2 1 2 1 3 5 10 9 92 138 13 14 9 20 8 9 2 1 1 1 0 0 0 
0 0 0 0 0 0 0 0 1 0 0 0 2 0 0 1 1 7 3 6 9 6 14 16 121 895 116 27 13 19 15 6 5 3 1 1 2 1 0 0 
0 0 0 0 1 0 0 0 0 0 2 0 0 1 2 0 0 3 0 7 5 10 11 33 62 117 75 24 10 11 4 6 1 2 1 1 2 2 0 1 

1 0 0 0 0 1 0 0 1 0 1 0 2 7 4 5 3 6 0 11 3 3 1 1 0 1 0 3 1 0 2 4 4 10 8 49 31 3 8 0 
0 0 0 1 0 0 0 0 0 1 0 0 2 2 4 0 2 0 0 0 1 0 4 0 0 1 1 1 1 1 0 0 4 5 15 40 33 6 6 3 
0 0 0 0 0 0 0 0 0 0 1 0 0 1 1 3 2 4 3 4 3 2 6 3 3 0 2 1 2 3 3 4 4 11 21 38 30 19 8 3 
0 0 0 0 0 0 1 0 0 1 0 1 0 1 1 4 10 4 5 6 3 5 2 3 1 2 1 1 1 2 1 0 1 4 14 25 34 5 7 1 
0 0 0 0 0 0 0 0 0 0 1 0 1 3 2 6 8 5 6 6 5 4 5 5 2 0 2 2 0 2 1 4 9 16 17 55 18 4 13 0 
0 0 0 0 0 0 1 1 0 1 1 2 2 1 2 0 4 8 4 16 8 12 12 7 3 6 0 3 2 2 4 8 6 23 19 12 10 4 5 3 
1 0 0 1 0 1 0 1 0 2 0 0 4 5 3 7 10 18 20 51 58 21 7 5 6 7 4 1 0 4 1 4 4 21 16 2 8 3 2 3 
0 1 0 2 1 1 0 1 1 2 0 2 2 1 2 3 10 10 39 310 156 45 28 12 7 5 4 7 2 4 4 11 16 17 16 11 5 2 4 2 
0 0 0 2 0 0 1 0 1 1 0 3 3 9 1 13 9 25 50 93 192 216 62 20 7 7 7 2 7 2 1 6 8 7 5 6 4 3 3 1 
0 1 0 1 1 1 0 0 2 0 1 2 2 2 1 7 12 17 29 55 113 103 98 12 11 6 9 1 3 2 3 2 8 2 5 0 4 1 0 3 
0 0 0 0 0 0 0 0 0 0 1 0 1 4 11 5 18 13 41 48 52 110 109 27 9 5 3 6 2 7 12 19 8 8 8 2 3 0 0 0 
0 0 1 0 0 0 0 0 0 2 0 1 1 5 1 5 7 9 7 13 22 42 124 49 13 9 6 9 4 2 9 15 11 6 2 3 1 0 3 2 
0 0 0 0 0 0 0 2 0 0 1 1 0 3 1 1 1 5 3 10 12 15 29 36 32 7 5 0 4 5 10 10 14 4 3 2 0 2 0 1 
0 0 0 0 0 1 0 2 0 0 1 0 7 2 4 4 4 6 7 6 9 25 58 139 32 10 5 6 4 4 22 33 11 3 4 4 1 1 0 1 
0 0 0 0 0 0 0 0 0 2 0 0 1 0 1 1 2 2 4 4 9 11 30 224 50 12 7 5 7 21 25 23 12 10 8 1 0 2 2 1 
1 0 0 0 0 0 0 0 0 0 0 0 0 1 0 0 2 0 1 5 7 4 13 54 141 24 19 6 2 12 10 33 29 5 5 0 2 0 1 1 
0 0 0 1 1 1 0 0 0 0 1 0 2 0 0 3 4 1 7 5 3 9 13 55 229 31 17 13 15 19 16 53 32 5 4 2 1 1 3 3 
0 0 0 0 0 1 0 1 0 2 1 0 1 2 1 2 3 0 2 2 4 1 5 28 302 75 20 14 19 27 26 29 20 8 10 0 3 3 1 0 
1 0 0 1 0 0 0 0 1 0 0 0 1 0 0 1 1 0 1 0 3 9 3 17 75 189 65 13 10 10 14 5 12 6 5 4 0 2 1 1 
0 0 0 0 0 0 0 0 0 0 2 0 3 0 0 1 1 1 3 2 1 6 14 15 92 278 69 23 21 19 24 5 4 5 1 0 1 2 0 2 
0 0 0 0 0 0 0 0 1 0 1 1 2 1 0 1 1 1 1 2 2 8 12 7 22 193 49 13 29 37 35 12 10 6 1 0 2 0 1 0 
0 0 0 0 0 0 1 0 0 2 1 1 1 1 0 0 2 3 1 3 8 7 3 15 14 214 168 19 18 26 20 7 5 2 3 2 3 1 0 0 
0 0 0 0 0 0 0 0 1 1 2 0 1 0 0 1 4 2 7 2 5 9 17 27 107 602 164 29 42 50 29 9 2 3 2 3 2 0 1 1 
1 0 0 0 0 0 0 0 2 2 3 1 3 1 2 2 1 5 7 4 9 9 15 20 49 518 122 42 42 54 25 15 8 9 4 2 0 0 1 2 

0 0 0 0 0 0 0 0 0 0 0 0 2 4 2 3 0 7 1 3 3 5 2 4 1 3 0 1 1 1 3 2 2 9 13 117 1032 17 4 0 
0 0 0 0 0 0 1 0 0 0 0 0 1 1 3 0 4 2 7 2 3 4 3 3 4 2 2 0 0 0 2 2 5 5 30 190 110 24 8 17 
0 0 0 0 0 1 0 0 1 0 0 1 0 0 0 4 3 2 4 4 5 3 7 0 1 0 0 0 0 2 1 5 4 10 35 86 38 26 22 7 
0 0 0 1 2 0 0 0 0 0 0 1 1 0 0 6 5 5 3 0 4 4 4 2 2 0 1 1 2 0 2 1 1 12 29 74 56 7 12 8 
0 0 0 0 0 1 1 0 1 0 0 2 0 3 2 3 4 3 7 4 9 4 7 3 3 4 4 2 0 0 2 3 5 14 38 37 24 3 9 3 
0 0 0 1 0 0 1 0 0 0 0 0 1 3 2 1 3 2 8 11 7 8 3 5 1 1 0 2 1 4 2 7 9 36 32 11 21 10 8 5 
1 0 0 0 0 0 0 0 0 2 1 3 0 4 2 5 4 8 14 18 39 12 6 4 7 1 2 1 3 1 0 9 4 33 34 5 8 3 3 4 
1 0 1 1 0 0 0 0 3 1 1 0 0 2 1 4 9 10 19 44 85 31 24 18 8 13 5 7 2 2 4 8 22 52 24 6 7 5 3 2 
0 0 1 0 0 0 0 1 0 4 2 2 4 5 5 12 17 37 61 106 275 220 47 17 18 15 15 5 8 8 5 6 10 9 8 6 2 2 4 0 
0 0 0 1 0 1 0 2 1 1 2 2 2 4 4 11 5 29 59 233 436 362 159 17 17 8 7 9 3 7 5 15 30 5 8 1 1 1 1 1 
0 0 0 0 0 0 1 0 0 1 3 0 1 1 2 5 12 12 23 37 42 83 198 13 13 5 3 2 8 4 10 27 18 11 6 2 1 1 3 1 
1 0 0 0 0 0 0 0 2 1 1 1 0 0 3 4 2 12 11 18 21 41 216 40 26 14 9 4 5 3 9 16 13 2 8 2 0 1 0 2 
0 0 0 0 2 0 0 0 0 0 0 0 1 2 1 1 4 7 7 10 19 24 133 47 38 6 7 4 1 12 11 25 26 2 4 2 3 2 1 1 
0 0 0 0 0 0 0 0 1 0 4 0 0 2 2 4 3 4 6 14 14 18 25 111 39 13 4 5 1 6 28 28 19 3 3 3 1 0 0 2 
0 0 1 0 0 0 1 0 0 1 1 1 0 1 2 0 1 4 2 8 6 11 16 79 35 14 9 10 14 21 48 39 24 10 3 8 3 1 0 3 
0 0 0 0 1 0 0 0 0 0 0 1 0 2 0 1 1 1 1 2 6 11 14 32 83 8 12 5 10 22 49 60 57 4 8 3 1 1 0 0 
1 0 0 0 0 0 0 0 0 1 0 0 1 0 0 2 0 4 3 5 3 8 13 23 45 15 5 5 13 18 35 66 34 6 2 3 1 0 3 1 
1 0 1 0 0 0 0 1 0 1 0 1 0 0 1 1 1 1 0 0 3 12 9 20 34 32 15 8 22 52 54 34 10 12 3 3 3 2 0 3 
0 0 0 0 0 0 0 0 0 1 0 0 0 2 0 0 1 1 2 5 2 13 8 11 39 51 51 7 11 21 53 11 13 11 9 0 3 0 2 2 
0 0 0 0 1 0 0 1 1 0 0 0 1 0 1 1 3 1 2 1 4 4 6 12 53 66 30 15 15 34 41 6 5 5 4 1 0 0 1 0 
1 0 0 1 0 0 0 0 0 0 1 0 1 1 0 1 0 0 0 1 2 8 5 12 29 38 30 25 34 83 50 20 8 2 5 4 3 1 1 0 
0 0 0 0 0 0 0 2 1 1 0 0 0 0 1 2 0 2 4 0 4 6 6 9 17 53 57 19 18 74 63 16 10 5 7 0 2 1 1 2 
1 0 0 0 0 1 0 0 0 1 2 0 0 0 2 0 0 2 4 4 5 5 16 15 63 93 66 28 47 109 35 7 6 4 1 3 1 1 0 0 
0 0 0 0 0 1 0 0 0 0 1 1 0 1 0 2 0 5 4 5 4 9 21 22 71 79 77 47 113 202 92 32 6 13 8 8 5 0 2 0 

0 1 0 1 0 0 0 0 0 0 0 0 1 5 2 0 0 4 0 3 0 2 1 2 0 2 0 1 0 0 0 1 3 3 6 74 149 10 3 1 
0 0 0 0 0 0 0 0 0 0 0 1 1 2 2 0 1 0 1 0 2 2 0 1 1 1 1 1 0 0 0 0 1 1 4 86 61 9 0 4 
0 0 0 0 0 0 0 0 0 0 0 0 0 1 1 5 2 1 3 0 0 4 1 1 0 1 0 1 0 1 2 1 2 9 33 167 23 7 2 7 
0 0 0 0 0 0 0 0 0 0 0 0 2 3 1 5 2 2 0 3 2 3 2 1 1 1 3 1 0 1 2 2 1 18 49 104 36 5 4 2 
0 0 0 0 0 0 0 1 0 1 0 0 1 1 1 3 4 3 2 2 1 3 4 1 0 3 0 0 1 2 3 5 7 18 279 63 20 10 5 3 
0 0 0 0 0 0 0 0 0 1 0 0 0 1 0 1 3 3 2 5 6 6 3 3 3 2 1 0 0 3 1 6 11 204 45 20 12 7 4 6 
0 0 0 0 1 0 0 1 0 1 0 0 0 2 1 5 4 6 7 10 8 11 9 4 1 1 2 1 0 3 1 8 11 154 62 7 6 2 2 3 
0 0 0 1 0 0 1 1 1 0 0 3 3 4 6 7 9 12 11 20 13 18 6 3 5 3 2 5 2 2 5 13 194 179 42 9 8 2 4 1 
1 0 1 0 1 0 2 0 4 1 2 4 2 7 9 10 21 26 249 50 26 16 14 13 10 8 4 8 5 6 6 42 592 55 11 12 4 5 1 1 
1 0 2 1 0 0 2 3 0 1 0 3 4 6 3 10 11 30 134 79 74 38 54 12 10 5 3 7 3 7 6 57 226 22 14 2 6 5 4 0 
1 0 0 0 1 0 0 0 2 1 0 2 4 4 10 8 25 21 23 16 25 21 18 7 5 1 4 2 5 11 24 147 92 9 11 4 2 1 4 1 
0 0 0 0 1 0 1 0 0 2 1 1 1 0 5 3 2 4 4 11 6 10 12 11 6 5 5 3 3 8 21 415 40 23 10 5 2 1 2 1 
0 0 0 2 1 0 0 1 0 0 0 1 0 0 1 4 1 3 2 9 7 7 23 17 17 7 5 2 5 9 15 194 58 9 6 1 1 2 1 1 
0 0 0 0 0 0 0 0 2 0 0 1 2 0 3 2 3 10 2 7 9 10 14 16 10 6 2 1 6 8 249 216 32 4 1 4 2 1 0 2 
0 0 1 0 0 0 0 0 0 0 0 0 0 0 0 0 0 3 4 0 0 12 4 6 13 6 4 7 4 17 232 42 17 12 5 4 1 4 1 2 
0 0 0 0 0 0 0 0 0 2 0 2 0 2 0 1 0 2 0 1 2 6 6 13 10 9 9 2 10 16 371 91 48 4 6 0 4 1 3 2 
0 0 0 0 1 0 0 0 0 0 1 1 0 0 0 0 2 1 0 0 3 2 2 7 11 5 7 9 8 19 352 111 38 4 2 4 1 2 1 2 
0 0 0 0 0 0 0 0 0 0 1 1 0 0 0 0 1 1 1 1 1 3 2 11 10 8 11 9 9 25 112 25 12 3 0 0 4 0 2 2 
0 0 2 0 0 0 0 0 0 2 1 0 0 1 0 1 1 2 1 4 0 5 3 17 8 18 22 7 12 53 194 16 13 4 3 1 2 0 1 0 
0 0 0 0 0 0 0 0 0 1 0 0 0 0 0 0 0 0 4 3 0 1 5 12 8 26 12 8 19 272 75 9 6 3 2 1 3 0 0 0 
0 0 0 0 0 0 0 0 0 0 0 0 0 1 2 0 0 1 1 0 2 3 1 9 4 11 17 15 17 119 27 9 10 3 4 0 2 3 0 0 
0 0 1 0 0 0 0 0 0 0 0 0 0 0 1 1 0 1 1 3 1 5 2 8 15 14 27 17 22 263 109 5 17 2 2 1 2 4 1 0 
0 0 1 0 0 0 1 0 0 0 4 1 0 1 0 2 0 0 4 3 2 10 3 10 16 25 23 15 85 439 64 13 4 0 1 3 0 0 0 2 
0 0 0 0 0 0 0 0 1 0 0 1 1 0 3 0 0 4 5 5 10 12 23 18 34 42 40 41 94 581 53 13 11 12 9 0 3 1 3 2 

0 0 0 0 0 0 0 0 0 0 0 0 0 4 2 1 0 3 0 3 2 3 1 0 1 0 0 0 0 2 0 5 0 5 1 33 11 6 3 3 
0 0 0 1 0 0 0 0 1 0 0 0 0 0 1 0 0 1 1 1 0 0 0 0 3 2 1 1 0 1 2 3 3 2 6 6 12 10 6 8 
0 0 0 0 0 0 0 0 0 0 0 0 0 1 1 3 2 2 0 2 2 0 0 1 1 2 0 1 0 0 2 1 3 4 8 7 12 5 8 11 
0 0 0 1 0 0 0 0 1 0 0 0 0 0 1 0 2 1 2 1 2 1 0 0 2 0 0 0 1 1 0 2 9 4 8 20 12 1 2 5 
0 0 0 0 0 0 0 0 0 0 0 0 0 2 1 2 2 4 4 3 2 2 3 4 1 4 1 1 2 2 2 4 4 8 16 22 20 5 3 5 
0 0 0 0 1 0 0 1 0 1 0 1 0 0 0 4 1 4 1 1 4 7 1 3 3 3 0 0 1 1 2 2 9 10 18 8 11 8 8 6 
0 0 0 0 0 0 0 0 0 1 0 1 1 3 1 2 4 7 3 6 10 2 2 2 5 1 3 1 1 4 9 8 7 25 30 6 4 4 5 4 
2 0 1 0 0 0 0 0 0 0 2 2 0 1 0 3 4 8 27 13 9 7 0 4 2 5 2 3 2 1 8 3 39 34 29 10 4 3 0 2 
1 0 0 0 0 0 1 0 1 3 3 5 3 4 12 12 25 44 138 32 19 15 18 14 7 7 5 6 7 10 10 11 37 29 22 8 8 5 4 5 
1 0 0 0 0 0 0 2 0 2 1 3 2 5 10 12 19 38 114 29 34 21 21 7 5 3 3 1 5 9 5 16 54 11 23 9 10 7 5 1 
0 1 0 0 1 0 0 1 0 0 0 1 0 5 6 11 20 20 21 10 9 8 9 7 3 2 5 4 1 6 6 26 40 13 11 4 2 2 3 2 
0 0 1 0 0 0 0 0 0 0 0 0 2 2 3 4 3 11 11 12 7 9 5 5 6 1 5 3 2 5 13 30 24 7 8 12 2 2 5 3 
1 0 0 0 0 0 0 0 0 1 0 1 0 2 0 3 2 3 3 7 2 6 5 11 9 4 2 8 5 8 8 24 36 3 12 8 5 3 1 2 
0 0 0 0 0 0 0 0 0 0 1 1 3 0 1 1 2 2 1 4 3 7 7 8 8 5 2 2 6 6 19 39 15 5 4 2 3 2 1 2 
0 0 0 0 0 0 0 0 0 0 0 0 0 1 0 0 0 1 3 0 1 2 7 6 9 4 4 7 3 7 23 17 9 7 6 5 4 4 4 11 
0 0 0 0 0 0 0 0 1 1 0 1 1 0 0 0 0 2 0 2 3 6 1 3 4 7 4 4 7 15 23 44 32 9 6 1 2 0 1 0 
1 0 0 0 1 0 0 0 1 0 0 0 2 0 0 0 0 0 1 1 1 1 6 5 10 3 1 3 12 20 34 51 19 9 4 2 4 1 2 0 
0 0 0 0 0 0 0 0 1 0 1 1 0 0 0 4 3 0 1 1 0 1 2 2 2 4 4 6 8 25 19 23 17 13 6 7 4 3 1 5 
0 0 0 0 0 0 1 0 0 0 0 0 0 0 0 1 0 2 2 2 0 2 0 3 5 12 8 10 9 21 25 9 15 12 4 1 4 4 1 1 
0 0 0 0 0 0 0 0 1 1 0 1 0 0 1 0 0 1 2 1 3 1 4 8 12 16 16 11 16 34 27 4 0 1 5 0 0 1 0 0 
0 0 0 0 0 0 0 0 0 0 1 0 0 0 1 0 0 0 0 0 4 4 6 4 8 4 16 9 16 19 21 12 7 5 3 1 5 1 0 3 
1 0 0 0 0 0 0 0 0 0 0 1 0 0 1 0 0 2 2 1 1 2 3 5 6 6 11 5 15 20 39 8 3 3 8 2 2 2 2 0 
0 0 0 0 0 0 0 0 0 0 0 0 0 2 1 0 1 1 1 2 5 4 5 12 18 25 27 15 42 61 34 5 5 4 1 1 2 0 0 0 
0 0 0 0 0 0 0 0 0 0 0 0 0 3 0 1 0 0 5 2 1 5 7 9 11 15 13 20 39 44 29 9 12 2 2 4 2 1 0 2 

0 0 0 0 1 0 0 0 0 0 0 0 0 2 1 0 0 0 1 3 0 5 0 0 2 0 0 1 0 0 0 1 0 4 4 13 7 2 4 1 
0 1 0 0 0 0 0 0 0 0 0 0 0 0 1 0 2 0 0 0 0 0 0 0 0 0 0 0 0 0 0 0 1 1 2 5 3 2 3 1 
0 0 0 0 0 0 0 0 0 1 0 0 0 0 0 0 2 0 1 0 1 2 1 1 1 0 0 1 0 1 0 2 2 4 3 3 10 1 1 3 
0 0 0 0 0 0 0 0 0 0 0 0 1 1 2 2 3 1 2 0 1 1 1 0 0 1 0 0 0 0 0 1 0 3 4 4 16 3 1 2 
0 0 0 0 0 0 0 0 0 0 0 2 0 0 2 1 3 5 1 4 1 1 0 0 0 0 0 0 0 2 2 1 2 3 5 7 7 6 2 3 
0 1 0 0 0 0 0 0 0 0 0 0 2 1 1 6 2 9 3 4 3 2 3 1 1 0 1 2 1 0 3 0 5 5 6 4 1 2 5 5 
1 0 0 0 0 0 1 0 0 0 1 0 0 4 4 6 4 12 6 7 4 5 1 2 3 1 2 2 1 0 0 3 6 6 10 5 4 1 4 3 
1 0 1 0 1 0 0 0 0 1 2 1 0 6 6 9 12 31 28 6 6 6 3 4 2 2 2 1 5 4 1 6 10 6 11 6 2 1 1 2 
0 0 0 1 0 1 0 0 1 3 4 3 2 6 19 43 160 426 413 29 12 12 8 8 2 3 2 2 1 1 6 5 4 5 10 6 2 5 1 1 
0 0 0 0 0 0 0 1 0 2 1 3 4 8 6 27 98 109 113 26 17 9 13 4 4 3 3 7 1 5 1 7 15 8 12 5 7 3 6 3 
0 0 0 0 0 0 1 2 0 1 1 0 3 2 17 25 21 26 19 3 8 2 5 2 0 1 1 4 0 7 13 7 2 6 5 2 2 1 0 2 
0 0 0 0 0 0 0 0 0 0 1 0 1 5 3 5 5 4 6 3 2 6 3 5 2 3 3 4 0 3 2 4 6 5 8 2 0 2 1 1 
0 0 0 0 0 0 0 0 0 0 0 3 1 4 3 4 5 6 3 8 7 3 7 5 3 1 4 3 5 5 9 7 18 3 6 2 7 1 2 1 
1 0 0 0 0 0 0 0 1 0 3 0 3 1 0 3 1 1 1 2 3 1 1 4 0 1 2 1 4 1 4 11 4 2 1 3 4 0 1 0 
0 0 0 0 0 0 1 0 0 0 1 1 1 1 0 1 0 2 0 3 0 2 3 3 5 3 1 1 2 7 7 4 7 6 4 3 3 5 3 3 
0 0 0 0 0 0 0 0 0 0 0 0 0 1 0 1 1 1 3 2 3 3 3 4 4 1 5 5 2 7 4 20 19 2 0 1 2 0 1 1 
0 0 0 0 0 1 0 0 0 0 0 0 0 0 0 1 1 1 1 2 3 4 1 2 3 5 0 1 0 7 1 22 17 3 2 2 1 3 2 2 
1 0 0 0 0 0 0 0 0 0 0 1 0 0 0 0 1 0 0 0 0 1 2 1 3 2 1 0 3 9 13 7 5 0 4 3 3 2 2 3 
0 0 0 0 0 1 0 0 0 1 1 0 0 0 0 2 1 0 0 0 2 2 0 1 2 3 6 9 5 7 14 7 15 6 14 4 3 2 0 1 
0 0 0 0 0 0 0 0 0 1 0 0 0 0 0 0 0 0 0 1 2 0 1 5 5 5 2 4 7 9 1 6 2 1 1 3 1 0 1 1 
0 0 0 0 0 0 0 0 0 1 0 0 0 0 0 0 0 0 0 3 1 2 3 5 1 1 6 7 3 7 4 2 2 0 3 3 0 0 0 1 
0 0 0 0 1 0 0 0 0 0 0 0 2 0 0 4 0 1 1 2 2 2 2 5 4 5 16 4 7 15 16 11 2 2 0 0 5 0 1 0 
0 0 0 0 0 0 0 0 0 0 1 0 1 0 0 1 2 0 2 0 3 3 1 5 10 12 9 7 10 23 7 3 1 3 1 2 1 0 1 0 
0 0 0 0 0 0 0 0 1 0 0 0 0 1 0 0 0 5 3 3 5 12 4 7 7 11 23 20 20 28 20 7 9 7 1 2 1 2 0 2 

0 0 0 0 0 0 0 0 0 0 0 0 0 1 1 0 0 2 1 0 0 3 1 0 0 0 0 0 0 1 0 2 1 2 3 10 5 5 1 0 
0 0 0 0 0 0 0 0 1 0 0 0 0 0 2 0 2 0 4 1 1 0 0 0 0 0 2 0 0 0 0 0 1 3 0 1 2 2 2 0 
0 0 0 0 0 0 1 0 0 0 0 0 1 0 0 0 2 1 1 1 0 0 0 0 1 0 0 0 0 0 0 0 1 3 1 3 3 3 3 5 
0 0 0 0 0 0 0 0 0 0 0 1 0 0 0 0 2 0 0 3 0 1 3 1 1 0 0 0 0 0 1 0 0 3 4 6 5 0 1 4 
0 0 1 0 0 0 0 0 0 0 0 0 0 1 3 0 3 1 3 4 4 5 1 1 0 1 1 0 0 0 2 2 2 0 4 8 3 2 2 1 
0 0 0 0 1 0 0 0 1 0 1 0 0 0 1 3 1 1 2 5 4 3 1 4 0 2 1 0 0 0 0 1 1 2 6 6 6 6 1 6 
1 1 0 0 1 0 1 0 1 0 1 0 1 1 2 2 4 5 4 9 4 2 5 2 1 1 1 0 2 1 0 3 3 6 5 1 0 0 1 3 
0 1 0 1 1 0 1 1 0 2 1 4 1 2 3 7 18 16 21 13 6 5 4 5 3 0 0 0 0 2 2 2 3 7 5 5 1 2 1 4 
0 0 1 0 1 0 2 0 2 1 4 6 3 8 8 20 80 97 34 17 17 2 4 1 3 3 5 5 3 2 5 2 3 6 7 3 3 0 3 1 
0 0 1 0 1 2 0 0 0 1 0 4 6 8 7 54 727 118 51 13 14 5 10 2 2 2 0 1 1 3 2 2 8 2 7 6 5 1 0 1 
0 0 0 0 0 0 1 1 1 0 1 1 1 1 8 25 32 14 12 5 4 6 2 1 0 3 0 1 3 2 7 5 5 2 5 1 1 2 1 0 
0 0 0 0 0 1 1 0 0 1 1 1 2 3 5 13 1 2 12 3 3 4 1 1 4 1 4 1 2 2 4 2 4 4 6 1 2 3 1 3 
0 0 0 0 0 0 1 0 0 0 0 0 1 3 3 3 1 4 5 2 1 3 3 1 4 1 1 0 1 3 3 4 10 2 1 2 3 0 1 1 
0 0 0 0 0 0 0 0 1 1 4 0 1 3 4 5 2 5 0 2 2 3 2 1 2 2 0 0 2 5 2 2 2 3 5 2 1 2 2 0 
0 0 0 1 0 0 0 0 1 0 1 2 0 0 0 2 1 3 1 0 1 2 2 3 1 0 1 3 4 3 6 5 3 3 1 1 1 2 4 2 
0 0 1 0 0 0 0 0 1 0 0 1 0 0 0 2 1 2 0 2 2 3 0 3 2 1 1 3 4 4 4 4 7 0 3 3 3 1 0 2 
0 0 0 0 0 0 0 0 0 0 0 0 0 1 0 0 1 0 0 2 0 3 2 3 2 2 4 1 5 10 4 14 4 1 4 3 1 0 3 5 
0 0 0 0 0 0 0 0 0 0 0 0 0 0 1 0 0 1 1 2 1 4 2 1 0 2 1 2 7 2 4 2 7 5 3 3 1 1 2 5 
0 0 0 0 0 0 0 0 0 0 0 0 1 1 0 0 0 0 0 0 1 0 1 1 3 3 5 1 1 4 7 1 4 1 2 4 3 2 1 0 
0 0 0 0 0 0 1 1 0 0 0 1 1 0 0 0 0 1 1 4 1 1 0 5 2 4 7 5 3 9 5 6 4 4 1 1 1 0 1 0 
0 1 0 0 0 0 0 0 0 0 1 0 0 1 0 1 0 0 0 0 0 0 3 4 0 2 5 3 4 4 3 1 1 1 1 4 1 0 0 1 
0 0 0 0 0 1 0 0 0 0 0 0 0 0 0 0 0 0 0 0 0 1 2 3 2 8 8 4 8 7 11 0 6 1 1 2 1 0 1 0 
0 0 0 0 0 0 1 0 0 0 0 0 0 0 0 0 1 0 0 0 6 6 4 3 13 9 3 5 10 6 8 4 0 2 1 2 1 2 2 0 
0 0 0 0 0 0 0 0 0 0 0 0 0 2 0 0 0 0 4 1 18 11 2 1 1 5 7 6 7 7 10 3 4 1 1 1 0 2 0 0 

0 0 0 0 0 0 0 0 0 0 1 0 0 2 3 0 1 0 0 1 0 0 0 0 1 0 0 0 1 0 0 0 1 1 2 2 1 1 0 1 
0 0 0 0 0 0 0 0 1 0 0 0 2 0 0 0 0 0 0 1 1 0 0 0 0 0 0 0 0 1 0 0 0 0 3 0 0 2 1 2 
0 0 0 0 0 0 0 1 0 0 0 0 0 0 0 0 0 1 0 0 1 1 0 0 0 1 1 0 0 0 0 1 0 2 3 1 0 1 1 0 
0 0 0 0 0 1 0 0 0 0 0 0 0 0 0 1 0 3 0 0 0 0 0 0 0 0 0 0 0 0 0 0 0 2 0 4 4 1 2 0 
0 0 0 0 0 0 0 0 0 0 0 0 0 0 1 2 0 0 1 1 3 1 0 0 1 1 1 0 0 0 1 0 0 0 0 1 5 3 2 2 
0 0 0 0 0 0 1 0 0 0 0 0 0 0 1 0 3 4 2 2 1 0 1 1 0 0 2 0 0 0 0 1 0 0 2 3 2 4 0 1 
0 0 0 0 0 0 0 0 0 1 1 0 0 1 2 4 2 1 2 2 1 3 1 3 1 0 1 0 0 1 0 1 2 1 3 0 4 0 6 2 
0 1 1 0 0 0 0 0 0 0 0 1 2 1 0 6 8 3 2 1 4 1 0 2 1 0 1 0 1 1 0 2 2 2 3 3 0 3 4 6 
0 0 0 0 0 0 0 0 0 2 4 2 3 1 3 6 9 7 5 5 6 4 1 4 3 1 0 0 0 0 2 3 1 2 2 1 2 2 2 1 
0 0 0 0 0 1 1 0 0 1 2 0 1 2 6 15 13 17 15 9 8 2 3 0 2 1 2 0 1 0 0 4 4 0 3 0 4 1 1 0 
0 0 0 0 0 0 0 1 0 0 0 0 2 0 9 5 11 5 6 1 1 3 1 1 2 0 0 0 0 1 3 3 0 1 3 1 1 2 0 0 
0 1 1 0 1 0 0 0 0 0 0 0 0 1 4 6 1 3 1 3 3 3 4 2 5 3 1 0 1 1 1 9 6 2 2 4 1 0 1 3 
0 0 0 0 1 1 0 0 0 0 0 0 1 2 0 2 3 4 6 2 6 2 2 1 0 0 0 0 1 4 6 3 2 2 2 2 3 0 1 1 
0 0 0 0 0 0 0 0 0 0 1 0 0 1 0 2 0 1 0 0 0 0 2 0 3 2 1 3 1 1 4 1 2 1 0 0 1 1 1 5 
0 0 0 0 0 0 0 0 0 0 0 0 2 1 0 0 0 0 2 0 0 0 2 1 2 1 1 3 1 5 1 3 3 3 8 3 1 0 5 2 
0 0 0 0 0 0 0 0 0 2 0 1 0 0 0 1 0 0 2 1 2 0 0 3 1 2 0 0 1 7 3 7 5 1 3 1 1 1 0 0 
0 0 0 0 0 0 0 0 0 0 0 0 0 1 0 1 0 1 0 2 0 3 3 0 2 4 0 1 1 1 3 6 5 4 1 6 3 2 1 0 
0 0 0 0 0 0 0 0 0 0 0 0 0 1 0 0 1 0 1 1 0 2 0 2 0 1 0 3 1 3 3 9 3 5 5 1 2 3 2 3 
0 0 0 0 0 0 1 0 1 0 0 0 0 1 0 0 1 1 1 0 1 1 2 1 1 2 1 0 4 3 1 1 3 3 7 0 4 0 0 0 
0 0 0 0 0 0 0 0 1 0 0 1 0 0 0 1 0 0 0 0 0 1 0 2 1 4 2 1 2 1 3 3 3 2 2 3 1 0 0 0 
0 0 0 0 0 0 0 0 0 0 0 0 1 0 0 0 0 0 0 1 3 1 1 0 2 4 4 2 3 2 6 0 3 0 2 4 0 0 0 0 
0 0 0 0 0 0 0 0 0 0 0 0 0 1 0 0 0 1 0 0 0 0 2 6 3 2 2 4 3 2 11 4 3 3 1 0 1 1 1 0 
0 0 0 0 0 0 0 0 0 0 0 0 0 0 0 0 0 1 0 1 5 1 2 1 3 6 2 5 5 10 3 2 0 1 6 4 0 0 0 0 
0 0 0 0 0 0 0 0 1 0 0 0 0 0 0 0 0 3 1 0 5 3 3 2 4 4 8 11 6 8 11 5 7 2 3 2 0 0 0 1 

0 0 0 0 0 0 0 0 0 0 0 0 0 2 0 0 0 0 0 1 0 1 0 0 0 1 0 0 0 0 0 0 0 2 0 5 0 1 2 0 
0 0 0 0 0 0 0 0 0 0 0 0 0 1 0 1 1 0 0 0 1 1 3 0 0 0 0 0 0 0 0 0 0 0 0 0 2 0 0 2 
1 0 0 0 0 0 0 0 0 0 0 0 0 1 0 0 0 1 2 0 0 1 0 0 0 2 0 0 2 0 0 0 1 0 0 1 2 0 3 3 
0 0 0 0 0 0 0 0 0 0 1 0 0 0 1 2 2 0 0 0 0 0 1 0 0 0 0 0 1 1 0 0 1 2 1 1 2 0 2 2 
0 0 0 0 0 0 0 0 0 0 0 0 1 0 0 0 0 2 2 1 1 0 1 1 0 0 0 0 0 0 0 1 0 1 0 0 1 0 0 2 
0 0 0 1 0 1 0 0 0 0 0 0 0 1 0 1 0 2 3 2 4 0 2 1 0 2 0 0 0 1 0 1 0 0 3 4 5 4 2 0 
0 0 0 0 0 0 0 0 0 0 0 0 0 0 1 1 1 2 1 1 0 0 1 1 2 1 0 0 1 0 1 2 1 0 1 0 2 0 5 2 
0 0 1 0 0 0 0 0 1 0 0 1 0 1 0 2 2 3 2 2 5 1 1 0 1 0 1 0 1 0 3 2 3 2 5 0 3 1 1 3 
0 1 0 0 0 0 1 1 2 2 0 2 2 5 2 5 2 5 7 4 1 4 1 2 1 1 3 0 0 1 1 1 1 2 2 1 1 3 2 2 
0 0 0 0 0 0 0 0 0 1 0 1 2 2 2 8 8 13 8 1 5 0 4 3 1 1 1 2 0 0 4 0 0 0 0 1 3 3 1 2 
0 0 0 0 0 0 0 0 0 0 0 0 1 1 4 4 4 7 2 4 1 1 1 1 2 0 1 2 0 1 0 5 0 1 2 1 1 3 0 0 
0 0 0 0 0 0 0 0 1 1 0 0 3 4 0 1 3 0 4 1 1 2 2 1 0 0 1 1 0 0 2 3 6 2 1 2 1 1 2 4 
0 0 0 0 0 0 0 0 0 0 0 1 1 1 0 1 0 2 1 1 1 2 1 1 2 0 0 1 1 0 1 2 1 1 2 0 3 1 2 1 
0 0 0 0 0 0 1 0 0 0 0 1 2 0 1 0 1 1 1 0 2 0 1 2 0 0 3 2 2 2 3 3 1 2 3 5 4 1 1 1 
0 1 0 0 0 0 0 0 0 0 0 0 0 1 0 0 1 0 1 0 1 1 1 1 2 0 0 0 0 1 1 1 0 1 4 0 1 1 0 4 
0 0 0 0 0 0 0 0 0 0 0 0 0 0 0 0 0 0 1 1 0 2 1 2 3 1 0 0 0 2 1 2 3 1 1 4 0 3 2 6 
0 0 1 0 0 0 0 2 0 0 1 0 0 0 1 1 0 0 1 0 1 1 0 0 0 2 1 0 1 3 0 6 5 3 2 1 2 1 1 0 
0 0 0 0 0 0 0 1 0 0 0 1 0 0 0 0 0 0 1 1 1 0 0 1 1 1 1 1 1 7 2 0 0 2 0 2 2 3 0 7 
0 0 0 1 0 0 0 0 0 0 0 0 0 1 0 0 0 1 1 0 0 1 1 1 1 2 1 1 0 2 4 1 3 1 4 1 4 1 1 2 
0 0 0 0 0 0 0 0 1 0 1 0 0 0 0 0 0 0 0 1 1 1 2 3 1 2 6 1 1 3 2 2 4 1 2 0 0 0 0 1 
0 0 0 0 0 0 0 0 0 0 0 0 0 0 0 0 0 0 0 0 1 2 1 1 0 1 1 0 2 6 4 1 1 1 0 3 0 0 2 1 
0 0 0 0 0 0 0 0 1 0 0 0 0 0 0 0 0 0 2 1 0 2 2 3 2 0 3 3 4 2 5 0 2 1 1 0 0 0 0 1 
0 0 0 0 0 0 0 0 0 0 0 0 1 0 1 0 0 0 0 2 2 2 3 1 8 3 2 2 6 2 3 1 1 2 2 1 0 0 1 0 
0 0 0 0 0 0 0 0 0 0 0 0 0 0 0 0 0 1 0 0 2 0 1 3 2 1 5 3 3 3 3 3 1 0 1 1 0 1 0 0 

0 0 0 0 0 0 0 0 0 0 0 0 0 0 2 0 0 0 0 1 0 1 0 0 0 0 0 0 0 0 0 0 0 0 1 3 4 1 0 0 
0 0 0 0 0 0 0 0 1 0 0 0 0 0 1 0 0 1 1 0 0 0 0 0 0 0 0 0 0 0 0 0 0 0 0 0 0 0 0 0 
0 0 0 0 0 0 0 0 0 0 0 0 0 0 0 0 0 2 3 0 0 0 1 0 0 0 0 1 0 0 0 0 1 0 0 1 1 0 0 3 
0 0 0 0 0 0 0 0 0 0 0 2 0 0 0 0 0 0 0 1 0 0 1 0 0 0 0 0 1 0 0 1 0 1 1 2 1 0 3 3 
0 0 0 1 0 0 0 0 0 0 1 0 0 0 0 0 0 1 0 0 0 0 0 0 0 0 1 0 0 0 0 1 0 0 0 3 1 0 1 2 
0 0 0 0 0 0 0 0 0 0 0 0 0 0 0 0 0 2 1 0 0 0 0 1 1 0 0 0 0 1 0 0 0 1 1 2 1 4 0 1 
0 0 0 0 0 0 0 0 0 0 0 0 0 0 0 0 0 2 0 0 1 0 1 1 0 0 0 0 0 1 1 1 3 1 2 1 1 4 0 0 
0 0 0 0 0 1 0 0 0 0 0 0 0 0 0 1 1 4 1 4 0 0 1 1 0 0 0 1 0 0 0 0 1 1 4 1 1 2 2 7 
0 0 0 0 0 1 1 0 0 0 0 0 1 2 1 2 1 0 2 0 0 2 1 2 1 1 0 1 0 0 0 0 1 3 0 1 0 5 0 2 
0 0 0 0 1 0 0 0 1 1 0 0 0 0 2 3 1 2 7 1 1 4 1 1 1 0 1 0 0 0 1 1 3 0 1 2 0 1 5 1 
0 0 0 0 0 0 0 0 0 1 0 0 0 0 2 6 0 0 1 3 1 1 0 1 0 0 0 0 3 3 1 3 3 1 2 2 4 3 1 3 
0 0 0 0 0 0 0 1 0 1 1 0 0 0 1 5 2 1 3 1 0 0 0 1 0 1 0 0 0 1 3 2 2 3 3 0 1 2 2 0 
0 0 0 0 0 0 0 0 0 0 0 3 0 2 2 0 1 1 2 3 1 1 1 1 0 1 0 0 0 1 0 1 2 0 3 1 0 1 2 1 
0 0 0 0 0 0 0 0 0 0 0 0 0 0 0 1 1 0 0 0 1 0 2 0 1 0 0 0 2 0 1 2 1 2 6 2 1 4 2 3 
0 0 0 0 0 0 1 0 0 0 0 0 0 0 0 0 1 2 0 0 2 0 2 0 0 0 1 3 2 2 1 6 2 1 1 4 1 2 1 3 
0 0 0 0 1 0 0 1 0 1 0 1 0 0 0 1 0 0 0 0 0 1 0 0 1 0 1 0 0 0 4 1 2 1 2 2 4 1 1 4 
0 0 0 0 1 0 0 0 0 0 0 1 0 0 0 1 0 1 0 2 0 1 0 0 0 1 1 1 0 1 0 3 5 2 5 7 2 8 6 3 
0 0 0 0 0 0 0 0 1 0 0 0 0 0 0 0 0 0 1 1 1 0 0 0 0 0 1 1 0 2 2 1 4 1 3 3 2 2 2 0 
1 0 0 0 0 0 0 0 0 0 0 0 0 0 0 0 0 1 0 0 1 0 1 2 0 0 1 1 3 2 2 1 1 1 4 2 6 0 4 1 
0 0 0 0 0 0 0 0 0 0 0 0 0 0 0 0 0 0 1 0 1 0 0 0 2 4 0 1 1 1 2 1 3 4 6 4 3 1 2 2 
0 0 0 0 0 0 0 0 0 0 0 0 0 0 0 0 0 0 1 1 0 0 1 1 0 1 1 1 0 1 2 1 2 1 2 3 2 0 2 0 
0 0 0 0 0 0 0 0 0 0 0 0 0 0 0 1 0 0 0 0 0 1 1 2 1 2 2 2 4 1 4 0 3 0 1 3 1 2 1 1 
0 0 0 0 0 0 0 0 0 0 1 0 0 0 0 1 0 0 2 0 2 3 0 1 2 2 0 1 6 4 3 1 2 1 2 5 3 0 2 2 
0 0 0 0 1 0 0 0 1 0 0 0 1 0 0 1 1 0 1 2 2 2 2 4 1 4 3 3 2 4 4 2 0 1 1 2 1 2 0 0 

0 0 0 0 0 0 0 0 0 0 0 0 0 0 0 0 0 0 0 0 0 2 0 0 0 0 0 0 0 0 0 0 0 0 0 2 0 2 1 0 
0 0 0 0 0 0 0 0 0 0 0 0 0 0 0 0 0 0 0 0 0 0 0 0 0 0 0 1 0 0 0 1 0 0 0 1 0 3 1 0 
0 0 0 0 0 0 0 0 0 0 0 0 0 0 0 0 0 1 0 1 0 1 1 0 0 0 0 0 0 0 0 0 0 0 2 3 0 0 1 1 
0 0 0 0 0 0 0 0 0 0 0 0 0 0 0 0 0 0 0 1 0 0 1 0 0 0 1 0 0 0 0 0 0 0 3 1 1 0 3 5 
0 0 0 0 0 0 1 0 0 0 0 0 0 1 0 1 0 1 0 1 0 0 1 0 0 0 0 0 0 0 0 1 1 1 0 0 1 2 0 7 
0 0 0 0 0 0 1 0 0 0 0 0 1 0 0 1 0 1 0 1 1 0 0 0 0 0 1 0 0 0 0 0 1 0 1 2 1 1 1 0 
0 0 0 0 0 0 0 0 0 0 0 1 0 0 0 0 0 1 1 2 0 0 0 0 2 1 0 1 0 1 1 1 1 1 2 0 0 2 1 2 
0 0 0 0 0 0 0 0 0 0 0 0 0 0 0 0 0 4 3 0 0 0 0 0 0 0 0 0 0 1 1 2 0 1 1 4 5 5 3 2 
0 0 0 0 0 0 0 1 0 0 0 0 0 0 2 2 0 0 0 1 0 2 0 1 0 1 1 0 0 0 0 0 0 0 2 1 0 1 2 5 
0 0 0 0 0 0 0 0 0 1 0 0 1 1 2 1 6 3 2 0 1 0 3 0 0 0 1 0 0 3 0 1 0 0 0 0 0 3 4 1 
0 0 1 0 0 0 0 1 0 0 0 0 1 0 3 4 2 2 3 1 0 0 0 0 0 0 0 2 0 1 1 1 1 1 1 2 0 7 3 4 
0 0 0 0 0 0 0 0 0 0 0 0 0 0 1 3 1 4 1 0 0 1 1 1 0 1 0 0 0 0 0 1 0 2 4 0 2 4 2 1 
0 0 0 0 0 0 0 0 0 0 0 1 1 2 1 0 0 1 0 0 1 0 0 0 2 0 0 0 0 3 1 2 0 1 2 0 1 3 2 5 
0 0 0 0 0 0 0 0 0 0 2 1 0 1 1 0 0 3 0 0 0 0 0 1 2 2 0 1 3 1 2 1 0 0 4 5 1 6 7 3 
0 0 0 0 0 0 0 0 0 0 1 0 0 1 0 0 0 1 1 0 0 0 0 0 2 0 0 0 0 0 1 2 1 3 0 2 1 0 3 8 
0 0 0 0 0 0 0 0 0 0 0 0 0 0 0 0 0 0 1 0 0 1 0 0 1 1 0 0 0 0 2 0 0 3 1 4 5 6 11 4 
0 0 0 0 0 0 1 0 0 0 1 0 0 1 1 0 0 0 1 2 1 0 1 0 0 0 0 0 1 2 0 2 2 2 5 6 4 5 5 4 
0 0 0 0 0 0 0 0 0 0 0 0 0 0 0 0 1 1 0 0 0 0 0 1 0 0 1 0 1 1 2 1 0 1 1 2 1 4 1 2 
0 0 0 0 0 0 0 0 0 0 1 0 0 1 1 0 0 0 0 0 1 0 1 0 1 0 2 2 1 0 0 0 1 3 2 2 6 1 4 4 
0 0 0 0 0 0 0 0 0 0 0 0 1 0 1 0 0 0 0 1 0 2 0 1 1 1 2 1 0 1 0 4 0 2 4 6 3 4 0 1 
0 0 0 0 0 0 0 0 0 0 0 0 0 0 0 0 0 0 1 0 0 0 0 1 0 2 0 0 0 0 0 0 2 1 0 3 0 1 1 2 
0 0 0 0 0 0 0 0 0 0 0 0 0 0 0 0 0 0 0 0 0 1 1 2 1 0 3 0 0 0 1 1 1 2 0 2 3 0 0 0 
0 0 0 0 0 0 0 0 0 1 0 0 0 1 0 0 0 0 0 0 0 1 3 2 1 4 1 0 3 5 2 0 3 3 2 5 4 1 1 0 
0 0 0 0 0 0 0 0 1 0 0 0 0 0 1 0 0 0 0 0 1 0 0 0 1 1 1 0 3 1 0 1 1 1 1 3 1 0 1 1 

0 0 0 0 0 0 0 0 0 0 0 0 0 0 1 0 0 1 0 0 0 0 0 2 0 0 0 1 0 0 0 0 0 0 1 3 1 1 0 0 
0 0 0 0 0 0 0 0 0 0 0 0 0 0 1 0 0 0 0 0 0 0 0 1 0 0 0 0 0 0 0 2 1 0 2 3 1 2 0 2 
0 0 0 0 0 0 0 0 0 0 0 0 0 0 0 1 1 0 0 0 0 0 0 0 0 0 0 0 0 0 0 0 0 0 0 1 0 0 1 3 
0 0 0 0 0 0 0 0 0 0 0 0 0 0 0 0 0 0 0 0 0 0 0 0 0 0 0 0 1 0 0 0 0 1 0 0 0 2 1 5 
0 0 0 1 0 0 0 0 0 0 0 0 0 0 0 0 1 0 0 0 0 0 0 0 0 0 0 0 0 1 0 0 0 0 0 1 1 1 1 5 
0 0 0 0 0 0 0 0 0 0 0 0 0 0 0 0 1 0 0 0 1 0 0 0 0 0 0 0 0 0 1 0 1 2 0 0 0 2 2 4 
0 0 0 0 0 0 1 0 0 0 0 0 0 0 0 0 0 0 0 0 1 1 0 0 0 0 0 0 0 0 0 0 1 1 1 1 1 0 1 2 
0 0 0 0 0 0 0 0 0 0 0 1 2 0 0 0 1 0 0 1 1 0 0 0 0 0 1 0 0 0 0 0 2 2 1 1 1 1 2 11 
1 0 0 0 0 0 0 0 0 0 0 0 0 0 0 0 0 0 0 0 1 1 0 0 2 1 0 0 0 0 0 0 0 2 1 1 4 4 1 3 
0 0 0 0 1 0 0 0 0 0 0 0 0 0 1 3 0 4 0 1 1 0 1 0 0 0 0 0 0 0 0 2 1 0 2 1 2 3 1 6 
0 0 0 0 1 0 0 0 0 0 0 1 0 3 1 2 1 3 2 1 1 0 0 1 0 1 0 0 0 0 1 0 2 1 1 2 3 10 3 7 
0 0 0 0 0 0 0 0 1 0 0 0 1 0 0 1 2 0 0 0 0 1 0 0 0 0 1 0 1 0 0 0 3 1 3 2 3 11 5 3 
0 0 0 0 0 0 0 0 0 0 0 0 1 2 0 0 0 0 0 0 0 0 0 0 3 0 0 2 2 4 0 0 2 3 1 0 2 7 4 3 
0 0 0 0 0 0 0 0 0 0 0 0 0 0 0 0 1 0 0 0 0 0 0 0 0 0 0 0 0 1 2 2 6 4 3 6 10 8 3 7 
0 0 0 0 0 0 0 1 0 0 0 1 0 0 1 1 0 1 2 1 0 0 0 0 0 1 1 0 0 3 0 1 2 3 3 7 6 9 7 2 
0 0 0 0 0 0 0 1 0 0 0 0 0 1 0 1 0 1 1 0 0 0 0 1 1 0 0 0 1 0 2 0 3 2 2 7 8 4 10 4 
0 0 0 0 0 0 0 0 0 0 1 0 0 0 0 0 0 0 0 0 0 1 0 0 0 0 0 1 0 2 0 4 4 2 3 12 7 16 16 5 
0 0 0 0 0 0 0 0 0 1 0 0 0 0 0 2 0 0 1 0 0 1 0 0 0 0 0 0 3 0 0 0 2 1 8 8 6 7 7 3 
0 1 0 0 0 0 0 0 0 1 0 0 0 0 0 0 2 0 0 0 0 0 0 0 0 0 0 2 1 1 2 1 1 2 1 1 8 3 3 4 
0 0 0 0 0 0 0 0 0 0 1 0 0 0 0 0 0 0 0 0 0 0 0 0 0 2 0 0 1 2 1 2 3 3 11 11 6 2 4 5 
0 0 0 0 0 0 0 0 0 0 0 1 0 0 0 0 0 1 0 0 0 0 0 0 1 0 1 3 0 1 0 2 1 4 1 5 9 3 1 1 
0 0 0 0 0 0 0 0 0 0 0 0 0 0 0 0 0 0 0 0 0 1 0 0 0 3 1 1 2 1 2 3 2 1 2 10 5 1 1 0 
0 0 0 0 0 0 0 0 0 0 0 1 0 0 0 0 0 0 0 0 0 0 0 2 4 3 2 0 0 1 1 3 1 4 8 16 6 1 1 1 
0 0 0 0 0 0 0 0 0 0 0 0 0 0 0 0 0 0 2 0 1 2 2 1 2 1 0 1 1 2 0 2 1 2 3 5 9 3 0 0 

0 0 0 0 0 0 0 0 0 0 0 0 0 0 1 0 0 0 0 1 1 0 0 0 0 0 0 0 0 0 0 0 0 0 1 2 0 1 1 5 
0 0 0 0 0 0 0 0 0 0 0 0 0 2 0 0 0 0 0 0 0 0 0 0 0 0 0 0 0 0 0 0 0 0 0 0 0 0 0 1 
0 0 0 0 0 0 0 0 0 0 0 0 0 0 0 1 0 0 0 0 0 0 0 0 0 0 1 0 0 0 0 0 0 1 0 0 2 0 4 6 
0 0 0 0 0 0 0 0 0 0 0 0 0 0 0 0 0 0 0 0 0 0 0 0 0 0 0 1 0 0 0 0 0 0 0 0 1 1 1 8 
0 0 0 0 0 0 0 0 0 0 0 0 0 1 0 0 0 0 0 0 2 0 0 0 0 0 0 0 0 0 0 0 0 2 1 1 0 3 0 3 
0 0 0 0 0 0 0 0 0 0 0 0 0 0 0 0 0 0 0 0 0 0 0 0 0 0 0 0 0 0 0 0 0 0 1 4 1 2 0 4 
0 0 0 0 0 0 0 0 0 0 0 0 1 0 0 0 0 0 0 2 2 0 1 0 0 0 0 0 0 0 0 0 0 2 1 1 1 3 3 5 
0 0 0 0 0 0 0 0 0 0 1 0 0 0 0 1 0 0 1 0 0 1 0 0 1 0 0 0 0 1 0 1 1 0 2 4 6 4 4 22 
0 0 0 0 0 0 1 1 0 0 0 1 0 1 0 1 0 0 1 0 0 0 0 0 0 1 0 2 0 0 0 1 0 0 0 0 1 3 2 4 
0 0 0 0 0 0 0 0 0 0 0 1 0 0 0 2 0 0 1 0 0 0 0 1 1 0 0 1 0 0 0 0 1 0 1 0 2 2 9 7 
0 0 0 0 0 0 0 0 0 0 0 0 0 3 2 2 1 0 1 0 0 0 1 0 0 0 0 0 1 1 1 1 1 0 5 1 5 7 9 10 
0 0 0 0 0 0 0 0 0 0 0 0 0 1 0 0 0 0 1 0 0 1 0 1 0 0 0 0 0 1 0 0 0 1 1 5 1 5 6 7 
0 0 0 0 0 0 1 0 0 0 0 1 0 0 0 0 0 0 0 0 1 0 0 0 0 0 0 0 0 1 0 2 1 3 0 6 0 9 9 7 
0 0 0 0 0 0 0 0 0 0 0 0 0 0 0 0 0 0 0 0 0 1 0 1 0 0 0 0 1 1 2 1 1 1 5 3 9 13 6 9 
0 0 0 0 0 0 0 0 0 0 0 0 0 0 0 0 0 1 1 0 0 1 0 1 0 0 1 0 1 1 1 0 2 0 3 5 9 3 8 7 
0 0 0 0 0 0 0 0 0 0 0 1 0 0 0 0 1 0 0 0 0 0 1 1 0 1 0 0 0 2 0 1 0 2 2 7 9 17 16 5 
0 0 0 0 0 0 0 0 0 0 1 0 0 0 0 1 0 0 0 0 0 0 1 2 1 0 0 0 1 0 2 3 2 3 9 6 8 30 10 9 
0 0 0 0 0 0 0 0 0 0 0 0 0 0 0 0 0 0 0 0 0 0 0 0 0 0 0 1 1 2 0 3 1 5 5 11 9 4 4 10 
0 0 0 0 0 0 0 0 0 0 1 0 0 0 0 0 0 1 0 0 0 0 0 0 1 0 1 1 1 3 2 1 0 4 4 13 11 7 6 2 
0 0 0 0 0 0 0 0 0 0 0 0 0 0 0 0 0 0 1 0 0 1 0 0 0 1 3 1 0 0 0 1 4 2 10 10 14 5 1 4 
0 0 0 0 0 0 0 0 0 0 0 0 0 0 0 0 0 0 0 1 0 0 0 0 0 0 0 0 1 0 1 2 0 3 3 8 7 3 1 6 
0 0 0 0 0 0 0 0 0 0 0 0 0 0 1 0 0 0 0 0 0 1 0 0 0 1 0 0 0 4 1 2 0 5 1 13 12 4 1 4 
0 0 0 0 0 0 0 0 0 0 0 0 0 0 0 0 0 0 0 0 0 1 2 1 1 3 0 0 1 0 1 2 4 4 7 14 13 11 1 1 
0 0 0 0 0 0 0 0 0 0 0 0 0 0 0 0 0 0 0 0 0 0 0 0 0 2 1 0 0 0 2 2 1 2 5 11 7 5 3 1 

0 0 0 0 0 0 0 0 0 0 0 0 0 0 0 0 0 0 0 0 0 0 0 0 0 0 0 0 0 0 0 0 1 0 1 4 0 1 0 3 
0 0 0 0 0 0 0 0 0 0 0 0 0 0 0 0 0 0 0 0 0 0 0 0 0 0 0 0 0 0 0 0 0 1 1 1 1 1 2 2 
0 0 0 0 0 0 0 0 0 0 0 0 0 0 0 0 0 0 0 0 0 0 0 0 0 0 0 0 0 0 0 0 0 0 0 1 0 1 6 10 
0 0 0 0 0 0 0 0 0 0 0 0 0 0 1 0 1 0 0 0 1 0 0 0 0 0 0 0 0 0 0 1 0 0 1 1 0 1 1 7 
0 0 0 0 1 0 0 0 0 0 0 0 0 0 0 0 0 0 0 0 0 0 0 0 0 1 0 0 0 0 0 0 0 0 1 1 0 1 2 9 
0 0 0 0 0 0 0 0 0 0 0 0 0 0 0 0 0 0 0 1 0 0 0 0 0 0 0 0 0 0 0 1 0 1 1 0 5 4 2 11 
1 0 0 0 0 0 0 0 0 0 0 0 0 0 0 0 0 0 0 0 0 0 0 0 0 0 0 0 0 0 0 0 0 1 1 1 1 2 3 32 
0 0 0 0 0 0 0 0 0 0 0 0 0 0 0 1 1 0 0 1 1 0 1 0 0 0 0 0 0 0 0 0 1 4 1 3 2 7 18 27 
0 0 0 0 0 0 0 0 0 0 0 0 0 0 0 0 0 0 0 0 0 0 0 0 0 0 0 0 0 0 2 0 0 0 0 5 4 8 22 20 
0 0 0 0 0 0 0 0 0 1 0 0 0 0 0 0 3 1 1 0 1 0 0 1 0 0 0 0 0 0 0 1 0 2 2 4 2 5 5 12 
0 0 0 0 0 0 0 0 0 0 0 0 0 0 1 5 0 0 3 0 1 0 0 0 2 1 0 0 0 0 3 2 0 1 5 8 14 21 13 7 
0 0 1 0 0 0 0 0 0 0 0 0 0 0 0 0 0 0 0 0 0 0 0 0 0 0 0 0 0 0 0 2 1 1 3 11 16 45 23 26 
0 0 0 0 0 0 0 0 0 0 0 0 0 1 0 0 0 0 0 0 0 0 0 0 0 0 0 0 0 1 0 4 2 4 1 10 9 19 26 8 
0 0 0 0 0 0 0 0 0 0 0 0 1 0 0 1 0 0 0 0 0 0 0 0 0 0 0 0 0 0 1 2 3 3 12 8 26 36 28 9 
0 0 0 0 0 0 0 1 0 0 0 0 1 1 0 0 0 1 0 0 0 0 0 0 1 0 0 0 0 2 1 2 1 3 5 16 46 33 16 21 
0 0 0 0 0 1 0 0 0 0 1 0 1 0 0 1 0 0 0 1 1 1 0 0 0 0 1 0 2 0 0 4 2 4 4 16 23 39 35 16 
0 0 0 0 0 0 0 0 0 0 0 0 0 0 0 1 0 0 0 0 0 1 0 0 0 0 0 1 0 2 2 3 7 4 12 30 20 65 39 8 
0 0 0 1 0 0 0 1 0 0 0 1 0 0 0 0 0 0 0 0 0 0 0 0 0 1 1 0 0 1 2 0 2 1 7 22 42 18 20 18 
0 0 0 0 0 0 0 0 0 0 0 0 0 0 0 0 0 0 0 0 0 0 0 0 1 0 0 1 0 2 1 1 3 5 4 13 42 10 14 10 
0 0 0 0 0 0 0 0 1 0 0 0 0 0 0 0 0 0 0 0 0 0 0 0 2 0 0 1 3 2 8 3 4 9 30 45 46 15 3 9 
0 0 0 0 0 0 0 0 1 0 0 0 0 0 0 0 0 0 0 0 0 0 0 0 0 1 2 0 0 1 4 1 3 4 6 48 50 17 5 8 
0 0 0 0 0 0 0 0 0 0 0 0 1 0 0 1 0 0 0 1 1 0 0 0 1 0 0 1 0 2 0 4 4 5 9 38 77 15 10 5 
0 0 0 0 0 0 0 0 0 0 0 0 0 0 0 0 0 1 0 0 0 0 0 1 0 0 2 2 0 2 5 2 8 5 15 79 56 4 4 4 
0 0 0 0 0 0 0 0 0 0 0 0 0 0 0 0 2 0 0 0 0 1 0 0 2 0 2 1 2 4 0 2 5 4 14 264 24 5 5 3 

0 0 0 0 0 0 0 0 0 0 0 0 0 0 0 0 0 0 0 0 0 1 0 0 0 0 0 0 0 0 1 0 0 1 0 1 1 3 1 3 
0 0 0 0 0 0 0 0 0 0 0 0 0 0 0 0 0 0 0 0 0 0 0 0 0 0 0 0 0 1 0 0 0 0 0 0 3 2 1 5 
0 0 0 0 0 0 0 1 0 0 0 0 0 0 0 0 0 0 0 0 0 0 0 0 0 0 0 0 0 0 0 0 0 1 0 0 1 2 2 5 
0 0 0 0 0 0 0 0 0 0 0 0 0 0 0 0 0 0 0 0 0 0 0 0 0 0 0 0 0 0 0 0 2 0 0 0 2 1 2 25 
0 0 0 0 0 0 0 0 0 0 0 0 0 0 0 0 0 0 0 0 0 0 0 0 0 0 0 0 0 0 0 0 1 2 0 3 4 3 5 21 
0 0 0 0 0 0 0 0 0 0 0 0 1 0 0 0 1 0 0 0 0 0 0 0 0 0 0 0 1 0 0 0 0 0 1 2 1 3 9 27 
0 0 0 0 0 0 0 0 0 0 0 0 0 0 0 1 0 0 0 1 0 0 0 0 0 0 0 0 0 0 1 2 0 2 0 1 3 2 7 39 
0 0 0 0 0 1 0 0 0 0 0 0 0 0 0 0 0 0 0 0 1 0 0 1 0 0 1 0 0 2 0 2 1 2 0 1 3 6 18 59 
0 0 0 0 0 0 0 0 0 0 0 0 0 0 0 0 2 0 0 0 0 0 0 0 0 0 0 1 0 0 0 1 2 0 2 0 3 8 20 18 
0 0 0 0 0 0 0 0 0 0 0 0 0 1 0 0 1 0 0 2 0 0 1 2 0 0 0 0 0 0 0 0 0 0 0 0 3 17 36 12 
0 0 0 0 1 1 0 0 1 0 0 0 0 0 0 1 0 0 1 1 1 1 0 0 0 0 1 0 0 0 0 0 0 0 2 4 13 27 33 29 
0 0 0 0 0 0 0 0 0 0 0 0 0 0 0 1 0 0 2 0 1 0 0 0 0 0 0 0 2 1 2 0 1 5 4 10 23 69 56 54 
0 0 0 0 0 0 0 0 0 0 0 0 0 0 0 0 0 0 0 0 0 2 0 0 0 0 0 0 1 2 0 2 0 4 2 5 18 45 66 24 
0 0 0 0 1 0 0 0 0 0 0 0 0 0 0 0 0 1 0 0 0 1 2 1 2 1 0 2 1 2 2 3 2 1 6 15 40 67 35 9 
0 0 0 0 0 0 0 1 0 0 0 0 0 0 0 0 0 1 1 1 0 0 0 1 0 1 1 0 0 3 1 1 3 6 5 19 122 56 39 50 
0 0 0 0 0 0 0 0 0 0 0 0 0 0 1 1 0 0 0 1 1 0 0 1 1 0 0 2 0 2 1 1 0 3 3 18 291 74 75 15 
0 0 0 0 0 0 0 0 1 0 0 0 0 0 0 0 0 0 0 0 0 1 1 0 0 0 1 0 0 1 0 3 3 3 14 34 396 106 39 7 
0 0 0 0 0 0 0 0 0 0 0 0 0 0 0 2 0 0 0 0 0 0 0 0 0 3 0 0 1 0 1 4 3 8 11 24 155 31 26 27 
0 0 0 0 0 1 0 0 0 0 0 0 0 0 0 0 0 0 0 0 0 0 0 0 0 0 0 2 0 0 2 2 2 7 4 45 398 37 24 10 
0 0 0 0 1 0 1 1 1 0 0 0 1 0 0 0 0 0 0 1 0 0 0 1 2 3 1 1 0 3 3 3 4 5 27 56 186 17 12 3 
0 0 0 0 0 0 0 0 0 0 0 0 0 0 0 0 0 1 0 1 0 1 1 1 0 1 0 1 0 2 3 3 4 3 11 82 147 18 9 11 
0 0 0 0 0 0 0 0 0 0 0 0 0 0 1 0 0 1 0 1 0 0 1 1 0 0 0 0 1 2 1 3 1 3 10 112 118 17 10 2 
0 0 0 0 0 0 0 0 1 0 0 0 0 0 0 1 1 0 1 0 1 0 0 0 1 1 0 0 0 1 2 1 4 7 16 93 57 5 5 0 
0 0 0 0 0 0 0 0 0 0 0 0 0 0 0 0 0 0 0 0 1 1 0 0 0 0 0 0 2 3 2 4 3 6 15 55 30 6 4 6 

0 0 0 0 0 0 0 0 0 0 0 0 0 0 0 0 0 0 0 0 0 0 0 0 0 0 0 0 0 0 0 0 0 1 1 0 1 3 2 14 
0 0 0 0 0 0 0 0 0 0 0 0 1 0 1 0 0 0 0 0 0 0 0 0 0 0 0 0 0 0 0 0 0 1 0 0 1 3 4 3 
0 0 0 0 0 0 0 0 0 0 0 0 0 0 1 0 0 0 0 0 0 0 0 0 0 0 0 0 0 0 0 0 0 0 0 1 3 1 4 31 
0 0 0 0 0 0 0 0 0 0 0 0 0 0 1 0 0 0 0 0 0 1 0 0 0 0 0 0 0 2 1 0 0 0 1 2 3 1 3 48 
0 0 0 0 0 0 0 0 0 0 0 0 0 0 0 0 0 0 0 0 1 0 0 1 0 0 0 0 0 0 0 0 1 1 1 1 5 8 18 101 
0 0 0 1 0 0 0 0 0 0 0 0 0 0 0 0 0 0 0 0 0 0 0 0 0 0 0 0 0 0 1 0 1 1 3 2 5 13 33 159 
0 0 0 0 0 0 0 0 0 0 0 0 0 0 0 0 0 0 0 0 0 0 0 0 0 0 0 0 0 0 0 1 0 1 2 2 4 7 16 172 
0 0 0 0 0 0 0 0 1 0 0 0 0 0 0 0 0 0 1 0 1 1 0 0 0 0 0 0 0 0 1 0 1 3 6 2 5 17 98 225 
0 0 0 0 0 0 0 0 0 0 0 0 0 0 0 0 0 0 0 0 1 0 0 0 0 0 1 0 0 0 0 1 0 2 0 2 8 26 288 81 
0 0 0 0 0 1 0 1 0 0 0 0 0 0 0 0 0 0 0 0 1 0 0 0 0 0 0 0 1 0 1 2 1 1 0 4 3 28 314 40 
0 0 0 0 0 0 0 0 0 0 0 0 0 0 0 0 0 0 0 2 0 1 0 0 0 0 0 1 0 1 0 1 0 1 5 4 22 320 165 37 
0 0 0 0 0 0 0 0 0 0 0 0 0 0 0 0 0 0 1 0 0 0 0 0 0 0 0 0 2 0 1 1 1 0 0 4 9 160 52 23 
0 0 0 0 0 0 0 0 0 0 0 0 0 0 0 1 0 0 0 0 0 2 0 1 0 1 1 0 0 0 0 0 3 6 3 2 12 242 67 11 
0 0 0 0 0 0 0 1 0 0 0 0 0 0 0 0 0 0 0 0 0 0 0 0 0 0 0 1 0 0 0 0 2 3 8 6 102 148 32 8 
0 0 0 0 0 0 0 0 1 1 0 0 1 0 0 0 0 0 0 0 0 2 1 0 0 0 0 1 0 0 1 3 4 2 3 8 54 36 20 28 
0 0 0 0 0 0 0 0 0 0 0 0 1 0 0 0 0 0 0 0 0 1 0 0 1 0 0 1 2 2 0 0 2 3 7 25 64 75 54 8 
0 0 0 0 0 0 0 0 0 0 0 0 0 0 0 0 0 0 0 0 1 0 0 1 0 0 0 0 1 1 3 0 5 0 8 13 39 67 38 7 
1 0 0 0 0 0 0 0 0 0 0 0 0 0 0 0 0 1 0 0 0 0 0 0 0 0 0 0 0 2 1 2 2 7 4 23 30 19 25 13 
0 0 0 0 0 0 0 0 0 0 1 0 1 0 0 0 0 0 0 1 0 0 0 1 0 1 1 2 1 0 1 2 1 6 4 27 46 17 16 7 
0 0 0 0 0 0 0 0 0 0 0 0 1 0 0 0 0 0 0 1 1 0 0 0 0 0 0 1 0 1 2 1 3 3 12 18 15 3 4 3 
0 0 0 0 0 0 0 0 0 0 0 0 0 0 1 0 0 0 0 0 0 1 1 0 0 0 0 1 0 0 0 0 1 7 8 11 10 6 8 5 
0 0 0 0 0 0 0 0 0 0 0 0 0 0 0 0 0 0 0 0 1 0 0 0 0 0 0 0 0 1 1 1 0 4 4 21 26 6 8 3 
0 0 0 0 0 0 0 0 0 0 0 0 0 0 0 0 0 2 0 1 0 1 1 1 0 1 0 1 0 2 3 0 4 4 12 17 11 3 1 1 
0 0 0 0 0 0 0 0 0 0 0 0 0 0 0 0 0 0 1 1 0 0 1 0 1 0 1 0 0 1 0 3 2 4 4 7 7 4 2 2 

0 0 0 0 0 0 0 0 0 0 0 0 0 1 0 0 0 0 0 0 0 0 0 0 0 0 0 0 0 0 0 0 0 0 0 1 1 6 2 7 
0 0 0 0 0 0 0 0 0 0 0 0 0 0 0 0 0 0 0 0 2 0 0 1 0 0 0 0 0 0 0 0 0 0 1 2 5 3 6 10 
0 0 0 0 0 0 0 0 1 0 0 0 0 0 0 0 0 0 0 0 0 0 0 0 0 0 0 0 0 0 0 0 0 0 0 1 2 2 8 27 
0 0 0 0 0 0 0 0 0 1 0 0 0 0 0 0 0 0 0 0 0 0 1 0 0 0 0 0 0 1 0 0 0 3 0 1 1 2 5 458 
0 0 0 0 0 0 0 0 0 0 0 0 0 0 0 0 0 0 0 0 0 0 0 0 0 0 0 0 0 1 0 1 1 0 0 2 2 6 17 513 
0 0 0 1 0 0 0 0 0 1 0 0 0 0 0 1 0 1 0 0 0 0 0 1 0 0 0 0 0 0 0 2 1 1 4 4 9 7 19 462 
0 0 0 0 0 0 0 0 1 0 0 0 0 0 0 0 0 0 0 0 0 0 0 0 0 0 0 0 0 1 1 1 0 3 2 3 2 10 34 432 
0 0 0 0 0 0 0 0 0 0 0 0 0 0 0 0 0 1 0 0 1 0 0 0 0 0 0 1 0 1 0 0 2 3 1 1 5 17 122 246 
1 0 0 0 0 0 0 0 0 0 0 0 1 0 0 1 0 0 0 0 1 0 0 0 0 0 0 0 1 1 1 1 0 1 2 3 3 13 61 72 
0 0 0 0 0 0 0 1 0 0 0 0 0 0 0 0 1 0 0 0 1 0 1 0 0 0 0 0 1 0 0 1 0 1 4 3 5 20 84 28 
0 0 0 0 0 0 0 0 0 0 0 0 0 1 0 1 0 1 0 1 0 2 0 0 0 0 0 0 2 0 1 1 5 0 2 3 15 56 68 20 
0 0 0 0 0 0 0 0 0 0 0 0 0 0 0 0 0 0 0 0 0 0 0 0 1 0 1 1 0 0 0 1 0 0 2 3 9 18 23 16 
0 0 0 0 0 0 0 0 0 0 0 0 0 0 0 0 0 0 0 1 1 0 0 0 0 0 0 0 0 0 1 1 0 0 2 2 7 25 21 15 
0 0 0 0 0 0 0 0 0 1 0 0 0 0 0 0 0 0 0 0 1 0 0 0 1 0 0 0 1 0 1 0 4 1 4 5 18 35 16 7 
0 0 0 0 0 0 0 0 0 0 0 0 0 0 0 1 0 0 0 0 0 0 0 0 0 0 0 0 1 0 0 0 0 6 0 4 9 18 9 6 
0 0 0 0 0 0 0 0 0 0 0 0 0 0 0 0 0 0 1 0 0 0 0 0 0 0 0 1 1 1 0 1 1 2 2 7 18 34 19 6 
0 0 0 0 0 0 0 0 0 0 0 0 0 0 0 0 0 0 1 1 0 0 1 0 0 1 3 2 0 1 3 2 6 3 8 10 9 49 20 11 
0 0 0 0 0 0 0 0 0 0 0 0 0 0 0 0 0 0 0 0 0 0 0 1 1 0 0 1 1 0 1 0 4 0 5 6 8 9 12 11 
0 0 0 0 0 0 0 0 0 0 0 1 0 0 0 0 0 0 0 0 0 0 0 1 0 0 0 2 0 0 0 2 3 6 3 8 13 9 10 8 
0 0 0 0 0 0 2 0 0 0 1 0 0 0 0 0 0 0 0 0 0 0 1 0 0 1 0 0 1 0 0 1 7 1 12 9 7 5 2 2 
0 0 0 0 0 0 0 0 0 0 0 0 1 0 0 0 0 0 0 0 0 0 0 0 0 0 0 0 0 2 1 0 0 3 5 6 5 0 4 3 
1 0 0 0 0 0 0 0 0 0 0 0 0 0 1 1 0 0 0 0 0 0 1 0 0 0 0 0 0 0 0 0 2 3 5 5 6 3 5 0 
0 0 0 0 0 1 0 0 0 0 0 0 0 0 0 0 0 1 0 0 0 0 1 0 0 2 0 0 0 2 4 1 1 4 7 12 5 4 2 1 
1 0 0 0 0 0 0 0 0 0 0 0 0 0 0 0 0 0 0 0 0 0 0 0 0 0 0 1 0 2 0 0 2 1 2 6 3 0 3 1 

0 0 0 0 0 0 0 0 0 0 0 0 0 2 0 0 0 0 0 1 0 0 0 0 0 0 0 0 0 0 0 0 0 0 2 0 0 2 0 2 
0 0 0 0 0 0 0 0 0 0 0 0 0 0 0 1 0 0 0 0 0 0 0 0 0 0 0 0 0 0 0 0 0 0 0 0 1 1 0 1 
0 0 0 0 0 0 0 0 0 0 0 0 0 0 0 0 1 0 0 0 0 0 0 0 0 0 0 0 0 0 0 0 0 0 0 0 0 4 3 5 
0 0 0 0 0 0 0 0 0 0 0 0 0 0 0 0 1 0 0 0 0 0 0 0 0 0 0 0 0 0 0 0 0 0 1 1 1 2 2 37 
0 0 0 0 0 0 0 0 0 0 0 0 0 0 0 0 0 0 0 1 0 0 0 0 0 0 0 0 0 0 0 0 0 0 2 1 0 5 7 31 
0 0 0 0 0 0 0 0 0 0 0 0 0 0 0 0 0 1 0 0 0 0 0 1 0 0 0 0 1 0 0 0 0 0 0 0 2 4 4 48 
0 0 0 0 0 0 0 0 0 0 1 0 0 0 0 0 0 0 0 0 1 0 0 0 0 0 0 0 0 1 0 2 0 0 0 0 2 8 15 81 
0 0 0 0 0 0 0 0 0 0 0 0 0 0 0 0 0 0 0 0 0 1 0 0 0 0 0 0 2 1 0 2 2 0 1 4 6 14 9 76 
0 0 0 0 1 0 0 0 0 0 0 0 0 1 0 0 0 0 0 0 0 0 0 2 0 0 1 0 0 0 0 0 0 1 1 4 1 4 11 17 
0 0 0 0 0 0 0 0 0 0 0 0 0 1 0 2 0 1 1 0 0 0 0 1 0 1 0 0 0 0 0 1 1 1 2 5 3 8 17 12 
0 0 0 1 0 0 1 0 0 1 0 0 0 0 0 2 0 0 1 0 0 1 0 0 0 0 0 2 1 1 0 0 3 2 2 1 4 18 9 10 
0 0 0 0 0 0 0 0 0 0 0 0 0 0 0 0 0 0 0 0 0 0 0 0 0 0 0 0 0 0 1 2 0 1 0 3 6 5 3 11 
0 0 0 0 0 0 0 0 0 0 0 0 0 0 0 0 0 0 0 0 0 0 0 0 0 0 0 0 1 0 0 1 1 1 1 6 3 9 14 5 
0 0 0 0 0 0 0 0 0 0 0 0 0 0 0 0 0 0 0 0 0 0 0 0 0 0 1 0 0 2 0 3 2 0 1 1 3 10 7 2 
0 0 0 0 0 0 0 0 0 0 0 0 0 0 1 0 0 0 0 1 1 0 0 0 1 0 0 0 0 0 0 2 0 1 3 4 9 4 8 3 
0 0 0 0 0 0 0 1 1 0 0 0 0 0 0 0 0 0 0 0 0 0 0 0 1 0 1 0 0 0 0 0 0 3 2 1 12 10 16 10 
0 0 0 0 0 0 0 0 0 0 0 0 0 0 0 0 0 1 0 0 0 0 0 0 0 0 2 0 0 0 0 4 0 1 5 8 2 13 12 7 
0 0 0 0 0 0 0 0 0 0 0 0 0 0 0 0 1 0 0 0 0 0 0 0 0 0 0 0 1 1 0 1 0 1 2 5 2 2 5 9 
0 0 0 0 0 0 0 0 0 1 0 0 0 0 0 0 0 0 0 0 0 0 0 0 0 0 0 0 0 0 0 1 1 1 2 3 7 2 8 6 
0 0 0 0 0 0 0 0 0 0 0 0 0 0 0 0 0 0 0 0 0 0 0 0 0 0 2 0 0 1 0 0 3 2 2 5 3 1 1 2 
0 0 0 0 0 0 0 0 0 0 0 0 0 0 0 0 0 0 0 0 0 0 0 0 0 0 0 1 0 1 0 0 1 3 0 0 1 0 4 4 
0 0 0 0 0 0 0 0 0 0 0 0 0 0 0 0 0 0 0 0 0 0 0 0 0 0 0 0 0 1 1 1 0 1 0 2 4 3 0 0 
0 0 0 0 0 0 0 0 0 0 0 0 0 0 0 0 0 0 1 0 0 0 1 0 0 0 0 0 2 1 0 2 0 4 2 2 4 3 1 0 
0 0 0 0 0 0 0 0 0 0 0 0 0 0 0 0 0 0 0 0 0 1 0 0 0 0 0 0 0 0 1 1 2 3 2 2 2 3 1 3 

0 0 0 0 0 0 0 0 0 0 0 0 0 0 0 0 0 0 0 0 0 0 0 0 0 0 0 0 0 0 0 0 0 0 1 1 0 0 1 0 
0 0 0 0 0 0 0 0 0 0 0 0 0 0 0 0 0 0 0 1 0 0 0 0 0 0 0 0 0 0 0 0 0 0 0 0 2 0 3 3 
0 0 0 0 0 0 0 0 0 0 0 0 0 0 0 0 0 0 0 0 0 0 0 0 0 0 1 0 0 0 0 0 0 0 0 0 0 0 1 2 
0 0 0 0 0 0 0 0 0 0 0 0 0 1 0 0 0 0 0 0 0 0 0 0 0 0 0 0 0 0 0 0 0 0 2 0 1 2 3 9 
0 0 0 0 0 0 0 0 0 0 0 0 0 0 0 0 1 0 0 0 0 0 0 0 0 0 0 0 0 1 0 0 0 0 0 1 0 1 2 19 
0 0 0 0 0 0 0 0 0 0 0 0 0 0 0 0 0 0 0 0 0 0 0 0 0 0 0 0 0 0 0 0 0 0 1 0 1 4 2 11 
0 0 0 0 0 0 0 0 0 0 0 0 0 0 0 0 0 0 1 0 0 1 0 0 0 0 1 0 0 0 0 0 0 0 0 1 2 6 1 34 
0 0 0 0 0 0 0 0 0 0 0 0 0 0 0 0 1 0 0 0 0 0 1 1 0 0 0 0 0 0 0 0 0 0 0 0 5 8 8 39 
0 0 0 0 0 0 0 0 0 0 0 0 0 0 0 0 0 0 0 0 0 0 0 0 0 0 0 0 0 0 0 0 0 0 2 3 3 4 9 9 
0 0 0 0 0 0 0 0 0 0 0 0 0 0 0 0 1 0 0 1 0 0 0 0 1 0 0 0 0 0 0 0 0 1 4 3 2 1 7 10 
0 0 0 0 0 0 0 0 0 0 0 0 0 0 0 0 1 1 0 1 0 0 0 0 0 0 0 1 1 1 1 0 1 1 0 5 4 12 7 8 
0 0 0 0 0 0 0 0 0 0 0 0 0 0 0 0 0 0 0 0 0 0 0 0 0 0 0 0 0 0 0 0 1 0 0 2 3 4 3 4 
0 0 0 0 0 0 0 0 0 0 0 0 0 0 0 0 0 0 0 0 0 0 0 0 0 0 0 0 0 1 0 0 0 0 1 3 3 2 6 3 
0 0 0 0 0 0 0 0 0 0 0 0 0 0 1 0 0 1 0 1 0 0 1 0 2 0 0 0 0 0 0 1 0 1 4 4 3 10 3 1 
0 0 0 0 0 0 0 0 0 0 0 0 0 0 0 0 0 0 0 0 0 0 0 0 0 0 1 0 0 0 0 0 0 0 1 0 4 3 3 4 
0 0 0 0 0 0 0 0 0 0 0 1 0 0 0 0 0 0 0 1 1 0 0 0 0 0 0 0 0 0 1 1 0 0 2 2 1 4 6 3 
0 0 0 0 0 0 0 0 0 0 0 0 0 0 0 0 0 0 0 0 0 1 0 0 0 1 0 1 0 0 1 4 1 1 5 12 1 9 12 4 
0 0 0 0 0 0 0 0 0 0 0 0 0 0 0 0 0 0 0 0 0 0 0 0 0 0 0 0 0 1 0 0 2 1 1 6 3 2 3 5 
0 0 0 0 0 0 0 0 0 0 0 0 0 0 0 0 0 0 0 0 0 1 0 0 0 0 0 0 0 0 0 0 0 1 2 2 3 0 0 3 
0 0 0 1 0 0 0 0 0 0 0 0 0 0 0 0 0 0 0 0 1 0 0 0 1 1 1 0 1 1 1 1 2 1 3 8 2 2 1 0 
0 0 0 0 0 0 0 0 0 0 0 0 0 0 0 0 0 0 0 0 0 0 0 0 1 0 0 0 1 0 0 0 0 2 4 1 3 2 3 1 
0 0 0 0 0 0 0 0 0 0 0 0 0 0 0 0 0 0 0 0 0 0 0 0 0 2 0 0 0 0 2 1 1 1 3 1 0 0 3 0 
0 0 0 0 0 0 0 0 0 0 0 0 0 0 0 0 0 0 0 0 0 0 1 0 3 1 0 1 0 1 0 0 3 4 2 8 0 0 0 1 
0 0 0 0 0 0 0 0 0 1 0 0 0 0 0 0 0 0 0 0 0 0 0 0 0 0 0 0 0 0 0 3 0 2 0 2 1 0 0 0 

0 0 0 0 0 0 0 0 0 0 0 0 0 0 0 0 0 0 0 0 0 0 0 0 0 0 0 0 0 0 0 0 0 0 0 0 0 1 1 3 
0 0 0 0 0 0 0 0 0 0 0 0 0 0 0 0 0 0 0 0 0 0 0 0 0 0 0 0 0 0 0 0 0 0 0 0 0 0 0 0 
0 0 0 0 0 0 0 0 0 0 0 0 0 0 0 0 0 0 0 0 0 0 0 0 0 0 0 0 0 0 0 0 0 0 0 0 1 0 1 2 
0 0 0 0 0 0 1 0 0 0 0 0 0 0 0 0 0 0 0 0 0 0 0 0 0 0 0 0 0 0 0 0 0 1 0 0 1 1 2 5 
0 0 0 0 0 0 0 0 0 0 0 0 0 0 0 0 0 0 0 0 0 0 0 0 0 0 0 0 0 0 0 1 0 0 1 1 0 0 2 7 
0 0 0 0 0 0 0 0 0 0 0 0 0 0 0 0 0 0 0 0 0 0 0 0 0 0 0 0 0 0 0 0 0 0 0 1 0 1 6 6 
0 0 0 0 0 0 0 0 0 0 0 0 0 0 0 0 1 1 0 0 0 0 0 1 0 0 0 0 0 0 1 0 1 0 2 0 1 0 4 21 
0 0 0 0 0 0 0 0 0 0 0 0 0 0 0 0 0 0 1 0 1 0 0 0 0 0 0 0 0 0 0 1 2 0 1 0 2 3 5 10 
1 0 0 0 0 0 0 0 0 0 0 0 0 0 0 0 0 0 0 1 0 0 0 0 1 0 0 0 0 1 0 1 1 0 0 0 4 3 5 6 
0 0 0 0 0 0 0 0 0 0 0 0 0 0 0 0 1 0 0 0 1 0 1 1 0 0 0 0 0 0 1 1 2 1 0 0 2 2 9 6 
0 0 0 0 0 0 0 0 0 0 0 0 0 0 0 0 1 0 0 0 0 0 0 0 0 0 0 0 0 0 0 1 0 0 2 3 1 9 3 2 
0 0 0 0 0 0 0 0 0 0 0 0 0 0 0 0 0 0 0 0 0 0 0 0 0 0 0 0 0 0 0 0 0 3 0 1 1 2 3 1 
0 1 0 0 0 0 0 0 0 0 0 0 0 0 0 0 0 0 0 0 0 1 0 0 1 0 0 0 0 0 0 0 0 1 3 2 3 4 4 2 
0 0 0 0 0 0 0 0 0 0 0 0 0 0 0 0 0 0 0 0 0 0 0 0 0 1 0 0 0 0 0 1 0 0 1 0 1 4 1 2 
0 0 0 0 0 0 0 0 0 0 0 0 0 0 0 0 0 0 0 0 0 0 0 0 0 0 0 1 0 1 0 0 1 1 1 2 2 0 0 3 
0 0 0 0 0 0 0 0 0 0 0 0 0 0 0 0 0 0 0 0 0 0 1 0 0 0 1 0 0 0 0 1 2 0 0 0 2 7 5 3 
0 0 0 0 0 0 0 0 0 0 0 0 0 0 0 0 0 0 0 0 0 0 0 0 0 0 0 0 0 0 0 0 0 1 0 1 2 4 6 0 
0 0 0 0 0 0 0 0 0 0 0 0 0 0 0 0 0 0 0 0 0 0 0 0 0 0 0 0 0 0 0 0 0 0 1 0 0 3 1 1 
0 0 0 0 0 0 0 0 0 0 0 0 0 0 0 0 0 0 0 0 0 0 0 0 0 0 0 0 0 3 2 0 1 0 1 1 2 2 4 1 
0 0 0 0 0 0 0 0 0 0 0 0 0 0 0 0 0 0 0 0 0 0 0 1 0 0 0 1 0 0 0 0 0 1 0 5 1 1 0 0 
0 0 0 0 0 0 0 0 0 0 0 0 0 0 0 0 0 0 0 0 0 0 0 0 0 0 1 1 0 0 0 0 1 1 0 1 2 0 0 1 
0 0 0 0 0 0 0 0 0 0 0 0 0 0 0 0 0 0 0 0 0 0 0 0 0 0 0 2 0 0 0 1 0 0 0 4 2 0 2 2 
0 0 0 0 0 0 0 0 0 0 0 0 0 0 0 0 0 0 0 0 0 0 0 0 1 0 0 0 1 0 1 0 0 1 2 3 4 0 0 0 
0 0 0 0 0 0 0 0 0 0 0 0 0 0 0 0 0 0 1 0 0 0 0 0 0 0 0 0 0 0 0 0 0 0 1 3 3 0 0 0 

0 0 0 0 0 0 0 0 0 0 0 0 0 0 0 0 0 0 0 0 0 0 0 0 0 0 0 0 0 0 0 0 0 0 0 0 0 4 0 0 
0 0 0 0 0 0 0 0 0 0 0 0 0 0 0 0 0 0 0 0 0 0 0 0 0 0 0 0 0 0 0 0 0 0 0 3 0 0 0 0 
0 0 0 0 0 0 0 0 0 0 0 0 0 0 0 0 0 0 0 0 0 0 0 0 0 0 0 0 0 0 0 0 1 0 0 0 1 2 1 1 
0 0 0 0 0 1 0 0 0 0 0 0 0 0 0 0 0 0 0 0 0 0 0 0 0 0 0 0 0 0 0 0 0 0 0 0 0 0 0 3 
0 0 0 0 0 0 0 0 0 0 0 0 0 0 0 0 0 0 0 0 0 0 0 0 0 0 0 0 0 0 1 0 0 1 1 0 1 2 0 8 
0 0 0 0 0 0 0 0 0 0 0 0 1 0 0 0 0 0 0 0 0 0 0 0 0 0 0 0 0 0 0 0 0 1 0 0 0 1 1 0 
0 0 0 0 0 0 0 0 0 0 0 0 0 0 0 0 0 0 0 1 0 0 0 0 0 0 0 0 0 2 0 0 0 0 1 0 0 0 5 15 
0 0 0 0 0 0 0 0 0 0 0 0 0 0 0 0 0 0 1 0 0 0 0 0 0 0 0 0 0 0 0 0 0 2 2 0 2 1 4 12 
0 0 0 0 0 0 0 0 0 1 0 0 0 0 0 0 0 0 0 1 1 0 0 0 0 1 1 0 0 0 0 0 0 1 0 0 1 2 3 1 
0 0 0 0 1 0 0 0 0 0 0 0 0 0 0 0 0 0 0 3 0 0 0 0 0 0 0 0 0 0 0 1 0 0 1 2 1 6 4 4 
0 0 0 0 0 0 0 0 0 1 0 0 0 0 0 0 1 0 1 1 0 0 0 2 0 0 0 0 0 0 0 0 0 2 1 1 0 3 8 4 
0 0 0 0 0 0 0 0 0 0 0 0 0 0 0 0 0 0 0 0 0 0 0 0 0 0 0 0 0 0 1 0 1 0 3 0 1 1 2 2 
0 0 0 0 0 0 0 0 0 0 0 0 0 0 0 0 0 0 0 0 0 0 1 1 0 0 0 0 0 0 0 1 0 0 1 0 6 8 4 0 
0 0 0 0 0 0 0 0 0 0 0 0 1 0 0 0 0 1 0 0 0 0 1 0 0 0 0 0 0 0 0 1 1 1 3 4 3 7 3 1 
0 0 0 0 0 0 0 0 0 0 0 0 0 0 0 0 1 0 0 0 0 1 0 0 0 0 0 1 0 0 0 1 0 1 0 2 0 0 1 2 
0 0 0 0 0 0 0 0 0 0 0 0 0 0 0 0 0 0 0 0 0 0 0 0 0 0 0 0 0 1 0 1 2 1 0 1 2 2 1 1 
0 0 0 0 0 0 0 0 0 0 0 0 0 0 0 2 0 0 0 0 0 0 0 0 0 0 0 1 0 0 0 3 1 1 1 6 2 5 4 1 
0 0 0 0 0 0 0 0 0 0 0 0 0 0 0 0 0 0 0 0 1 0 0 0 0 0 0 1 0 1 0 2 1 0 0 2 1 2 5 1 
0 0 0 0 0 0 0 0 0 1 0 0 0 0 0 0 0 0 0 0 0 0 0 0 0 1 0 0 0 0 1 0 0 0 0 0 3 1 0 1 
0 0 0 0 0 0 0 0 0 0 0 0 0 0 0 0 0 0 0 0 0 2 0 0 1 0 0 0 0 0 0 0 0 0 3 0 2 1 0 0 
0 0 0 0 0 0 0 0 0 0 0 0 0 0 0 0 0 0 0 0 0 0 0 0 0 0 1 0 0 0 1 0 0 0 0 1 1 1 1 0 
0 0 0 0 0 0 0 0 0 0 0 0 0 0 0 0 0 0 0 0 0 0 0 0 0 0 0 0 0 1 1 0 1 1 0 1 2 2 0 0 
0 0 0 0 0 0 0 0 0 0 0 0 0 0 0 0 0 0 0 1 0 2 0 0 1 1 0 1 1 0 2 0 1 2 0 1 4 0 0 0 
0 0 0 0 0 0 0 0 0 0 0 0 0 0 0 0 0 0 0 0 0 0 0 0 0 0 0 0 0 0 0 0 0 0 0 2 0 0 0 0 

0 0 0 0 0 0 0 0 0 0 0 0 0 0 0 0 0 0 0 0 0 0 0 0 0 0 0 0 0 0 0 0 0 1 0 0 1 0 0 1 
0 0 0 0 0 0 0 0 0 0 0 0 0 0 0 0 0 0 0 0 0 0 0 0 0 0 0 0 0 0 0 0 0 0 0 1 0 1 0 0 
0 0 0 0 0 0 0 0 0 0 0 0 0 0 0 1 0 0 1 0 0 0 0 0 0 0 0 0 0 0 0 0 0 0 0 0 1 1 2 5 
0 0 0 0 0 0 0 0 0 0 0 0 0 0 0 1 0 0 0 0 0 0 0 0 0 0 0 0 0 0 0 1 1 0 0 0 0 3 0 6 
0 0 0 0 0 0 0 0 0 0 0 0 0 0 0 0 1 0 0 0 0 0 0 0 0 0 0 0 1 0 0 0 0 0 0 2 1 0 1 2 
0 0 0 0 0 0 1 0 0 2 0 0 0 0 0 0 0 0 0 0 1 2 2 1 0 0 0 0 0 0 0 0 1 1 0 1 2 2 5 9 
0 0 0 0 0 0 0 0 0 0 0 0 0 0 0 0 0 0 0 0 0 0 0 0 0 0 0 0 0 0 0 0 0 1 0 0 0 3 0 9 
0 0 0 0 0 0 0 0 0 0 0 0 0 0 0 0 0 0 1 0 0 0 0 0 0 0 0 0 0 0 0 0 0 1 0 3 2 6 3 6 
0 0 0 0 0 0 0 0 0 0 1 0 0 0 0 0 0 1 1 0 3 1 1 0 0 1 0 1 2 1 0 2 1 1 1 0 2 1 5 7 
0 0 0 0 0 0 0 0 0 0 0 0 0 0 0 0 0 0 0 0 0 0 0 0 0 0 0 0 0 0 0 0 0 0 1 2 0 3 2 0 
0 0 0 0 0 0 0 0 0 0 1 0 0 0 1 0 1 0 0 0 1 0 0 0 0 0 0 0 1 0 0 0 0 0 1 2 1 6 3 1 
0 0 0 0 0 0 0 0 0 0 0 0 0 0 0 0 0 0 1 0 0 0 0 1 0 0 0 0 0 0 1 1 1 0 0 3 4 5 2 2 
0 0 0 0 0 0 0 0 0 0 0 0 0 0 0 0 0 1 0 0 0 0 1 0 1 0 0 0 0 0 0 0 0 0 1 0 0 4 2 1 
0 0 0 0 0 0 1 0 0 0 0 0 0 0 0 0 1 0 0 1 0 0 0 0 0 0 0 0 0 0 0 1 0 0 3 5 3 4 2 2 
0 0 0 0 0 0 0 0 0 0 0 0 0 0 0 0 1 0 0 0 0 1 0 2 0 0 0 0 0 1 0 1 1 2 3 1 4 3 2 4 
0 0 0 0 0 0 0 0 0 0 0 0 0 0 0 0 0 0 0 0 0 0 0 0 0 0 0 0 0 0 0 0 0 1 1 1 0 4 2 1 
0 0 0 0 0 0 0 1 0 0 0 1 0 0 0 0 0 0 0 0 0 0 0 0 0 0 0 0 0 0 1 1 2 1 0 3 3 4 1 1 
0 0 0 0 0 0 0 0 0 0 0 0 0 0 0 0 0 0 0 0 0 0 0 0 0 1 0 0 2 0 1 0 2 1 1 5 4 3 2 2 
0 0 0 0 0 0 0 0 0 0 0 0 0 0 0 0 0 1 0 0 1 0 0 1 0 0 0 0 0 1 0 0 1 0 0 1 1 2 2 2 
0 0 0 0 0 0 0 0 0 0 0 0 0 0 0 0 0 0 0 0 0 0 0 0 0 1 1 0 1 1 0 2 1 3 2 1 0 0 2 1 
0 0 0 0 0 0 0 0 0 0 0 0 0 0 0 0 0 0 0 0 0 0 0 0 1 1 2 0 0 2 0 1 1 1 0 3 2 3 5 3 
0 0 0 1 0 0 0 0 0 0 0 0 0 0 0 0 0 0 0 0 0 0 0 0 1 0 0 0 0 2 0 1 0 1 1 3 2 2 0 0 
0 0 0 0 0 0 0 0 0 1 0 0 0 0 0 0 0 0 0 0 0 0 1 1 0 0 1 2 0 1 3 1 0 1 1 1 1 0 0 0 
0 0 0 0 0 0 0 0 0 0 0 0 0 0 0 0 0 0 0 0 0 0 0 0 0 0 0 1 0 0 1 0 1 0 3 0 2 1 0 0 

