#################################### 
# Matrix Size= (39.9997,23.9997,39.9995)
# Resol      = (40,24,40)
# VoxelSize  = (0.999993,0.999989,0.999989)
# nbVal      = 38400
#################################### 
3 2 0 6 3 24 13 49 19 4 6 3 2 1 1 6 2 0 0 0 0 0 0 2 0 1 0 0 0 1 0 4 1 6 2 30 31 19 7 6 
4 2 5 5 5 16 27 25 19 8 7 3 0 4 1 8 3 1 0 2 0 1 0 1 0 0 0 0 1 0 1 0 1 5 12 20 35 10 8 2 
0 0 2 2 4 10 8 15 13 9 4 4 2 0 1 0 0 0 0 0 0 0 0 0 1 0 1 0 2 0 1 1 0 2 9 17 18 22 10 3 
1 1 2 5 1 12 16 43 23 11 7 7 2 3 0 3 1 2 1 1 1 0 3 0 1 1 0 0 0 1 0 3 2 4 2 22 29 64 25 4 
1 3 14 7 28 13 28 54 33 6 2 1 4 4 5 4 2 2 0 1 0 0 1 1 0 0 1 1 0 1 0 1 2 2 7 13 24 47 18 7 
0 3 1 4 2 4 6 6 7 2 9 3 2 2 3 0 3 0 1 1 0 0 0 0 1 1 0 0 0 1 1 0 0 1 9 7 9 16 18 9 
2 0 1 3 2 6 2 7 13 8 4 3 3 2 2 1 4 2 1 0 2 0 0 0 0 2 0 0 0 1 1 3 2 5 4 16 23 60 37 11 
3 1 3 3 5 8 11 24 12 2 4 5 0 2 1 0 2 2 5 0 0 1 0 1 1 1 0 2 1 0 0 0 3 5 10 28 35 61 18 8 
1 2 2 2 1 0 3 7 6 4 5 6 3 0 2 0 0 2 0 1 1 0 0 0 0 0 0 0 0 0 0 2 1 5 12 16 27 17 9 6 
0 1 2 1 0 1 1 7 3 17 5 5 0 1 0 1 0 1 0 1 2 2 1 0 0 0 1 1 0 1 1 1 1 12 11 43 38 28 15 6 
1 0 3 1 3 1 7 14 22 30 9 8 1 3 0 6 1 6 3 7 2 4 0 1 1 1 0 1 0 2 5 6 7 14 29 61 55 27 7 5 
0 2 3 0 0 0 0 3 4 4 5 0 2 3 2 2 1 0 0 1 3 0 0 0 1 0 0 1 0 1 0 0 4 2 19 25 15 14 9 7 
1 0 4 0 0 3 3 3 3 8 3 6 1 3 1 3 1 0 0 1 1 0 0 0 0 1 1 1 2 1 2 7 5 10 19 38 36 16 7 7 
0 0 1 1 3 5 3 12 19 10 15 8 8 4 1 2 2 1 1 4 3 0 0 4 0 1 1 1 3 1 0 3 14 11 28 39 24 12 8 4 
1 1 0 0 0 0 3 1 4 5 5 1 3 2 2 3 3 1 0 1 0 0 1 0 0 1 0 1 1 5 3 3 5 12 18 17 13 8 8 5 
0 2 0 2 0 2 0 4 0 6 4 1 4 2 2 1 2 1 1 2 0 2 0 1 0 1 1 0 1 0 0 2 1 11 12 34 13 10 7 5 
0 0 2 3 3 5 8 11 11 7 7 5 2 2 1 1 0 0 0 1 2 2 1 1 2 1 1 0 2 3 9 6 13 12 23 47 16 3 2 4 
0 0 0 1 0 0 2 4 0 2 5 1 0 2 0 0 1 1 0 1 0 0 1 1 0 1 1 1 1 1 4 4 2 8 7 12 6 2 2 4 
0 0 0 1 0 1 0 2 1 2 3 2 1 1 0 1 1 1 1 1 1 1 1 1 1 1 1 1 0 4 1 5 7 13 17 34 15 5 4 4 
0 0 2 0 3 2 4 6 5 5 8 4 2 1 1 1 2 0 0 5 1 1 3 1 0 0 0 1 2 1 8 6 13 23 9 42 15 4 2 1 
0 0 0 0 0 0 1 4 0 5 0 1 0 0 1 0 0 0 0 0 0 0 2 0 0 1 3 0 1 1 2 3 6 18 9 9 5 7 1 1 
1 0 0 0 0 0 0 1 1 1 0 4 2 5 2 0 1 0 1 1 0 3 2 0 0 1 0 0 0 1 1 3 1 9 9 9 3 0 2 0 
0 1 1 1 4 3 4 2 8 8 6 8 3 1 1 0 0 1 1 1 4 5 1 1 0 1 0 0 2 3 7 7 12 12 13 6 2 1 1 0 
0 0 0 0 1 1 0 0 0 0 1 1 0 0 0 0 0 0 0 0 0 0 1 0 0 0 0 2 0 3 0 0 6 1 3 0 1 0 0 3 

3 1 1 6 3 20 35 73 39 9 4 0 2 0 0 3 1 0 0 1 0 0 0 0 1 3 1 0 1 3 0 1 1 4 4 60 401 23 14 15 
3 3 2 7 14 20 62 62 32 8 8 1 7 3 4 0 2 2 2 1 0 1 0 1 0 0 0 0 1 0 1 3 2 0 6 43 325 48 14 10 
4 2 7 6 14 25 69 73 39 18 6 3 6 3 0 2 0 5 3 1 1 0 0 1 0 0 0 1 1 1 2 5 5 5 3 28 463 76 27 9 
2 3 1 6 5 26 19 75 54 13 6 2 2 2 1 2 1 0 0 2 2 0 0 0 0 0 0 1 0 1 1 1 4 6 3 27 256 83 36 10 
4 1 5 5 13 21 38 74 49 17 5 3 1 4 5 8 3 2 3 2 0 1 0 0 1 0 1 0 0 1 0 2 2 2 5 26 268 125 40 12 
3 3 4 5 6 12 30 60 35 19 8 8 3 1 2 2 1 0 0 1 0 1 0 0 2 0 0 1 1 0 0 0 5 4 3 22 208 91 19 14 
0 3 1 3 4 15 10 29 22 10 4 3 2 3 2 2 3 1 2 1 1 0 0 0 0 0 0 0 3 0 1 2 3 2 6 13 152 81 41 11 
4 1 6 1 9 10 16 20 16 3 10 3 3 4 2 1 2 4 1 0 0 0 0 1 0 0 1 1 0 1 0 3 4 3 16 37 158 81 35 17 
1 0 0 2 3 3 6 7 4 4 8 1 4 2 0 2 1 0 0 1 1 2 1 0 2 0 0 1 0 1 3 3 4 8 17 55 292 63 26 15 
0 0 0 1 2 2 4 7 11 17 5 1 2 1 2 2 0 0 0 2 1 1 0 2 0 1 1 1 2 3 1 3 1 3 8 50 155 32 24 10 
0 1 2 5 3 11 5 16 22 23 15 6 6 1 2 0 4 1 3 3 0 1 0 0 0 0 0 2 2 0 2 9 8 12 30 134 258 42 19 16 
0 0 2 2 2 2 2 4 9 10 7 3 3 0 1 1 0 2 0 0 2 0 2 1 0 1 0 1 1 2 2 7 4 15 24 144 151 50 25 8 
0 2 1 1 1 3 5 3 6 24 8 2 6 1 3 0 3 3 1 1 4 1 0 0 2 0 0 0 1 3 4 5 3 6 17 84 104 11 22 13 
0 0 1 1 3 3 5 12 18 17 11 4 3 1 1 3 3 2 2 2 2 2 6 3 0 0 1 2 1 1 7 8 12 24 47 121 65 20 12 5 
1 0 1 0 1 0 3 7 6 9 8 6 2 1 2 2 3 0 0 2 2 2 0 0 1 0 0 1 0 1 1 4 9 11 42 98 64 21 8 10 
0 1 0 2 0 1 4 7 3 9 6 6 4 1 5 3 2 0 2 1 0 1 1 0 0 1 2 0 0 3 0 5 2 10 16 54 38 6 9 5 
1 0 0 1 5 3 8 5 9 18 11 4 1 1 1 0 2 0 3 2 0 6 1 3 0 0 1 3 3 0 8 5 15 15 34 96 40 19 7 3 
0 0 1 0 1 1 3 5 5 3 2 4 0 3 0 1 0 2 0 0 1 0 0 3 0 2 0 3 1 3 4 7 16 22 47 48 24 21 9 5 
0 0 0 0 0 0 1 1 2 3 2 1 3 1 2 0 2 0 0 1 2 1 0 1 1 1 1 0 2 2 4 5 3 14 30 38 38 3 12 4 
0 1 0 0 2 3 5 4 6 10 7 8 1 5 1 3 3 1 0 1 6 3 3 4 1 1 4 2 2 0 7 7 18 30 32 60 26 11 8 5 
0 0 0 0 0 2 0 1 3 2 2 3 2 4 0 0 0 0 1 0 0 0 1 1 2 1 2 0 2 2 4 7 11 29 50 34 22 12 6 5 
1 0 0 0 0 0 2 1 0 0 2 4 3 1 2 0 0 0 1 0 0 1 0 1 0 1 0 0 2 1 1 5 4 18 35 17 17 6 8 1 
0 0 1 0 2 1 0 5 8 6 7 11 6 2 1 2 0 1 2 1 2 2 3 1 0 0 1 3 7 0 10 6 17 22 18 8 13 2 1 3 
0 0 2 1 0 0 0 1 0 3 3 5 1 1 0 0 0 1 0 0 0 1 4 0 0 1 0 2 0 2 3 2 5 7 14 5 4 2 1 0 

0 0 0 6 4 34 256 131 35 13 7 2 5 4 3 3 3 0 1 0 0 0 0 0 0 0 0 1 1 1 1 0 1 4 5 55 272 29 11 7 
6 0 1 4 6 11 279 89 48 19 22 6 6 6 5 2 10 3 3 1 1 1 3 0 0 0 0 1 0 0 1 2 1 1 6 14 65 33 17 24 
4 5 1 9 10 23 159 226 43 20 7 6 1 4 0 2 0 1 3 2 6 0 0 0 0 0 2 0 1 0 1 3 6 6 5 10 38 24 25 24 
2 1 1 9 8 33 129 848 82 6 9 2 6 4 2 3 1 1 2 1 1 1 2 0 1 1 2 0 0 0 0 0 3 0 3 13 26 48 27 14 
0 2 0 5 11 11 36 229 55 19 6 3 4 1 2 4 2 3 1 0 0 0 1 2 0 0 0 0 0 0 1 1 2 5 3 22 44 32 22 28 
6 4 2 9 8 24 32 105 69 26 15 8 9 3 0 1 1 1 1 2 1 0 0 0 0 0 0 0 0 1 0 2 4 9 5 13 25 26 27 32 
2 3 3 10 7 15 22 78 69 14 30 6 7 2 6 3 2 4 4 1 2 0 0 2 0 0 2 0 1 2 2 1 4 2 6 11 43 49 40 19 
2 0 3 0 4 4 11 33 42 11 5 7 2 2 3 4 6 5 0 2 2 1 2 0 1 0 1 1 0 0 0 0 0 7 15 5 104 63 35 22 
1 2 0 2 1 9 2 10 14 7 1 3 3 2 0 3 0 0 2 0 2 0 0 0 0 0 0 1 0 2 2 5 0 11 11 20 159 42 19 39 
0 4 3 4 2 3 1 12 10 19 12 3 10 2 4 3 2 3 2 0 0 1 1 0 0 1 0 0 0 1 0 5 2 8 5 38 277 37 23 11 
3 1 1 4 2 3 6 18 26 34 11 9 5 2 2 4 2 3 7 2 1 0 0 0 0 0 0 0 2 1 1 3 6 7 18 63 509 44 17 14 
0 0 0 2 0 4 4 5 9 16 18 1 2 2 0 1 0 1 2 1 0 1 1 0 1 0 1 1 0 4 4 3 7 13 19 147 181 35 38 32 
1 1 1 2 2 1 0 11 12 22 20 4 10 3 4 3 3 1 4 4 1 3 1 0 1 0 2 2 1 3 0 3 5 8 16 174 172 18 21 12 
2 1 1 1 5 5 6 7 15 15 10 6 1 1 1 3 2 0 1 0 2 1 2 1 0 0 2 0 1 0 1 0 5 7 22 162 53 16 18 10 
3 0 0 0 0 2 3 3 6 7 13 2 1 2 0 2 0 2 0 0 2 0 1 0 0 0 0 1 3 4 6 4 6 16 28 228 72 23 21 16 
2 1 0 2 1 3 1 4 4 10 16 4 2 2 2 3 3 0 2 0 1 3 4 0 0 0 0 0 1 3 1 5 3 17 20 247 74 11 11 9 
1 1 2 1 2 3 5 11 8 13 17 4 2 1 2 1 0 1 0 4 3 4 1 3 0 0 1 1 1 0 2 3 5 13 44 257 42 12 8 9 
0 0 1 0 2 0 0 1 2 5 3 3 3 3 2 0 0 0 0 0 0 1 1 3 0 2 1 0 2 5 1 7 14 17 92 146 29 20 14 15 
1 0 0 0 2 3 3 2 3 10 10 5 3 4 2 2 4 0 2 1 0 0 0 0 0 0 0 2 0 0 3 7 7 18 224 144 54 8 11 5 
2 0 0 1 2 2 5 3 2 14 6 2 3 1 0 1 0 0 2 1 4 3 0 0 1 1 0 0 1 2 4 4 5 21 96 88 34 14 7 5 
0 2 0 0 1 0 3 1 1 4 2 0 4 0 1 1 0 0 1 2 1 0 1 2 0 3 0 2 3 3 5 7 10 42 136 60 24 24 12 12 
0 0 0 1 0 1 0 0 0 1 4 2 2 2 2 2 2 0 0 0 0 0 2 0 1 2 2 2 1 4 2 4 6 26 86 33 19 12 7 5 
1 1 0 0 2 1 3 6 3 5 8 15 6 2 1 0 0 0 2 1 4 1 2 1 1 0 1 2 1 2 2 2 7 26 40 8 6 1 3 0 
1 1 1 0 0 0 1 1 0 6 1 1 2 0 0 0 0 0 1 0 0 0 0 0 0 0 1 1 4 2 10 3 10 17 14 4 11 6 0 3 

3 1 0 2 4 22 10 71 20 6 2 4 2 4 1 8 3 0 1 0 0 0 0 0 0 1 0 1 0 0 1 0 2 2 2 21 17 13 8 6 
5 1 1 2 1 6 31 34 20 4 6 3 0 5 2 9 7 2 1 0 2 1 1 1 0 0 0 0 0 0 0 1 1 2 1 5 6 4 7 2 
1 1 2 3 6 10 15 33 25 4 4 4 2 3 1 7 6 6 1 2 0 2 2 1 0 0 1 0 0 0 0 3 0 2 3 9 1 9 5 5 
3 3 1 1 2 13 24 94 51 10 9 0 1 3 1 4 3 2 0 1 2 1 0 0 0 0 0 0 0 1 0 2 3 2 4 7 11 11 8 6 
7 1 5 4 20 11 20 92 29 5 3 4 4 2 2 4 5 4 2 0 1 0 0 0 1 0 1 0 0 0 1 1 0 2 4 6 3 11 5 14 
2 3 0 2 3 6 11 96 43 12 9 8 6 3 1 2 1 3 1 2 2 2 0 0 1 1 1 0 0 1 1 0 0 1 3 3 4 5 8 9 
2 1 0 1 3 6 18 259 135 10 6 2 7 3 5 3 10 2 3 0 2 3 1 1 0 1 1 0 1 1 0 1 3 1 2 8 6 16 13 6 
4 1 4 4 5 6 30 78 228 16 5 5 6 5 6 4 6 2 2 0 2 0 1 3 2 1 0 1 2 1 0 2 1 5 10 14 12 12 16 5 
0 2 0 4 9 4 6 29 132 14 14 7 8 7 2 3 1 3 2 3 2 0 2 2 0 0 2 0 0 0 0 0 0 7 2 4 10 7 6 10 
6 1 1 6 3 5 4 15 179 50 17 7 6 1 9 2 1 2 2 3 5 0 1 1 2 1 0 1 0 0 0 2 2 5 5 16 17 14 19 10 
2 4 2 2 9 10 15 29 139 136 35 14 10 4 3 7 3 5 5 14 6 3 1 3 0 1 0 1 0 0 0 4 3 5 11 14 24 15 12 6 
1 4 3 2 4 8 18 36 145 238 28 15 10 2 2 1 3 6 4 2 1 1 0 0 0 0 3 1 0 3 3 2 3 2 7 10 12 5 8 9 
3 1 2 2 5 8 3 23 38 71 45 8 14 5 4 0 0 2 2 0 3 3 5 2 1 2 0 1 0 0 1 4 2 7 11 13 37 13 17 13 
4 1 4 3 5 6 21 16 28 70 51 17 10 4 2 4 4 2 2 13 3 4 5 4 1 1 1 2 2 0 4 1 7 6 11 21 23 9 8 3 
2 0 2 0 2 8 6 19 31 62 47 22 12 7 4 3 1 0 2 4 5 1 2 0 1 0 1 0 0 2 1 1 4 9 9 23 16 6 3 4 
0 1 2 2 1 5 4 10 11 29 31 13 9 2 9 3 1 0 2 0 2 5 2 1 0 0 1 1 0 0 1 2 3 9 9 29 51 7 15 4 
2 0 1 2 5 6 6 15 15 34 27 13 11 5 1 6 2 1 1 5 4 3 5 1 2 1 0 0 0 1 3 4 4 6 16 53 28 12 7 3 
1 0 0 4 3 2 12 16 14 44 45 22 12 8 5 3 5 1 2 0 1 2 1 0 4 2 2 0 2 0 1 4 5 6 21 30 19 6 3 7 
2 1 0 1 2 5 3 13 6 19 21 10 6 7 3 4 2 0 0 1 1 1 2 1 0 2 0 0 0 2 0 3 2 10 44 69 34 9 5 1 
3 1 0 1 0 4 9 8 13 12 16 2 4 1 3 0 0 2 3 6 2 5 2 1 2 0 1 0 3 1 2 0 5 15 241 74 17 7 3 5 
0 0 0 0 0 0 1 3 4 8 6 4 5 0 1 2 1 2 2 0 0 2 3 1 1 1 1 3 2 3 5 2 6 11 71 27 8 7 1 0 
0 1 0 0 0 1 1 4 0 9 5 8 8 4 3 0 1 0 1 0 2 1 2 1 2 1 3 2 0 2 1 4 1 31 562 13 9 3 7 1 
2 0 0 0 1 2 3 3 8 13 17 18 10 4 1 0 1 2 3 1 6 1 2 1 0 1 0 2 4 0 1 6 8 59 244 14 5 7 2 3 
0 0 0 0 1 0 3 4 4 6 5 7 1 3 2 1 1 1 1 1 0 0 1 0 1 0 1 1 1 1 1 2 15 214 455 7 4 3 5 1 

4 0 3 3 4 14 6 32 17 2 3 2 2 5 0 22 6 5 1 2 0 0 0 1 0 0 0 0 0 1 0 2 2 1 2 12 6 3 1 1 
5 3 0 2 3 4 9 14 17 13 5 6 1 5 5 12 3 2 3 0 1 2 0 0 0 0 0 1 0 1 0 1 1 0 2 2 4 2 5 8 
6 3 4 5 4 9 9 6 20 10 7 6 10 1 5 3 1 2 4 1 0 0 0 0 1 0 0 0 0 0 1 1 0 1 2 2 4 1 2 7 
2 3 0 3 4 11 5 20 33 12 4 2 3 2 7 4 5 5 2 1 1 0 2 1 0 0 0 1 0 0 0 0 0 0 4 6 4 1 8 3 
6 4 4 1 3 4 9 28 19 9 7 4 4 2 3 9 7 4 4 4 3 1 0 0 1 0 0 0 0 1 0 0 0 1 0 1 1 4 7 6 
2 1 5 1 4 8 10 12 17 11 7 5 2 2 2 2 1 3 2 2 1 0 1 1 0 0 0 0 0 0 0 1 0 0 1 3 1 2 9 6 
1 1 3 3 4 9 8 24 27 9 12 5 4 3 3 4 1 6 2 2 2 1 0 0 0 0 1 1 0 0 0 1 2 0 3 6 2 9 10 6 
5 1 3 2 3 11 18 17 22 7 6 7 3 2 4 1 5 8 4 4 1 2 1 0 2 0 1 0 1 1 0 1 2 2 1 5 5 5 15 4 
0 1 3 1 8 12 9 13 20 11 11 5 3 3 2 2 2 3 1 3 2 0 3 0 1 0 0 1 1 0 0 1 1 0 2 7 5 4 5 11 
3 4 1 5 4 10 8 22 23 23 23 5 7 3 2 1 5 5 6 7 6 4 2 1 3 1 2 0 0 0 1 0 1 1 5 8 7 9 9 3 
6 3 1 4 3 6 5 20 61 75 20 14 9 6 2 3 3 7 8 11 4 5 2 1 1 1 0 1 0 1 1 1 1 0 5 6 9 4 3 3 
6 1 1 7 6 7 22 26 110 324 48 13 15 3 7 4 5 1 2 3 4 4 1 0 1 0 0 0 0 0 1 1 4 5 6 10 4 5 8 6 
2 0 3 4 4 6 6 29 58 489 65 8 16 8 6 2 3 5 4 3 4 1 3 1 0 0 0 0 0 0 0 2 1 3 1 8 11 3 6 5 
3 1 2 4 3 6 11 7 25 197 55 5 3 3 5 4 1 3 5 4 7 2 0 2 1 0 0 0 0 0 1 0 7 1 4 10 4 2 3 7 
4 4 3 5 0 9 12 22 30 163 116 28 16 7 4 3 1 1 1 4 2 2 4 1 2 1 0 2 0 1 0 0 3 3 5 9 13 9 3 7 
2 1 3 2 1 3 14 14 20 154 128 21 20 5 8 6 4 2 0 4 0 6 4 1 0 0 0 0 1 1 1 1 1 2 4 16 16 5 6 3 
3 2 3 1 4 6 11 9 20 49 53 14 6 3 3 3 3 0 1 1 3 4 9 0 1 1 1 0 0 0 1 2 2 1 5 12 12 3 2 3 
1 1 1 1 1 2 5 9 24 46 87 27 16 6 1 1 2 0 3 1 0 2 2 1 2 0 0 0 0 3 1 4 3 8 11 11 15 3 5 7 
0 1 3 2 2 1 2 8 12 43 67 18 17 6 7 1 1 1 6 0 4 2 2 2 1 0 0 0 1 2 0 2 0 9 10 17 15 0 4 7 
1 0 1 2 2 2 10 6 9 14 24 11 5 3 2 1 3 3 1 3 2 4 6 0 1 1 0 1 1 1 0 1 5 9 14 18 9 4 4 9 
0 1 0 1 0 2 0 2 6 9 9 2 3 5 0 0 0 0 0 0 0 1 4 1 1 1 0 0 0 3 1 5 4 7 12 13 6 4 3 2 
1 2 2 2 1 1 3 3 5 11 21 17 6 4 6 2 5 2 1 0 2 3 3 1 1 0 0 1 1 3 0 2 2 9 14 9 6 3 1 3 
3 0 0 0 1 5 6 7 12 15 27 31 6 4 4 4 3 0 5 2 6 7 2 2 2 3 2 1 1 0 2 2 4 10 14 7 3 2 4 1 
0 0 0 1 0 0 3 7 4 6 14 8 5 0 1 1 1 0 0 3 1 0 0 0 2 1 2 0 4 6 8 7 21 37 60 19 13 4 6 12 

2 0 1 1 2 9 10 40 18 7 5 4 2 4 5 26 14 2 7 3 0 1 0 0 0 0 0 0 0 0 0 2 0 1 2 7 5 2 1 3 
4 2 0 6 4 2 23 41 27 22 11 11 4 5 9 17 13 4 3 3 0 1 1 0 0 0 0 0 0 0 0 0 0 1 2 2 0 0 0 0 
4 3 10 5 10 15 37 55 46 23 14 8 6 2 5 9 9 10 7 2 2 0 2 0 0 0 0 0 0 0 1 0 0 0 2 2 0 0 2 1 
3 1 4 1 2 14 12 35 30 11 7 4 6 2 2 7 11 8 4 2 5 0 1 0 0 0 2 0 0 0 0 0 2 0 0 3 2 3 2 0 
3 4 5 1 13 15 22 22 25 13 6 7 2 2 16 13 15 6 6 1 1 0 0 0 0 1 1 0 0 2 0 0 0 2 0 5 2 1 2 4 
3 5 3 5 5 13 28 40 37 21 9 5 6 1 9 6 4 4 6 7 5 2 3 2 0 3 0 0 0 0 1 0 0 1 1 2 0 1 2 4 
2 1 5 1 1 9 6 15 25 12 12 9 5 3 2 6 3 11 12 5 3 3 2 0 1 0 0 0 1 1 0 0 0 1 3 1 1 5 8 3 
4 1 6 2 5 12 18 37 30 10 6 6 5 7 5 6 3 12 10 13 4 4 1 0 3 1 1 0 0 1 1 0 1 3 2 6 1 4 4 2 
0 2 2 3 6 3 18 29 36 19 11 5 7 3 2 2 1 4 4 6 8 2 5 0 2 0 1 0 1 2 0 1 0 4 0 0 3 3 2 2 
3 0 3 4 5 3 12 9 20 23 15 6 6 6 5 3 5 4 3 15 15 4 5 2 3 0 3 0 0 1 1 0 1 1 1 2 4 0 3 3 
3 0 2 1 8 6 8 16 27 21 13 3 2 3 3 2 8 10 13 26 11 5 1 2 3 1 0 0 0 0 1 1 1 2 3 4 5 3 0 6 
1 3 2 4 2 6 6 19 16 13 17 4 6 3 2 5 5 6 7 12 13 4 5 0 0 2 0 0 1 1 0 0 1 6 2 1 0 1 3 2 
0 2 1 3 1 6 4 24 25 38 31 6 8 1 4 2 7 4 3 5 8 6 9 1 0 1 1 1 0 1 0 0 2 1 0 5 8 0 1 6 
1 0 3 4 5 4 13 19 19 25 18 7 3 5 4 5 3 3 13 17 9 7 4 4 1 1 1 0 0 1 0 2 0 0 3 4 1 0 3 4 
3 5 1 0 1 2 9 9 14 36 22 8 5 4 3 2 1 0 1 12 5 1 3 1 1 2 1 1 0 0 0 0 0 0 0 2 3 3 3 2 
4 1 1 3 2 8 4 14 18 66 84 17 13 10 3 4 2 1 2 3 5 4 2 0 1 0 1 3 1 0 0 4 2 1 3 4 9 3 0 5 
2 2 4 2 6 9 20 13 29 60 189 7 13 1 4 3 4 3 2 3 5 14 3 2 1 0 0 0 0 0 2 3 1 2 1 6 3 0 2 1 
1 1 0 4 5 6 5 13 14 47 413 13 8 6 1 2 1 4 4 4 2 8 5 6 3 0 0 0 2 0 1 1 2 1 4 6 7 3 3 0 
2 3 1 4 1 3 5 13 12 78 307 14 15 2 12 1 4 3 3 3 3 7 2 4 1 1 2 0 1 2 0 2 1 3 4 6 15 1 6 0 
1 3 1 4 8 3 11 13 18 43 165 33 6 5 4 1 4 1 10 8 13 9 8 3 1 1 0 0 0 2 1 1 4 9 4 6 2 0 2 1 
1 0 1 5 2 1 4 6 7 31 376 43 11 3 3 3 5 3 3 5 3 3 2 3 1 0 0 1 1 0 3 2 0 3 5 4 3 2 3 2 
3 0 0 2 1 3 5 8 12 34 255 31 18 8 6 2 3 6 1 2 3 2 5 0 4 2 1 0 0 1 1 2 0 4 6 2 6 2 3 4 
0 0 0 1 2 3 2 7 16 56 192 82 18 10 7 0 2 1 5 9 7 15 6 0 5 4 0 1 0 1 1 1 1 3 3 8 3 1 3 1 
0 0 4 2 2 4 11 15 20 47 167 102 16 10 4 1 1 2 2 5 1 5 6 2 4 1 1 2 1 1 1 7 11 18 18 6 5 2 3 1 

0 0 1 3 0 7 10 104 37 2 1 3 1 3 8 99 48 4 1 2 2 0 0 0 0 0 0 0 0 0 0 0 0 0 0 8 2 1 0 4 
5 3 1 0 2 10 28 72 51 21 6 5 4 2 8 33 26 6 6 2 1 3 0 1 2 1 1 1 0 1 0 0 2 0 0 0 0 1 0 4 
1 5 2 4 13 24 71 96 59 25 19 2 3 7 7 15 17 4 1 3 1 3 0 1 0 0 0 1 0 0 1 0 0 0 0 1 3 1 0 7 
1 2 0 2 5 10 13 55 38 7 13 6 2 3 4 16 30 7 6 4 1 1 1 1 1 0 0 0 0 0 0 0 0 2 0 1 2 5 2 2 
4 0 1 1 2 3 24 44 35 10 13 1 1 4 1 13 17 7 4 3 5 2 1 2 1 1 0 0 0 0 0 0 0 0 1 1 2 0 4 3 
3 1 4 3 2 11 27 67 36 8 9 12 1 3 3 4 14 10 11 3 2 0 2 0 0 0 1 0 1 1 0 0 0 0 4 2 4 0 2 2 
1 0 1 1 4 4 5 54 41 7 9 4 5 2 3 1 11 10 18 5 6 3 2 5 1 0 0 0 0 0 0 0 0 0 2 2 1 1 2 2 
6 0 1 1 0 6 21 60 39 13 8 5 3 4 3 3 13 14 23 7 10 2 2 1 6 1 0 2 1 1 0 0 0 0 2 2 4 4 2 4 
4 2 1 4 2 14 33 52 49 21 6 5 3 4 1 2 2 4 4 8 6 5 3 5 0 0 0 2 0 0 0 0 0 1 2 2 4 0 2 4 
0 2 0 3 0 5 10 28 48 13 10 3 2 1 1 1 2 6 8 31 26 4 8 1 1 2 1 1 2 1 0 1 2 1 1 3 4 2 3 3 
5 1 1 1 1 6 9 26 26 13 4 5 1 4 2 1 3 7 20 33 20 6 3 7 3 3 1 3 0 0 0 0 1 2 0 4 4 2 0 4 
2 0 1 2 3 2 11 9 24 12 8 7 4 4 5 4 5 3 7 14 10 4 4 1 1 2 0 0 0 3 1 0 1 1 1 2 3 2 1 2 
2 0 0 3 3 4 10 30 26 8 16 2 4 4 1 5 8 6 10 19 21 10 10 4 4 0 0 1 0 0 0 0 0 1 2 1 6 1 4 3 
1 1 1 0 2 1 7 14 21 13 7 3 3 2 3 3 5 7 9 13 14 6 6 2 2 2 2 2 0 0 0 0 0 0 0 3 1 3 3 4 
1 2 2 4 1 3 5 17 17 9 12 7 8 1 2 2 3 3 7 9 10 4 2 4 2 1 0 1 1 0 0 1 1 0 0 1 2 0 0 3 
3 2 3 2 3 2 8 23 29 17 21 7 17 3 10 4 2 3 1 3 6 9 9 0 0 2 0 1 1 1 1 1 1 1 0 0 4 1 0 3 
4 0 2 5 3 6 14 23 24 22 15 12 4 4 2 1 3 3 2 6 11 15 15 2 4 5 1 0 1 0 2 2 0 2 3 3 3 2 1 0 
3 1 3 1 3 5 5 13 15 20 16 3 10 2 6 2 3 5 1 5 3 4 4 1 2 1 1 0 0 0 1 3 2 2 1 4 2 3 3 3 
2 1 3 3 1 4 5 25 22 33 36 20 16 5 6 4 2 4 7 10 8 12 11 3 7 2 2 0 3 1 0 1 1 1 1 3 6 1 2 0 
2 1 4 3 5 6 12 18 15 12 21 20 5 5 6 5 1 0 2 5 12 11 14 8 2 1 0 0 0 2 0 0 2 3 1 5 5 3 1 2 
2 4 1 2 4 3 5 7 9 29 72 25 6 3 3 5 5 5 2 3 3 8 3 5 0 0 1 0 0 2 2 1 1 2 5 6 3 2 3 4 
1 2 0 2 2 4 2 9 9 37 58 23 27 9 11 6 2 1 2 3 1 11 15 2 5 0 6 0 3 1 2 4 1 4 5 1 5 0 3 0 
3 1 3 4 4 1 4 14 23 34 165 53 25 12 1 1 3 1 4 4 14 12 5 3 3 1 2 1 1 0 0 3 4 6 1 1 1 1 0 0 
1 1 1 3 7 10 8 18 29 57 464 112 38 13 10 5 5 4 4 2 6 4 10 0 2 0 1 0 1 3 2 3 7 5 4 5 2 0 1 0 

0 1 1 1 2 8 15 368 53 5 2 2 1 7 43 630 80 16 6 6 0 1 2 3 0 1 1 0 1 0 0 0 0 1 0 4 3 0 0 1 
1 3 1 3 1 4 46 315 25 11 2 4 1 7 41 352 101 17 14 10 1 3 5 2 0 0 0 0 1 0 0 0 0 1 0 0 1 0 2 0 
0 1 2 0 3 7 14 141 23 11 6 2 4 7 19 246 216 27 20 12 5 1 3 2 2 1 1 0 0 0 0 0 0 1 0 0 0 1 2 1 
0 0 1 2 2 12 6 153 38 7 14 2 4 2 7 40 410 19 15 1 8 3 2 0 3 0 1 0 2 0 1 2 1 1 0 2 0 2 1 0 
1 1 2 2 1 4 37 322 40 11 5 4 2 6 9 34 227 30 18 6 4 4 2 2 2 2 1 3 0 0 0 0 1 0 0 2 3 0 1 0 
2 2 0 0 7 7 8 165 24 12 4 5 4 6 12 5 77 245 34 8 7 4 3 3 2 1 0 0 0 0 1 0 1 0 1 0 1 0 1 6 
0 2 1 0 1 3 5 309 64 9 10 2 5 5 8 11 27 192 81 16 8 2 2 1 2 2 1 0 0 0 0 1 1 0 0 3 2 2 3 3 
3 2 2 0 5 10 28 451 64 8 6 2 3 5 11 6 13 64 170 22 8 6 4 4 3 1 2 0 0 1 0 1 0 0 0 1 1 2 2 1 
1 1 1 4 5 3 15 232 32 11 7 5 2 6 7 7 9 22 159 62 18 5 4 3 2 0 0 2 1 0 0 0 0 0 0 2 0 1 0 1 
2 1 0 1 1 12 12 219 86 7 13 5 7 2 7 6 6 13 73 90 43 8 9 4 4 0 3 0 1 0 0 0 0 3 1 2 3 0 0 0 
7 1 4 5 4 13 29 290 95 12 3 6 5 2 5 6 9 16 59 280 112 17 10 5 6 2 3 1 0 1 0 0 0 0 1 3 0 2 2 1 
4 1 2 6 7 10 14 425 96 22 5 11 4 7 5 4 14 21 27 565 244 40 15 5 9 0 1 1 3 2 0 1 0 0 1 0 3 1 1 1 
1 1 0 4 1 10 7 177 170 16 8 6 7 3 3 9 4 9 10 62 498 29 11 8 7 2 1 3 0 3 1 0 0 0 0 2 3 0 1 3 
4 2 3 2 6 8 26 78 72 11 10 1 1 4 1 1 10 11 29 52 258 31 11 7 2 4 1 0 1 0 2 2 1 3 1 0 0 2 0 2 
3 1 2 3 3 3 12 65 132 16 8 6 5 2 1 4 6 5 7 19 160 38 12 7 3 0 3 0 0 1 0 0 1 1 1 1 2 2 0 0 
2 3 2 4 8 8 11 74 131 19 17 15 9 3 9 4 4 5 7 10 102 39 22 1 5 3 2 0 0 0 0 0 3 3 1 2 2 2 3 1 
4 3 5 2 8 12 34 127 320 60 15 8 5 3 4 1 7 4 9 18 82 99 27 5 5 4 5 0 2 1 0 0 1 1 0 0 2 1 1 1 
6 3 2 5 7 13 29 114 271 58 23 11 6 14 2 7 2 3 4 16 108 172 24 20 8 1 0 4 1 2 1 1 1 2 2 0 0 2 1 1 
4 2 1 5 5 9 13 61 92 24 23 18 13 5 5 3 5 5 4 10 21 52 27 8 9 3 2 2 0 0 0 0 3 2 4 2 3 2 3 3 
3 3 2 1 12 7 9 52 94 42 17 8 7 4 3 2 2 5 11 16 46 72 28 7 6 2 1 0 1 1 0 0 1 1 0 3 1 0 0 1 
3 2 0 4 3 2 13 27 77 37 17 9 6 4 2 3 1 4 7 10 29 62 23 13 7 0 2 1 2 0 1 0 1 1 6 1 1 4 2 1 
2 1 1 4 2 4 8 29 29 33 17 19 19 10 7 4 3 5 6 11 9 45 39 5 11 3 3 1 2 0 0 1 0 2 3 3 1 1 3 0 
4 2 3 2 4 8 9 24 59 69 39 23 6 5 4 5 2 1 10 16 22 68 28 6 10 3 1 0 0 1 2 2 3 2 2 0 1 0 0 1 
2 2 1 1 7 3 17 21 64 67 55 51 19 10 6 5 5 5 10 17 36 79 40 13 5 7 7 2 1 2 3 7 2 3 2 4 4 0 3 4 

0 1 0 1 1 5 4 63 26 4 4 8 4 7 10 124 61 11 14 6 1 1 1 1 2 0 0 0 0 1 0 2 0 0 0 2 2 0 0 0 
5 1 0 0 4 0 7 15 21 3 9 4 2 10 13 33 51 9 20 10 7 6 3 0 2 3 1 3 0 1 1 0 0 0 1 0 1 1 2 2 
2 1 0 5 1 6 14 23 14 8 2 2 7 10 18 23 33 13 18 5 7 2 2 1 4 0 0 0 0 0 0 0 1 0 2 0 0 0 3 1 
2 1 0 2 1 7 3 21 11 6 5 3 4 10 5 22 80 14 8 7 3 1 3 1 1 1 0 0 0 0 1 0 0 0 1 0 2 1 1 0 
0 1 1 1 5 3 5 20 12 8 7 1 6 2 5 17 58 22 22 9 10 3 5 5 2 2 2 1 0 0 1 1 0 0 0 1 0 1 1 1 
3 4 2 3 6 8 14 20 22 7 5 7 9 7 10 14 35 42 25 8 8 5 1 2 7 0 2 3 0 3 0 0 0 0 0 0 0 1 0 3 
2 0 1 2 2 6 10 18 27 8 10 3 6 6 4 2 13 65 46 10 10 4 7 0 0 2 3 0 0 0 0 1 0 0 0 0 0 0 3 1 
3 0 1 1 1 3 13 18 16 10 5 5 4 2 3 4 10 18 73 11 15 6 3 3 3 1 1 3 1 0 0 0 0 0 0 1 1 0 1 1 
4 2 6 4 7 8 13 33 20 16 9 4 7 3 4 13 10 20 55 22 12 3 7 6 6 2 5 0 2 1 1 0 0 0 1 1 2 0 1 1 
2 0 1 3 4 9 5 21 36 11 14 11 5 3 7 3 9 12 33 54 42 9 7 2 7 2 1 0 2 0 0 0 1 1 0 5 2 1 0 0 
0 3 2 4 5 4 9 18 15 12 9 5 1 3 3 6 4 9 10 57 64 22 14 7 5 5 0 1 0 1 0 0 1 2 0 1 6 0 0 1 
8 1 8 3 8 12 19 45 39 15 13 7 6 10 11 10 12 20 36 83 78 27 17 6 4 7 6 2 0 1 1 2 0 1 2 0 1 2 1 1 
1 1 5 2 5 6 17 38 45 19 14 4 8 5 3 4 6 14 15 56 85 17 18 6 6 3 3 0 2 0 1 0 1 1 1 2 1 0 2 0 
2 0 1 4 10 0 14 28 20 11 5 4 0 2 3 1 5 9 12 28 47 13 7 7 2 3 1 1 1 0 0 0 1 1 0 2 1 1 1 1 
2 5 7 5 4 5 9 22 31 20 5 13 8 4 5 3 7 7 7 12 28 13 7 4 5 0 3 2 3 2 1 0 0 0 0 1 2 0 0 2 
0 1 1 1 2 7 13 31 67 17 16 7 11 6 6 2 4 7 8 20 27 19 19 1 1 2 4 3 4 0 1 0 0 0 2 1 3 0 2 2 
5 5 2 3 1 9 22 59 189 27 9 6 4 5 3 7 3 4 4 3 31 44 17 4 3 0 1 3 2 0 2 0 1 1 1 3 0 1 1 0 
4 7 3 6 10 13 27 86 241 42 23 9 8 9 2 1 5 7 9 20 64 167 21 5 7 2 2 2 1 1 1 0 0 0 0 2 0 1 0 1 
2 2 2 1 6 20 12 77 361 38 28 7 8 2 10 5 5 8 6 14 27 95 38 3 5 4 6 1 6 2 0 0 1 1 1 0 2 0 2 2 
3 0 1 4 5 4 15 33 118 19 10 5 3 5 1 1 3 2 2 8 27 109 20 4 4 3 0 0 0 0 3 2 1 2 4 3 2 0 2 1 
6 5 5 2 10 9 16 33 198 42 12 9 7 2 7 3 6 7 7 14 24 162 35 18 4 2 3 0 1 0 0 1 1 3 2 1 1 1 2 1 
1 3 2 5 4 6 5 30 157 43 22 7 12 4 9 3 4 6 0 7 22 270 72 12 8 0 4 1 0 1 1 0 1 1 0 1 1 1 4 0 
2 2 3 3 1 6 9 20 306 70 20 20 4 8 3 2 2 3 3 10 40 272 37 10 2 1 2 2 2 1 2 2 2 1 2 4 1 1 0 1 
4 3 4 6 7 8 31 49 303 144 54 22 11 11 13 4 8 16 26 32 87 555 85 41 13 4 4 2 3 5 1 4 6 1 2 1 1 2 3 0 

1 0 1 0 0 6 1 28 20 1 2 2 3 8 4 42 30 7 3 0 2 1 1 0 0 0 0 0 0 0 0 0 0 1 1 0 1 0 0 1 
0 0 0 0 1 1 3 3 11 3 1 2 2 3 1 10 10 4 4 5 1 3 2 0 0 1 1 0 0 0 0 0 0 0 0 0 1 1 0 0 
0 0 1 0 1 3 2 4 1 2 2 4 3 2 6 3 4 3 1 2 3 1 1 0 0 0 0 0 0 0 0 0 0 0 2 0 0 0 1 0 
2 0 0 2 1 2 1 8 9 3 5 4 5 5 6 6 14 11 9 2 4 2 1 0 3 0 0 1 0 0 0 0 0 1 0 0 0 0 0 0 
0 0 3 1 3 4 5 4 14 6 6 1 2 2 3 11 9 7 2 3 1 1 0 0 0 0 0 0 0 0 0 0 0 0 0 2 1 0 0 0 
1 0 0 1 1 6 3 2 2 3 2 6 1 3 2 4 5 5 6 5 3 1 0 2 1 1 0 0 1 0 1 0 0 0 2 2 1 1 0 1 
1 1 1 1 1 5 2 9 16 2 6 2 1 3 4 6 8 10 18 10 2 3 2 1 4 0 1 0 1 0 0 0 0 0 0 0 1 0 1 0 
2 2 0 3 0 2 9 8 11 7 5 5 2 5 2 8 13 6 12 8 6 1 1 2 1 0 0 0 0 0 0 0 0 0 0 1 0 1 2 0 
1 1 2 1 1 1 3 6 9 3 1 1 1 2 2 2 1 5 7 7 10 3 2 3 0 2 0 0 0 0 0 0 0 0 1 0 0 0 0 0 
0 0 3 5 1 6 3 6 10 5 9 1 2 4 1 0 4 13 11 14 14 1 1 0 1 0 3 0 0 0 1 0 0 0 0 0 0 0 0 1 
2 2 2 2 4 7 5 9 6 6 1 2 5 1 3 6 10 7 9 22 16 6 5 3 3 2 0 2 0 0 1 0 1 1 1 0 1 0 0 2 
1 0 1 0 1 3 4 8 12 6 6 2 0 3 2 3 2 1 6 10 11 8 6 2 1 1 0 0 0 0 0 1 0 0 1 0 0 0 1 0 
0 1 1 1 1 2 5 15 8 10 8 1 3 0 2 5 1 4 6 13 18 6 14 5 7 1 2 0 1 0 0 0 0 0 0 0 0 0 1 1 
1 1 2 0 1 6 4 6 5 8 2 3 1 2 1 8 1 8 4 11 8 5 2 0 0 1 0 0 1 0 1 0 1 0 0 1 2 0 1 1 
1 1 0 0 1 5 6 7 7 7 4 3 5 5 2 3 1 3 5 9 6 7 0 2 6 0 2 2 1 3 0 0 0 0 0 1 1 0 1 1 
1 3 1 1 0 11 8 13 10 6 13 4 7 2 3 2 6 6 3 9 9 14 7 2 3 1 3 1 0 0 0 0 0 0 1 0 2 0 0 0 
3 0 2 0 6 3 13 17 25 12 6 7 3 5 3 0 2 3 5 13 7 7 8 1 1 0 0 0 1 0 1 2 0 1 1 1 1 1 0 0 
4 2 1 2 3 2 5 15 21 8 9 6 2 0 0 1 3 3 3 8 7 7 8 1 4 1 1 0 0 0 0 0 2 1 0 0 2 1 1 0 
1 3 1 6 4 10 9 30 33 18 19 6 8 3 2 0 2 0 5 14 7 11 22 5 4 6 2 0 2 0 0 0 0 0 0 1 0 1 0 1 
0 1 0 5 1 2 11 12 14 12 3 2 0 3 3 0 0 4 5 12 10 12 11 2 4 2 5 0 0 0 0 1 0 0 1 2 1 1 0 1 
3 0 1 1 0 4 2 20 13 18 5 2 1 2 3 4 2 1 1 9 9 12 11 3 0 2 2 1 2 1 0 1 2 1 0 0 1 4 0 0 
2 1 0 1 0 6 6 22 20 17 28 3 10 2 2 2 0 0 1 10 6 26 28 7 5 2 3 1 1 1 0 0 0 1 0 0 1 0 1 0 
2 0 2 0 0 4 3 13 36 43 13 8 2 2 0 1 1 3 4 11 13 27 9 5 6 0 2 0 1 0 0 1 2 0 0 0 0 0 0 1 
2 0 3 3 1 4 10 26 81 40 13 11 6 6 1 3 0 6 10 15 23 57 28 10 6 4 3 1 1 1 0 4 1 2 4 2 6 2 1 0 

0 0 0 0 0 2 0 15 4 1 0 2 3 5 1 22 5 4 4 1 0 0 1 0 0 0 0 0 1 0 0 1 0 1 0 0 1 0 0 0 
0 0 2 0 0 1 1 3 5 1 3 1 1 1 5 1 1 3 5 3 2 5 3 0 2 0 1 0 0 1 0 0 0 0 0 0 1 0 0 1 
0 2 1 0 1 0 4 5 4 4 2 3 4 1 3 2 6 2 4 0 2 0 0 0 1 1 1 0 0 1 1 0 0 0 0 1 1 0 0 1 
0 0 0 0 0 1 3 1 5 1 0 4 1 0 2 5 2 1 3 1 1 0 1 0 1 0 0 0 1 0 0 0 0 0 0 0 0 0 0 0 
0 1 0 0 0 1 2 10 1 4 1 2 2 2 5 3 7 1 0 0 1 0 0 1 0 1 1 0 0 0 0 0 0 1 0 1 0 0 0 1 
1 0 3 1 1 2 3 3 6 5 2 3 3 1 3 4 3 4 3 7 3 2 1 0 1 0 0 0 0 1 0 0 0 0 0 0 1 1 0 1 
0 0 0 0 1 2 2 4 4 1 4 1 2 1 2 4 3 7 6 6 3 0 0 1 1 0 0 0 0 0 0 0 0 0 0 0 1 1 0 0 
1 0 0 3 1 2 5 4 3 5 1 0 0 4 4 1 2 7 4 1 3 1 1 1 3 1 0 0 0 0 0 0 0 0 0 0 0 0 0 0 
4 3 2 4 0 6 2 8 8 5 4 2 1 2 5 3 4 2 4 2 9 2 6 0 1 0 2 1 2 0 0 0 0 0 0 1 2 1 0 0 
0 0 2 1 0 0 0 3 4 2 4 0 2 0 2 2 3 3 2 5 10 3 0 0 0 1 2 1 0 0 1 0 0 2 0 2 0 0 2 0 
3 0 1 1 0 2 2 5 6 4 1 0 1 1 2 5 5 0 8 8 4 1 1 0 2 1 0 2 0 1 1 0 0 1 0 0 1 0 0 0 
1 0 0 2 4 3 3 3 5 3 0 1 4 2 2 1 0 3 8 7 6 5 3 1 2 0 1 0 0 1 1 0 0 0 0 1 2 0 1 2 
0 1 2 3 1 5 3 5 6 3 3 2 4 4 3 5 4 3 4 1 8 2 3 1 1 1 1 0 0 0 0 0 1 0 0 2 0 0 0 1 
0 0 0 1 5 1 4 6 2 3 4 1 0 2 0 2 1 5 2 4 4 2 2 4 0 0 1 1 0 0 0 0 0 1 0 0 0 0 0 1 
3 0 1 1 1 0 4 7 6 4 3 5 3 4 5 3 4 2 5 6 4 0 5 4 0 0 0 2 0 0 0 0 2 1 0 1 0 1 1 0 
1 1 0 0 1 5 4 4 5 5 10 1 6 1 3 3 3 1 2 4 2 6 2 3 2 1 1 1 1 2 0 0 1 0 0 0 1 0 0 1 
4 1 1 2 1 2 9 3 6 8 6 2 2 2 1 3 1 1 0 5 3 3 4 4 2 1 1 0 0 0 0 0 0 0 0 0 2 1 1 0 
0 2 1 0 1 4 0 6 11 1 5 1 2 4 3 2 2 3 1 5 1 1 3 2 6 2 1 1 0 1 0 0 0 0 0 0 1 1 0 0 
0 0 1 2 0 2 7 6 11 3 10 3 3 1 0 4 2 0 5 4 4 5 5 1 4 1 1 0 1 2 1 0 0 1 1 0 1 1 0 0 
1 0 0 0 2 1 5 5 11 6 6 0 1 1 0 0 0 0 2 4 4 7 4 2 3 0 0 0 3 0 0 1 1 0 1 0 0 0 0 0 
4 1 1 0 3 4 5 9 5 6 4 4 2 0 2 1 1 5 2 4 3 4 8 3 1 3 1 0 1 0 0 0 1 2 0 1 1 0 1 3 
0 1 1 3 2 0 3 6 4 5 3 2 4 3 6 1 3 3 2 7 3 3 5 1 2 1 1 0 1 1 1 2 1 0 1 0 0 0 0 0 
0 1 1 2 1 2 4 5 15 19 8 3 2 0 1 2 1 2 4 1 12 7 5 1 1 0 1 0 1 1 1 0 0 2 0 0 0 1 0 0 
0 2 1 6 4 7 1 9 13 13 6 7 2 0 6 1 1 3 5 2 5 18 10 5 1 0 1 0 1 2 0 0 0 1 0 1 2 0 0 0 

0 0 0 1 0 2 1 5 5 4 2 1 2 4 1 7 4 1 2 1 0 0 0 0 0 0 0 0 0 0 0 0 0 0 0 0 1 0 0 0 
2 0 1 0 0 0 0 0 3 0 0 2 0 0 1 1 1 2 3 3 1 1 0 0 0 0 0 0 0 0 0 0 0 0 0 0 0 0 0 0 
0 0 1 0 0 0 1 2 1 1 0 1 0 0 2 1 0 3 2 2 0 0 1 0 1 0 0 0 0 0 0 0 0 0 0 0 1 0 0 0 
0 0 0 0 2 2 1 3 1 0 0 1 0 2 0 2 3 3 2 0 1 0 0 1 2 0 0 1 0 0 0 0 0 0 0 0 0 0 0 0 
2 0 1 0 1 0 0 2 0 0 2 0 1 0 3 2 3 1 2 0 2 0 2 1 1 0 0 0 0 0 0 0 0 0 0 1 0 1 0 0 
0 0 0 1 0 2 2 4 1 0 2 2 1 0 2 0 1 2 2 1 1 0 0 0 0 0 0 0 0 0 0 0 0 1 0 0 0 0 1 0 
1 1 0 1 0 0 1 1 5 1 2 1 1 2 4 2 2 3 5 0 2 0 1 1 2 0 0 0 0 1 0 0 0 0 0 0 0 0 0 0 
1 0 0 0 1 0 0 2 2 1 0 1 0 2 0 0 0 2 5 1 3 0 2 0 0 0 0 1 0 0 0 1 1 0 0 0 1 0 0 0 
0 0 1 0 0 2 1 1 4 1 1 0 2 0 4 3 4 3 1 3 3 1 1 0 1 0 1 0 0 0 0 0 0 0 0 0 1 0 0 0 
1 0 0 0 1 1 1 2 4 1 1 4 4 0 2 0 2 0 4 2 5 2 0 0 0 2 1 0 0 0 0 0 0 1 1 1 2 0 2 0 
0 0 1 1 2 0 3 1 6 0 0 0 2 0 0 0 2 3 4 3 6 1 3 2 0 0 0 0 0 0 1 0 0 1 0 2 0 0 0 0 
1 0 0 0 1 1 0 2 4 2 2 0 0 3 1 0 0 3 1 2 3 3 2 0 1 0 2 0 2 0 0 0 0 0 0 1 2 0 1 0 
1 0 0 2 1 2 0 3 6 1 2 1 5 1 0 0 1 4 2 5 7 3 2 2 0 1 0 0 0 0 0 0 0 1 0 0 1 1 0 0 
1 1 0 1 1 1 0 2 5 0 0 2 1 2 0 2 0 4 3 2 2 1 2 1 0 0 1 1 0 0 1 0 0 1 0 0 0 0 0 0 
1 0 0 0 1 3 0 4 7 1 0 3 2 2 1 3 1 2 4 4 3 0 2 0 0 1 0 0 0 0 1 2 0 1 0 0 0 0 0 0 
0 2 1 0 1 0 3 4 3 2 4 2 1 2 3 2 1 3 2 5 2 1 2 0 3 3 1 1 0 0 0 0 0 0 1 0 0 1 0 0 
1 1 0 0 2 2 6 3 3 0 0 2 2 0 2 3 1 0 1 2 3 1 2 2 0 0 0 1 1 1 0 0 0 0 1 3 1 0 0 0 
0 1 0 0 3 3 0 5 1 2 2 0 0 1 1 2 0 2 0 1 2 2 6 0 0 2 0 0 0 0 1 0 0 0 0 0 2 0 1 2 
1 1 0 1 1 1 3 1 3 2 2 4 2 1 1 1 1 3 2 1 1 5 5 3 1 0 1 1 2 0 0 1 0 0 1 1 1 0 0 0 
0 2 1 0 1 1 1 3 4 6 2 0 0 1 0 1 2 2 1 4 4 3 0 1 0 1 1 1 0 0 0 0 0 0 0 2 0 0 0 0 
0 1 1 2 1 2 2 10 4 1 2 5 4 0 2 0 1 1 1 3 1 4 5 0 2 0 1 0 0 0 1 1 0 0 0 2 1 2 0 0 
0 0 0 1 0 3 2 4 3 2 0 4 5 4 2 1 1 2 2 2 1 2 7 6 3 1 1 0 0 0 1 0 0 0 0 0 0 0 0 0 
2 1 0 0 1 2 2 3 5 8 3 1 2 1 1 0 0 1 2 4 4 2 2 2 2 1 0 0 0 0 0 0 1 0 0 0 0 0 0 0 
0 1 1 0 2 1 2 12 11 9 9 8 0 9 6 2 4 2 3 6 9 9 3 6 3 1 2 1 2 0 0 0 0 1 0 1 2 1 0 0 

0 0 0 0 0 4 0 3 3 1 0 0 1 2 2 4 4 1 0 1 1 1 0 1 0 0 0 0 0 0 0 0 0 0 0 0 1 0 0 0 
0 0 0 0 0 0 1 1 1 0 1 0 0 0 1 1 3 4 0 1 0 0 0 0 0 1 0 0 1 0 0 0 0 0 0 0 1 1 0 0 
1 0 0 0 0 0 1 1 2 2 1 0 0 2 1 0 3 1 1 2 0 2 0 0 0 0 0 0 0 0 0 0 0 0 0 0 1 0 1 0 
0 0 0 0 0 0 0 1 1 1 1 0 1 1 0 1 3 3 1 1 0 0 1 0 0 0 1 0 0 0 0 0 0 0 0 0 0 0 0 0 
1 0 0 1 0 0 0 1 1 2 1 0 0 1 0 1 4 1 2 0 0 0 2 0 0 0 0 0 0 0 0 0 0 0 0 0 1 0 0 1 
0 0 1 1 0 2 2 0 1 2 0 0 0 0 1 1 1 0 0 3 1 0 2 0 0 1 1 0 1 0 0 0 0 0 0 0 0 0 0 1 
1 0 0 0 1 0 0 0 1 0 1 2 1 0 1 0 3 0 2 1 1 0 1 0 1 1 0 0 0 0 0 0 0 0 0 0 1 0 1 0 
0 0 0 0 0 1 2 0 3 0 0 1 1 2 1 3 2 3 1 0 0 1 2 0 1 0 0 0 1 0 0 0 0 0 0 1 1 0 0 0 
0 1 0 0 0 1 0 3 2 1 2 1 2 0 0 0 1 1 2 2 0 1 0 0 2 1 0 1 0 0 1 0 1 0 0 1 3 0 1 2 
1 1 0 2 0 2 0 0 0 1 1 1 2 0 0 2 0 1 3 6 4 2 1 1 2 0 2 1 0 0 1 0 0 0 0 2 0 0 0 1 
0 1 0 1 1 2 3 3 5 1 3 0 1 1 0 2 3 4 3 4 4 1 1 2 0 0 0 0 0 1 0 0 0 0 0 1 0 0 1 0 
0 0 0 0 1 1 1 2 2 1 3 2 1 1 0 0 0 2 1 2 2 1 2 0 1 0 1 0 0 0 0 0 1 0 0 0 0 0 0 0 
0 1 1 0 0 0 0 1 0 3 1 2 1 1 1 0 0 1 0 0 3 3 4 2 1 0 0 0 1 0 0 0 0 0 0 0 3 0 0 0 
0 0 0 0 1 0 0 0 4 1 0 0 1 1 1 0 1 3 1 3 3 1 0 1 1 0 0 0 0 0 1 0 2 0 0 1 1 0 0 0 
3 0 0 0 1 1 1 3 4 0 1 1 2 0 0 1 0 1 1 5 4 3 1 2 2 1 0 1 0 0 0 0 0 0 0 0 0 1 0 0 
1 1 2 0 2 1 5 0 4 2 2 2 3 3 2 2 0 1 0 0 1 1 0 1 1 0 1 0 0 0 0 0 0 1 1 0 0 1 0 0 
0 1 1 0 1 2 4 4 0 2 1 1 0 3 1 2 2 4 2 3 3 2 4 0 1 1 0 1 0 0 0 1 0 1 1 0 1 0 0 0 
2 1 0 0 1 1 2 6 1 0 3 1 3 2 1 1 2 1 1 0 5 1 3 2 1 0 1 0 1 1 2 0 0 0 1 0 0 1 0 0 
0 1 2 0 0 3 1 3 0 1 3 0 2 0 1 0 2 2 1 1 3 0 7 0 0 0 0 0 0 0 0 0 0 0 0 0 0 0 0 0 
0 0 1 0 0 1 5 5 3 1 0 0 0 2 0 2 0 1 3 4 4 1 1 2 1 0 1 0 0 0 0 1 1 0 0 0 0 1 0 0 
0 1 0 0 0 0 2 1 0 1 1 5 0 0 0 2 0 1 1 2 1 0 2 1 2 0 0 0 1 0 0 0 0 0 0 0 1 0 0 0 
0 0 0 1 0 1 1 5 0 2 4 1 3 3 0 2 0 1 0 0 2 1 2 2 2 0 2 0 1 0 1 0 0 0 0 0 0 2 0 0 
1 1 0 0 1 3 1 6 5 6 6 3 3 1 3 1 0 2 1 3 0 2 3 0 1 0 0 1 0 0 0 0 1 0 1 0 0 0 0 0 
0 0 0 0 0 1 1 4 5 6 3 2 1 1 3 2 3 2 2 3 2 4 2 3 1 2 0 1 0 0 0 0 0 1 1 1 1 0 0 0 

0 0 0 0 0 1 0 0 1 0 1 1 0 3 1 5 6 4 0 0 0 3 1 0 0 0 0 0 0 0 0 0 0 0 0 1 1 0 0 1 
0 0 1 0 0 0 1 0 0 0 0 0 0 0 2 1 1 1 2 1 1 0 0 0 0 0 0 0 0 0 0 0 0 0 0 0 0 0 0 0 
0 0 0 0 0 0 0 0 0 3 0 0 0 1 1 0 1 2 1 2 0 1 0 0 0 0 0 1 0 0 0 0 0 0 0 0 1 1 1 0 
0 0 0 0 0 1 0 0 2 0 1 1 1 1 0 1 0 0 5 4 2 1 0 0 0 1 0 0 0 0 0 0 0 0 0 1 0 0 0 0 
2 0 0 0 0 0 1 1 1 0 1 0 0 0 3 0 2 1 0 2 0 0 0 0 0 0 0 0 1 0 0 0 0 1 0 0 0 0 0 2 
0 0 1 0 0 0 0 1 1 2 1 0 1 0 0 0 1 1 2 2 0 0 0 0 0 0 0 0 0 0 0 0 0 0 0 1 0 0 0 0 
2 0 0 0 0 1 0 1 1 0 1 0 0 0 0 1 1 1 3 0 0 0 0 0 1 0 0 0 0 0 0 0 0 1 0 0 0 0 0 0 
1 0 0 1 1 0 1 0 0 0 1 0 1 2 0 0 2 4 1 3 2 0 0 1 0 0 0 0 0 0 1 0 0 0 0 0 0 0 0 0 
0 1 0 1 1 1 0 0 0 0 1 1 0 0 0 0 1 3 2 3 2 2 2 1 1 0 0 0 0 0 0 0 0 1 0 0 0 0 0 0 
0 0 0 0 0 0 1 2 1 0 1 2 0 0 0 1 3 2 1 2 1 4 2 1 0 0 0 0 0 0 0 0 0 0 0 0 0 0 0 0 
1 0 0 1 0 1 0 2 1 0 0 0 2 0 0 0 2 0 4 5 1 2 1 0 0 0 0 0 0 0 1 0 0 0 0 0 0 0 0 0 
1 0 0 1 0 0 0 1 2 0 1 1 1 1 1 4 2 2 3 1 3 1 1 0 0 0 0 0 0 0 0 0 0 1 0 0 0 0 0 0 
0 0 0 1 1 0 0 1 1 0 0 0 0 0 0 2 0 2 0 1 0 1 6 0 0 0 1 0 1 0 0 0 0 0 0 1 0 0 0 0 
0 0 0 0 0 0 4 0 1 0 1 2 1 0 2 1 2 1 5 5 4 4 1 1 0 0 1 0 0 0 0 0 0 0 0 0 0 0 1 0 
1 0 3 0 1 0 0 4 1 1 1 3 0 0 0 0 2 3 1 3 2 1 3 1 1 1 0 1 0 0 0 0 0 0 0 0 1 0 0 0 
1 2 0 1 1 1 1 1 5 3 2 1 4 2 0 3 0 1 2 1 3 2 2 0 0 1 1 2 0 0 0 0 0 0 0 0 0 0 0 0 
0 0 0 1 0 0 0 0 3 1 2 0 1 0 1 0 1 1 2 3 0 1 0 1 0 0 1 0 0 0 0 0 0 0 0 0 1 0 0 0 
0 1 0 0 0 0 1 1 1 1 1 2 1 0 0 0 0 1 0 1 0 1 0 0 1 1 0 0 0 0 0 0 0 0 0 0 0 0 0 0 
0 0 1 0 0 2 2 2 3 0 0 1 2 1 0 0 1 1 0 1 1 0 1 3 1 1 0 0 0 0 0 1 0 0 0 0 0 0 0 0 
0 0 0 0 0 1 2 3 0 0 1 0 2 1 2 0 0 4 3 3 2 1 1 1 0 0 0 0 0 0 0 0 0 0 0 0 0 0 0 0 
0 0 1 0 0 0 2 2 3 3 1 1 1 0 1 2 0 0 1 3 2 1 1 0 0 0 0 0 0 0 0 2 0 0 0 0 1 0 0 0 
0 0 1 1 3 1 2 2 0 2 2 2 1 0 2 2 3 0 0 1 2 2 2 1 1 1 0 0 0 0 0 0 0 0 0 0 0 1 0 0 
0 0 3 0 0 0 1 0 2 0 3 1 1 0 0 0 1 2 1 1 3 3 1 3 0 0 0 0 0 0 0 0 0 0 0 0 0 0 0 0 
0 1 2 3 1 3 4 6 3 5 3 5 2 3 2 4 1 0 1 3 4 1 3 2 4 1 1 0 0 1 0 0 0 1 0 0 0 0 0 0 

0 0 0 0 0 0 0 0 1 1 0 1 0 1 0 2 1 3 2 0 0 1 0 3 0 0 0 0 0 0 0 0 0 0 0 0 0 0 0 0 
0 0 0 0 0 0 0 0 0 0 0 0 0 1 0 1 1 4 2 3 1 1 0 0 0 0 0 0 0 0 0 0 0 0 0 0 0 0 0 1 
0 0 0 0 0 0 0 2 1 0 2 1 1 0 0 0 0 0 2 3 1 0 0 0 1 1 0 0 0 0 0 0 0 0 0 0 0 0 0 0 
0 0 0 0 0 1 0 0 0 1 0 1 0 2 0 1 3 1 1 0 2 1 0 0 0 0 0 0 0 0 0 0 0 0 0 0 0 0 0 0 
0 1 0 0 0 1 0 0 1 0 0 0 1 0 0 1 1 3 2 1 0 1 0 1 0 1 0 0 0 0 0 0 0 0 0 0 0 0 0 0 
0 0 0 0 0 1 2 0 0 2 1 0 1 1 2 2 1 1 1 0 1 1 0 0 0 0 1 0 0 0 0 0 0 0 0 0 0 0 0 0 
3 0 0 0 0 1 1 1 0 1 0 1 1 0 1 0 2 2 3 1 2 0 1 0 0 0 0 0 1 0 0 0 0 0 0 0 0 0 1 0 
0 0 0 0 0 0 1 0 1 0 0 2 2 0 1 2 1 6 0 2 2 0 2 1 0 1 0 0 0 0 0 0 0 1 0 0 0 0 0 0 
0 0 0 0 1 0 0 1 1 0 1 1 0 0 1 1 0 1 1 0 0 0 1 0 1 0 0 0 0 0 0 0 0 0 0 0 0 0 0 0 
0 0 0 0 0 1 0 1 1 1 0 0 0 1 0 1 0 0 0 4 3 1 0 0 1 0 1 1 0 0 0 0 0 1 0 0 0 0 1 0 
0 0 0 0 0 0 0 1 2 0 0 0 0 0 0 1 0 2 3 3 0 1 2 0 0 1 1 1 0 0 1 0 0 0 1 0 0 0 0 0 
0 0 0 1 0 1 1 2 1 0 1 1 1 0 0 3 1 2 1 0 3 0 1 0 1 1 0 0 0 0 0 0 0 0 0 0 0 0 0 0 
0 0 0 0 0 1 0 1 2 0 0 1 0 0 0 3 0 1 2 0 1 1 0 1 0 0 0 0 0 0 0 0 0 0 0 0 0 0 0 1 
0 0 0 0 0 1 1 2 1 1 0 0 1 1 3 1 1 5 2 2 1 2 0 0 1 0 0 0 0 0 0 1 0 0 1 0 0 0 1 0 
1 0 0 0 1 0 1 1 2 1 0 0 2 1 1 0 0 0 0 0 4 0 0 2 0 0 0 0 0 1 0 0 0 0 0 0 1 1 0 0 
1 3 0 0 1 1 0 1 0 0 0 0 2 0 1 1 0 3 0 0 3 1 1 1 1 0 0 0 0 0 0 0 0 0 0 0 0 0 0 0 
0 1 0 1 1 2 1 0 5 0 1 0 0 0 1 1 2 1 1 3 2 1 0 1 0 0 0 0 0 0 0 0 0 0 1 0 1 0 0 0 
1 0 0 0 0 1 1 1 0 2 1 2 0 2 0 0 1 1 0 0 0 1 0 0 0 0 1 0 0 0 0 0 0 0 0 0 0 0 0 0 
0 1 1 0 1 0 0 0 1 0 0 1 0 1 1 1 0 0 2 0 3 2 0 0 2 1 0 0 1 0 0 0 0 0 0 0 0 0 0 0 
1 0 1 0 1 2 0 1 0 1 0 3 1 0 2 3 0 2 0 4 2 4 0 0 0 0 0 0 0 0 0 0 0 0 0 1 0 0 0 0 
0 0 0 0 0 1 0 1 1 0 0 3 0 1 1 0 4 0 0 1 0 3 2 0 1 0 0 0 0 0 0 0 0 0 0 0 0 0 0 0 
0 0 0 0 0 0 0 1 3 0 1 0 0 1 1 0 0 0 0 5 0 0 1 0 0 0 1 1 0 0 0 0 0 0 0 1 0 0 0 0 
0 1 0 0 1 0 0 1 0 4 1 3 2 1 1 1 1 0 2 3 2 4 1 0 0 1 0 0 0 0 0 0 0 0 1 0 0 0 0 1 
0 0 0 0 0 0 0 1 2 2 3 2 0 0 2 0 0 0 2 1 1 2 1 0 0 0 0 0 0 0 1 0 1 0 0 0 0 0 0 0 

0 0 0 1 0 0 0 0 1 1 0 0 1 1 1 5 3 5 5 1 1 0 1 0 0 1 0 0 0 0 0 0 0 0 0 0 1 0 0 0 
0 0 0 0 1 0 0 0 0 0 0 0 0 0 1 0 3 7 1 3 0 0 1 0 0 0 0 0 0 0 0 0 1 0 0 0 0 0 0 1 
0 0 0 0 0 0 0 0 0 0 0 0 0 0 1 1 2 2 1 4 0 1 0 1 0 0 0 0 0 0 0 0 0 0 0 0 0 0 1 0 
0 0 0 0 0 0 1 0 1 0 0 0 0 1 0 1 1 3 1 0 1 0 1 0 1 0 0 0 1 0 1 0 0 0 0 0 0 0 0 0 
0 1 0 0 0 0 1 2 0 0 0 2 1 0 2 2 4 1 2 0 4 2 0 1 1 1 0 0 0 0 0 0 0 0 0 1 0 0 1 0 
0 0 0 0 0 0 0 0 0 0 0 0 0 1 1 0 1 1 0 2 4 1 0 0 0 0 0 0 0 0 0 0 0 0 0 0 0 0 0 0 
0 0 0 0 1 0 0 1 0 0 1 1 0 0 0 0 2 2 2 2 0 0 0 1 0 0 0 0 0 0 0 0 0 1 0 0 0 0 0 0 
0 0 0 1 1 3 1 2 0 0 2 0 4 1 0 0 2 5 3 9 7 2 2 0 1 0 0 0 0 0 0 0 0 0 0 1 0 0 0 0 
0 0 0 0 0 0 1 1 0 1 1 0 0 0 2 2 2 3 1 2 1 1 1 0 1 0 0 0 0 0 0 0 0 0 0 0 0 1 1 0 
0 0 0 0 0 1 0 0 0 0 2 0 1 0 0 1 0 1 1 1 3 1 0 0 2 0 0 0 0 1 0 0 0 0 0 0 0 0 0 0 
0 0 0 0 0 0 0 1 0 1 1 0 1 3 4 2 3 7 4 6 2 4 1 1 0 0 0 0 0 0 0 0 0 0 0 0 0 0 0 0 
0 0 0 0 1 1 0 1 2 0 0 1 0 0 2 0 1 2 0 3 1 5 1 1 1 2 1 1 0 0 0 0 0 0 0 1 0 0 0 0 
0 2 0 0 0 2 1 1 0 0 1 1 1 1 1 1 0 1 2 1 1 2 0 0 0 0 1 0 0 0 0 0 0 0 0 0 0 1 0 0 
0 0 0 0 0 0 0 1 1 3 1 0 0 0 1 2 3 1 4 5 6 1 0 2 0 1 0 0 0 1 0 1 1 0 0 0 0 0 0 0 
0 0 0 0 1 0 0 1 1 0 0 0 0 0 4 0 1 3 1 0 1 4 1 2 1 0 0 0 0 0 0 0 0 0 0 0 0 0 0 0 
1 0 0 0 0 0 1 1 1 2 2 1 1 2 0 1 1 0 2 3 5 0 3 1 1 2 0 0 2 0 0 0 0 0 0 0 0 0 0 0 
0 0 0 0 0 0 0 0 0 3 0 0 1 2 1 1 4 2 4 6 5 5 0 0 1 0 1 0 0 0 0 1 0 0 0 3 1 0 0 0 
0 0 0 0 1 1 0 2 3 1 2 0 2 1 3 2 3 1 0 0 2 3 3 2 1 1 0 0 0 0 0 0 0 0 0 0 0 0 0 0 
0 0 0 1 0 1 0 1 0 2 0 0 0 2 0 1 0 0 1 3 0 0 0 2 2 0 0 0 1 0 0 0 0 0 0 0 0 0 0 0 
0 0 0 0 0 0 0 4 0 2 0 0 1 1 1 3 3 0 7 5 3 2 1 0 0 0 2 0 0 0 0 0 0 1 0 0 0 0 0 0 
1 0 0 0 0 2 0 0 1 1 0 1 0 0 1 0 2 4 0 1 1 2 1 1 0 0 0 0 0 0 0 0 0 1 0 0 0 0 1 1 
1 0 0 0 0 1 2 1 1 0 0 0 0 0 1 0 0 1 1 1 0 1 1 0 0 0 1 0 0 0 0 0 0 0 0 0 0 0 0 0 
0 0 0 0 1 0 0 0 1 0 0 0 0 1 0 1 0 1 1 3 2 1 1 1 0 0 0 2 1 0 0 0 0 0 0 0 0 0 0 0 
0 1 0 0 3 0 0 1 2 0 0 0 1 2 0 0 1 2 2 4 0 1 1 0 1 0 0 0 0 0 0 0 0 0 0 0 0 0 0 0 

1 0 0 0 0 0 0 1 0 0 0 1 1 1 1 4 3 11 3 1 1 1 2 0 0 0 0 0 0 0 0 0 1 0 0 0 0 0 0 0 
0 0 0 0 0 0 1 1 0 0 0 0 1 0 2 2 4 4 1 2 0 2 1 0 0 0 1 0 0 0 0 0 0 0 0 0 0 0 0 0 
0 0 0 0 0 0 0 1 0 0 0 0 0 0 1 2 2 2 3 1 0 1 1 0 1 0 0 0 0 0 0 0 0 0 0 0 0 0 0 0 
0 0 0 0 0 0 0 0 0 0 0 0 0 0 1 5 1 5 3 2 2 0 1 0 0 0 1 0 1 0 0 0 0 0 0 0 0 0 0 0 
0 0 0 0 0 0 0 1 1 0 0 2 0 0 0 2 3 5 2 3 3 0 1 0 1 0 1 0 0 0 0 0 0 0 0 0 0 0 0 0 
0 1 0 0 0 1 1 0 0 0 1 0 1 0 0 0 0 2 1 0 1 1 2 1 1 0 0 0 0 0 1 0 0 0 0 0 0 1 0 0 
0 0 0 0 0 0 1 0 0 0 1 0 1 0 0 1 3 5 1 7 10 1 3 1 0 1 0 0 0 0 0 0 0 0 0 0 0 0 0 0 
0 0 0 0 0 1 0 1 1 0 0 0 0 1 1 0 3 5 5 1 6 1 1 1 0 0 2 0 0 1 1 0 0 0 0 0 0 1 0 0 
0 0 0 0 0 1 0 0 0 1 1 0 0 0 2 1 2 6 2 0 3 0 1 1 0 1 0 0 0 0 0 0 0 0 1 0 0 0 1 0 
1 0 0 0 0 0 0 0 0 0 0 0 1 0 0 2 2 1 2 0 3 1 1 2 2 1 1 1 0 0 0 0 0 0 0 0 0 0 0 0 
0 0 0 0 0 0 0 1 0 0 1 0 2 0 3 3 3 4 1 8 5 1 1 0 0 0 0 0 1 0 0 0 0 0 0 0 0 0 0 0 
0 1 0 0 0 0 1 0 2 0 0 0 0 0 0 0 0 4 0 2 5 0 0 0 0 0 0 0 0 0 0 0 0 0 0 1 0 0 0 0 
1 0 0 0 0 0 0 0 0 1 0 0 0 0 0 3 1 1 1 1 5 1 1 2 3 0 2 0 0 0 0 0 0 0 0 0 0 0 0 0 
0 0 0 0 1 0 0 0 0 0 0 1 0 3 2 1 1 4 6 3 3 1 0 2 0 3 0 1 0 0 0 0 0 0 0 0 0 0 0 0 
0 0 1 0 0 0 0 0 0 0 1 0 0 0 1 0 2 3 1 3 3 1 3 0 0 0 0 1 0 0 0 0 0 0 0 0 0 1 0 0 
2 0 0 0 0 0 0 0 0 0 0 0 1 0 1 1 5 6 3 5 4 2 1 3 2 2 0 1 0 0 0 0 1 0 1 0 0 0 0 0 
2 0 0 0 0 0 0 0 2 1 2 2 1 1 3 2 4 5 5 4 7 5 4 0 1 0 1 0 0 0 1 0 0 1 0 0 0 0 0 0 
0 0 0 0 0 0 1 2 0 1 0 0 0 1 0 0 0 0 1 0 2 0 0 0 0 0 1 0 0 0 0 0 0 0 0 0 0 0 0 0 
0 1 1 0 0 0 0 0 0 0 0 0 1 0 1 1 0 2 4 0 1 0 4 1 0 0 0 0 0 0 1 0 0 1 0 0 1 0 0 0 
0 0 0 2 0 0 0 0 0 0 0 2 0 2 5 0 4 5 3 5 7 1 0 0 0 1 0 0 0 0 0 0 0 0 0 0 0 0 0 0 
0 0 0 1 0 0 0 1 1 1 0 0 0 1 0 2 0 0 0 1 0 0 0 0 0 1 0 0 0 0 0 0 0 0 0 0 0 0 0 0 
1 0 0 2 0 0 0 0 0 0 1 0 1 0 2 1 0 0 0 0 0 0 1 2 0 1 1 0 0 0 0 0 0 0 0 0 0 0 0 1 
1 0 0 0 1 0 0 0 1 2 1 1 3 0 0 1 5 2 4 2 4 1 2 0 1 0 0 0 0 0 1 1 0 0 0 1 0 0 0 0 
0 0 0 0 0 1 0 1 2 0 1 1 1 1 1 1 0 0 0 2 0 0 0 0 0 1 0 0 0 0 0 0 0 0 0 0 0 0 0 0 

0 0 0 0 0 1 1 0 0 0 0 0 1 2 0 4 3 14 11 6 6 5 0 0 0 0 0 0 0 0 0 0 0 0 0 0 0 0 0 0 
0 0 1 0 0 0 0 0 0 0 1 0 2 2 1 3 4 10 8 3 1 3 1 1 1 0 0 1 0 0 0 0 0 0 0 0 0 0 0 0 
1 1 0 0 0 0 0 0 0 0 1 0 0 1 0 1 1 3 4 4 4 2 1 2 3 0 0 0 0 0 0 0 0 0 0 0 0 0 0 0 
0 0 0 0 0 0 0 1 2 0 0 2 0 0 1 4 2 7 4 9 6 3 2 2 0 0 2 0 1 0 0 0 0 0 0 0 0 0 0 0 
0 0 0 0 0 0 2 2 0 0 0 1 1 1 3 4 3 5 4 8 8 1 3 1 1 0 1 2 0 0 0 0 0 0 0 1 0 0 0 0 
0 0 0 1 0 0 0 0 0 0 1 0 0 0 0 0 5 5 1 7 8 5 3 2 1 1 0 0 0 0 0 0 0 0 0 0 0 0 0 1 
0 0 0 0 0 0 0 1 1 0 0 1 0 0 2 1 0 1 2 12 5 2 2 0 2 0 1 0 0 0 0 0 0 0 2 0 0 0 0 0 
1 0 0 0 0 0 2 0 2 0 0 0 0 1 1 6 7 12 4 14 1 4 4 1 3 0 1 0 0 0 0 0 0 0 0 0 1 0 1 0 
0 0 0 0 0 0 0 0 0 0 0 1 0 0 2 2 1 5 2 6 10 2 7 2 2 0 0 0 0 0 0 0 0 0 0 0 0 0 0 0 
0 0 0 0 0 0 1 1 0 0 0 2 0 1 0 2 1 4 6 11 13 2 2 1 2 0 1 0 0 0 0 0 0 0 0 0 0 0 0 0 
0 0 0 0 0 0 0 0 1 0 0 1 0 2 1 4 7 12 6 16 11 2 3 2 1 0 0 1 0 0 0 0 0 0 0 0 0 0 0 1 
0 0 0 0 0 0 1 1 0 0 1 1 1 1 2 1 1 7 2 4 4 3 2 2 1 2 1 0 0 0 0 0 0 0 0 0 0 0 0 0 
0 0 0 0 0 0 0 0 0 0 0 0 0 1 1 1 2 3 1 6 6 1 3 2 0 0 1 0 0 0 0 0 0 0 0 0 0 1 0 0 
0 0 0 0 0 0 0 1 0 0 2 2 1 1 0 3 2 7 4 10 11 7 0 1 2 1 0 0 0 0 0 1 1 0 0 0 0 0 0 1 
0 0 0 0 0 0 1 0 0 1 0 1 1 0 1 1 2 2 4 5 9 8 4 1 1 2 1 0 0 1 0 0 0 0 0 0 0 1 0 0 
0 0 0 0 0 0 0 0 0 0 0 0 0 0 2 1 3 5 3 9 8 1 3 0 1 2 0 0 1 0 0 0 0 0 1 0 0 0 0 1 
0 0 0 0 0 0 1 2 0 1 1 1 2 5 3 4 8 4 10 16 5 4 3 0 0 1 0 0 0 1 0 0 0 0 0 1 0 1 0 0 
0 0 1 0 0 0 0 1 1 0 1 0 1 0 1 2 2 6 3 1 2 3 2 0 1 1 0 0 0 0 0 0 0 0 0 1 0 0 0 0 
0 0 1 2 0 0 0 2 0 1 0 0 0 0 0 0 0 1 5 3 4 0 4 1 1 0 0 0 1 0 1 0 1 0 0 0 0 0 0 0 
1 0 0 0 0 0 1 0 1 0 0 1 0 0 2 3 7 7 8 12 6 4 0 1 0 0 0 0 0 0 0 0 0 0 0 0 0 0 0 0 
0 0 0 0 0 0 1 0 1 1 1 2 2 1 1 0 4 3 2 4 4 3 0 0 0 0 1 1 0 0 0 0 0 0 0 0 0 0 0 0 
1 0 0 0 0 1 0 0 0 1 0 2 0 2 0 1 1 1 1 1 2 2 2 2 2 0 0 0 0 0 0 0 0 1 0 0 0 0 0 0 
0 1 0 0 0 0 0 0 0 0 0 3 2 4 5 0 3 3 8 5 1 1 1 4 1 0 0 0 0 0 0 1 0 0 1 0 0 0 0 0 
0 0 0 0 1 1 2 4 1 4 1 0 1 1 1 1 5 2 6 4 3 3 0 2 1 2 0 0 0 0 0 0 0 0 3 0 0 0 0 1 

0 0 0 0 0 0 1 2 1 1 0 1 1 1 0 7 8 30 16 15 10 2 0 0 0 0 0 0 1 0 0 1 0 0 0 0 1 0 0 0 
1 0 0 0 0 0 0 0 1 0 1 1 0 1 0 0 1 9 13 6 5 3 2 1 1 2 1 0 0 0 0 0 0 0 0 0 0 0 0 0 
0 0 0 0 0 0 0 0 0 0 0 1 0 0 0 2 5 9 6 6 9 2 1 2 0 0 0 1 0 0 0 0 0 0 0 0 0 0 0 0 
0 0 0 0 0 0 0 0 1 0 0 0 1 0 1 4 4 7 12 22 13 3 3 2 3 1 2 0 0 1 0 0 0 0 0 0 0 0 0 0 
0 0 0 0 0 0 1 0 0 0 0 1 0 0 1 3 3 12 9 17 17 6 4 2 1 0 1 0 0 0 0 0 0 0 0 0 0 0 0 0 
0 0 0 0 0 1 0 0 0 1 0 0 1 0 1 1 2 5 3 5 9 2 2 1 0 0 0 1 0 0 0 0 0 0 0 0 0 0 0 0 
0 0 0 0 0 0 0 0 0 1 0 1 1 0 0 2 0 10 12 23 12 4 2 1 2 0 1 1 1 0 0 0 0 0 0 0 0 1 0 0 
0 0 0 0 0 0 0 0 2 0 0 3 0 1 5 5 4 10 11 21 12 3 1 2 0 1 0 0 1 0 0 1 0 0 0 0 0 0 0 0 
0 0 0 0 0 0 0 0 0 1 0 0 1 2 0 4 2 3 9 6 4 7 0 2 0 1 0 0 0 0 0 0 0 0 0 0 0 0 0 0 
0 0 0 0 1 1 0 1 1 1 1 0 0 1 2 1 3 10 12 12 14 2 5 1 1 0 3 0 0 0 1 0 0 0 0 0 0 0 0 0 
1 0 0 0 0 0 1 0 1 0 0 0 2 0 1 0 7 9 8 26 18 10 4 2 4 0 0 0 0 0 1 0 0 0 0 0 0 0 0 1 
0 0 0 0 0 0 0 0 1 1 0 0 0 0 4 2 1 1 3 3 4 2 0 3 3 0 0 0 0 0 0 0 0 0 0 0 2 0 0 1 
0 0 0 0 0 0 0 0 0 0 0 2 1 1 3 0 0 7 6 9 14 3 1 1 1 2 1 0 0 0 0 0 1 1 1 1 0 0 1 0 
0 0 0 0 0 0 0 0 0 2 2 0 0 1 6 2 6 7 12 14 10 1 1 0 0 0 0 0 0 0 0 0 0 0 0 0 0 0 0 0 
0 0 1 0 0 0 0 0 1 0 1 0 1 1 1 1 4 3 2 2 5 4 0 2 1 2 0 1 0 0 0 0 0 0 1 0 0 0 0 0 
0 0 0 0 0 0 0 0 0 0 0 1 0 0 1 2 0 10 5 8 11 5 4 5 3 0 3 0 0 1 0 0 2 0 0 0 0 2 0 0 
0 0 0 0 0 0 0 2 0 0 1 1 2 2 1 1 4 11 8 25 7 3 2 4 4 1 2 1 0 1 0 0 0 1 0 0 0 0 0 0 
0 1 0 0 0 0 0 0 2 0 0 0 1 0 0 1 1 3 2 3 1 3 2 1 1 0 0 0 0 0 0 0 0 0 0 0 0 0 0 0 
0 0 0 0 0 0 0 0 0 0 0 1 1 1 2 4 3 6 2 6 12 2 1 2 3 2 1 0 1 0 1 0 0 0 0 0 0 0 0 0 
3 0 0 0 0 0 0 0 0 0 1 1 1 1 1 5 4 6 10 21 11 1 4 2 1 0 0 1 0 0 0 0 0 0 1 0 0 0 0 0 
0 0 0 1 0 0 0 0 1 1 0 1 0 0 0 0 0 2 5 1 4 2 0 1 0 0 0 0 0 1 0 0 0 1 1 0 0 0 0 0 
0 0 1 0 0 0 0 0 0 0 1 0 1 0 1 2 0 3 2 6 11 4 1 2 3 2 1 0 0 0 0 0 1 0 0 0 0 0 0 0 
1 0 0 0 1 0 0 0 0 0 2 2 0 4 2 6 4 5 8 6 5 0 2 1 0 0 0 0 0 0 0 0 0 1 1 0 0 0 1 0 
0 0 0 0 1 2 0 2 0 0 0 1 2 1 2 1 2 2 1 3 2 2 0 1 1 0 0 0 0 0 0 0 0 0 0 0 0 0 0 1 

0 0 0 0 0 0 0 1 1 0 2 0 2 0 3 11 8 61 559 34 4 5 3 2 2 0 0 0 0 0 0 0 0 0 0 0 0 0 0 0 
1 0 0 0 0 1 0 0 0 2 0 0 1 2 2 2 10 34 196 38 18 8 4 2 2 2 3 0 1 0 0 0 0 0 1 0 0 0 0 0 
0 0 0 0 0 0 0 0 0 0 2 0 1 2 2 7 12 43 201 54 20 11 4 2 2 1 1 0 0 0 0 0 0 0 0 0 0 0 0 1 
2 0 0 0 1 0 0 1 0 0 1 1 1 3 1 4 4 20 69 45 29 7 6 4 1 2 1 0 2 0 0 0 0 0 0 0 0 0 0 1 
1 0 1 0 0 0 0 0 1 1 2 2 2 2 4 6 12 27 79 59 25 9 6 4 4 3 2 1 1 1 1 0 0 0 0 0 0 0 0 0 
0 0 0 0 0 0 0 1 0 0 0 0 1 0 1 6 10 32 90 61 29 12 4 2 2 2 1 2 0 0 0 0 0 0 1 1 0 1 0 0 
0 0 0 0 1 1 0 0 0 1 0 0 0 1 1 5 4 19 26 37 38 6 8 1 4 2 2 1 3 0 0 0 0 0 0 0 0 0 0 0 
0 0 0 0 0 0 1 1 0 0 3 1 0 0 4 7 12 26 67 58 30 11 4 3 4 3 1 0 0 0 1 0 0 0 0 0 0 0 1 0 
0 0 0 0 0 0 0 0 3 1 0 4 1 1 2 7 16 20 72 52 25 13 7 6 1 1 1 0 0 0 0 0 1 0 0 0 0 1 0 0 
0 1 0 0 0 0 0 2 0 0 0 1 0 1 2 5 5 14 27 47 32 8 6 2 2 3 0 0 0 0 0 2 1 0 0 0 0 0 1 0 
0 0 1 0 1 0 0 1 1 4 2 0 2 1 5 8 19 24 52 78 36 5 4 6 2 1 3 0 1 0 0 0 0 0 1 0 1 0 0 0 
0 0 0 0 0 0 0 0 1 0 0 2 1 4 11 3 5 24 46 41 23 12 2 3 1 0 2 0 2 0 0 1 0 0 0 0 0 0 1 0 
0 0 0 1 0 0 0 0 0 0 0 0 0 1 1 6 7 12 24 31 14 10 1 4 4 1 3 1 1 0 0 0 0 0 1 0 0 0 0 0 
1 0 0 0 2 1 0 0 1 0 1 0 2 2 11 8 9 21 24 40 19 5 5 0 1 0 1 0 1 1 0 0 0 0 0 0 1 0 0 0 
1 0 0 1 0 0 0 0 0 1 3 3 2 1 2 6 13 17 20 27 17 10 7 3 2 2 0 2 0 0 1 0 0 0 1 1 0 0 1 0 
0 0 0 0 0 0 1 0 0 2 0 0 0 1 2 4 9 12 17 25 22 7 8 4 4 0 0 0 1 0 1 0 0 0 0 0 0 0 0 1 
0 0 0 0 0 0 1 1 1 1 1 0 2 3 6 10 21 28 44 51 24 8 6 6 2 1 0 1 1 0 1 1 1 0 1 0 0 0 0 1 
0 0 1 0 0 0 0 0 0 0 4 1 0 2 4 7 17 32 35 41 24 13 9 4 1 2 0 1 0 0 0 1 0 1 0 1 0 0 0 0 
1 0 0 1 0 0 0 0 0 1 1 1 0 1 0 3 3 15 19 19 27 5 11 3 2 2 1 0 0 0 1 0 0 0 0 0 0 0 0 0 
0 0 0 0 1 0 0 1 1 1 2 0 3 2 2 8 9 19 39 63 19 7 9 1 0 0 0 0 1 0 0 0 0 0 1 0 1 0 1 0 
0 0 0 1 0 0 0 0 0 2 0 1 3 1 3 4 9 18 25 19 18 9 2 4 0 0 1 1 0 0 0 1 0 0 0 1 0 0 0 0 
0 0 1 0 0 0 0 1 2 0 1 1 0 0 3 6 3 7 9 11 12 4 3 0 3 2 1 0 0 0 0 0 0 0 0 0 0 0 0 0 
0 0 0 0 1 0 2 1 2 0 1 1 2 1 6 4 6 13 24 27 21 2 1 1 0 2 0 2 1 0 0 0 0 0 0 0 1 0 1 0 
0 0 0 0 0 1 0 1 1 0 2 2 1 0 1 4 9 18 35 34 19 8 7 3 2 0 3 2 1 0 0 0 1 0 0 0 0 0 0 0 

0 0 0 2 0 0 0 0 0 0 0 2 1 2 2 8 9 51 216 34 9 4 3 3 2 0 1 0 0 0 0 0 0 0 0 0 0 0 0 0 
0 0 0 1 1 0 0 0 0 0 0 0 1 1 2 0 5 18 282 40 22 15 6 6 1 3 0 0 0 0 1 0 0 1 0 0 0 0 0 0 
0 0 0 0 0 0 1 2 0 0 1 0 1 3 3 2 8 21 241 43 20 10 12 2 1 0 0 1 0 0 0 0 0 0 1 0 3 0 0 0 
0 0 0 0 0 0 0 0 0 0 1 1 2 4 2 4 6 13 173 40 34 6 5 5 4 2 0 0 2 0 0 1 0 0 0 0 0 1 0 0 
0 0 0 0 0 0 1 0 0 0 0 0 2 3 4 1 6 11 256 58 28 8 5 4 2 1 0 0 0 0 1 1 1 0 0 0 0 0 1 1 
0 0 1 0 0 0 1 0 1 1 0 3 1 3 3 5 11 23 155 59 26 7 7 5 0 2 3 2 1 0 0 1 0 0 0 0 0 0 0 0 
0 0 1 1 0 0 0 0 0 0 0 1 0 1 0 3 9 14 108 56 35 8 11 3 3 1 1 0 3 0 1 0 0 0 0 0 0 0 0 0 
0 0 0 0 1 1 1 0 1 1 0 1 1 1 3 1 7 18 205 101 24 9 6 2 3 0 1 0 2 0 1 0 0 1 1 0 1 0 0 0 
0 0 0 0 0 1 1 1 1 1 2 2 0 2 9 4 9 30 257 74 25 20 11 2 2 2 1 3 0 0 0 1 0 1 0 0 0 0 0 1 
1 0 0 0 0 0 0 0 0 0 1 0 0 1 1 3 4 34 248 108 59 11 8 5 8 1 1 2 1 1 1 0 0 0 1 0 1 0 1 0 
1 1 0 0 0 0 0 0 0 0 1 2 0 1 1 4 11 13 257 93 40 13 5 5 1 1 2 0 1 1 0 0 1 0 0 1 0 0 0 0 
1 0 0 0 0 0 1 1 4 1 5 1 2 2 0 7 9 27 135 58 35 14 9 7 3 4 4 1 1 2 1 0 1 0 0 1 1 0 1 0 
1 1 0 0 0 0 0 0 0 1 1 1 2 6 4 4 7 15 162 69 33 10 9 5 3 1 2 0 2 1 1 0 1 0 0 0 0 0 0 0 
1 0 0 0 1 0 0 0 0 2 0 3 4 3 0 5 8 18 165 63 19 5 0 3 0 1 1 0 0 1 0 0 0 0 0 0 0 1 0 0 
0 0 0 0 1 0 0 1 2 0 0 0 2 2 3 12 16 32 76 53 23 15 5 3 2 3 1 1 0 0 1 0 1 0 0 1 0 0 0 1 
0 0 2 0 1 0 1 1 0 1 0 1 2 3 3 14 3 27 50 48 45 10 10 3 8 3 3 1 1 1 1 1 0 1 0 0 0 0 0 0 
1 0 0 0 0 0 0 0 1 0 0 0 0 1 4 6 12 32 112 105 21 5 6 3 2 0 0 0 0 0 0 1 0 0 1 0 0 0 0 0 
0 0 0 1 0 1 0 1 1 1 4 4 1 7 4 9 12 29 111 77 34 11 8 6 2 1 0 1 0 1 0 0 0 0 0 1 0 0 1 0 
0 0 0 0 1 1 1 0 0 1 0 3 1 5 0 3 7 18 75 58 39 11 10 3 8 0 1 1 2 0 0 0 0 0 0 0 0 0 0 0 
0 0 0 0 0 0 0 0 1 0 0 1 4 1 2 4 4 20 61 65 20 5 1 1 0 1 0 0 0 0 0 0 0 1 0 1 0 0 0 0 
0 1 0 0 0 0 0 0 1 0 1 1 3 2 2 8 5 22 53 58 30 9 11 2 2 5 0 3 1 1 0 0 0 1 0 1 0 0 0 1 
0 0 0 1 0 1 0 0 0 3 0 2 1 1 1 4 0 16 32 51 28 2 8 3 3 1 2 1 0 1 0 0 0 0 0 0 0 0 0 0 
1 0 0 0 0 0 0 0 0 0 1 0 0 1 1 2 2 6 53 82 16 3 2 1 0 1 0 0 0 0 0 2 0 0 0 0 1 0 0 1 
0 1 0 0 0 0 0 1 4 1 2 1 1 4 4 9 17 53 120 158 37 24 10 5 2 5 3 0 1 0 0 1 0 1 0 0 1 0 0 0 

0 0 0 0 0 0 0 0 2 1 0 0 0 1 4 9 3 30 33 12 6 2 2 0 1 0 0 0 0 0 0 0 0 0 0 0 0 0 0 0 
0 0 0 0 0 0 0 0 0 0 0 0 0 0 1 5 3 7 18 6 4 3 2 0 1 1 0 0 0 0 1 0 1 0 0 1 0 0 0 0 
0 0 0 0 0 0 0 0 1 0 1 0 2 3 1 3 0 5 9 10 8 4 2 1 0 1 0 1 1 2 0 0 0 0 0 0 0 0 0 0 
0 0 0 0 0 0 0 0 0 0 0 0 0 1 0 3 4 10 11 15 18 1 0 2 2 0 1 0 0 0 1 0 0 0 1 0 0 0 0 0 
0 0 0 0 0 0 0 1 0 0 1 0 0 0 1 4 6 8 15 20 6 2 1 0 0 1 0 0 0 0 0 0 0 0 0 0 0 0 0 1 
1 0 0 0 0 0 0 0 0 0 1 0 2 0 1 2 2 9 8 9 7 6 6 4 0 1 0 0 0 1 0 0 0 0 0 0 0 0 0 1 
0 0 0 0 0 0 0 0 0 0 0 2 0 0 1 2 0 7 11 27 20 4 6 3 1 3 1 0 0 0 0 0 0 0 0 0 1 1 0 0 
0 0 0 0 0 0 0 0 2 2 0 0 0 2 3 10 6 10 14 30 10 1 4 2 1 1 0 0 0 0 0 0 0 0 0 0 0 0 0 0 
1 1 0 0 1 0 0 0 0 1 0 0 1 1 1 0 4 17 14 10 18 7 1 2 2 1 1 1 0 0 1 1 0 0 0 1 0 0 0 0 
0 0 0 0 0 1 1 1 0 1 0 2 0 3 1 5 4 12 21 43 35 2 10 8 2 0 2 1 2 0 1 0 0 1 1 0 0 0 0 1 
0 0 0 0 0 0 0 0 1 0 0 1 0 1 2 2 7 12 25 42 26 9 5 1 2 0 1 0 0 1 0 0 1 0 2 0 0 0 0 1 
0 1 0 0 0 0 1 0 1 0 0 0 1 3 1 3 3 7 22 12 12 4 4 1 0 2 1 0 0 0 0 0 0 0 0 0 0 1 0 1 
1 0 0 0 0 0 0 1 0 0 1 0 2 1 3 6 5 19 32 43 26 7 7 4 4 0 1 0 0 0 0 0 0 2 0 0 0 1 0 0 
0 0 0 0 0 0 0 0 0 4 0 3 4 3 4 7 11 19 73 64 14 12 4 3 2 5 1 0 0 1 0 0 1 0 0 1 0 1 1 0 
0 0 0 1 0 0 1 0 0 1 1 1 1 7 5 6 14 39 157 75 23 10 3 1 3 1 1 1 1 2 1 0 0 1 0 0 1 0 0 0 
0 1 0 0 0 0 0 0 1 3 1 0 1 4 1 8 8 63 327 72 50 8 7 2 1 2 2 4 3 0 1 0 1 0 0 1 0 0 0 0 
1 0 0 0 0 1 0 2 0 1 1 2 2 3 3 9 21 63 551 153 25 7 3 2 2 2 0 1 0 1 0 0 0 0 0 0 0 0 0 0 
0 1 0 0 0 0 1 1 1 3 1 2 1 3 2 2 6 21 110 65 16 8 2 5 1 0 2 0 0 0 0 0 0 1 0 0 0 1 0 0 
0 0 0 0 0 0 0 0 0 0 1 1 0 2 0 3 3 20 155 70 34 4 9 3 3 0 0 0 0 0 0 0 0 0 0 0 1 0 0 1 
0 0 0 0 0 0 0 0 2 0 1 0 5 2 5 5 6 18 143 157 19 9 3 2 1 0 0 0 0 0 0 0 0 0 1 0 2 0 0 0 
2 0 0 0 2 0 0 1 0 1 0 0 2 0 4 4 2 12 29 50 12 7 4 0 0 1 0 0 0 1 0 0 0 0 0 0 0 0 0 0 
0 0 0 0 1 0 1 0 0 0 1 1 0 1 1 3 1 6 21 108 26 4 5 0 1 0 1 1 0 0 1 0 0 0 0 0 0 0 0 0 
1 0 0 0 0 0 0 0 0 0 1 1 0 2 0 0 4 11 61 191 20 2 0 1 0 1 1 0 2 0 0 0 0 0 0 1 0 0 0 0 
2 0 1 1 1 0 1 3 0 1 1 0 0 0 3 4 10 24 87 183 21 9 10 2 1 0 0 0 0 0 1 0 1 0 0 0 0 0 0 0 

0 0 0 0 0 0 0 0 0 0 0 0 0 1 0 1 2 7 9 5 6 3 2 1 1 0 0 1 0 0 0 0 0 0 0 0 0 0 0 0 
0 0 0 0 0 0 0 0 1 0 0 0 0 0 0 1 3 5 5 2 5 2 3 1 1 0 0 0 0 0 0 0 1 0 0 0 0 0 0 0 
0 0 0 1 0 0 0 0 0 1 1 0 2 1 1 1 2 2 3 3 3 1 2 0 1 0 1 0 0 0 0 1 0 0 0 0 0 0 0 1 
0 0 0 0 0 0 0 0 0 0 1 0 0 2 0 2 3 4 1 3 5 2 2 1 0 0 0 0 1 0 1 0 0 0 0 0 0 0 0 0 
1 0 0 0 0 0 0 0 0 0 0 0 0 0 1 0 2 4 5 5 6 2 5 0 0 1 1 0 0 0 0 0 0 0 0 0 0 0 0 0 
0 0 0 0 0 0 1 0 0 1 1 2 0 1 0 4 2 2 9 5 1 3 1 4 1 0 1 0 0 1 0 0 0 1 0 1 0 0 0 0 
0 0 0 0 0 0 0 0 0 1 0 1 1 2 0 2 0 3 6 6 7 1 4 3 3 2 2 1 1 0 1 1 0 0 0 0 0 0 0 0 
0 0 0 0 0 0 1 0 0 2 0 1 0 0 2 1 3 1 4 7 4 0 1 4 1 1 0 0 1 0 0 0 0 0 0 0 0 0 1 1 
0 0 0 0 0 0 0 0 1 0 0 0 0 2 0 0 7 5 1 4 7 5 2 2 3 2 2 1 0 0 1 0 0 0 0 0 0 1 0 0 
0 0 0 0 0 0 1 0 0 1 1 1 0 1 0 2 3 4 1 18 17 2 7 0 2 1 1 1 1 0 0 0 0 0 1 0 0 0 0 0 
1 0 0 0 0 0 0 1 0 0 0 0 1 0 4 1 2 3 8 20 12 4 3 4 1 1 2 0 0 0 0 0 0 0 0 0 0 0 1 0 
0 0 0 0 0 0 1 0 0 0 1 0 1 2 0 3 1 4 9 4 11 6 2 0 1 0 1 3 0 0 0 0 0 0 0 1 0 0 1 0 
0 0 0 0 0 0 0 0 0 0 0 0 1 1 2 4 3 6 8 4 16 2 6 1 2 1 3 1 1 0 1 1 0 0 0 0 2 0 0 0 
0 0 0 0 0 0 0 0 2 0 2 0 0 2 8 6 6 11 26 36 14 3 5 2 0 0 0 0 0 0 0 0 0 0 0 0 1 0 0 0 
0 0 1 1 1 1 0 2 1 2 5 0 2 1 10 7 15 31 396 95 31 17 9 11 4 3 0 1 0 1 0 2 0 0 0 0 1 0 0 0 
0 0 0 1 0 0 1 0 0 0 1 0 1 2 4 6 6 42 248 68 47 12 10 5 2 2 3 1 1 2 0 0 0 0 1 0 0 0 0 0 
0 1 1 0 0 0 0 0 1 1 1 2 1 1 0 1 9 29 32 41 14 5 6 3 1 2 0 0 1 1 0 0 0 0 0 0 1 0 0 0 
2 0 0 0 0 1 1 2 1 0 1 3 0 0 5 5 3 21 17 13 16 10 6 3 3 2 1 1 0 1 0 1 0 0 0 0 0 0 1 0 
0 0 0 0 0 1 0 1 0 1 0 2 2 1 3 3 1 11 14 20 17 4 12 1 1 2 0 0 0 0 1 1 0 0 0 1 1 0 0 0 
0 0 0 0 0 0 0 0 1 0 2 1 0 3 8 5 3 15 21 32 15 5 3 1 1 2 0 0 0 0 0 0 0 0 1 0 0 0 0 0 
0 0 0 0 1 0 0 0 0 0 2 0 1 2 1 3 4 5 11 13 19 4 4 0 0 1 1 0 1 0 2 0 0 0 1 0 0 0 0 0 
1 0 0 0 0 0 0 0 0 0 0 0 0 2 3 1 2 8 3 12 21 4 2 1 1 0 1 0 0 0 0 0 0 0 0 0 0 0 0 0 
0 0 0 0 1 0 0 0 1 0 1 0 0 1 2 1 4 2 19 18 6 2 4 2 0 0 0 0 0 0 0 0 1 0 1 0 1 0 0 0 
0 0 0 0 0 0 0 1 1 1 0 0 1 2 2 4 4 13 16 15 8 1 3 1 1 0 0 1 0 0 0 0 0 0 0 0 0 0 0 0 

0 0 0 0 0 0 0 2 0 0 0 0 0 0 2 4 0 10 5 3 1 0 1 0 0 0 0 0 0 0 0 0 0 0 0 0 0 0 0 0 
0 0 0 0 0 0 0 0 0 1 0 0 0 0 1 0 1 1 1 1 0 2 0 0 1 1 1 0 0 0 0 0 0 0 0 0 0 0 0 0 
0 0 0 0 0 0 0 0 0 0 0 0 1 0 2 2 0 1 3 2 1 0 1 0 1 1 0 1 0 1 0 0 0 0 1 0 0 1 0 0 
0 0 0 0 0 0 0 0 0 0 0 0 0 0 1 0 3 4 1 2 3 0 0 1 1 0 1 0 0 0 0 0 0 0 0 0 0 0 0 2 
0 0 0 0 0 0 0 0 0 0 0 0 0 1 0 0 4 1 1 3 1 3 0 0 0 1 0 0 0 1 0 0 0 0 0 0 0 0 0 0 
0 0 0 0 0 0 0 1 0 1 0 0 0 0 0 1 2 1 0 0 1 1 0 3 0 0 0 0 0 0 0 0 0 0 0 0 0 0 0 0 
0 0 0 0 0 0 0 0 0 0 0 0 0 0 0 1 0 2 3 2 6 2 2 2 0 0 1 0 0 0 0 0 0 0 1 0 0 0 0 0 
0 0 0 0 0 0 0 1 1 0 0 0 0 0 1 2 0 4 1 1 0 0 0 0 1 0 0 0 2 1 0 0 0 0 0 0 1 1 0 0 
0 0 0 0 0 0 0 0 0 0 0 0 0 1 0 0 2 2 1 1 5 2 3 0 0 1 1 1 0 0 0 0 0 0 0 0 0 0 1 0 
0 0 0 0 0 0 0 0 1 0 0 1 0 0 0 2 0 1 1 6 7 2 3 0 1 0 1 1 0 1 1 0 0 0 0 0 1 1 0 0 
0 0 0 0 0 0 0 0 0 2 1 0 0 1 0 1 1 1 7 6 7 2 2 1 2 0 0 1 0 0 0 0 0 1 0 0 1 0 0 0 
0 0 0 0 1 0 0 0 0 0 0 1 1 1 0 2 3 5 3 5 5 3 4 2 1 1 1 0 1 0 0 0 0 1 0 0 0 0 0 0 
0 0 0 0 0 0 0 1 0 0 1 1 0 0 1 3 4 5 5 7 11 8 5 1 2 1 3 1 1 0 0 0 0 0 1 0 0 0 0 0 
1 0 0 0 0 1 0 0 0 0 1 0 0 0 1 2 1 7 5 10 5 3 1 1 0 0 0 0 0 0 0 0 0 0 0 0 0 0 0 0 
0 0 0 0 0 0 0 0 1 1 1 0 1 3 2 6 7 10 20 20 9 9 2 3 1 0 2 2 0 1 0 1 0 1 0 0 0 0 0 0 
0 0 0 0 0 1 0 0 0 0 0 0 0 0 0 9 6 13 27 23 26 6 4 5 3 1 1 1 0 0 0 0 0 2 0 0 0 0 0 0 
0 0 0 0 0 0 0 1 0 0 0 0 1 0 3 3 8 12 3 5 6 4 2 0 1 1 1 1 0 0 0 0 1 0 1 1 0 0 0 0 
0 0 0 0 0 1 0 1 0 0 0 0 1 0 1 1 2 5 7 5 11 5 5 1 4 2 1 3 0 0 0 0 0 0 0 0 0 0 0 0 
0 0 0 0 0 0 0 1 0 1 0 1 1 1 0 6 4 11 12 12 6 3 9 1 2 2 0 0 0 1 0 1 0 0 0 0 0 0 0 0 
0 0 0 0 0 0 0 0 1 1 1 0 1 2 2 3 2 6 3 8 4 2 1 2 1 0 0 0 0 0 0 0 0 0 0 3 0 0 0 0 
0 0 0 0 0 0 0 0 1 0 0 2 1 2 1 2 2 4 3 1 3 1 2 1 3 1 0 0 0 0 0 0 0 0 1 0 0 0 0 0 
0 0 0 0 0 0 1 0 0 0 0 1 0 3 1 1 1 6 6 1 3 2 5 2 2 1 0 0 0 0 0 0 0 0 0 0 0 0 0 0 
0 0 0 0 0 0 0 0 1 1 1 0 2 0 1 2 2 5 5 7 2 2 1 0 1 1 0 0 0 0 0 0 1 0 0 1 0 0 0 0 
0 0 0 0 0 0 0 2 0 0 0 1 0 2 0 1 3 5 7 11 12 3 3 0 0 0 0 1 0 1 1 0 0 0 0 0 0 0 0 0 

0 0 0 0 0 0 0 0 2 0 0 0 1 0 1 2 1 5 2 0 0 0 0 0 0 0 0 0 0 0 0 0 0 0 0 0 0 0 0 0 
0 0 0 0 0 0 0 1 0 0 0 0 0 0 0 0 0 3 1 1 2 1 0 1 0 0 1 0 0 0 0 0 0 0 0 0 0 0 0 0 
0 0 0 0 0 0 0 0 0 0 0 0 0 0 1 0 0 0 2 1 2 0 0 0 1 0 1 0 0 0 0 0 0 0 0 0 0 0 0 0 
0 0 0 0 0 0 0 0 0 0 0 0 0 0 0 1 2 0 0 0 0 2 0 0 0 0 0 0 0 0 0 0 0 0 0 0 0 0 0 0 
0 0 0 0 0 0 0 0 0 0 0 0 0 0 0 0 0 0 0 1 1 0 1 1 0 0 0 2 1 1 0 0 1 0 0 0 0 0 1 1 
0 0 0 0 0 0 1 0 0 0 0 0 0 0 0 2 0 2 1 1 1 1 0 2 0 0 1 0 1 0 0 0 0 0 0 0 0 1 0 1 
0 0 0 0 0 0 0 0 0 0 1 0 0 0 0 1 1 2 4 1 2 0 1 0 0 1 1 0 0 0 0 0 1 0 0 0 0 0 0 0 
1 0 0 0 0 0 0 0 0 0 0 0 0 0 1 1 0 0 1 1 1 1 1 1 1 0 0 0 1 0 0 1 0 0 0 0 1 1 1 0 
0 0 0 0 0 0 0 0 0 0 0 0 0 0 0 1 1 5 1 1 2 1 2 0 1 0 0 1 1 0 0 1 1 0 0 0 0 0 0 2 
1 0 0 0 0 0 0 0 1 0 0 0 2 0 1 1 0 1 2 4 3 1 0 0 0 0 1 0 0 0 0 0 0 0 1 1 1 1 0 0 
0 0 0 0 1 0 0 0 0 0 0 0 0 1 0 0 0 3 1 3 1 4 0 0 0 0 0 0 0 1 0 1 0 0 0 0 0 0 1 0 
0 0 0 0 0 1 0 0 0 0 0 1 0 0 0 0 0 1 2 3 3 1 1 1 1 0 0 1 1 0 2 0 0 0 1 1 0 0 1 0 
0 0 0 0 0 0 0 0 1 0 0 1 0 0 0 0 0 4 3 2 1 2 0 1 3 0 1 0 1 1 1 0 0 0 0 0 1 0 0 0 
0 0 0 0 0 0 0 0 0 0 0 0 1 1 2 0 1 5 2 2 3 1 1 1 0 0 1 0 0 0 0 0 0 0 1 0 0 0 0 0 
1 0 0 0 0 0 0 1 1 0 1 1 0 4 0 1 10 5 3 5 6 1 1 1 4 1 0 0 0 0 0 0 0 0 0 0 0 1 0 0 
0 0 0 0 0 0 0 1 0 1 0 1 3 3 2 2 3 11 7 5 14 2 4 1 2 2 0 0 3 0 0 0 0 0 0 0 0 0 0 0 
0 0 0 0 0 0 0 0 1 3 0 0 1 3 1 1 7 16 4 6 11 5 0 0 0 0 0 1 0 0 0 0 0 0 0 1 1 0 0 0 
0 0 0 0 0 0 0 0 0 0 1 0 0 0 0 1 2 5 1 6 1 0 6 0 0 0 0 0 0 0 0 0 0 0 0 0 0 0 2 0 
0 0 0 0 0 1 0 0 0 0 1 0 0 0 0 3 2 5 3 2 6 0 4 1 2 0 0 0 2 0 0 0 0 0 0 0 1 0 0 0 
0 0 0 0 0 0 1 0 0 0 0 0 3 2 1 4 3 6 6 11 7 3 2 0 0 0 0 0 0 0 0 0 0 0 1 1 0 0 0 0 
0 0 0 0 0 0 0 0 0 1 0 1 0 1 0 1 0 3 2 2 1 2 3 0 0 0 0 0 0 0 0 0 0 1 0 0 1 1 1 0 
0 0 0 0 0 0 0 0 0 0 0 0 0 0 0 1 0 1 2 1 3 1 1 0 2 0 1 0 1 0 0 0 0 0 0 0 0 0 0 0 
0 0 0 0 1 0 0 0 0 1 0 0 1 1 1 1 1 2 6 5 1 1 2 1 0 1 0 0 0 0 0 1 1 0 0 0 0 0 1 0 
0 0 0 0 0 0 0 0 0 0 0 0 0 0 1 0 0 3 1 2 5 0 1 2 0 0 0 0 0 0 1 0 0 0 0 0 0 0 0 0 

0 0 0 0 0 0 0 0 0 0 0 0 0 0 0 0 0 3 1 0 0 0 0 1 0 0 0 0 0 0 0 0 0 0 0 0 0 0 0 0 
0 0 0 0 0 1 0 0 0 0 0 0 0 0 0 0 3 0 1 0 1 1 1 0 0 0 0 0 0 0 0 0 0 0 0 0 0 1 0 0 
0 0 0 0 0 0 0 0 0 0 0 0 0 0 1 0 0 1 1 0 2 1 1 3 0 0 0 0 0 0 0 0 0 0 0 0 0 0 0 1 
0 0 0 0 0 0 0 0 0 0 1 0 0 0 0 0 1 1 1 2 1 0 0 0 0 0 0 0 0 0 0 0 0 0 0 0 0 0 0 0 
0 0 0 0 0 0 0 0 0 0 0 0 0 0 0 0 2 1 0 1 2 0 0 0 1 0 0 1 0 0 1 0 0 0 0 0 0 0 0 4 
0 0 0 0 0 0 0 0 0 0 0 1 0 0 0 0 1 0 0 1 0 2 0 0 0 0 0 0 0 0 0 0 0 0 0 0 0 0 1 0 
0 0 0 0 0 0 0 0 0 0 0 1 0 0 0 1 2 1 0 1 3 1 1 1 0 0 0 0 0 0 0 0 0 0 0 0 0 0 0 0 
0 0 0 0 0 1 0 0 0 0 0 1 0 0 0 0 0 0 0 1 3 1 1 0 0 0 0 0 0 0 0 0 0 0 0 1 0 3 2 0 
0 0 0 0 0 0 0 0 0 0 0 0 0 0 0 0 2 1 3 0 1 0 2 1 0 0 0 0 0 0 0 0 0 0 0 0 0 0 1 0 
0 0 0 0 0 0 0 0 0 0 0 0 0 0 0 3 0 0 2 2 2 1 1 0 0 1 0 0 0 0 0 0 0 0 0 0 1 0 0 2 
0 0 0 0 0 0 0 0 0 1 0 0 0 0 0 0 2 2 2 4 3 2 1 0 0 0 0 0 0 0 0 0 0 1 0 0 0 0 1 0 
0 0 0 0 0 0 0 0 0 0 0 0 0 1 1 0 3 3 0 0 1 0 0 0 0 0 0 0 0 0 0 0 0 0 0 0 0 0 1 0 
0 0 0 0 0 0 0 0 0 0 0 0 0 2 0 1 0 0 0 3 2 2 3 1 3 0 1 0 1 0 0 0 0 0 0 0 0 0 1 0 
0 0 0 0 0 0 0 0 0 1 1 1 0 0 0 0 0 0 2 2 1 0 0 0 0 0 0 1 0 0 0 0 0 2 0 1 1 2 0 2 
0 0 0 0 0 0 0 0 0 1 0 0 0 0 1 2 0 4 4 3 5 1 3 2 0 0 0 1 0 0 0 0 0 0 0 0 0 2 0 0 
0 0 1 0 0 0 0 0 0 3 0 0 1 1 3 2 2 4 2 4 6 3 6 2 0 0 0 0 0 1 0 0 0 0 0 1 0 0 0 1 
0 0 0 0 0 0 1 0 0 0 0 0 2 1 1 2 5 2 5 4 3 4 0 2 0 0 0 0 1 0 0 0 2 0 0 0 0 0 0 0 
0 0 0 0 0 0 0 0 0 0 1 0 0 2 0 0 2 1 3 4 1 4 2 0 1 0 0 0 0 0 0 0 0 0 0 0 0 1 0 0 
0 0 0 0 0 0 0 1 0 0 0 0 1 2 2 2 2 9 2 4 4 3 3 0 1 0 0 0 0 0 0 0 0 0 0 1 0 0 0 0 
0 0 0 1 0 0 0 1 0 0 0 0 1 3 0 1 0 3 3 9 3 1 2 0 0 0 1 1 0 0 0 0 0 1 0 0 0 0 0 0 
0 0 0 0 0 0 0 0 0 0 0 1 1 0 1 1 0 2 1 1 3 3 2 0 0 0 0 0 0 1 0 0 0 1 2 0 1 0 0 0 
0 0 0 0 0 0 0 0 0 0 0 0 1 0 0 0 1 1 1 1 2 2 6 0 1 2 0 0 0 0 0 0 0 0 0 0 0 0 0 0 
0 0 0 0 0 0 0 0 0 0 0 0 0 0 1 0 0 1 2 1 3 1 1 0 0 1 0 0 0 0 0 0 0 1 1 3 0 0 0 0 
0 0 0 0 0 0 0 1 1 0 0 1 2 0 1 0 1 4 3 1 5 5 0 0 1 1 0 0 0 0 0 0 0 0 0 0 0 0 0 0 

0 0 0 0 0 1 0 0 0 0 0 0 0 0 0 1 1 3 0 0 0 0 0 0 0 0 0 0 0 0 0 0 0 0 0 0 0 0 0 0 
0 0 0 0 0 0 0 0 1 0 0 0 0 0 0 1 1 0 0 0 0 1 0 0 0 0 0 0 0 0 0 0 0 0 0 0 0 0 0 0 
0 0 0 0 0 0 0 0 0 0 0 0 0 0 0 0 1 1 0 2 0 1 0 1 0 0 0 1 0 0 0 0 0 0 0 0 0 1 0 1 
0 0 0 0 0 1 0 0 0 1 0 0 0 0 0 0 1 1 1 0 0 0 0 1 0 0 0 0 0 1 0 0 0 0 0 0 0 1 0 1 
0 0 0 0 0 0 0 0 0 0 0 0 0 0 1 0 0 1 1 0 1 1 1 0 0 0 0 0 0 0 0 0 0 0 0 0 0 1 0 0 
0 0 0 0 0 0 0 0 0 0 0 0 0 0 0 0 1 0 3 0 1 2 0 1 0 0 0 0 0 0 0 0 0 0 0 0 0 0 1 0 
0 0 0 0 0 0 0 0 0 0 0 0 0 0 0 0 0 0 0 0 3 1 2 2 1 0 0 0 0 0 0 0 0 0 0 0 1 1 0 0 
0 0 0 0 0 0 0 0 0 0 0 0 0 0 1 0 0 1 0 3 0 0 1 0 0 0 0 0 0 0 0 1 0 0 0 0 0 1 1 1 
0 0 0 0 0 0 0 0 0 0 1 0 0 0 0 0 0 1 1 0 2 1 0 1 0 0 0 0 0 0 0 0 0 0 0 0 1 0 0 1 
0 0 0 0 0 0 0 0 0 0 0 0 0 0 0 0 0 0 0 0 0 1 0 1 1 0 0 0 0 0 0 0 2 0 1 0 0 1 0 0 
0 0 0 0 0 0 0 0 0 2 0 0 0 0 0 1 0 1 0 3 2 0 2 0 1 0 0 0 0 0 0 0 0 0 1 0 0 1 2 0 
0 0 0 0 0 0 0 0 0 0 0 0 0 0 0 0 0 1 1 0 2 3 1 1 1 0 0 0 0 0 1 0 0 0 0 0 2 2 0 0 
0 0 0 0 0 1 0 0 0 0 0 1 0 1 1 0 0 1 0 0 1 1 0 1 2 0 0 0 0 0 0 0 0 0 1 1 0 0 0 0 
0 0 0 0 0 0 0 0 0 0 0 0 0 1 1 0 1 0 2 0 3 1 0 0 0 0 0 0 0 0 0 0 0 0 2 1 0 0 1 0 
0 0 0 0 0 0 0 0 0 0 0 0 0 1 0 2 1 2 0 0 1 0 0 1 1 0 0 1 0 0 0 0 0 0 0 0 0 0 0 0 
0 1 0 0 0 0 0 0 0 0 2 1 1 0 0 1 2 2 3 3 3 2 0 0 0 0 1 1 1 0 0 0 0 0 0 0 0 0 0 0 
0 0 0 0 0 0 0 0 1 1 0 0 2 1 1 1 3 4 4 3 4 1 0 0 0 1 0 0 0 0 0 0 0 1 3 0 0 0 0 0 
0 0 0 0 0 0 0 0 0 0 1 0 1 0 1 0 0 2 0 1 1 0 0 0 0 0 0 0 0 1 0 0 0 1 0 0 0 1 0 0 
0 0 0 0 0 0 0 0 0 0 0 1 1 0 0 0 0 1 1 1 3 0 3 0 0 0 0 0 1 0 0 0 0 0 0 0 0 0 0 0 
0 0 0 0 0 1 0 0 0 0 1 0 1 0 1 0 1 3 3 5 3 1 1 0 0 0 0 0 0 0 0 0 0 0 1 2 0 0 0 0 
0 0 0 0 0 0 0 0 0 0 1 0 0 0 2 0 1 1 0 0 1 1 0 1 0 1 0 0 0 0 0 0 0 1 0 0 1 0 0 0 
0 0 0 0 0 0 0 0 0 0 0 0 0 0 0 0 3 0 0 0 1 0 0 0 1 0 0 0 0 0 0 0 0 1 1 0 0 1 0 0 
0 0 0 1 0 0 0 0 1 0 1 0 0 0 1 2 2 2 3 1 1 0 2 1 1 0 0 0 0 0 0 0 0 0 1 3 2 0 0 0 
0 0 0 1 0 0 0 0 0 0 0 0 1 0 1 0 1 1 1 1 2 0 1 0 0 1 0 1 0 0 0 0 1 0 1 0 0 0 0 0 

0 0 0 1 0 0 0 0 0 0 0 1 0 0 0 0 0 2 3 0 0 0 0 0 0 1 0 0 0 0 0 0 0 0 0 0 0 0 0 0 
0 0 0 0 0 0 0 0 0 0 0 0 0 0 0 0 0 0 0 2 0 0 0 0 0 0 0 0 0 0 0 0 0 0 0 0 0 1 0 0 
0 0 0 0 0 1 0 0 0 0 0 0 0 0 0 0 1 0 0 0 1 0 0 1 0 0 0 0 0 0 0 0 0 0 0 1 0 0 0 0 
0 0 0 0 0 0 0 0 0 0 0 0 0 0 0 0 0 0 1 0 0 0 0 0 0 0 0 0 0 0 0 0 0 0 0 0 0 0 0 0 
0 0 0 0 0 0 0 0 0 0 0 0 0 0 0 0 0 0 0 0 0 0 1 0 0 0 0 0 0 0 0 0 0 1 0 0 0 1 0 1 
0 0 0 0 0 0 0 1 0 1 0 0 0 0 0 0 0 0 1 0 0 0 0 0 0 0 0 0 0 0 0 0 0 0 0 0 0 0 2 0 
0 0 1 0 0 0 0 0 0 0 0 0 0 0 0 0 0 2 3 0 1 0 1 0 0 0 1 0 0 0 0 0 0 0 0 1 1 1 1 2 
0 0 0 0 0 0 0 0 0 0 0 0 0 0 1 0 0 1 2 0 0 0 1 0 0 0 0 0 0 1 0 0 0 1 0 0 1 1 2 2 
0 0 0 0 0 0 0 0 0 0 0 0 0 0 0 1 0 0 0 0 0 0 0 0 0 0 0 0 1 0 0 0 0 0 0 0 1 0 0 1 
0 0 0 0 0 0 0 0 0 0 0 0 0 0 0 0 0 0 2 0 0 1 1 0 0 0 0 0 0 0 0 0 0 0 0 0 0 2 0 0 
1 0 0 0 0 0 0 0 0 0 0 0 0 0 0 0 0 1 1 3 2 0 0 1 0 0 0 0 0 0 0 0 1 0 0 0 3 0 1 0 
0 0 1 0 0 0 0 0 0 0 0 1 0 0 0 0 0 1 0 1 2 0 1 1 0 0 0 0 0 0 0 0 0 1 1 0 0 2 0 0 
0 0 0 0 0 0 0 0 0 0 0 0 0 0 0 0 1 2 1 0 0 0 1 1 1 0 1 0 0 0 0 0 0 0 0 0 1 0 1 0 
0 0 0 0 0 1 0 0 0 1 0 0 0 0 0 0 2 0 1 1 0 0 1 1 1 0 0 0 0 0 0 0 1 0 0 1 0 1 1 0 
0 0 0 0 0 0 0 0 0 0 0 0 1 0 0 0 0 1 0 0 2 0 1 1 0 0 0 0 1 1 0 0 0 0 1 0 1 0 0 0 
0 0 0 0 0 0 0 0 0 1 0 0 0 0 0 0 1 3 1 1 3 0 3 0 0 0 0 0 0 0 0 0 0 0 0 0 0 0 0 0 
0 0 0 0 0 0 0 0 0 0 0 0 1 0 0 0 1 1 2 3 0 0 1 0 1 1 0 0 0 0 0 0 0 1 3 4 2 1 0 0 
0 0 0 0 0 0 0 0 0 1 0 0 0 0 0 0 0 3 2 1 0 1 1 0 0 0 0 0 2 0 0 0 0 0 0 1 3 1 1 1 
0 0 0 0 0 0 0 0 0 0 0 0 0 0 0 2 0 3 1 1 3 0 2 0 0 0 0 0 0 0 0 0 0 1 0 0 0 0 0 0 
0 0 0 0 0 0 0 0 0 0 0 1 0 0 0 0 1 0 2 2 1 2 1 0 0 1 1 1 0 0 0 2 2 0 2 3 2 1 1 1 
0 0 0 0 0 0 0 0 0 0 0 1 0 0 0 0 0 0 0 0 1 1 2 0 0 0 0 0 0 0 0 1 1 2 0 0 4 0 1 1 
0 0 0 0 0 0 0 1 0 0 0 0 0 2 1 1 2 2 1 2 1 3 0 1 0 0 0 0 0 0 0 0 0 1 0 0 0 1 0 0 
0 0 0 0 0 0 0 0 0 0 0 0 1 0 1 1 0 0 2 1 1 1 0 0 0 0 1 0 0 0 0 0 1 1 0 2 1 0 0 0 
0 0 0 0 0 0 0 0 2 0 0 0 0 1 2 1 1 5 0 2 0 2 3 0 0 0 0 0 0 1 0 0 1 1 0 0 0 0 0 0 

0 0 0 0 0 0 0 0 0 0 0 0 0 0 0 0 2 1 1 1 0 0 0 0 0 0 0 0 0 0 0 0 0 0 0 0 0 1 0 0 
0 0 0 0 0 0 0 0 0 0 0 0 0 0 0 0 0 0 1 1 1 0 0 0 0 0 0 0 0 0 0 0 0 0 1 0 0 0 0 0 
0 0 0 0 0 0 0 0 0 0 0 0 0 0 1 0 0 1 0 1 0 0 0 0 0 0 0 0 0 1 0 0 0 0 0 0 0 1 0 0 
0 0 0 0 0 0 0 0 0 0 0 0 0 0 0 0 0 0 0 0 0 0 0 0 0 0 0 0 0 0 0 0 0 0 0 0 0 1 0 0 
0 0 0 0 0 0 0 0 0 0 0 0 0 0 0 0 0 1 0 1 0 0 0 0 0 0 0 0 0 0 0 0 0 0 0 0 0 1 0 1 
0 0 0 0 0 0 1 1 0 0 0 0 0 0 1 0 0 0 0 0 0 0 0 0 0 0 0 0 0 0 0 0 0 0 0 0 0 0 1 1 
0 0 0 0 0 0 0 0 0 0 0 0 0 0 0 0 0 1 0 0 0 0 1 0 0 0 0 0 0 0 0 0 0 0 0 0 0 1 1 1 
0 0 0 0 0 0 0 0 0 0 0 0 0 0 0 0 0 2 0 1 1 0 0 1 1 0 0 0 0 1 0 0 0 0 0 0 1 0 2 0 
0 0 0 0 0 0 0 0 0 0 0 0 0 0 0 0 2 0 1 1 1 0 0 0 0 0 0 0 0 0 0 0 0 0 0 0 0 1 1 3 
0 0 0 0 0 0 0 0 0 0 0 0 0 0 0 0 0 0 0 0 0 0 0 0 0 0 0 0 0 0 0 0 0 0 1 0 0 1 0 1 
0 0 0 0 0 0 0 0 0 0 0 0 0 0 0 0 1 0 1 1 0 1 0 0 0 1 0 0 0 0 1 0 0 0 1 0 1 3 0 0 
0 0 0 0 0 0 0 0 0 0 0 0 0 0 1 0 0 0 0 1 0 0 0 2 0 0 0 0 0 0 0 0 1 0 0 0 0 0 1 4 
0 0 0 0 0 0 0 0 0 0 0 0 0 0 0 0 0 0 2 0 1 1 1 0 0 0 0 0 0 0 0 0 1 1 0 0 0 1 0 2 
0 0 0 0 0 0 0 0 0 0 0 0 0 0 0 0 1 0 1 3 1 0 0 1 0 0 0 0 0 0 0 0 0 0 0 1 0 0 2 1 
0 0 0 0 0 0 0 0 0 0 0 0 0 0 0 0 0 0 2 0 2 0 0 0 0 0 0 0 0 0 0 0 0 0 0 1 0 2 1 0 
0 0 0 0 0 0 0 0 0 0 0 0 0 0 0 0 1 1 0 1 0 0 3 1 0 1 0 0 0 0 0 0 0 1 0 0 0 0 2 0 
0 0 0 0 0 0 0 0 0 0 0 2 0 1 1 1 4 1 2 1 0 2 1 0 0 0 1 0 0 0 0 0 0 0 0 0 2 0 1 0 
0 0 0 0 0 0 0 0 0 0 0 0 0 0 0 2 1 2 0 1 0 0 0 0 0 0 1 0 0 0 0 0 0 0 0 2 0 0 0 1 
0 0 0 0 0 0 0 0 0 0 0 0 0 1 1 1 1 1 0 0 2 0 0 1 0 0 0 0 0 0 0 0 0 0 0 1 1 1 0 0 
0 0 0 0 1 0 0 0 0 0 0 0 1 0 1 0 2 1 2 2 0 0 0 0 1 0 0 0 0 0 0 0 1 0 0 1 2 1 1 0 
0 0 0 0 0 0 0 0 0 0 0 0 0 0 0 1 0 0 0 1 0 0 0 1 0 0 0 0 0 2 1 0 0 1 0 0 0 2 0 1 
0 0 0 0 0 0 0 0 0 0 0 0 0 0 0 0 0 0 2 0 0 0 1 0 0 0 0 0 0 0 0 0 1 0 0 0 0 0 0 0 
0 0 0 0 0 0 0 0 0 0 2 1 0 0 0 2 0 1 1 0 1 1 1 0 0 0 0 0 0 0 0 0 1 5 2 3 1 1 0 1 
0 0 0 0 0 0 0 0 0 0 0 0 0 0 0 1 1 1 0 0 0 0 0 0 0 0 0 0 1 0 1 1 0 1 0 0 0 1 0 1 

0 0 0 0 0 0 0 1 0 0 0 0 0 0 0 0 0 0 0 0 0 0 0 0 0 0 0 0 0 0 0 0 0 0 1 1 0 0 0 0 
0 0 0 0 0 1 0 0 1 0 0 0 0 0 0 0 0 0 0 0 0 0 0 0 0 0 0 0 0 0 0 0 0 0 0 0 0 1 0 0 
0 0 0 0 0 0 0 0 0 0 1 0 0 0 0 0 0 0 1 0 0 0 1 0 0 0 0 0 0 0 0 0 0 0 0 0 0 1 0 2 
0 0 0 0 0 0 0 1 0 0 0 0 0 0 0 0 0 0 0 1 0 0 0 0 1 0 0 0 0 0 0 0 0 0 1 0 0 2 1 4 
0 0 0 0 0 0 0 0 0 0 0 0 0 0 0 0 0 1 0 0 0 0 0 1 0 0 0 0 0 0 0 0 0 1 0 0 0 0 0 3 
0 0 0 0 0 0 0 0 0 0 0 0 0 0 0 0 0 0 0 0 0 0 0 0 0 0 0 0 0 0 0 0 0 0 0 0 0 0 2 2 
0 0 0 0 0 0 0 0 0 0 0 0 0 0 0 0 0 0 0 0 0 0 0 0 0 0 0 0 0 1 0 0 0 0 1 1 0 1 1 1 
0 0 0 0 0 0 0 0 0 0 1 0 1 0 0 1 0 1 0 0 0 0 0 0 0 0 0 0 0 0 0 0 0 0 0 1 1 2 1 1 
0 0 0 0 0 0 0 0 0 0 0 0 0 0 0 1 0 0 0 0 0 0 0 0 0 0 0 0 0 0 0 0 0 3 0 0 1 0 2 1 
0 0 0 0 0 0 0 0 0 0 0 0 0 0 0 0 0 1 0 3 0 0 1 0 0 0 1 0 0 0 0 1 0 1 0 0 0 1 0 0 
0 0 0 0 0 0 0 0 0 0 0 0 0 0 0 0 0 1 1 0 1 1 0 0 0 1 0 0 0 0 1 1 0 1 1 1 1 1 1 1 
0 0 0 0 0 0 0 0 0 0 0 1 0 0 1 1 0 0 0 0 1 0 0 0 0 0 0 0 0 0 0 0 0 0 1 0 1 0 1 2 
0 0 0 0 0 0 0 0 0 0 0 0 0 0 0 0 0 0 0 1 1 0 0 0 1 0 0 0 0 0 0 0 0 0 1 2 1 1 1 0 
0 0 0 0 0 0 0 0 0 0 0 0 0 0 0 1 1 1 0 1 0 0 0 0 0 0 0 0 0 0 0 1 1 2 1 2 4 4 2 1 
0 0 0 0 0 0 0 0 0 0 0 0 0 0 0 0 0 1 0 0 1 0 0 0 0 0 0 0 0 0 0 2 0 0 0 0 2 1 0 1 
0 0 0 0 0 0 0 1 0 0 0 0 0 0 1 0 1 0 0 0 1 1 0 1 0 1 0 0 0 0 1 0 1 0 1 2 1 0 0 0 
0 1 0 0 1 0 0 0 0 0 0 0 0 0 1 1 0 1 0 2 1 0 0 0 1 0 0 1 0 0 0 3 1 1 1 3 2 0 2 1 
0 0 0 0 0 0 0 0 0 1 0 0 0 0 0 0 1 0 0 0 0 1 0 0 1 1 0 1 0 0 1 0 1 0 0 3 1 3 0 2 
0 0 0 0 0 0 0 0 0 0 0 1 0 0 1 0 0 1 0 0 0 1 0 0 0 0 0 0 0 0 0 0 1 0 0 0 0 1 0 1 
0 0 0 0 0 0 0 0 0 0 0 1 0 0 2 0 0 0 1 1 0 0 0 0 0 0 0 0 0 1 1 1 0 1 4 2 1 0 0 0 
0 0 0 0 0 0 0 0 0 0 0 0 0 0 1 0 1 1 0 0 0 1 1 0 0 0 0 0 1 0 0 1 0 0 0 1 0 2 0 1 
0 0 0 0 0 0 0 0 0 0 0 0 0 0 0 0 0 0 0 0 0 0 2 0 0 0 0 0 1 2 0 0 0 0 0 1 1 1 1 0 
0 0 0 0 0 0 0 1 0 0 0 0 1 0 0 1 0 0 0 3 0 0 2 0 0 0 0 0 0 2 1 1 4 2 3 5 2 0 1 0 
0 0 0 0 0 0 0 0 0 0 0 0 3 0 0 0 1 0 0 0 3 1 0 0 0 0 0 0 0 0 1 0 1 2 3 0 0 1 1 0 

0 0 0 0 0 0 0 0 0 0 0 0 0 0 0 0 0 0 0 0 0 0 0 0 0 0 0 0 0 0 0 0 0 0 0 0 0 0 0 0 
0 0 0 0 0 0 0 0 0 0 0 0 0 0 0 0 1 2 0 0 0 0 0 0 0 0 0 0 0 0 1 1 0 0 0 0 0 1 1 0 
0 0 0 0 0 0 0 0 0 0 0 0 0 0 0 1 0 0 0 1 1 0 0 0 0 0 0 0 0 0 0 0 0 0 0 1 0 1 3 0 
0 0 0 0 0 0 0 0 0 0 0 0 0 0 0 0 0 0 0 0 0 0 0 1 0 0 0 0 0 0 0 0 0 0 0 0 0 1 0 3 
1 0 0 0 0 0 0 0 0 0 0 0 0 0 0 0 0 0 0 0 0 0 1 0 0 1 0 0 0 0 1 0 0 1 0 0 0 1 2 1 
0 0 0 0 0 0 0 0 0 0 0 0 0 0 0 0 1 0 0 0 0 1 0 0 0 0 0 0 0 0 0 0 0 0 0 1 0 0 0 0 
0 0 0 0 0 0 0 0 0 0 0 0 0 0 0 0 0 0 0 0 0 0 0 0 0 0 1 0 0 0 0 2 0 0 0 2 1 2 1 2 
0 0 0 0 0 0 0 0 0 0 0 0 0 0 0 0 0 1 0 0 0 0 0 0 0 0 0 0 0 0 0 0 0 0 0 1 0 4 0 4 
0 0 0 0 0 0 0 0 0 0 0 0 0 0 0 0 0 0 0 1 0 0 2 0 0 0 0 0 0 0 0 0 0 1 1 0 1 3 3 3 
0 0 0 0 0 0 0 0 0 0 0 0 0 0 0 0 0 0 0 0 0 0 0 0 0 1 0 0 0 1 0 0 1 1 0 0 0 0 4 2 
0 0 0 0 0 0 0 0 1 0 0 0 0 0 0 0 0 0 1 1 0 0 1 0 0 1 0 0 0 0 0 1 0 1 0 2 4 3 1 0 
0 0 0 0 0 0 0 0 0 0 0 0 0 0 0 0 0 0 0 0 0 0 0 0 0 0 0 0 0 0 0 0 0 0 0 1 0 2 1 2 
0 0 0 0 0 0 0 0 0 0 0 0 0 0 0 0 0 1 0 0 0 0 0 1 0 0 0 0 0 0 0 0 1 2 1 0 1 5 2 1 
0 0 0 0 0 0 0 0 0 0 0 0 0 0 0 0 0 0 1 2 0 0 0 0 0 1 0 1 0 1 0 0 0 0 3 2 0 7 5 3 
0 0 0 0 0 0 0 0 0 0 0 0 0 0 0 0 0 0 0 1 1 0 1 0 0 0 1 0 0 0 0 1 1 0 1 1 2 0 1 0 
0 0 0 0 0 0 0 0 0 0 0 0 0 0 0 0 0 0 0 0 1 0 0 0 0 1 0 0 0 0 0 0 0 0 2 0 3 1 0 1 
0 0 0 0 0 0 0 0 0 0 1 0 1 0 0 1 2 0 1 1 1 0 0 0 0 1 0 0 0 0 0 0 1 0 0 2 1 0 1 0 
0 1 0 0 0 0 0 0 0 0 0 0 0 0 0 0 0 0 0 0 1 2 0 0 0 0 0 0 0 0 0 1 0 0 0 1 2 0 1 1 
0 0 0 0 0 0 0 0 0 0 0 0 0 0 0 1 0 0 1 0 0 1 0 0 0 0 0 0 0 0 0 0 0 1 2 0 0 0 0 2 
0 0 0 0 0 0 0 0 0 0 0 0 0 1 0 1 0 0 0 2 0 1 0 0 1 0 0 0 0 0 1 0 0 2 0 4 1 1 0 0 
0 0 0 0 0 0 0 0 0 1 0 0 0 1 0 0 0 0 0 0 0 0 0 0 0 0 0 0 0 0 0 0 2 1 1 1 2 1 5 0 
0 0 0 0 0 0 0 0 0 0 0 0 0 0 0 0 0 1 0 0 1 0 0 0 0 1 0 1 0 1 0 1 0 2 1 0 1 2 2 0 
0 0 0 0 0 0 0 0 0 0 1 0 0 0 0 0 2 0 1 0 1 0 0 0 0 1 0 0 2 2 1 1 4 1 5 9 3 1 2 1 
0 0 0 0 0 0 0 0 0 0 0 0 0 0 0 1 0 1 0 1 0 0 1 0 0 1 0 0 0 1 1 0 0 0 0 5 1 1 0 0 

0 0 0 0 0 0 0 0 0 1 0 0 0 0 0 0 1 0 0 0 0 0 0 0 0 0 0 0 0 0 0 1 0 1 0 0 0 0 1 1 
0 0 0 0 0 0 0 0 0 0 0 0 0 0 0 0 0 0 0 0 0 0 0 0 0 0 0 0 0 0 0 0 0 0 0 0 0 0 1 2 
0 0 0 0 0 0 0 0 0 0 0 1 0 0 0 0 0 1 0 0 0 0 0 0 0 0 0 0 0 0 1 0 0 0 0 0 0 2 2 4 
0 0 0 0 0 0 0 0 0 0 0 0 0 0 0 0 0 0 1 0 1 0 0 0 0 0 0 0 0 0 0 1 0 0 0 0 0 0 3 1 
0 0 0 0 0 0 0 0 0 0 0 0 0 0 0 0 0 0 0 0 0 0 0 0 0 0 0 0 0 0 0 0 0 1 0 0 0 3 1 3 
0 0 0 0 0 0 0 0 0 0 0 0 0 0 0 0 0 0 0 0 0 0 0 0 0 0 1 0 0 0 0 0 0 0 0 1 1 0 3 2 
0 0 0 0 0 0 0 0 0 1 0 0 0 0 0 0 0 0 0 0 0 0 1 0 0 0 0 0 0 0 0 0 0 1 1 1 2 3 2 2 
0 0 0 0 0 0 0 0 0 0 0 0 0 0 0 0 0 0 0 1 0 0 0 0 0 0 0 0 0 0 0 0 0 2 1 3 2 4 8 8 
0 0 0 0 0 0 0 0 0 0 0 0 0 0 0 1 0 0 1 0 0 0 0 0 0 0 0 0 0 0 0 0 0 0 1 3 4 1 3 4 
0 0 0 1 0 0 0 0 0 0 0 0 0 0 0 0 0 0 0 1 0 0 0 0 0 0 0 0 0 0 0 1 0 0 1 0 1 2 0 1 
0 0 0 0 0 1 0 0 0 1 0 0 0 1 0 0 0 2 1 0 1 0 1 0 0 0 0 0 0 0 0 0 0 2 1 2 4 5 3 2 
0 0 0 0 0 0 0 0 0 0 0 0 0 0 0 0 0 1 0 0 0 0 0 0 0 0 0 1 1 0 0 0 0 0 0 1 4 4 1 2 
0 0 0 0 0 0 0 0 0 0 0 0 1 0 0 0 0 0 0 0 0 0 0 0 0 0 0 0 0 0 1 0 0 2 2 4 1 0 1 2 
0 0 0 0 1 0 0 0 0 0 0 0 0 0 0 0 0 0 0 0 1 0 0 0 0 1 0 0 0 1 0 2 1 0 4 1 3 10 5 5 
0 0 0 0 0 0 0 0 0 0 1 0 0 0 0 0 0 1 0 0 1 0 0 0 0 0 0 0 0 0 2 1 1 2 1 5 8 2 5 3 
0 0 0 0 0 1 0 0 1 0 1 1 0 1 0 0 0 0 3 0 0 1 0 0 0 0 0 0 1 0 0 0 0 2 0 4 1 3 0 1 
0 0 0 0 0 0 0 0 0 0 0 0 0 0 1 0 3 0 0 0 0 0 0 0 0 0 0 2 0 0 0 0 2 4 2 5 0 2 0 0 
0 0 0 0 0 0 0 0 0 0 0 0 0 0 0 0 0 0 0 0 1 0 0 0 0 0 1 0 0 1 0 0 0 3 0 2 4 2 1 0 
0 0 0 0 0 0 0 0 0 0 0 0 0 0 0 1 0 1 0 0 0 0 2 0 0 0 1 0 0 0 0 0 0 2 2 2 4 2 3 3 
0 0 0 0 0 0 0 0 0 0 0 0 0 0 0 0 1 0 0 0 0 0 0 0 2 1 0 0 0 0 1 0 3 1 4 8 1 0 3 0 
0 0 0 0 0 0 0 0 0 0 0 0 0 0 0 0 0 0 0 0 0 0 0 0 0 0 0 0 0 0 0 0 1 2 2 2 4 1 1 2 
0 0 0 0 0 0 0 0 0 0 0 0 0 0 0 0 0 0 0 0 0 0 0 0 0 0 0 0 1 0 0 0 0 2 2 2 3 1 2 1 
0 0 0 0 0 0 0 0 0 0 0 0 0 0 0 1 0 0 0 0 1 0 0 0 2 0 0 0 2 2 2 1 4 3 7 6 4 1 3 1 
0 0 0 0 0 0 0 1 0 0 0 0 2 0 0 0 0 0 0 0 0 0 0 0 0 1 1 1 0 1 1 2 4 1 0 7 0 6 1 2 

0 0 0 0 0 0 0 0 0 0 0 0 0 0 0 1 0 0 0 0 0 0 0 0 0 0 0 0 0 1 0 0 0 0 0 0 0 2 0 2 
0 0 0 0 0 0 0 0 0 0 0 0 0 0 0 0 0 0 0 0 1 0 0 0 0 0 0 0 0 0 0 0 0 0 0 0 1 0 0 2 
0 0 0 0 0 0 0 0 0 0 0 0 0 0 0 0 0 0 0 0 0 0 0 0 0 0 0 0 0 0 0 0 0 0 0 0 1 1 2 5 
0 0 0 0 0 0 0 0 0 0 0 0 0 0 0 0 0 0 0 0 0 0 0 0 0 0 0 0 0 0 0 0 0 1 1 1 1 1 0 8 
0 0 0 0 0 0 0 0 0 0 0 0 0 0 0 0 0 0 0 0 0 0 0 0 0 0 0 0 0 0 0 0 0 0 0 1 0 2 2 4 
0 0 0 0 0 0 0 0 0 0 0 0 0 0 0 0 0 0 0 0 0 0 0 0 0 0 0 0 0 0 1 0 0 2 0 0 0 0 2 4 
0 0 0 0 0 0 0 0 0 1 0 0 0 0 0 0 0 0 0 0 0 1 0 0 0 1 0 0 0 0 0 1 0 1 0 2 0 0 1 4 
0 0 0 0 0 0 0 0 0 0 0 0 0 0 0 0 0 0 0 0 0 0 0 0 0 0 0 0 0 0 1 0 0 3 1 2 1 3 5 3 
0 0 0 1 0 0 0 0 0 0 0 0 0 0 0 0 0 0 0 0 0 0 0 1 0 0 0 0 0 0 0 0 0 0 0 1 4 3 2 5 
0 0 0 0 0 0 0 0 0 0 0 0 0 0 0 0 0 0 0 0 0 0 0 0 0 0 0 1 0 1 0 0 0 1 0 3 0 2 5 1 
0 0 0 0 0 0 0 0 0 0 0 0 0 0 0 0 0 0 0 0 1 0 0 1 0 0 0 0 0 0 0 1 2 1 0 0 3 6 5 3 
0 0 0 0 0 0 0 0 0 0 0 0 1 0 0 0 0 0 0 0 0 0 0 0 0 0 0 0 1 0 0 0 0 0 1 1 0 2 1 4 
0 0 0 0 0 0 0 0 0 0 0 0 0 0 0 0 0 0 0 0 0 0 0 0 0 0 0 0 1 0 1 1 0 0 0 3 1 6 7 2 
0 0 0 0 0 0 0 0 0 0 0 0 0 0 0 0 0 1 1 0 0 0 0 0 0 0 0 0 0 1 2 2 0 0 2 6 1 15 9 3 
0 0 0 0 0 0 0 0 0 0 0 0 0 0 0 0 1 0 0 0 0 0 0 0 0 0 0 2 0 2 1 0 3 2 5 2 6 1 1 8 
0 0 1 0 0 0 0 0 0 0 0 0 1 0 0 0 1 0 0 0 0 0 0 0 0 0 0 0 1 0 1 1 1 1 2 5 2 3 5 6 
0 0 0 0 0 0 0 0 0 0 1 0 0 0 0 0 0 0 1 0 0 0 0 0 0 0 0 0 0 0 2 0 2 1 9 11 7 1 1 2 
0 0 0 0 0 0 0 0 0 0 0 0 0 0 0 0 0 0 0 0 0 0 0 0 0 1 0 1 0 0 2 0 3 1 1 2 2 3 4 3 
0 0 0 0 0 0 0 0 0 0 0 0 0 0 0 0 0 0 0 0 0 0 2 0 0 0 0 0 0 0 0 1 0 3 0 2 2 1 1 2 
0 0 0 0 0 0 1 0 0 0 0 0 0 0 0 0 0 0 1 0 1 1 0 0 0 0 0 0 0 0 1 1 0 1 6 3 3 1 0 1 
0 0 0 0 0 0 0 0 0 0 0 0 0 0 0 0 0 0 1 1 0 0 0 0 0 0 0 0 0 0 0 2 1 0 1 2 5 2 6 4 
0 0 0 0 0 0 0 1 0 0 0 0 0 0 0 0 0 2 0 0 1 1 0 0 1 0 1 0 0 0 0 2 1 7 3 4 9 2 4 4 
0 0 0 0 1 0 0 0 0 0 0 0 0 0 0 0 0 0 0 0 0 1 0 0 0 0 0 0 2 1 0 1 3 1 8 18 4 1 3 2 
0 0 0 0 0 0 0 0 0 0 0 1 0 0 0 0 0 1 0 0 1 0 0 0 0 1 1 0 0 1 1 2 3 5 4 10 2 3 1 1 

0 0 0 0 0 1 0 0 0 0 0 0 0 0 0 0 0 0 0 0 0 0 0 0 0 0 0 0 0 0 0 0 0 0 1 1 1 0 1 1 
0 0 0 0 0 0 0 0 0 0 0 0 0 0 0 0 0 0 0 0 0 0 0 0 0 0 0 0 0 0 0 0 0 0 0 0 1 1 2 3 
0 0 0 0 0 0 0 0 0 0 0 0 0 0 0 0 0 0 0 0 0 0 0 0 0 0 0 0 0 1 0 0 0 0 0 0 1 2 2 2 
0 0 0 1 0 0 0 0 0 0 0 0 0 0 0 0 0 0 0 0 0 0 0 1 0 0 0 0 0 0 0 0 0 0 0 2 0 1 1 3 
0 0 0 0 0 0 0 0 0 0 0 0 0 0 0 1 0 0 0 0 0 0 0 0 0 0 0 0 0 0 0 0 0 0 1 1 0 5 3 6 
0 0 0 0 0 0 0 0 0 0 0 0 0 0 0 0 0 0 0 0 0 1 0 0 0 0 0 0 0 0 0 0 0 0 0 1 1 2 4 8 
0 0 0 0 0 0 0 0 0 0 0 0 0 0 0 0 0 0 0 0 0 0 0 0 0 0 0 0 0 0 0 0 0 1 1 1 2 3 6 8 
0 0 0 0 0 0 0 0 0 0 0 0 0 0 0 0 0 0 0 1 0 0 1 0 0 0 0 0 0 1 0 1 0 0 2 2 5 7 5 9 
0 0 0 0 0 0 0 0 0 0 0 0 0 0 0 0 0 0 0 0 0 0 0 0 0 0 1 0 0 1 0 1 2 0 2 4 5 4 6 8 
0 0 0 0 0 0 0 0 0 0 0 0 0 0 0 0 0 0 0 0 0 0 0 0 0 0 0 0 0 1 1 0 1 3 0 2 5 6 10 4 
0 0 0 0 0 0 0 0 0 0 0 0 0 0 0 0 0 0 0 0 0 0 0 0 0 0 1 0 0 0 1 1 0 1 3 12 10 11 7 12 
0 0 0 0 0 0 0 0 0 0 0 0 0 0 0 0 0 0 0 0 0 0 0 0 0 0 0 1 1 1 0 1 1 1 1 4 3 9 9 9 
0 0 0 0 0 0 0 0 0 0 0 0 0 0 0 0 0 1 0 0 0 0 0 0 0 0 0 0 0 1 0 0 1 0 1 2 2 5 17 4 
0 0 1 0 0 0 0 0 0 0 0 0 0 0 0 0 0 0 1 0 0 1 0 0 0 0 0 1 1 2 2 1 2 2 12 10 10 32 17 11 
0 0 0 0 0 0 0 0 0 0 0 0 0 0 0 0 1 0 0 0 0 1 0 0 0 0 0 0 0 0 0 0 0 5 3 8 10 6 9 6 
0 1 0 0 0 0 0 0 0 0 0 0 0 0 0 0 1 0 0 0 0 0 0 0 0 0 0 0 1 0 0 1 1 3 4 5 7 4 5 5 
0 0 0 0 0 0 0 0 0 0 0 1 0 0 0 0 0 0 2 1 0 0 0 0 0 0 1 0 1 1 2 1 2 0 13 15 17 5 5 2 
0 0 0 0 0 0 0 0 0 0 0 0 0 0 0 0 0 0 0 0 0 0 0 1 0 0 1 0 0 1 0 1 0 3 2 6 8 7 0 5 
0 0 0 0 0 0 0 0 0 0 0 0 0 0 0 0 0 0 0 0 0 0 0 0 0 0 0 2 0 0 0 0 0 3 1 7 10 1 4 5 
0 0 1 0 0 0 0 0 0 0 0 0 0 0 0 0 0 0 1 0 1 0 0 0 1 0 0 0 1 0 0 5 0 4 9 8 11 0 3 1 
0 0 0 0 0 0 0 0 0 0 0 0 0 1 0 0 0 0 1 0 0 0 0 0 0 0 0 0 0 0 1 2 3 11 8 13 16 2 7 0 
0 0 0 0 0 0 0 1 0 0 0 0 0 0 0 0 0 1 0 0 0 0 2 0 1 0 0 0 0 0 2 0 2 5 9 17 13 1 5 6 
0 0 0 0 0 0 0 0 0 0 1 0 0 0 0 0 0 0 1 0 0 1 0 0 0 0 1 0 2 2 1 1 14 8 20 34 17 5 2 2 
0 0 0 0 0 0 0 0 0 0 0 0 0 0 0 0 0 0 0 0 1 0 1 0 0 0 1 5 1 1 2 5 3 29 39 27 10 1 4 1 

0 0 0 0 0 0 0 1 0 0 0 0 0 0 0 0 0 0 0 0 0 0 0 0 0 0 0 0 0 0 0 0 0 0 2 0 0 4 2 5 
0 0 0 0 0 0 0 0 0 0 0 0 0 0 0 0 0 0 0 0 0 0 0 0 0 0 0 0 0 1 0 0 0 0 1 1 1 1 1 1 
0 0 0 0 0 0 0 0 0 0 0 0 0 0 0 0 0 0 0 0 0 0 0 0 0 0 0 0 0 0 0 0 0 0 0 2 1 1 2 4 
0 0 0 0 0 0 0 0 0 0 0 0 0 0 0 0 0 0 0 0 0 0 0 0 0 0 0 0 0 0 0 0 0 0 0 1 0 0 2 9 
0 0 0 0 0 0 0 0 0 0 0 0 0 0 0 0 0 1 0 0 1 0 0 0 0 0 0 0 0 0 0 0 0 0 0 0 0 3 7 15 
0 0 0 0 0 0 0 0 0 1 0 0 0 0 0 0 0 1 0 0 0 1 0 0 0 0 0 0 0 0 0 0 0 1 0 0 2 2 4 7 
0 0 0 0 0 0 0 0 0 0 0 1 0 0 0 0 0 0 0 0 1 0 0 0 0 0 0 0 1 0 0 1 0 2 2 2 0 11 7 12 
0 0 0 0 0 0 0 1 0 0 0 0 0 0 0 0 0 1 0 0 0 0 0 0 0 0 0 0 0 0 0 0 0 1 4 1 4 11 8 22 
0 0 0 0 0 0 0 0 0 0 0 0 0 0 0 0 0 0 0 1 0 1 0 0 0 0 0 0 0 0 0 1 0 0 1 1 5 7 12 22 
0 0 0 1 0 0 0 0 0 0 0 0 0 0 0 0 0 0 0 0 0 0 0 0 1 0 0 0 0 0 2 1 3 1 7 2 6 16 9 6 
0 0 0 0 0 0 1 0 0 0 0 0 0 0 0 0 0 1 0 0 0 0 0 0 0 0 0 0 0 0 0 3 1 2 2 6 11 12 10 9 
0 0 0 0 0 0 0 0 0 0 0 0 0 0 0 0 0 0 0 0 0 0 0 0 0 0 1 0 0 0 0 0 0 1 4 6 8 10 8 19 
0 0 0 0 0 0 0 0 0 0 0 0 0 0 0 0 0 0 1 1 0 0 0 0 0 0 0 0 1 1 0 0 2 1 4 2 6 36 30 3 
0 0 0 0 0 0 0 0 1 0 0 0 0 0 0 0 0 0 1 0 1 0 0 0 0 0 0 0 0 0 3 1 1 3 11 4 12 41 27 7 
0 0 0 0 0 0 0 0 1 0 0 1 0 0 0 0 0 0 0 0 0 1 0 0 0 0 0 1 1 1 0 2 1 2 6 15 22 14 15 14 
0 0 0 0 0 0 0 0 0 0 0 0 0 0 0 1 0 0 0 0 0 0 0 0 0 0 1 0 0 0 0 0 0 2 4 16 20 8 7 2 
0 0 0 1 0 0 0 0 0 0 1 0 0 0 0 1 1 0 1 1 0 0 0 0 0 0 0 1 0 0 0 1 2 2 19 18 27 9 2 2 
0 0 0 0 0 1 0 0 1 0 0 0 0 1 0 0 0 1 0 0 0 0 0 0 0 0 0 0 1 0 2 2 0 4 7 14 7 6 4 4 
0 0 0 0 0 0 0 1 0 0 0 0 0 0 0 0 0 1 0 1 0 0 0 0 0 0 0 0 0 2 0 0 1 4 5 19 21 2 5 1 
0 0 0 0 0 0 0 0 0 0 0 0 0 0 0 1 0 0 1 0 0 0 0 0 0 1 0 0 0 0 2 1 1 6 17 34 17 4 3 2 
0 0 0 0 0 1 0 0 0 1 0 0 0 0 0 0 0 0 0 1 0 0 0 0 0 0 1 0 0 0 4 3 2 11 23 26 23 11 12 6 
0 0 0 0 0 0 0 0 0 0 0 0 0 0 0 0 0 0 1 0 0 0 0 0 0 0 0 0 0 0 1 3 3 13 30 45 29 7 8 1 
0 0 0 0 0 0 1 0 0 0 0 0 0 0 0 0 0 0 1 0 0 0 0 0 0 0 0 1 2 1 4 0 10 20 560 81 24 2 1 2 
0 0 0 0 0 0 1 0 1 0 0 0 0 0 0 1 0 0 0 1 0 1 0 1 0 0 0 3 0 3 10 10 22 33 388 67 27 11 8 9 

0 0 0 0 0 0 0 0 0 0 0 0 0 0 0 0 0 0 0 0 0 0 0 0 0 0 0 0 0 0 0 0 0 0 0 0 1 1 1 10 
0 0 0 0 0 0 0 0 0 0 0 0 0 0 0 0 0 0 0 0 0 0 0 0 0 0 0 0 1 0 0 0 0 0 1 1 0 2 4 6 
0 0 0 0 0 0 0 0 0 0 0 0 0 0 0 0 0 0 0 0 0 0 0 0 0 0 0 0 0 1 0 0 0 0 1 1 0 4 6 11 
0 0 0 0 0 0 0 0 0 0 0 0 0 0 0 0 0 0 0 0 0 0 0 0 0 0 0 0 0 0 1 0 0 0 0 1 1 2 4 18 
0 0 0 0 0 0 0 1 0 0 0 0 0 0 0 0 0 0 0 0 0 0 0 0 0 0 0 1 0 0 0 0 2 1 1 4 1 7 8 42 
0 0 0 0 0 0 0 0 0 0 0 0 0 0 0 0 0 0 0 0 0 0 1 0 0 0 0 0 0 1 1 1 1 0 0 4 5 12 21 24 
0 0 0 0 0 0 0 0 0 0 0 0 0 0 0 0 0 0 1 0 2 1 0 0 0 0 0 0 0 1 0 1 0 4 1 2 1 11 19 25 
0 0 0 0 0 0 0 0 0 0 0 0 0 0 0 1 0 0 0 0 0 0 0 0 0 0 0 0 0 0 0 3 1 3 2 6 15 32 23 32 
0 0 0 0 0 0 0 0 0 0 0 0 0 0 0 0 0 0 0 1 0 0 0 0 0 0 0 0 0 0 2 1 0 0 3 7 12 39 39 29 
0 0 0 0 0 0 0 0 0 0 0 0 0 0 0 0 0 1 0 0 0 0 0 0 0 0 0 1 0 2 1 1 0 3 6 7 8 18 45 15 
0 0 0 0 0 0 0 0 0 0 0 0 0 0 0 0 0 1 0 0 0 0 1 0 0 0 0 0 1 0 0 1 5 4 5 12 50 80 46 18 
0 0 0 0 0 0 0 0 0 0 0 0 0 0 0 0 0 0 0 0 0 1 0 0 0 0 0 0 1 0 1 1 2 3 3 9 27 43 37 19 
0 0 0 0 0 0 0 0 0 0 0 0 0 0 0 0 0 1 0 0 0 0 0 0 0 1 0 1 1 1 1 1 1 7 3 8 37 57 67 13 
0 0 0 0 0 0 0 0 0 0 0 0 0 0 0 0 0 0 0 0 0 0 1 0 0 0 0 0 1 1 1 2 7 9 20 27 125 121 51 14 
0 1 0 0 0 0 0 0 0 0 0 0 0 0 0 0 0 0 0 0 0 0 0 0 1 0 0 0 1 0 1 1 3 4 9 24 249 33 26 25 
1 1 0 0 0 0 0 0 0 0 0 0 0 0 0 1 0 0 1 0 2 1 0 0 0 0 1 0 1 1 1 2 2 6 10 67 283 15 26 8 
0 0 0 0 0 0 1 0 0 0 0 0 0 0 0 0 0 0 2 0 0 0 0 0 0 0 1 1 0 0 4 3 5 9 33 269 134 17 4 4 
0 0 0 0 0 0 0 0 0 0 0 0 0 0 0 0 0 0 1 0 0 0 0 0 0 0 0 1 0 0 1 5 2 5 10 228 40 8 6 3 
0 0 0 0 0 0 0 0 0 0 0 0 0 0 0 0 0 0 0 0 0 0 0 0 0 0 0 0 0 0 0 0 1 6 12 132 46 10 9 4 
0 0 0 0 0 0 1 0 0 0 0 0 0 0 0 0 0 0 0 0 0 0 0 0 0 0 0 0 2 0 0 0 6 5 47 253 31 9 7 2 
0 0 0 0 0 0 0 0 0 0 0 0 0 0 1 0 1 0 0 0 0 0 1 0 0 0 0 0 0 2 0 2 2 6 50 49 14 12 4 8 
0 0 0 0 0 0 0 0 0 0 0 0 0 0 0 0 0 0 0 0 0 0 1 0 0 0 0 0 1 3 1 0 2 9 104 61 21 2 4 5 
0 0 1 0 0 0 0 0 0 0 0 0 0 0 0 0 0 2 0 0 0 0 0 0 0 0 1 0 2 1 4 3 12 20 154 55 17 4 2 6 
0 0 0 0 0 0 0 0 0 0 1 0 0 0 0 0 0 0 0 1 0 0 1 0 0 0 2 0 1 6 6 11 23 50 109 52 20 19 7 10 

0 0 0 0 0 0 0 0 0 0 0 0 0 0 0 0 0 0 0 0 0 0 0 0 0 0 0 0 0 0 0 0 0 0 0 0 1 2 2 8 
0 0 0 0 0 0 0 0 0 0 0 0 0 0 0 0 0 0 0 0 0 0 0 0 0 0 0 1 0 0 0 0 0 0 2 0 1 2 6 11 
0 0 0 0 0 0 0 0 0 0 0 0 0 0 0 0 0 0 0 0 0 0 0 0 0 0 0 0 0 0 0 0 0 0 0 0 1 3 6 25 
0 0 0 0 0 0 0 0 0 0 0 0 0 0 0 0 0 0 0 0 0 0 0 0 0 0 0 0 0 0 0 0 0 0 0 0 1 7 4 64 
0 0 0 0 0 0 0 1 0 0 0 0 0 0 0 0 0 0 0 0 0 0 0 0 0 0 0 1 0 0 0 0 0 1 0 1 5 7 24 74 
0 0 0 0 0 0 0 0 0 0 0 0 0 0 0 0 2 1 0 0 0 0 0 0 0 0 0 0 0 0 1 1 0 2 0 4 9 14 52 72 
0 0 0 0 0 0 0 0 0 0 0 0 0 0 0 0 0 0 0 0 0 0 0 0 1 0 1 0 0 1 0 0 0 1 0 0 4 17 62 99 
0 0 0 0 0 0 0 0 0 0 0 0 0 0 0 0 0 0 1 1 1 0 0 0 0 0 0 0 0 1 0 0 1 0 1 8 15 37 111 66 
0 0 1 0 0 0 0 1 0 1 0 0 1 0 0 0 0 0 0 0 1 0 0 0 1 0 0 0 0 1 2 2 3 1 4 8 17 69 109 66 
0 0 0 0 0 0 0 0 0 0 0 0 0 0 0 0 0 0 0 1 1 0 2 0 1 0 0 0 0 0 0 0 3 1 4 6 11 146 141 32 
0 0 0 0 0 0 0 0 2 0 0 0 0 1 0 1 0 0 0 0 0 0 0 0 0 0 1 0 0 0 1 1 4 4 4 17 49 423 91 15 
0 0 0 0 0 0 0 0 0 0 0 0 0 0 1 0 0 1 0 0 0 0 0 0 0 0 0 0 0 1 0 1 1 0 2 7 65 129 30 15 
0 0 0 0 0 0 0 0 0 0 0 0 0 0 0 0 0 1 0 0 1 0 0 0 0 1 1 0 0 0 2 2 3 3 8 12 178 130 61 13 
0 0 0 0 0 0 1 0 0 0 0 0 0 0 0 0 0 0 0 0 0 0 1 0 0 0 0 0 1 2 1 1 2 3 7 19 184 104 34 14 
0 0 0 0 0 0 0 0 0 0 0 0 0 0 0 0 0 0 0 0 1 0 0 0 0 0 0 0 0 2 0 0 2 4 11 9 64 29 26 15 
0 0 0 0 0 0 0 0 0 0 0 0 0 0 0 0 0 0 0 0 0 0 0 0 0 0 0 0 0 2 0 4 1 3 4 29 128 20 19 15 
0 0 0 0 0 0 0 0 0 0 0 0 0 0 0 1 0 0 1 0 0 1 0 0 0 0 0 0 1 1 3 0 3 6 28 76 93 18 13 3 
0 0 0 0 0 0 0 0 0 0 0 0 0 0 0 0 0 1 0 0 0 0 0 0 0 1 0 1 0 0 0 2 4 2 8 36 37 11 7 5 
0 0 0 0 0 0 0 0 0 0 0 0 0 0 0 0 0 0 0 0 0 1 0 0 0 0 0 0 0 0 1 0 3 10 12 39 32 6 5 5 
0 0 0 0 0 0 0 0 0 0 0 0 0 0 0 0 0 0 0 1 0 0 0 0 0 0 0 0 0 0 0 5 7 5 28 55 18 3 6 2 
0 0 0 0 0 0 0 0 0 0 0 0 0 1 0 0 0 0 2 0 0 0 0 2 0 0 0 0 1 0 1 1 2 6 19 16 9 10 2 2 
0 0 0 0 0 0 0 0 0 0 0 0 0 0 0 0 0 0 0 0 0 0 1 0 1 1 1 0 0 1 2 2 4 6 8 16 18 7 2 1 
0 0 0 0 0 0 0 0 0 0 0 0 0 0 0 0 0 0 0 1 0 0 0 0 0 0 2 0 2 0 6 5 8 12 24 37 17 7 3 3 
0 0 0 0 0 0 0 0 1 0 0 0 0 0 0 0 0 0 0 0 0 0 0 0 0 0 0 1 1 2 3 2 4 13 19 20 15 5 4 1 

0 0 0 0 0 0 0 0 0 0 0 0 0 1 0 0 0 1 0 0 0 0 0 0 0 0 0 0 0 0 0 0 0 0 0 1 1 4 2 20 
0 0 0 0 0 0 0 0 0 0 0 0 0 0 0 0 1 0 0 0 0 0 0 0 0 0 0 0 0 0 0 0 0 0 1 1 1 3 6 34 
0 0 0 0 0 0 0 0 0 0 0 0 0 0 0 0 0 0 0 0 0 0 0 0 0 0 0 0 0 0 0 0 0 0 0 1 1 5 6 760 
0 0 0 0 0 0 0 0 0 0 0 0 0 0 0 0 0 0 0 0 0 0 0 0 0 0 0 0 0 0 0 1 0 0 0 0 1 0 7 477 
0 0 0 0 0 0 1 0 0 0 0 0 0 0 0 0 0 0 0 1 0 0 0 0 0 0 0 0 0 0 0 2 0 0 1 1 3 2 44 472 
0 0 0 0 0 0 0 0 1 0 0 0 0 0 0 0 0 0 0 0 1 0 0 0 0 0 0 0 0 0 1 0 0 1 1 1 0 9 74 87 
0 0 0 0 0 0 0 0 0 0 0 0 0 0 0 0 0 1 1 2 0 0 0 0 0 0 0 0 2 0 0 2 0 1 0 1 2 20 340 106 
0 0 0 0 0 0 0 0 0 0 0 0 0 0 0 0 0 0 0 0 0 0 0 1 0 0 0 0 1 0 1 1 0 0 1 6 23 63 221 79 
0 0 0 0 0 0 0 0 0 0 0 0 0 0 0 0 0 0 0 0 0 0 0 0 0 0 1 1 0 1 0 1 1 3 3 8 24 221 121 78 
1 0 0 0 0 0 0 0 0 0 1 0 0 0 0 0 0 0 0 0 0 0 0 0 0 0 0 0 1 1 0 0 1 2 1 2 19 87 118 33 
0 0 0 0 0 0 0 0 0 0 0 0 0 0 0 0 0 0 0 0 0 1 0 0 0 0 0 0 0 1 1 1 2 3 7 13 30 99 44 12 
0 0 0 0 0 0 0 0 0 0 0 0 0 0 0 0 0 0 1 0 0 0 0 0 0 0 0 0 0 2 0 0 2 2 5 11 18 14 13 15 
0 0 0 0 0 0 0 0 0 0 0 0 0 1 0 0 0 0 0 1 0 0 0 0 0 0 0 0 0 0 0 0 0 4 4 8 19 32 34 10 
0 0 0 0 0 0 0 0 0 0 0 0 0 0 0 0 0 0 0 1 0 0 0 0 0 0 0 1 1 1 0 2 3 2 4 6 16 33 24 12 
0 0 0 0 0 0 0 0 0 0 0 0 0 0 0 0 0 0 0 0 0 0 0 0 1 0 0 0 0 0 0 1 1 4 9 18 23 9 14 9 
0 0 0 1 0 0 0 0 0 0 0 0 0 1 0 0 1 0 0 1 0 1 0 1 0 1 0 0 1 0 1 3 2 6 5 15 26 10 10 9 
0 0 0 0 0 0 0 0 0 0 0 0 0 0 0 0 0 0 1 1 0 0 0 0 1 0 0 0 2 0 1 1 4 3 11 17 8 3 8 3 
0 0 0 0 0 0 0 0 0 0 0 0 0 0 0 0 0 0 0 0 0 0 0 0 0 0 2 0 1 0 4 2 2 5 5 13 11 4 5 4 
0 0 0 0 0 0 0 0 0 0 0 1 1 0 0 0 0 0 0 0 1 1 0 0 0 0 0 0 0 0 0 0 2 2 3 8 18 5 8 1 
0 0 0 0 0 0 0 0 0 0 0 1 0 0 0 0 0 0 0 0 0 0 0 0 0 0 0 0 0 0 0 2 5 2 7 13 8 0 3 1 
0 0 0 0 0 0 0 0 0 0 0 0 0 0 0 0 0 0 0 0 0 0 0 0 0 0 0 1 0 0 0 4 1 4 2 6 3 1 3 6 
0 0 0 0 0 0 0 0 0 0 0 0 0 0 0 0 0 0 0 0 0 0 0 0 0 0 0 0 0 0 1 2 0 3 5 6 9 4 4 1 
0 1 0 0 0 0 0 0 0 0 0 0 0 0 0 0 0 0 1 0 0 0 0 0 0 0 0 0 0 0 0 2 4 7 7 19 7 4 1 3 
0 0 0 0 0 0 0 0 0 0 0 0 0 0 0 0 0 0 0 0 0 0 0 0 0 1 0 1 0 1 2 2 8 4 5 8 4 3 1 2 

0 0 0 0 0 0 0 0 0 0 0 0 0 0 0 0 0 0 0 0 0 0 0 0 0 0 0 0 0 0 0 0 0 0 1 2 1 3 1 25 
0 0 0 0 0 0 0 0 0 0 0 0 0 0 0 0 0 0 0 0 0 0 0 0 0 0 0 0 0 0 0 0 0 0 1 0 1 5 5 20 
0 0 0 0 0 0 0 0 0 0 0 0 0 0 0 0 0 1 0 0 1 0 0 0 0 0 0 0 0 0 1 0 0 0 2 0 3 1 11 56 
0 0 0 0 0 0 0 0 0 0 0 0 0 0 0 0 0 0 0 0 0 0 0 0 0 0 0 0 0 0 0 0 0 1 1 1 2 4 8 103 
0 0 0 0 0 0 0 0 0 0 0 0 0 1 0 0 0 0 1 0 0 0 0 1 0 1 0 0 0 0 2 0 0 0 2 1 2 3 29 86 
0 0 0 0 0 0 0 0 0 0 0 1 0 0 0 0 1 1 1 0 0 1 0 0 0 1 0 0 0 0 0 0 0 1 0 0 3 11 23 45 
0 0 0 0 0 0 0 0 0 0 0 0 0 0 0 0 0 0 0 1 0 0 0 0 1 0 0 0 0 0 0 0 0 1 3 5 3 26 44 50 
0 0 0 0 0 0 0 0 0 0 0 0 0 0 0 0 0 1 0 1 0 0 0 0 0 0 0 1 1 0 0 0 4 1 0 8 24 232 52 61 
0 0 0 0 0 0 0 0 0 0 0 0 0 0 0 0 0 0 0 0 2 0 0 0 0 0 0 0 0 0 1 0 0 1 1 1 7 78 48 30 
0 0 0 0 0 0 0 0 1 0 0 0 0 0 0 0 0 0 0 0 0 0 0 0 0 0 0 0 0 0 1 2 1 2 0 3 14 39 44 15 
0 0 0 0 0 0 0 0 0 0 0 0 0 0 0 0 0 0 0 0 0 0 0 0 0 0 0 0 0 0 1 3 3 3 5 13 23 42 37 9 
0 0 0 0 0 0 0 0 0 0 0 0 0 0 0 0 0 0 0 0 0 0 0 0 0 0 2 0 0 0 1 0 0 1 2 6 6 14 14 7 
0 0 0 0 0 0 0 0 0 0 0 0 0 0 0 0 0 0 0 0 0 0 0 0 0 0 0 0 0 1 0 1 0 1 1 3 14 24 25 6 
0 0 0 0 0 0 0 0 0 0 0 0 0 0 0 0 0 0 1 0 0 0 1 0 0 0 0 0 0 1 0 1 2 3 3 4 15 29 17 10 
0 0 0 0 0 0 0 0 0 0 0 0 0 0 0 0 0 0 0 0 0 0 0 0 1 0 0 1 0 0 1 1 0 3 3 12 10 6 8 6 
0 0 0 0 0 0 0 0 0 0 0 0 0 1 0 0 0 0 0 0 1 0 0 0 0 0 0 0 0 0 2 0 1 3 2 12 11 10 5 3 
0 0 0 0 0 1 0 0 0 0 0 0 0 0 0 0 0 0 0 0 1 0 0 0 1 0 0 0 0 1 1 0 1 6 12 17 10 3 2 3 
0 0 0 0 0 0 0 0 0 0 0 0 0 0 0 0 0 0 0 0 0 0 0 0 0 0 1 0 0 1 0 1 3 4 5 5 6 3 1 1 
0 0 0 0 0 0 0 0 0 0 0 0 0 0 0 0 0 0 0 0 1 0 0 0 0 0 0 0 2 1 1 0 0 4 2 12 11 4 2 2 
0 0 0 0 1 0 0 0 0 0 0 0 0 0 0 0 0 0 0 0 0 0 0 0 0 0 1 0 0 0 0 1 2 3 5 12 6 2 4 1 
0 0 0 0 0 0 0 0 0 1 0 0 0 0 0 0 0 0 0 0 0 0 0 0 0 0 0 0 0 0 0 2 0 0 4 5 5 1 1 4 
0 0 0 0 0 0 0 0 0 1 0 1 0 0 0 0 0 0 0 0 0 0 0 0 0 0 0 1 0 0 1 1 2 1 6 12 3 1 0 0 
0 0 0 0 0 0 0 0 0 0 0 0 0 0 0 0 0 0 1 1 0 0 0 0 1 0 1 0 1 0 3 3 3 5 3 10 10 2 2 1 
0 0 0 0 0 1 0 0 0 0 0 0 0 0 0 0 0 0 0 1 0 0 0 0 0 0 0 0 1 0 0 0 3 5 3 0 1 4 1 3 

0 0 0 0 0 0 0 0 0 0 0 0 0 0 0 0 0 0 0 0 0 0 0 0 0 0 0 0 0 0 0 0 0 1 0 2 0 3 3 14 
0 0 0 0 0 0 0 0 0 0 0 0 0 1 0 0 0 0 0 0 0 0 0 0 0 0 0 0 0 0 0 1 0 2 0 1 1 0 2 9 
0 0 0 0 0 0 0 0 0 0 0 0 0 0 0 0 0 0 0 1 1 0 0 0 0 0 0 0 0 0 0 1 0 1 3 2 6 4 29 37 
0 0 0 0 0 0 0 0 0 0 0 0 0 0 0 0 0 0 0 1 0 0 0 0 0 0 0 0 0 1 0 0 0 0 0 7 2 9 9 42 
0 0 0 0 0 0 0 0 0 0 0 0 0 0 0 0 0 0 0 0 0 0 0 0 0 0 0 0 0 1 0 0 1 0 2 1 3 9 15 50 
0 0 0 0 0 1 0 1 0 0 0 0 0 0 0 0 1 0 0 0 0 0 1 0 0 1 1 0 0 1 0 0 0 1 5 4 6 24 33 18 
0 0 0 0 0 0 0 0 0 0 0 0 0 0 0 0 0 0 0 0 0 0 0 0 0 0 0 0 0 0 0 0 1 1 2 4 6 142 67 26 
0 0 0 0 0 0 0 1 0 0 0 0 0 0 0 0 0 0 0 1 0 0 0 0 0 0 0 1 0 0 0 0 1 4 4 10 66 334 55 31 
0 0 0 0 0 0 0 0 0 0 0 1 0 1 0 0 0 0 1 0 0 0 0 0 0 0 0 0 0 2 1 2 2 2 2 13 26 46 30 29 
0 0 0 0 0 0 0 0 0 0 0 1 0 0 0 0 0 0 0 1 0 0 0 0 0 1 0 0 0 0 0 0 0 5 2 9 11 41 27 10 
0 0 0 0 0 0 0 0 0 0 0 0 1 0 0 0 0 1 1 0 0 1 0 0 0 0 1 0 0 0 1 4 4 3 5 4 20 34 11 5 
0 0 0 0 0 0 0 0 0 0 0 0 0 0 0 0 0 0 0 0 1 0 0 0 1 1 0 0 0 0 0 3 1 3 2 3 7 18 15 13 
0 0 0 0 0 0 0 0 0 0 0 0 0 0 0 0 0 0 0 0 0 0 1 0 0 0 0 0 0 0 1 3 2 3 4 2 5 29 18 4 
0 0 0 0 0 0 0 0 0 0 0 0 0 0 0 0 0 0 1 0 0 0 0 0 0 0 0 0 0 0 1 2 0 2 5 7 7 34 12 6 
0 0 0 0 0 0 0 0 0 0 0 0 0 0 0 0 0 0 1 1 1 0 0 0 0 1 1 0 0 2 1 1 4 5 13 4 17 17 7 5 
0 0 0 0 0 0 0 0 0 1 0 0 0 0 0 0 0 0 0 2 0 0 0 0 0 0 0 0 0 0 0 0 0 5 3 13 8 4 10 9 
0 0 0 0 0 0 0 0 0 0 0 0 0 0 0 1 0 1 1 0 0 0 1 1 0 0 1 0 1 1 4 1 2 6 7 15 8 2 2 2 
0 0 0 0 0 0 0 1 0 0 0 0 0 0 0 0 0 0 0 0 0 0 0 0 0 0 0 1 0 0 1 1 1 3 0 13 6 3 5 2 
0 0 0 0 0 0 0 0 0 0 0 0 0 0 0 0 1 0 0 0 1 1 0 0 0 0 0 0 1 0 2 1 0 2 6 5 3 5 2 1 
0 0 0 0 0 0 0 0 1 0 1 0 0 0 0 0 0 0 1 0 0 0 0 0 0 0 0 0 1 1 1 2 5 2 5 7 2 1 0 1 
0 0 0 0 1 0 0 0 0 0 0 0 0 0 0 0 0 0 0 0 0 0 1 0 0 1 0 0 0 1 0 1 1 6 5 1 3 4 2 1 
0 0 0 0 0 0 0 0 0 0 0 0 0 0 0 0 0 0 0 0 0 0 0 0 0 0 0 0 0 2 2 0 0 3 4 9 8 4 3 2 
0 0 0 0 1 0 0 0 0 0 1 0 0 0 0 0 0 1 0 0 0 0 0 0 1 0 0 0 3 0 5 1 4 6 5 10 4 1 0 0 
0 0 0 0 0 0 0 0 0 0 1 0 0 0 1 0 1 0 1 0 1 0 0 0 0 0 0 0 1 1 0 2 1 3 4 3 4 2 2 2 

