#################################### 
# Matrix Size= (40,1,4)
# Resol      = (20,8,1)
# VoxelSize  = (2,0.125,4)
# nbVal      = 160
#################################### 
0 1 1 2 18 53 14 1 0 1 1 0 1 1 0 3 4 12 45 13 
0 0 0 0 10 43 9 2 0 3 0 0 0 0 0 1 7 12 31 9 
0 0 0 3 5 37 12 2 2 3 0 1 0 0 0 0 0 9 32 7 
0 0 1 0 4 40 3 4 2 1 0 0 0 0 0 3 0 7 25 6 
0 0 0 2 6 50 11 1 1 3 1 0 0 0 0 1 5 6 27 12 
0 1 0 3 11 42 11 4 0 3 1 0 0 0 0 2 2 15 29 9 
0 0 1 1 7 45 14 2 3 1 0 0 0 0 3 0 2 6 38 9 
0 1 0 5 10 52 10 4 1 3 0 1 0 0 1 2 3 8 34 16 
