#################################### 
# Matrix Size= (4,1,40)
# Resol      = (1,8,20)
# VoxelSize  = (4,0.125,2)
# nbVal      = 160
#################################### 
0 0 0 0 1 1 0 1 
1 0 0 0 1 2 0 0 
1 1 1 1 1 1 1 2 
0 1 1 1 1 1 1 0 
1 1 1 1 0 0 2 0 
5 1 0 3 7 4 0 4 
10 5 5 7 13 7 4 11 
25 13 28 7 15 20 13 18 
39 44 39 47 48 31 33 39 
39 44 36 48 54 46 44 54 
52 40 41 51 60 49 44 50 
58 50 43 44 39 45 44 57 
41 24 32 34 33 30 27 39 
21 19 19 14 21 16 12 15 
10 8 7 6 5 8 7 9 
3 3 4 2 1 2 1 1 
3 1 3 1 3 1 1 1 
3 1 1 0 0 1 0 4 
1 0 1 0 0 0 0 0 
1 0 1 0 0 0 0 1 
