#################################### 
# Matrix Size= (4,1,40)
# Resol      = (1,8,20)
# VoxelSize  = (4,0.125,2)
# nbVal      = 160
#################################### 
0 0 0 0 0 0 0 0 
0 0 0 0 0 0 0 0 
0 0 0 0 0 0 0 0 
0 0 0 0 0 0 0 0 
0 0 0 0 0 0 0 0 
1 0 0 0 3 0 0 0 
2 0 0 0 1 0 0 0 
1 1 0 0 1 0 0 0 
2 1 3 4 1 1 0 2 
1 1 1 1 0 0 0 2 
0 0 0 1 0 0 0 1 
0 0 0 0 1 0 0 0 
0 0 0 0 0 1 0 0 
0 1 0 0 0 0 0 0 
0 0 0 0 1 0 0 1 
0 0 0 0 0 0 0 0 
0 0 0 0 0 0 0 0 
0 0 0 0 0 0 0 0 
0 0 0 0 0 0 0 0 
0 0 0 0 0 0 0 0 
