#################################### 
# Matrix Size= (4,1,40)
# Resol      = (1,8,20)
# VoxelSize  = (4,0.125,2)
# nbVal      = 160
#################################### 
0 0 0 0 0 0 0 0 
0 0 0 0 0 0 0 0 
0 0 0 0 0 0 0 0 
0 0 0 0 0 0 0 0 
0 0 0 0 0 0 0 1 
2 0 0 0 3 0 0 1 
3 1 0 1 2 1 1 0 
2 2 1 0 2 2 0 0 
5 4 3 5 5 3 2 3 
7 8 2 2 0 5 3 5 
5 2 2 6 4 5 0 6 
1 1 2 4 2 3 1 5 
3 1 1 0 1 1 0 0 
0 1 1 0 0 0 2 0 
0 0 0 1 1 0 0 1 
0 0 0 0 0 0 0 0 
0 0 0 0 0 1 0 0 
0 0 0 0 0 0 0 0 
0 0 0 0 0 0 0 0 
0 0 1 0 1 0 0 0 
