# First line is two numbers 
#     First value is '2', it means 'histogram mode'
#     Second value is 'Emin' of the histogram
# Other lines : 2 columns. 1) energy 2) probability (nb divided by NbEvent)
# Number of bins = 2000
# Content below the first bin: 0
# Content above the last  bin: 4.21678
# Content above the last  bin: 4.21678
# Number of events: 1
2 2e-06
2.0015e-06 0
2.003e-06 0
2.0045e-06 0
2.006e-06 0
2.0075e-06 0
2.009e-06 0
2.0105e-06 0
2.012e-06 0
2.0135e-06 0
2.015e-06 0
2.0165e-06 0
2.018e-06 0
2.0195e-06 0
2.021e-06 0
2.0225e-06 0
2.024e-06 0
2.0255e-06 0
2.027e-06 0
2.0285e-06 0
2.03e-06 0
2.0315e-06 0
2.033e-06 0
2.0345e-06 0
2.036e-06 0
2.0375e-06 0
2.039e-06 0
2.0405e-06 0
2.042e-06 0
2.0435e-06 0
2.045e-06 0
2.0465e-06 0
2.048e-06 0
2.0495e-06 0
2.051e-06 0
2.0525e-06 0
2.054e-06 0
2.0555e-06 0
2.057e-06 0
2.0585e-06 0
2.06e-06 0
2.0615e-06 0
2.063e-06 0
2.0645e-06 0
2.066e-06 0
2.0675e-06 0
2.069e-06 0
2.0705e-06 0
2.072e-06 0
2.0735e-06 0
2.075e-06 0
2.0765e-06 0
2.078e-06 0
2.0795e-06 0
2.081e-06 0
2.0825e-06 0
2.084e-06 0
2.0855e-06 0
2.087e-06 0
2.0885e-06 0
2.09e-06 0
2.0915e-06 0
2.093e-06 0
2.0945e-06 0
2.096e-06 0
2.0975e-06 0
2.099e-06 0
2.1005e-06 0
2.102e-06 0
2.1035e-06 0
2.105e-06 0
2.1065e-06 0
2.108e-06 0
2.1095e-06 0
2.111e-06 0
2.1125e-06 0
2.114e-06 0
2.1155e-06 0
2.117e-06 0
2.1185e-06 0
2.12e-06 0
2.1215e-06 0
2.123e-06 0
2.1245e-06 0
2.126e-06 0
2.1275e-06 0
2.129e-06 0
2.1305e-06 0
2.132e-06 0
2.1335e-06 0
2.135e-06 0
2.1365e-06 0
2.138e-06 0
2.1395e-06 0
2.141e-06 0
2.1425e-06 0
2.144e-06 0
2.1455e-06 0
2.147e-06 0
2.1485e-06 0
2.15e-06 0
2.1515e-06 0
2.153e-06 0
2.1545e-06 0
2.156e-06 0
2.1575e-06 0
2.159e-06 0
2.1605e-06 0
2.162e-06 0
2.1635e-06 0
2.165e-06 0
2.1665e-06 0
2.168e-06 0
2.1695e-06 0
2.171e-06 0
2.1725e-06 0
2.174e-06 0
2.1755e-06 0
2.177e-06 0
2.1785e-06 0
2.18e-06 0
2.1815e-06 0
2.183e-06 0
2.1845e-06 0
2.186e-06 0
2.1875e-06 0
2.189e-06 0
2.1905e-06 0
2.192e-06 0
2.1935e-06 0
2.195e-06 0
2.1965e-06 0
2.198e-06 0
2.1995e-06 0
2.201e-06 0
2.2025e-06 0
2.204e-06 0
2.2055e-06 0
2.207e-06 0
2.2085e-06 0
2.21e-06 0
2.2115e-06 0
2.213e-06 0
2.2145e-06 0
2.216e-06 0
2.2175e-06 0
2.219e-06 0
2.2205e-06 0
2.222e-06 0
2.2235e-06 0
2.225e-06 0
2.2265e-06 0
2.228e-06 0
2.2295e-06 0
2.231e-06 0
2.2325e-06 0
2.234e-06 0
2.2355e-06 0
2.237e-06 0
2.2385e-06 0
2.24e-06 0
2.2415e-06 0
2.243e-06 0
2.2445e-06 0
2.246e-06 0
2.2475e-06 0
2.249e-06 0
2.2505e-06 0
2.252e-06 0
2.2535e-06 0
2.255e-06 0
2.2565e-06 0
2.258e-06 0
2.2595e-06 0
2.261e-06 0
2.2625e-06 0
2.264e-06 0
2.2655e-06 0
2.267e-06 0
2.2685e-06 0
2.27e-06 0
2.2715e-06 0
2.273e-06 0
2.2745e-06 0
2.276e-06 0
2.2775e-06 0
2.279e-06 0
2.2805e-06 0
2.282e-06 0
2.2835e-06 0
2.285e-06 0
2.2865e-06 0
2.288e-06 0
2.2895e-06 0
2.291e-06 0
2.2925e-06 0
2.294e-06 0
2.2955e-06 0
2.297e-06 0
2.2985e-06 0
2.3e-06 0
2.3015e-06 0
2.303e-06 0
2.3045e-06 0
2.306e-06 0
2.3075e-06 0
2.309e-06 0
2.3105e-06 0
2.312e-06 0
2.3135e-06 0
2.315e-06 0
2.3165e-06 0
2.318e-06 0
2.3195e-06 0
2.321e-06 0
2.3225e-06 0
2.324e-06 0
2.3255e-06 0
2.327e-06 0
2.3285e-06 0
2.33e-06 0
2.3315e-06 0
2.333e-06 0
2.3345e-06 0
2.336e-06 0
2.3375e-06 0
2.339e-06 0
2.3405e-06 0
2.342e-06 0
2.3435e-06 0
2.345e-06 0
2.3465e-06 0
2.348e-06 0
2.3495e-06 0
2.351e-06 0
2.3525e-06 0
2.354e-06 0
2.3555e-06 0
2.357e-06 0
2.3585e-06 0
2.36e-06 0
2.3615e-06 0
2.363e-06 0
2.3645e-06 0
2.366e-06 0
2.3675e-06 0
2.369e-06 0
2.3705e-06 0
2.372e-06 0
2.3735e-06 0
2.375e-06 0
2.3765e-06 0
2.378e-06 0
2.3795e-06 0
2.381e-06 0
2.3825e-06 0
2.384e-06 0
2.3855e-06 0
2.387e-06 0
2.3885e-06 0
2.39e-06 0
2.3915e-06 0
2.393e-06 0
2.3945e-06 0
2.396e-06 0
2.3975e-06 0
2.399e-06 4.79695e-06
2.4005e-06 2.39943e-06
2.402e-06 2.4011e-06
2.4035e-06 2.4026e-06
2.405e-06 0
2.4065e-06 0
2.408e-06 4.81306e-06
2.4095e-06 2.40855e-06
2.411e-06 4.82087e-06
2.4125e-06 4.82287e-06
2.414e-06 2.41263e-06
2.4155e-06 4.82943e-06
2.417e-06 0
2.4185e-06 2.41789e-06
2.42e-06 4.83767e-06
2.4215e-06 2.42129e-06
2.423e-06 2.42272e-06
2.4245e-06 4.84766e-06
2.426e-06 4.85097e-06
2.4275e-06 4.85319e-06
2.429e-06 0
2.4305e-06 2.42983e-06
2.432e-06 4.8626e-06
2.4335e-06 2.43295e-06
2.435e-06 2.43386e-06
2.4365e-06 2.43572e-06
2.438e-06 2.43772e-06
2.4395e-06 4.87747e-06
2.441e-06 2.43951e-06
2.4425e-06 2.44218e-06
2.444e-06 2.44288e-06
2.4455e-06 7.33373e-06
2.447e-06 0
2.4485e-06 0
2.45e-06 0
2.4515e-06 2.4515e-06
2.453e-06 2.45166e-06
2.4545e-06 4.90734e-06
2.456e-06 0
2.4575e-06 2.45663e-06
2.459e-06 0
2.4605e-06 2.45977e-06
2.462e-06 0
2.4635e-06 2.46327e-06
2.465e-06 4.92777e-06
2.4665e-06 4.93194e-06
2.468e-06 0
2.4695e-06 7.40529e-06
2.471e-06 7.41067e-06
2.4725e-06 4.94407e-06
2.474e-06 0
2.4755e-06 4.94947e-06
2.477e-06 4.95278e-06
2.4785e-06 2.47717e-06
2.48e-06 0
2.4815e-06 7.44212e-06
2.483e-06 4.96503e-06
2.4845e-06 2.48314e-06
2.486e-06 2.48502e-06
2.4875e-06 4.97372e-06
2.489e-06 2.48795e-06
2.4905e-06 2.48944e-06
2.492e-06 4.98328e-06
2.4935e-06 2.49252e-06
2.495e-06 4.98852e-06
2.4965e-06 2.49599e-06
2.498e-06 7.4927e-06
2.4995e-06 9.9956e-06
2.501e-06 5.00056e-06
2.5025e-06 2.50208e-06
2.504e-06 2.50275e-06
2.5055e-06 5.00947e-06
2.507e-06 2.5066e-06
2.5085e-06 2.50762e-06
2.51e-06 5.01851e-06
2.5115e-06 7.53114e-06
2.513e-06 2.51157e-06
2.5145e-06 0
2.516e-06 2.5145e-06
2.5175e-06 7.55156e-06
2.519e-06 0
2.5205e-06 5.03948e-06
2.522e-06 2.52122e-06
2.5235e-06 5.04618e-06
2.525e-06 7.57294e-06
2.5265e-06 5.05142e-06
2.528e-06 2.52709e-06
2.5295e-06 5.05673e-06
2.531e-06 5.06153e-06
2.5325e-06 2.53227e-06
2.534e-06 2.53305e-06
2.5355e-06 2.5352e-06
2.537e-06 1.01459e-05
2.5385e-06 7.6136e-06
2.54e-06 0
2.5415e-06 5.08154e-06
2.543e-06 5.08574e-06
2.5445e-06 1.52631e-05
2.546e-06 7.63593e-06
2.5475e-06 1.01871e-05
2.549e-06 5.09623e-06
2.5505e-06 2.54946e-06
2.552e-06 7.65361e-06
2.5535e-06 7.65931e-06
2.555e-06 5.10865e-06
2.5565e-06 2.55527e-06
2.558e-06 2.55779e-06
2.5595e-06 1.27929e-05
2.561e-06 5.12043e-06
2.5625e-06 1.2808e-05
2.564e-06 1.28169e-05
2.5655e-06 1.53866e-05
2.567e-06 1.02652e-05
2.5685e-06 2.5674e-06
2.57e-06 1.02762e-05
2.5715e-06 1.28538e-05
2.573e-06 7.71723e-06
2.5745e-06 5.14758e-06
2.576e-06 2.57565e-06
2.5775e-06 5.15399e-06
2.579e-06 1.2891e-05
2.5805e-06 1.03191e-05
2.582e-06 7.74314e-06
2.5835e-06 2.58331e-06
2.585e-06 1.03361e-05
2.5865e-06 1.293e-05
2.588e-06 2.58783e-06
2.5895e-06 1.03552e-05
2.591e-06 0
2.5925e-06 7.77562e-06
2.594e-06 0
2.5955e-06 1.03789e-05
2.597e-06 2.59583e-06
2.5985e-06 2.07826e-05
2.6e-06 1.29954e-05
2.6015e-06 1.30029e-05
2.603e-06 1.04092e-05
2.6045e-06 5.20746e-06
2.606e-06 2.60467e-06
2.6075e-06 7.82016e-06
2.609e-06 7.82518e-06
2.6105e-06 0
2.612e-06 1.82789e-05
2.6135e-06 1.04515e-05
2.615e-06 5.22864e-06
2.6165e-06 1.30794e-05
2.618e-06 1.57048e-05
2.6195e-06 1.5714e-05
2.621e-06 1.04823e-05
2.6225e-06 1.31085e-05
2.624e-06 1.57385e-05
2.6255e-06 1.31246e-05
2.627e-06 1.31311e-05
2.6285e-06 1.31397e-05
2.63e-06 2.10352e-05
2.6315e-06 2.10455e-05
2.633e-06 1.57913e-05
2.6345e-06 1.31686e-05
2.636e-06 1.31774e-05
2.6375e-06 7.91096e-06
2.639e-06 5.27735e-06
2.6405e-06 5.27979e-06
2.642e-06 1.84905e-05
2.6435e-06 1.32137e-05
2.645e-06 1.85104e-05
2.6465e-06 1.05836e-05
2.648e-06 7.94049e-06
2.6495e-06 2.11903e-05
2.651e-06 1.59011e-05
2.6525e-06 5.30333e-06
2.654e-06 5.30734e-06
2.6555e-06 1.59266e-05
2.657e-06 2.12499e-05
2.6585e-06 2.39186e-05
2.66e-06 1.59543e-05
2.6615e-06 1.59632e-05
2.663e-06 1.06495e-05
2.6645e-06 1.33189e-05
2.666e-06 3.46503e-05
2.6675e-06 1.33346e-05
2.669e-06 1.33407e-05
2.6705e-06 5.33956e-06
2.672e-06 1.3357e-05
2.6735e-06 2.13805e-05
2.675e-06 2.40685e-05
2.6765e-06 8.02646e-06
2.678e-06 3.48034e-05
2.6795e-06 2.14288e-05
2.681e-06 1.87637e-05
2.6825e-06 1.87747e-05
2.684e-06 1.3416e-05
2.6855e-06 2.68506e-05
2.687e-06 1.8802e-05
2.6885e-06 1.88131e-05
2.69e-06 8.06783e-06
2.6915e-06 3.76714e-05
2.693e-06 1.88468e-05
2.6945e-06 2.42446e-05
2.696e-06 1.88676e-05
2.6975e-06 2.42718e-05
2.699e-06 3.50772e-05
2.7005e-06 2.4296e-05
2.702e-06 1.89084e-05
2.7035e-06 1.08112e-05
2.705e-06 2.97471e-05
2.7065e-06 2.16464e-05
2.708e-06 1.08279e-05
2.7095e-06 1.89615e-05
2.711e-06 1.8972e-05
2.7125e-06 2.16937e-05
2.714e-06 2.98443e-05
2.7155e-06 2.71487e-05
2.717e-06 1.62956e-05
2.7185e-06 2.44578e-05
2.72e-06 2.17536e-05
2.7215e-06 3.26523e-05
2.723e-06 1.63327e-05
2.7245e-06 3.54089e-05
2.726e-06 3.27036e-05
2.7275e-06 2.99956e-05
2.729e-06 8.18507e-06
2.7305e-06 3.00266e-05
2.732e-06 2.73126e-05
2.7335e-06 3.27922e-05
2.735e-06 2.73435e-05
2.7365e-06 2.73555e-05
2.738e-06 1.91615e-05
2.7395e-06 1.91705e-05
2.741e-06 2.46604e-05
2.7425e-06 3.29037e-05
2.744e-06 1.09728e-05
2.7455e-06 1.92133e-05
2.747e-06 2.47169e-05
2.7485e-06 1.92353e-05
2.75e-06 3.5741e-05
2.7515e-06 2.20052e-05
2.753e-06 3.85299e-05
2.7545e-06 1.92758e-05
2.756e-06 2.47959e-05
2.7575e-06 2.20549e-05
2.759e-06 8.27442e-06
2.7605e-06 3.3118e-05
2.762e-06 2.76155e-05
2.7635e-06 3.31524e-05
2.765e-06 3.04061e-05
2.7665e-06 3.04248e-05
2.768e-06 3.59752e-05
2.7695e-06 2.49172e-05
2.771e-06 1.66204e-05
2.7725e-06 2.49461e-05
2.774e-06 3.60525e-05
2.7755e-06 2.21971e-05
2.777e-06 3.8868e-05
2.7785e-06 1.94435e-05
2.78e-06 3.61293e-05
2.7815e-06 4.17105e-05
2.783e-06 3.33876e-05
2.7845e-06 3.89733e-05
2.786e-06 2.50655e-05
2.7875e-06 3.06551e-05
2.789e-06 1.95175e-05
2.7905e-06 1.39492e-05
2.792e-06 1.67475e-05
2.7935e-06 3.35137e-05
2.795e-06 4.19127e-05
2.7965e-06 2.23645e-05
2.798e-06 3.91621e-05
2.7995e-06 1.39941e-05
2.801e-06 4.76033e-05
2.8025e-06 4.48279e-05
2.804e-06 1.40161e-05
2.8055e-06 3.36565e-05
2.807e-06 2.24508e-05
2.8085e-06 4.49246e-05
2.81e-06 2.52823e-05
2.8115e-06 4.21607e-05
2.813e-06 2.81229e-05
2.8145e-06 3.93917e-05
2.816e-06 1.97082e-05
2.8175e-06 2.53502e-05
2.819e-06 3.66369e-05
2.8205e-06 4.22985e-05
2.822e-06 2.53908e-05
2.8235e-06 2.25808e-05
2.825e-06 3.38909e-05
2.8265e-06 1.97813e-05
2.828e-06 3.10994e-05
2.8295e-06 4.52605e-05
2.831e-06 4.24552e-05
2.8325e-06 1.98225e-05
2.834e-06 3.3998e-05
2.8355e-06 3.11824e-05
2.837e-06 2.55279e-05
2.8385e-06 2.55396e-05
2.84e-06 5.11054e-05
2.8415e-06 3.69304e-05
2.843e-06 3.69532e-05
2.8445e-06 2.55904e-05
2.846e-06 3.69873e-05
2.8475e-06 3.70082e-05
2.849e-06 4.55761e-05
2.8505e-06 2.27972e-05
2.852e-06 3.13631e-05
2.8535e-06 4.5643e-05
2.855e-06 3.71053e-05
2.8565e-06 5.42634e-05
2.858e-06 4.00011e-05
2.8595e-06 2.5728e-05
2.861e-06 4.00424e-05
2.8625e-06 4.8652e-05
2.864e-06 2.57685e-05
2.8655e-06 3.72416e-05
2.867e-06 3.72616e-05
2.8685e-06 3.72812e-05
2.87e-06 4.01684e-05
2.8715e-06 5.45441e-05
2.873e-06 3.15946e-05
2.8745e-06 4.59805e-05
2.876e-06 3.16286e-05
2.8775e-06 4.31511e-05
2.879e-06 4.02959e-05
2.8805e-06 4.03173e-05
2.882e-06 2.88125e-05
2.8835e-06 2.01774e-05
2.885e-06 2.8843e-05
2.8865e-06 4.90582e-05
2.888e-06 3.7536e-05
2.8895e-06 4.04427e-05
2.891e-06 4.91356e-05
2.8925e-06 3.18087e-05
2.894e-06 4.6292e-05
2.8955e-06 3.47371e-05
2.897e-06 4.92356e-05
2.8985e-06 3.76695e-05
2.9e-06 4.63891e-05
2.9015e-06 6.67156e-05
2.903e-06 2.61196e-05
2.9045e-06 3.48466e-05
2.906e-06 4.6484e-05
2.9075e-06 4.94171e-05
2.909e-06 3.7806e-05
2.9105e-06 4.65561e-05
2.912e-06 4.65776e-05
2.9135e-06 4.95185e-05
2.915e-06 3.7887e-05
2.9165e-06 5.8318e-05
2.918e-06 3.50042e-05
2.9195e-06 7.5888e-05
2.921e-06 4.96445e-05
2.9225e-06 7.88886e-05
2.924e-06 4.38501e-05
2.9255e-06 5.26476e-05
2.927e-06 4.38941e-05
2.9285e-06 6.73369e-05
2.93e-06 5.56558e-05
2.9315e-06 4.98219e-05
2.933e-06 5.27785e-05
2.9345e-06 6.1608e-05
2.936e-06 6.16389e-05
2.9375e-06 6.75435e-05
2.939e-06 6.17033e-05
2.9405e-06 5.58564e-05
2.942e-06 5.58845e-05
2.9435e-06 6.17964e-05
2.945e-06 6.18305e-05
2.9465e-06 3.8294e-05
2.948e-06 6.77845e-05
2.9495e-06 6.19253e-05
2.951e-06 7.37575e-05
2.9525e-06 5.01797e-05
2.954e-06 4.4298e-05
2.9555e-06 4.72732e-05
2.957e-06 5.32108e-05
2.9585e-06 5.02801e-05
2.96e-06 6.51086e-05
2.9615e-06 6.51346e-05
2.963e-06 3.85124e-05
2.9645e-06 5.33467e-05
2.966e-06 8.30288e-05
2.9675e-06 5.63703e-05
2.969e-06 4.15558e-05
2.9705e-06 5.34586e-05
2.972e-06 5.34874e-05
2.9735e-06 4.45909e-05
2.975e-06 6.54332e-05
2.9765e-06 5.95155e-05
2.978e-06 8.03878e-05
2.9795e-06 3.57439e-05
2.981e-06 6.25869e-05
2.9825e-06 3.57815e-05
2.984e-06 6.86162e-05
2.9855e-06 4.17869e-05
2.987e-06 8.36159e-05
2.9885e-06 5.37798e-05
2.99e-06 5.38089e-05
2.9915e-06 5.9815e-05
2.993e-06 4.48843e-05
2.9945e-06 4.19131e-05
2.996e-06 5.3916e-05
2.9975e-06 5.99368e-05
2.999e-06 5.39668e-05
3.0005e-06 6.59942e-05
3.002e-06 7.50318e-05
3.0035e-06 7.20685e-05
3.005e-06 5.70832e-05
3.0065e-06 8.41621e-05
3.008e-06 5.7138e-05
3.0095e-06 4.21199e-05
3.011e-06 5.11714e-05
3.0125e-06 5.11997e-05
3.014e-06 5.72528e-05
3.0155e-06 7.23534e-05
3.017e-06 3.61947e-05
3.0185e-06 4.82856e-05
3.02e-06 4.83103e-05
3.0215e-06 5.43735e-05
3.023e-06 5.74244e-05
3.0245e-06 8.76922e-05
3.026e-06 6.65591e-05
3.0275e-06 5.75106e-05
3.029e-06 5.75333e-05
3.0305e-06 4.54463e-05
3.032e-06 7.57804e-05
3.0335e-06 4.85247e-05
3.035e-06 7.88901e-05
3.0365e-06 4.85725e-05
3.038e-06 5.1635e-05
3.0395e-06 6.38173e-05
3.041e-06 3.64815e-05
3.0425e-06 6.38775e-05
3.044e-06 4.26032e-05
3.0455e-06 5.1761e-05
3.047e-06 4.2647e-05
3.0485e-06 6.09563e-05
3.05e-06 4.87897e-05
3.0515e-06 2.74566e-05
3.053e-06 3.66273e-05
3.0545e-06 4.58046e-05
3.056e-06 6.11067e-05
3.0575e-06 7.33646e-05
3.059e-06 6.42206e-05
3.0605e-06 5.81365e-05
3.062e-06 5.81591e-05
3.0635e-06 6.12545e-05
3.065e-06 4.90285e-05
3.0665e-06 2.45256e-05
3.068e-06 5.82746e-05
3.0695e-06 9.51357e-05
3.071e-06 4.91262e-05
3.0725e-06 7.67981e-05
3.074e-06 0.00010449
3.0755e-06 5.22726e-05
3.077e-06 7.69123e-05
3.0785e-06 9.54095e-05
3.08e-06 6.77413e-05
3.0815e-06 7.39353e-05
3.083e-06 4.315e-05
3.0845e-06 4.93407e-05
3.086e-06 6.47921e-05
3.0875e-06 4.93885e-05
3.089e-06 8.33819e-05
3.0905e-06 6.79725e-05
3.092e-06 7.41893e-05
3.0935e-06 6.49476e-05
3.095e-06 6.49796e-05
3.0965e-06 6.81089e-05
3.098e-06 6.8142e-05
3.0995e-06 7.74683e-05
3.101e-06 8.37041e-05
3.1025e-06 8.06456e-05
3.104e-06 5.89608e-05
3.1055e-06 4.34654e-05
3.107e-06 8.38687e-05
3.1085e-06 8.08034e-05
3.11e-06 7.15129e-05
3.1115e-06 7.7768e-05
3.113e-06 0.000105817
3.1145e-06 0.000102755
3.116e-06 8.41085e-05
3.1175e-06 9.66174e-05
3.119e-06 8.41919e-05
3.1205e-06 5.61549e-05
3.122e-06 8.11494e-05
3.1235e-06 8.43148e-05
3.125e-06 6.56089e-05
3.1265e-06 7.1891e-05
3.128e-06 8.44346e-05
3.1295e-06 7.19625e-05
3.131e-06 7.51287e-05
3.1325e-06 9.39515e-05
3.134e-06 7.51958e-05
3.1355e-06 7.2103e-05
3.137e-06 8.78126e-05
3.1385e-06 0.000122373
3.14e-06 5.023e-05
3.1415e-06 8.16582e-05
3.143e-06 6.91322e-05
3.1445e-06 8.80243e-05
3.146e-06 4.71787e-05
3.1475e-06 5.03474e-05
3.149e-06 7.55541e-05
3.1505e-06 6.29981e-05
3.152e-06 9.4535e-05
3.1535e-06 8.51253e-05
3.155e-06 7.88562e-05
3.1565e-06 7.57373e-05
3.158e-06 5.99877e-05
3.1595e-06 7.26514e-05
3.161e-06 7.26845e-05
3.1625e-06 6.63955e-05
3.164e-06 7.59152e-05
3.1655e-06 7.91182e-05
3.167e-06 3.79966e-05
3.1685e-06 2.21746e-05
3.17e-06 6.33823e-05
3.1715e-06 6.97549e-05
3.173e-06 7.29629e-05
3.1745e-06 5.71269e-05
3.176e-06 7.62058e-05
3.1775e-06 6.35342e-05
3.179e-06 5.08503e-05
3.1805e-06 6.99572e-05
3.182e-06 8.90748e-05
3.1835e-06 7.32035e-05
3.185e-06 6.68715e-05
3.1865e-06 6.05272e-05
3.188e-06 6.37442e-05
3.1895e-06 6.69641e-05
3.191e-06 5.74263e-05
3.1925e-06 8.93651e-05
3.194e-06 9.89905e-05
3.1955e-06 7.34782e-05
3.197e-06 2.55716e-05
3.1985e-06 8.31447e-05
3.2e-06 4.15915e-05
3.2015e-06 6.72161e-05
3.203e-06 7.36483e-05
3.2045e-06 5.76691e-05
3.206e-06 9.61602e-05
3.2075e-06 9.94118e-05
3.209e-06 8.98299e-05
3.2105e-06 9.62906e-05
3.212e-06 6.42268e-05
3.2135e-06 6.10427e-05
3.215e-06 4.17857e-05
3.2165e-06 7.71793e-05
3.218e-06 4.82584e-05
3.2195e-06 4.18413e-05
3.221e-06 5.79638e-05
3.2225e-06 5.47692e-05
3.224e-06 6.12442e-05
3.2255e-06 8.06214e-05
3.227e-06 5.48466e-05
3.2285e-06 8.71503e-05
3.23e-06 8.07309e-05
3.2315e-06 0.00017771
3.233e-06 0.000462215
3.2345e-06 0.00049153
3.236e-06 0.000420585
3.2375e-06 0.000375462
3.239e-06 0.000450108
3.2405e-06 0.00050864
3.242e-06 0.000421367
3.2435e-06 0.000411833
3.245e-06 0.000418498
3.2465e-06 0.000421946
3.248e-06 0.000347449
3.2495e-06 0.000376854
3.251e-06 0.000299021
3.2525e-06 0.000351191
3.254e-06 0.000393652
3.2555e-06 0.000348263
3.257e-06 0.000315848
3.2585e-06 0.000302972
3.26e-06 0.000267258
3.2615e-06 0.000329338
3.263e-06 0.000280552
3.2645e-06 0.000329642
3.266e-06 0.000306933
3.2675e-06 0.00027114
3.269e-06 0.000290872
3.2705e-06 0.000248505
3.272e-06 0.000235529
3.2735e-06 0.000268368
3.275e-06 0.000252114
3.2765e-06 0.000298089
3.278e-06 0.000239239
3.2795e-06 0.000216392
3.281e-06 0.000223056
3.2825e-06 0.000242847
3.284e-06 0.000229822
3.2855e-06 0.000252922
3.287e-06 0.000230034
3.2885e-06 0.00026631
3.29e-06 0.000289454
3.2915e-06 0.000200742
3.293e-06 0.00027984
3.2945e-06 0.000200914
3.296e-06 0.000177941
3.2975e-06 0.000240666
3.299e-06 0.000234181
3.3005e-06 0.000217791
3.302e-06 0.000250895
3.3035e-06 0.000161831
3.305e-06 0.000194952
3.3065e-06 0.000238009
3.308e-06 0.000221586
3.3095e-06 0.000185286
3.311e-06 0.000235018
3.3125e-06 0.000221886
3.314e-06 0.000235237
3.3155e-06 0.000198883
3.317e-06 0.00022551
3.3185e-06 0.000175847
3.32e-06 0.000162638
3.3215e-06 0.000166037
3.323e-06 0.00020266
3.3245e-06 0.000199419
3.326e-06 0.00018954
3.3275e-06 0.000219566
3.329e-06 0.000216337
3.3305e-06 0.000156497
3.332e-06 0.000196544
3.3335e-06 0.000196629
3.335e-06 0.000263405
3.3365e-06 0.000203475
3.338e-06 0.000230264
3.3395e-06 0.000223695
3.341e-06 0.000200415
3.3425e-06 0.000200503
3.344e-06 0.000180535
3.3455e-06 0.000187302
3.347e-06 0.000197429
3.3485e-06 0.000190821
3.35e-06 0.0002177
3.3515e-06 0.000214445
3.353e-06 0.000147499
3.3545e-06 0.000174395
3.356e-06 0.000201314
3.3575e-06 0.000177905
3.359e-06 0.000225006
3.3605e-06 0.000208306
3.362e-06 0.000164696
3.3635e-06 0.000201764
3.365e-06 0.000188399
3.3665e-06 0.000191849
3.368e-06 0.000144794
3.3695e-06 0.000215602
3.371e-06 0.000121323
3.3725e-06 0.000198927
3.374e-06 0.000199023
3.3755e-06 0.00020586
3.377e-06 0.000155313
3.3785e-06 0.000202669
3.38e-06 0.000195994
3.3815e-06 0.000206228
3.383e-06 0.000182643
3.3845e-06 0.000216551
3.386e-06 0.000196343
3.3875e-06 0.000179502
3.389e-06 0.000196518
3.3905e-06 0.000138976
3.392e-06 0.00017634
3.3935e-06 0.000145887
3.395e-06 0.000179893
3.3965e-06 0.000210539
3.398e-06 0.000169864
3.3995e-06 0.000176734
3.401e-06 0.000166611
3.4025e-06 0.000207507
3.404e-06 0.000119115
3.4055e-06 0.000197469
3.407e-06 0.000163497
3.4085e-06 0.000190833
3.41e-06 0.000150004
3.4115e-06 0.000214873
3.413e-06 0.0001672
3.4145e-06 0.000157033
3.416e-06 0.000194662
3.4175e-06 0.000184503
3.419e-06 0.000184586
3.4205e-06 0.000198342
3.422e-06 0.000218958
3.4235e-06 0.000184832
3.425e-06 0.000167782
3.4265e-06 0.000181565
3.428e-06 0.000188501
3.4295e-06 0.000192013
3.431e-06 0.000205815
3.4325e-06 0.000192174
3.434e-06 0.000164795
3.4355e-06 0.00017861
3.437e-06 0.000175249
3.4385e-06 0.00018908
3.44e-06 0.000209792
3.4415e-06 0.000178919
3.443e-06 0.000230628
3.4445e-06 0.000168746
3.446e-06 0.000192938
3.4475e-06 0.000203358
3.449e-06 0.000186209
3.4505e-06 0.000169039
3.452e-06 0.000144951
3.4535e-06 0.000107034
3.455e-06 0.000151986
3.4565e-06 0.000193526
3.458e-06 0.00016595
3.4595e-06 0.00017294
3.461e-06 0.000128037
3.4625e-06 0.000121164
3.464e-06 0.000173163
3.4655e-06 0.000211358
3.467e-06 0.000207975
3.4685e-06 0.000131777
3.47e-06 0.000211625
3.4715e-06 0.000187418
3.473e-06 0.000145839
3.4745e-06 0.000138948
3.476e-06 0.000170283
3.4775e-06 0.000236423
3.479e-06 0.000146082
3.4805e-06 0.000163547
3.482e-06 0.000177545
3.4835e-06 0.000128858
3.485e-06 0.000181183
3.4865e-06 0.000139427
3.488e-06 0.000181338
3.4895e-06 0.000143039
3.491e-06 0.000150082
3.4925e-06 0.000150148
3.494e-06 0.000199117
3.4955e-06 0.000174732
3.497e-06 0.000143345
3.4985e-06 0.000244843
3.5e-06 0.000181957
3.5015e-06 0.000161033
3.503e-06 0.000185618
3.5045e-06 0.000192707
3.506e-06 0.000196296
3.5075e-06 0.000154298
3.509e-06 0.00019295
3.5105e-06 0.000207074
3.512e-06 0.000158008
3.5135e-06 0.000168614
3.515e-06 0.000207332
3.5165e-06 0.000242584
3.518e-06 0.000175864
3.5195e-06 0.000182973
3.521e-06 0.000168974
3.5225e-06 0.000162005
3.524e-06 0.000172634
3.5255e-06 0.000200907
3.527e-06 0.000148102
3.5285e-06 0.00015875
3.53e-06 0.000144698
3.5315e-06 0.00018007
3.533e-06 0.00017308
3.5345e-06 0.000233228
3.536e-06 0.000205044
3.5375e-06 0.000226351
3.539e-06 0.000251214
3.5405e-06 0.000247782
3.542e-06 0.000159363
3.5435e-06 0.000216104
3.545e-06 0.000219749
3.5465e-06 0.000198564
3.548e-06 0.000195095
3.5495e-06 0.000188079
3.551e-06 0.000198815
3.5525e-06 0.000149178
3.554e-06 0.000220304
3.5555e-06 0.000163517
3.557e-06 0.000245382
3.5585e-06 0.000238368
3.56e-06 0.000213555
3.5615e-06 0.000156677
3.563e-06 0.000174552
3.5645e-06 0.000217384
3.566e-06 0.000213911
3.5675e-06 0.000149801
3.569e-06 0.000174843
3.5705e-06 0.000182062
3.572e-06 0.000207131
3.5735e-06 0.000200075
3.575e-06 0.000189439
3.5765e-06 0.000264603
3.578e-06 0.000171702
3.5795e-06 0.00022546
3.581e-06 0.000175429
3.5825e-06 0.00021849
3.584e-06 0.000186326
3.5855e-06 0.000161312
3.587e-06 0.000200833
3.5885e-06 0.00019374
3.59e-06 0.000186638
3.5915e-06 0.000211847
3.593e-06 0.000190392
3.5945e-06 0.000283909
3.596e-06 0.000151004
3.5975e-06 0.000287747
3.599e-06 0.000208697
3.6005e-06 0.000194389
3.602e-06 0.000136851
3.6035e-06 0.000187346
3.605e-06 0.000227075
3.6065e-06 0.000162261
3.608e-06 0.000126251
3.6095e-06 0.000126307
3.611e-06 0.000169681
3.6125e-06 0.00027088
3.614e-06 0.000224018
3.6155e-06 0.000209657
3.617e-06 0.000198894
3.6185e-06 0.00017365
3.62e-06 0.000188199
3.6215e-06 0.000148449
3.623e-06 0.000170253
3.6245e-06 0.000217428
3.626e-06 0.000213893
3.6275e-06 0.000181345
3.629e-06 0.000163266
3.6305e-06 0.000170599
3.632e-06 0.000163408
3.6335e-06 0.000159836
3.635e-06 0.000174442
3.6365e-06 0.000138159
3.638e-06 0.000145488
3.6395e-06 0.000134637
3.641e-06 0.000134688
3.6425e-06 0.000185731
3.644e-06 0.000174875
3.6455e-06 0.000156721
3.647e-06 0.000145852
3.6485e-06 0.000200626
3.65e-06 0.000149619
3.6515e-06 0.000164282
3.653e-06 0.000157046
3.6545e-06 0.000149804
3.656e-06 0.000182766
3.6575e-06 0.000160896
3.659e-06 0.000171939
3.6605e-06 0.000157366
3.662e-06 0.000157434
3.6635e-06 0.000157503
3.665e-06 0.000113593
3.6665e-06 0.000131968
3.668e-06 0.000146689
3.6695e-06 0.00016509
3.671e-06 0.000113779
3.6725e-06 0.000157886
3.674e-06 0.00016897
3.6755e-06 0.000158012
3.677e-06 0.000136019
3.6785e-06 0.00013976
3.68e-06 0.000110384
3.6815e-06 0.000169317
3.683e-06 0.000132563
3.6845e-06 0.000121567
3.686e-06 0.00016952
3.6875e-06 0.000169585
3.689e-06 0.000169664
3.6905e-06 9.96214e-05
3.692e-06 0.000173489
3.6935e-06 0.000177252
3.695e-06 0.000136687
3.6965e-06 0.000151526
3.698e-06 0.000151588
3.6995e-06 0.000147951
3.701e-06 0.000225722
3.7025e-06 0.000155474
3.704e-06 0.00020738
3.7055e-06 0.000144479
3.707e-06 0.000159369
3.7085e-06 0.00018168
3.71e-06 0.000155791
3.7115e-06 0.000189249
3.713e-06 0.000185614
3.7145e-06 0.000137409
3.716e-06 0.000167181
3.7175e-06 0.000156103
3.719e-06 0.000174763
3.7205e-06 0.000156231
3.722e-06 0.00013769
3.7235e-06 0.000145188
3.725e-06 0.000242072
3.7265e-06 0.000178831
3.728e-06 0.000149086
3.7295e-06 0.000178984
3.731e-06 0.000197699
3.7325e-06 0.000160468
3.734e-06 0.000175468
3.7355e-06 0.000164328
3.737e-06 0.000160662
3.7385e-06 0.000175675
3.74e-06 0.000134609
3.7415e-06 0.000130924
3.743e-06 0.000145948
3.7445e-06 0.000146006
3.746e-06 0.000164787
3.7475e-06 0.000142376
3.749e-06 0.000138683
3.7505e-06 0.000157491
3.752e-06 0.000135045
3.7535e-06 0.000183883
3.755e-06 0.000131397
3.7565e-06 0.000150231
3.758e-06 0.000146527
3.7595e-06 0.000124041
3.761e-06 0.000120331
3.7625e-06 0.000146706
3.764e-06 7.90273e-05
3.7655e-06 0.000128001
3.767e-06 0.000128052
3.7685e-06 9.41951e-05
3.77e-06 0.000146999
3.7715e-06 0.000147057
3.773e-06 9.80779e-05
3.7745e-06 0.000124537
3.776e-06 9.81553e-05
3.7775e-06 0.000132186
3.779e-06 0.000132237
3.7805e-06 0.000139845
3.782e-06 0.000113434
3.7835e-06 0.000113483
3.785e-06 0.000155157
3.7865e-06 0.000136293
3.788e-06 0.000124982
3.7895e-06 0.000189437
3.791e-06 0.000128871
3.7925e-06 0.000125126
3.794e-06 0.000185871
3.7955e-06 0.000102458
3.797e-06 9.49045e-05
3.7985e-06 7.21545e-05
3.8e-06 0.00011778
3.8015e-06 7.22161e-05
3.803e-06 5.3231e-05
3.8045e-06 0.000102702
3.806e-06 9.1331e-05
3.8075e-06 5.32946e-05
3.809e-06 8.75903e-05
3.8105e-06 0.000133341
3.812e-06 9.14709e-05
3.8135e-06 8.76929e-05
3.815e-06 7.62801e-05
3.8165e-06 6.48674e-05
3.818e-06 0.000103068
3.8195e-06 0.000110744
3.821e-06 9.9325e-05
3.8225e-06 9.93676e-05
3.824e-06 4.9701e-05
3.8255e-06 8.0316e-05
3.827e-06 5.35652e-05
3.8285e-06 3.44508e-05
3.83e-06 3.82931e-05
3.8315e-06 4.21369e-05
3.833e-06 4.21564e-05
3.8345e-06 2.68374e-05
3.836e-06 6.13617e-05
3.8375e-06 3.06942e-05
3.839e-06 6.52504e-05
3.8405e-06 5.75943e-05
3.842e-06 4.2254e-05
3.8435e-06 3.45851e-05
3.845e-06 3.07525e-05
3.8465e-06 5.76869e-05
3.848e-06 5.38629e-05
3.8495e-06 5.00336e-05
3.851e-06 2.31021e-05
3.8525e-06 5.00737e-05
3.854e-06 4.23859e-05
3.8555e-06 2.31286e-05
3.857e-06 1.15688e-05
3.8585e-06 1.92871e-05
3.86e-06 2.70144e-05
3.8615e-06 3.86069e-06
3.863e-06 1.15852e-05
3.8645e-06 3.86317e-06
3.866e-06 2.70566e-05
3.8675e-06 3.09356e-05
3.869e-06 1.16058e-05
3.8705e-06 1.16089e-05
3.872e-06 2.70978e-05
3.8735e-06 2.32371e-05
3.875e-06 1.93724e-05
3.8765e-06 3.10057e-05
3.878e-06 1.16316e-05
3.8795e-06 1.55162e-05
3.881e-06 2.328e-05
3.8825e-06 2.71731e-05
3.884e-06 2.71828e-05
3.8855e-06 2.33077e-05
3.887e-06 1.166e-05
3.8885e-06 1.94397e-05
3.89e-06 1.16682e-05
3.8915e-06 1.55623e-05
3.893e-06 1.55692e-05
3.8945e-06 1.55746e-05
3.896e-06 3.89542e-06
3.8975e-06 1.94841e-05
3.899e-06 3.89779e-06
3.9005e-06 0
3.902e-06 0
3.9035e-06 0
3.905e-06 0
3.9065e-06 0
3.908e-06 0
3.9095e-06 0
3.911e-06 0
3.9125e-06 0
3.914e-06 0
3.9155e-06 0
3.917e-06 0
3.9185e-06 0
3.92e-06 0
3.9215e-06 0
3.923e-06 0
3.9245e-06 0
3.926e-06 0
3.9275e-06 0
3.929e-06 0
3.9305e-06 0
3.932e-06 0
3.9335e-06 0
3.935e-06 0
3.9365e-06 0
3.938e-06 0
3.9395e-06 0
3.941e-06 0
3.9425e-06 0
3.944e-06 0
3.9455e-06 0
3.947e-06 0
3.9485e-06 0
3.95e-06 0
3.9515e-06 0
3.953e-06 0
3.9545e-06 0
3.956e-06 0
3.9575e-06 0
3.959e-06 0
3.9605e-06 0
3.962e-06 0
3.9635e-06 0
3.965e-06 0
3.9665e-06 0
3.968e-06 0
3.9695e-06 0
3.971e-06 0
3.9725e-06 0
3.974e-06 0
3.9755e-06 0
3.977e-06 0
3.9785e-06 0
3.98e-06 0
3.9815e-06 0
3.983e-06 0
3.9845e-06 0
3.986e-06 0
3.9875e-06 0
3.989e-06 0
3.9905e-06 0
3.992e-06 0
3.9935e-06 0
3.995e-06 0
3.9965e-06 0
3.998e-06 0
3.9995e-06 0
4.001e-06 0
4.0025e-06 0
4.004e-06 0
4.0055e-06 0
4.007e-06 0
4.0085e-06 0
4.01e-06 0
4.0115e-06 0
4.013e-06 0
4.0145e-06 0
4.016e-06 0
4.0175e-06 0
4.019e-06 0
4.0205e-06 0
4.022e-06 0
4.0235e-06 0
4.025e-06 0
4.0265e-06 0
4.028e-06 0
4.0295e-06 0
4.031e-06 0
4.0325e-06 0
4.034e-06 0
4.0355e-06 0
4.037e-06 0
4.0385e-06 0
4.04e-06 0
4.0415e-06 0
4.043e-06 0
4.0445e-06 0
4.046e-06 0
4.0475e-06 0
4.049e-06 0
4.0505e-06 0
4.052e-06 0
4.0535e-06 0
4.055e-06 0
4.0565e-06 0
4.058e-06 0
4.0595e-06 0
4.061e-06 0
4.0625e-06 0
4.064e-06 0
4.0655e-06 0
4.067e-06 0
4.0685e-06 0
4.07e-06 0
4.0715e-06 0
4.073e-06 0
4.0745e-06 0
4.076e-06 0
4.0775e-06 0
4.079e-06 0
4.0805e-06 0
4.082e-06 0
4.0835e-06 0
4.085e-06 0
4.0865e-06 0
4.088e-06 0
4.0895e-06 0
4.091e-06 0
4.0925e-06 0
4.094e-06 0
4.0955e-06 0
4.097e-06 0
4.0985e-06 0
4.1e-06 0
4.1015e-06 0
4.103e-06 0
4.1045e-06 0
4.106e-06 0
4.1075e-06 0
4.109e-06 0
4.1105e-06 0
4.112e-06 0
4.1135e-06 0
4.115e-06 0
4.1165e-06 0
4.118e-06 0
4.1195e-06 0
4.121e-06 0
4.1225e-06 0
4.124e-06 0
4.1255e-06 0
4.127e-06 0
4.1285e-06 0
4.13e-06 0
4.1315e-06 0
4.133e-06 0
4.1345e-06 0
4.136e-06 0
4.1375e-06 0
4.139e-06 0
4.1405e-06 0
4.142e-06 0
4.1435e-06 0
4.145e-06 0
4.1465e-06 0
4.148e-06 0
4.1495e-06 0
4.151e-06 0
4.1525e-06 0
4.154e-06 0
4.1555e-06 0
4.157e-06 0
4.1585e-06 0
4.16e-06 0
4.1615e-06 0
4.163e-06 0
4.1645e-06 0
4.166e-06 0
4.1675e-06 0
4.169e-06 0
4.1705e-06 0
4.172e-06 0
4.1735e-06 0
4.175e-06 0
4.1765e-06 0
4.178e-06 0
4.1795e-06 0
4.181e-06 0
4.1825e-06 0
4.184e-06 0
4.1855e-06 0
4.187e-06 0
4.1885e-06 0
4.19e-06 0
4.1915e-06 0
4.193e-06 0
4.1945e-06 0
4.196e-06 0
4.1975e-06 0
4.199e-06 0
4.2005e-06 0
4.202e-06 0
4.2035e-06 0
4.205e-06 0
4.2065e-06 0
4.208e-06 0
4.2095e-06 0
4.211e-06 0
4.2125e-06 0
4.214e-06 0
4.2155e-06 0
4.217e-06 0
4.2185e-06 0
4.22e-06 0
4.2215e-06 0
4.223e-06 0
4.2245e-06 0
4.226e-06 0
4.2275e-06 0
4.229e-06 0
4.2305e-06 0
4.232e-06 0
4.2335e-06 0
4.235e-06 0
4.2365e-06 0
4.238e-06 0
4.2395e-06 0
4.241e-06 0
4.2425e-06 0
4.244e-06 0
4.2455e-06 0
4.247e-06 0
4.2485e-06 0
4.25e-06 0
4.2515e-06 0
4.253e-06 0
4.2545e-06 0
4.256e-06 0
4.2575e-06 0
4.259e-06 0
4.2605e-06 0
4.262e-06 0
4.2635e-06 0
4.265e-06 0
4.2665e-06 0
4.268e-06 0
4.2695e-06 0
4.271e-06 0
4.2725e-06 0
4.274e-06 0
4.2755e-06 0
4.277e-06 0
4.2785e-06 0
4.28e-06 0
4.2815e-06 0
4.283e-06 0
4.2845e-06 0
4.286e-06 0
4.2875e-06 0
4.289e-06 0
4.2905e-06 0
4.292e-06 0
4.2935e-06 0
4.295e-06 0
4.2965e-06 0
4.298e-06 0
4.2995e-06 0
4.301e-06 0
4.3025e-06 0
4.304e-06 0
4.3055e-06 0
4.307e-06 0
4.3085e-06 0
4.31e-06 0
4.3115e-06 0
4.313e-06 0
4.3145e-06 0
4.316e-06 0
4.3175e-06 0
4.319e-06 0
4.3205e-06 0
4.322e-06 0
4.3235e-06 0
4.325e-06 0
4.3265e-06 0
4.328e-06 0
4.3295e-06 0
4.331e-06 0
4.3325e-06 0
4.334e-06 0
4.3355e-06 0
4.337e-06 0
4.3385e-06 0
4.34e-06 0
4.3415e-06 0
4.343e-06 0
4.3445e-06 0
4.346e-06 0
4.3475e-06 0
4.349e-06 0
4.3505e-06 0
4.352e-06 0
4.3535e-06 0
4.355e-06 0
4.3565e-06 0
4.358e-06 0
4.3595e-06 0
4.361e-06 0
4.3625e-06 0
4.364e-06 0
4.3655e-06 0
4.367e-06 0
4.3685e-06 0
4.37e-06 0
4.3715e-06 0
4.373e-06 0
4.3745e-06 0
4.376e-06 0
4.3775e-06 0
4.379e-06 0
4.3805e-06 0
4.382e-06 0
4.3835e-06 0
4.385e-06 0
4.3865e-06 0
4.388e-06 0
4.3895e-06 0
4.391e-06 0
4.3925e-06 0
4.394e-06 0
4.3955e-06 0
4.397e-06 0
4.3985e-06 0
4.4e-06 0
4.4015e-06 0
4.403e-06 0
4.4045e-06 0
4.406e-06 0
4.4075e-06 0
4.409e-06 0
4.4105e-06 0
4.412e-06 0
4.4135e-06 0
4.415e-06 0
4.4165e-06 0
4.418e-06 0
4.4195e-06 0
4.421e-06 0
4.4225e-06 0
4.424e-06 0
4.4255e-06 0
4.427e-06 0
4.4285e-06 0
4.43e-06 0
4.4315e-06 0
4.433e-06 0
4.4345e-06 0
4.436e-06 0
4.4375e-06 0
4.439e-06 0
4.4405e-06 0
4.442e-06 0
4.4435e-06 0
4.445e-06 0
4.4465e-06 0
4.448e-06 0
4.4495e-06 0
4.451e-06 0
4.4525e-06 0
4.454e-06 0
4.4555e-06 0
4.457e-06 0
4.4585e-06 0
4.46e-06 0
4.4615e-06 0
4.463e-06 0
4.4645e-06 0
4.466e-06 0
4.4675e-06 0
4.469e-06 0
4.4705e-06 0
4.472e-06 0
4.4735e-06 0
4.475e-06 0
4.4765e-06 0
4.478e-06 0
4.4795e-06 0
4.481e-06 0
4.4825e-06 0
4.484e-06 0
4.4855e-06 0
4.487e-06 0
4.4885e-06 0
4.49e-06 0
4.4915e-06 0
4.493e-06 0
4.4945e-06 0
4.496e-06 0
4.4975e-06 0
4.499e-06 0
4.5005e-06 0
4.502e-06 0
4.5035e-06 0
4.505e-06 0
4.5065e-06 0
4.508e-06 0
4.5095e-06 0
4.511e-06 0
4.5125e-06 0
4.514e-06 0
4.5155e-06 0
4.517e-06 0
4.5185e-06 0
4.52e-06 0
4.5215e-06 0
4.523e-06 0
4.5245e-06 0
4.526e-06 0
4.5275e-06 0
4.529e-06 0
4.5305e-06 0
4.532e-06 0
4.5335e-06 0
4.535e-06 0
4.5365e-06 0
4.538e-06 0
4.5395e-06 0
4.541e-06 0
4.5425e-06 0
4.544e-06 0
4.5455e-06 0
4.547e-06 0
4.5485e-06 0
4.55e-06 0
4.5515e-06 0
4.553e-06 0
4.5545e-06 0
4.556e-06 0
4.5575e-06 0
4.559e-06 0
4.5605e-06 0
4.562e-06 0
4.5635e-06 0
4.565e-06 0
4.5665e-06 0
4.568e-06 0
4.5695e-06 0
4.571e-06 0
4.5725e-06 0
4.574e-06 0
4.5755e-06 0
4.577e-06 0
4.5785e-06 0
4.58e-06 0
4.5815e-06 0
4.583e-06 0
4.5845e-06 0
4.586e-06 0
4.5875e-06 0
4.589e-06 0
4.5905e-06 0
4.592e-06 0
4.5935e-06 0
4.595e-06 0
4.5965e-06 0
4.598e-06 0
4.5995e-06 0
4.601e-06 0
4.6025e-06 0
4.604e-06 0
4.6055e-06 0
4.607e-06 0
4.6085e-06 0
4.61e-06 0
4.6115e-06 0
4.613e-06 0
4.6145e-06 0
4.616e-06 0
4.6175e-06 0
4.619e-06 0
4.6205e-06 0
4.622e-06 0
4.6235e-06 0
4.625e-06 0
4.6265e-06 0
4.628e-06 0
4.6295e-06 0
4.631e-06 0
4.6325e-06 0
4.634e-06 0
4.6355e-06 0
4.637e-06 0
4.6385e-06 0
4.64e-06 0
4.6415e-06 0
4.643e-06 0
4.6445e-06 0
4.646e-06 0
4.6475e-06 0
4.649e-06 0
4.6505e-06 0
4.652e-06 0
4.6535e-06 0
4.655e-06 0
4.6565e-06 0
4.658e-06 0
4.6595e-06 0
4.661e-06 0
4.6625e-06 0
4.664e-06 0
4.6655e-06 0
4.667e-06 0
4.6685e-06 0
4.67e-06 0
4.6715e-06 0
4.673e-06 0
4.6745e-06 0
4.676e-06 0
4.6775e-06 0
4.679e-06 0
4.6805e-06 0
4.682e-06 0
4.6835e-06 0
4.685e-06 0
4.6865e-06 0
4.688e-06 0
4.6895e-06 0
4.691e-06 0
4.6925e-06 0
4.694e-06 0
4.6955e-06 0
4.697e-06 0
4.6985e-06 0
4.7e-06 0
4.7015e-06 0
4.703e-06 0
4.7045e-06 0
4.706e-06 0
4.7075e-06 0
4.709e-06 0
4.7105e-06 0
4.712e-06 0
4.7135e-06 0
4.715e-06 0
4.7165e-06 0
4.718e-06 0
4.7195e-06 0
4.721e-06 0
4.7225e-06 0
4.724e-06 0
4.7255e-06 0
4.727e-06 0
4.7285e-06 0
4.73e-06 0
4.7315e-06 0
4.733e-06 0
4.7345e-06 0
4.736e-06 0
4.7375e-06 0
4.739e-06 0
4.7405e-06 0
4.742e-06 0
4.7435e-06 0
4.745e-06 0
4.7465e-06 0
4.748e-06 0
4.7495e-06 0
4.751e-06 0
4.7525e-06 0
4.754e-06 0
4.7555e-06 0
4.757e-06 0
4.7585e-06 0
4.76e-06 0
4.7615e-06 0
4.763e-06 0
4.7645e-06 0
4.766e-06 0
4.7675e-06 0
4.769e-06 0
4.7705e-06 0
4.772e-06 0
4.7735e-06 0
4.775e-06 0
4.7765e-06 0
4.778e-06 0
4.7795e-06 0
4.781e-06 0
4.7825e-06 0
4.784e-06 0
4.7855e-06 0
4.787e-06 0
4.7885e-06 0
4.79e-06 0
4.7915e-06 0
4.793e-06 0
4.7945e-06 0
4.796e-06 0
4.7975e-06 0
4.799e-06 0
4.8005e-06 0
4.802e-06 0
4.8035e-06 0
4.805e-06 0
4.8065e-06 0
4.808e-06 0
4.8095e-06 0
4.811e-06 0
4.8125e-06 0
4.814e-06 0
4.8155e-06 0
4.817e-06 0
4.8185e-06 0
4.82e-06 0
4.8215e-06 0
4.823e-06 0
4.8245e-06 0
4.826e-06 0
4.8275e-06 0
4.829e-06 0
4.8305e-06 0
4.832e-06 0
4.8335e-06 0
4.835e-06 0
4.8365e-06 0
4.838e-06 0
4.8395e-06 0
4.841e-06 0
4.8425e-06 0
4.844e-06 0
4.8455e-06 0
4.847e-06 0
4.8485e-06 0
4.85e-06 0
4.8515e-06 0
4.853e-06 0
4.8545e-06 0
4.856e-06 0
4.8575e-06 0
4.859e-06 0
4.8605e-06 0
4.862e-06 0
4.8635e-06 0
4.865e-06 0
4.8665e-06 0
4.868e-06 0
4.8695e-06 0
4.871e-06 0
4.8725e-06 0
4.874e-06 0
4.8755e-06 0
4.877e-06 0
4.8785e-06 0
4.88e-06 0
4.8815e-06 0
4.883e-06 0
4.8845e-06 0
4.886e-06 0
4.8875e-06 0
4.889e-06 0
4.8905e-06 0
4.892e-06 0
4.8935e-06 0
4.895e-06 0
4.8965e-06 0
4.898e-06 0
4.8995e-06 0
4.901e-06 0
4.9025e-06 0
4.904e-06 0
4.9055e-06 0
4.907e-06 0
4.9085e-06 0
4.91e-06 0
4.9115e-06 0
4.913e-06 0
4.9145e-06 0
4.916e-06 0
4.9175e-06 0
4.919e-06 0
4.9205e-06 0
4.922e-06 0
4.9235e-06 0
4.925e-06 0
4.9265e-06 0
4.928e-06 0
4.9295e-06 0
4.931e-06 0
4.9325e-06 0
4.934e-06 0
4.9355e-06 0
4.937e-06 0
4.9385e-06 0
4.94e-06 0
4.9415e-06 0
4.943e-06 0
4.9445e-06 0
4.946e-06 0
4.9475e-06 0
4.949e-06 0
4.9505e-06 0
4.952e-06 0
4.9535e-06 0
4.955e-06 0
4.9565e-06 0
4.958e-06 0
4.9595e-06 0
4.961e-06 0
4.9625e-06 0
4.964e-06 0
4.9655e-06 0
4.967e-06 0
4.9685e-06 0
4.97e-06 0
4.9715e-06 0
4.973e-06 0
4.9745e-06 0
4.976e-06 0
4.9775e-06 0
4.979e-06 0
4.9805e-06 0
4.982e-06 0
4.9835e-06 0
4.985e-06 0
4.9865e-06 0
4.988e-06 0
4.9895e-06 0
4.991e-06 0
4.9925e-06 0
4.994e-06 0
4.9955e-06 0
4.997e-06 0
4.9985e-06 0
5e-06 0
