# First line is two numbers 
#     First value is '2', it means 'histogram mode'
#     Second value is 'Emin' of the histogram
# Other lines : 2 columns. 1) energy 2) probability (nb divided by NbEvent)
# Number of bins = 2000
# Content below the first bin: 0
# Content above the last  bin: 33.7491
# Content above the last  bin: 33.7491
# Number of events: 1
2 2e-06
2.0015e-06 0
2.003e-06 0
2.0045e-06 0
2.006e-06 0
2.0075e-06 0
2.009e-06 0
2.0105e-06 0
2.012e-06 0
2.0135e-06 0
2.015e-06 0
2.0165e-06 0
2.018e-06 0
2.0195e-06 0
2.021e-06 0
2.0225e-06 0
2.024e-06 0
2.0255e-06 0
2.027e-06 0
2.0285e-06 0
2.03e-06 0
2.0315e-06 0
2.033e-06 0
2.0345e-06 0
2.036e-06 0
2.0375e-06 0
2.039e-06 0
2.0405e-06 0
2.042e-06 0
2.0435e-06 0
2.045e-06 0
2.0465e-06 0
2.048e-06 0
2.0495e-06 0
2.051e-06 0
2.0525e-06 0
2.054e-06 0
2.0555e-06 0
2.057e-06 0
2.0585e-06 0
2.06e-06 0
2.0615e-06 0
2.063e-06 0
2.0645e-06 0
2.066e-06 0
2.0675e-06 0
2.069e-06 0
2.0705e-06 0
2.072e-06 0
2.0735e-06 0
2.075e-06 0
2.0765e-06 0
2.078e-06 0
2.0795e-06 0
2.081e-06 0
2.0825e-06 0
2.084e-06 0
2.0855e-06 0
2.087e-06 0
2.0885e-06 0
2.09e-06 0
2.0915e-06 0
2.093e-06 0
2.0945e-06 0
2.096e-06 0
2.0975e-06 0
2.099e-06 0
2.1005e-06 0
2.102e-06 0
2.1035e-06 0
2.105e-06 0
2.1065e-06 0
2.108e-06 0
2.1095e-06 0
2.111e-06 0
2.1125e-06 0
2.114e-06 0
2.1155e-06 0
2.117e-06 0
2.1185e-06 0
2.12e-06 0
2.1215e-06 0
2.123e-06 0
2.1245e-06 0
2.126e-06 0
2.1275e-06 0
2.129e-06 0
2.1305e-06 0
2.132e-06 0
2.1335e-06 0
2.135e-06 0
2.1365e-06 0
2.138e-06 0
2.1395e-06 0
2.141e-06 0
2.1425e-06 0
2.144e-06 0
2.1455e-06 0
2.147e-06 0
2.1485e-06 0
2.15e-06 0
2.1515e-06 0
2.153e-06 0
2.1545e-06 0
2.156e-06 0
2.1575e-06 0
2.159e-06 0
2.1605e-06 0
2.162e-06 0
2.1635e-06 0
2.165e-06 0
2.1665e-06 0
2.168e-06 0
2.1695e-06 0
2.171e-06 0
2.1725e-06 0
2.174e-06 0
2.1755e-06 0
2.177e-06 0
2.1785e-06 0
2.18e-06 0
2.1815e-06 0
2.183e-06 0
2.1845e-06 0
2.186e-06 0
2.1875e-06 0
2.189e-06 0
2.1905e-06 0
2.192e-06 0
2.1935e-06 0
2.195e-06 0
2.1965e-06 0
2.198e-06 0
2.1995e-06 0
2.201e-06 0
2.2025e-06 0
2.204e-06 0
2.2055e-06 0
2.207e-06 0
2.2085e-06 0
2.21e-06 0
2.2115e-06 0
2.213e-06 0
2.2145e-06 0
2.216e-06 0
2.2175e-06 0
2.219e-06 0
2.2205e-06 0
2.222e-06 0
2.2235e-06 0
2.225e-06 0
2.2265e-06 0
2.228e-06 0
2.2295e-06 0
2.231e-06 0
2.2325e-06 0
2.234e-06 0
2.2355e-06 0
2.237e-06 0
2.2385e-06 0
2.24e-06 0
2.2415e-06 0
2.243e-06 0
2.2445e-06 0
2.246e-06 0
2.2475e-06 0
2.249e-06 0
2.2505e-06 0
2.252e-06 0
2.2535e-06 0
2.255e-06 0
2.2565e-06 0
2.258e-06 0
2.2595e-06 0
2.261e-06 0
2.2625e-06 0
2.264e-06 0
2.2655e-06 0
2.267e-06 0
2.2685e-06 0
2.27e-06 0
2.2715e-06 0
2.273e-06 0
2.2745e-06 0
2.276e-06 0
2.2775e-06 0
2.279e-06 0
2.2805e-06 0
2.282e-06 0
2.2835e-06 0
2.285e-06 0
2.2865e-06 0
2.288e-06 0
2.2895e-06 0
2.291e-06 0
2.2925e-06 0
2.294e-06 0
2.2955e-06 0
2.297e-06 0
2.2985e-06 0
2.3e-06 0
2.3015e-06 0
2.303e-06 0
2.3045e-06 0
2.306e-06 0
2.3075e-06 0
2.309e-06 0
2.3105e-06 0
2.312e-06 0
2.3135e-06 0
2.315e-06 0
2.3165e-06 0
2.318e-06 0
2.3195e-06 0
2.321e-06 0
2.3225e-06 0
2.324e-06 0
2.3255e-06 0
2.327e-06 0
2.3285e-06 0
2.33e-06 0
2.3315e-06 0
2.333e-06 0
2.3345e-06 0
2.336e-06 0
2.3375e-06 0
2.339e-06 0
2.3405e-06 0
2.342e-06 0
2.3435e-06 0
2.345e-06 0
2.3465e-06 0
2.348e-06 0
2.3495e-06 0
2.351e-06 0
2.3525e-06 0
2.354e-06 0
2.3555e-06 0
2.357e-06 0
2.3585e-06 0
2.36e-06 0
2.3615e-06 0
2.363e-06 0
2.3645e-06 0
2.366e-06 0
2.3675e-06 0
2.369e-06 0
2.3705e-06 0
2.372e-06 0
2.3735e-06 0
2.375e-06 0
2.3765e-06 0
2.378e-06 0
2.3795e-06 0
2.381e-06 0
2.3825e-06 0
2.384e-06 0
2.3855e-06 0
2.387e-06 0
2.3885e-06 0
2.39e-06 0
2.3915e-06 0
2.393e-06 0
2.3945e-06 0
2.396e-06 0
2.3975e-06 0
2.399e-06 6.24524
2.4005e-06 1.08582
2.402e-06 2.00124
2.4035e-06 2.74234
2.405e-06 0
2.4065e-06 0
2.408e-06 5.61651
2.4095e-06 1.04878
2.411e-06 4.68139
2.4125e-06 3.01106
2.414e-06 1.31709
2.4155e-06 6.33273
2.417e-06 0
2.4185e-06 2.96939
2.42e-06 4.13103
2.4215e-06 1.3864
2.423e-06 3.7012
2.4245e-06 6.73337
2.426e-06 6.94454
2.4275e-06 14.0984
2.429e-06 0
2.4305e-06 2.7153
2.432e-06 7.854
2.4335e-06 3.7432
2.435e-06 4.87027
2.4365e-06 4.34612
2.438e-06 0.803086
2.4395e-06 3.92132
2.441e-06 4.37464
2.4425e-06 7.05815
2.444e-06 2.69931
2.4455e-06 14.1213
2.447e-06 2.61512
2.4485e-06 0
2.45e-06 0
2.4515e-06 0.85279
2.453e-06 2.11934
2.4545e-06 3.33216
2.456e-06 5.37415
2.4575e-06 1.21088
2.459e-06 0
2.4605e-06 9.80631
2.462e-06 0
2.4635e-06 3.08475
2.465e-06 2.30677
2.4665e-06 5.5258
2.468e-06 0
2.4695e-06 7.83621
2.471e-06 11.4956
2.4725e-06 8.34499
2.474e-06 0
2.4755e-06 2.30645
2.477e-06 3.18345
2.4785e-06 0.320889
2.48e-06 0
2.4815e-06 8.14428
2.483e-06 4.06444
2.4845e-06 3.35614
2.486e-06 7.73749
2.4875e-06 6.57076
2.489e-06 0.956605
2.4905e-06 12.2305
2.492e-06 3.51349
2.4935e-06 1.16528
2.495e-06 9.49679
2.4965e-06 3.40241
2.498e-06 15.8429
2.4995e-06 7.11265
2.501e-06 7.17842
2.5025e-06 3.44123
2.504e-06 0.4932
2.5055e-06 17.3735
2.507e-06 10.2929
2.5085e-06 2.2171
2.51e-06 9.60918
2.5115e-06 7.81016
2.513e-06 3.80005
2.5145e-06 0
2.516e-06 2.22406
2.5175e-06 3.58608
2.519e-06 2.73803
2.5205e-06 2.13195
2.522e-06 9.05358
2.5235e-06 7.33358
2.525e-06 17.5056
2.5265e-06 6.8078
2.528e-06 1.2359
2.5295e-06 6.47285
2.531e-06 10.2389
2.5325e-06 1.80754
2.534e-06 20.3597
2.5355e-06 1.97212
2.537e-06 8.7922
2.5385e-06 12.5833
2.54e-06 0
2.5415e-06 6.36432
2.543e-06 8.49652
2.5445e-06 28.5919
2.546e-06 13.7406
2.5475e-06 13.8621
2.549e-06 3.51298
2.5505e-06 0.336874
2.552e-06 14.4833
2.5535e-06 26.0258
2.555e-06 4.57798
2.5565e-06 3.29404
2.558e-06 1.2483
2.5595e-06 7.83334
2.561e-06 6.15754
2.5625e-06 16.7905
2.564e-06 10.6971
2.5655e-06 16.9314
2.567e-06 24.6345
2.5685e-06 2.46194
2.57e-06 17.7788
2.5715e-06 11.9748
2.573e-06 7.93592
2.5745e-06 13.3788
2.576e-06 2.11363
2.5775e-06 17.1658
2.579e-06 9.28946
2.5805e-06 10.958
2.582e-06 5.83322
2.5835e-06 6.57703
2.585e-06 22.3002
2.5865e-06 7.20742
2.588e-06 2.55089
2.5895e-06 28.1196
2.591e-06 0
2.5925e-06 5.31676
2.594e-06 5.62609
2.5955e-06 16.3691
2.597e-06 6.18965
2.5985e-06 13.7303
2.6e-06 7.68554
2.6015e-06 16.4366
2.603e-06 12.4681
2.6045e-06 13.6326
2.606e-06 12.1101
2.6075e-06 15.6281
2.609e-06 5.34022
2.6105e-06 7.16108
2.612e-06 27.0558
2.6135e-06 22.9186
2.615e-06 3.89079
2.6165e-06 17.2859
2.618e-06 16.6549
2.6195e-06 13.3328
2.621e-06 17.4174
2.6225e-06 11.0217
2.624e-06 52.5934
2.6255e-06 12.5221
2.627e-06 13.6423
2.6285e-06 10.4832
2.63e-06 33.5315
2.6315e-06 19.1962
2.633e-06 13.2722
2.6345e-06 29.355
2.636e-06 9.70608
2.6375e-06 10.2159
2.639e-06 5.66295
2.6405e-06 27.7335
2.642e-06 21.6204
2.6435e-06 17.8605
2.645e-06 21.0104
2.6465e-06 5.43104
2.648e-06 20.2562
2.6495e-06 25.0723
2.651e-06 21.1631
2.6525e-06 8.78954
2.654e-06 5.8039
2.6555e-06 19.5654
2.657e-06 27.4895
2.6585e-06 35.303
2.66e-06 28.6091
2.6615e-06 14.821
2.663e-06 11.7989
2.6645e-06 14.2005
2.666e-06 40.96
2.6675e-06 16.1885
2.669e-06 16.7205
2.6705e-06 2.97923
2.672e-06 12.1643
2.6735e-06 42.5044
2.675e-06 26.4529
2.6765e-06 11.4382
2.678e-06 45.3474
2.6795e-06 18.8078
2.681e-06 19.3078
2.6825e-06 24.8157
2.684e-06 8.96102
2.6855e-06 28.4589
2.687e-06 23.0939
2.6885e-06 50.5448
2.69e-06 8.23752
2.6915e-06 41.0022
2.693e-06 20.8118
2.6945e-06 24.9345
2.696e-06 20.4137
2.6975e-06 26.2792
2.699e-06 31.6381
2.7005e-06 24.1576
2.702e-06 24.4276
2.7035e-06 21.3033
2.705e-06 25.3447
2.7065e-06 42.5393
2.708e-06 15.5531
2.7095e-06 12.9505
2.711e-06 35.8256
2.7125e-06 33.0989
2.714e-06 48.2269
2.7155e-06 28.4993
2.717e-06 24.3891
2.7185e-06 25.916
2.72e-06 13.8622
2.7215e-06 31.9617
2.723e-06 40.7904
2.7245e-06 47.5297
2.726e-06 51.7047
2.7275e-06 23.0202
2.729e-06 10.371
2.7305e-06 31.9325
2.732e-06 50.4146
2.7335e-06 34.7314
2.735e-06 43.3216
2.7365e-06 35.095
2.738e-06 24.2021
2.7395e-06 39.1313
2.741e-06 20.8426
2.7425e-06 39.1115
2.744e-06 15.7718
2.7455e-06 10.2561
2.747e-06 33.1399
2.7485e-06 27.2828
2.75e-06 37.9591
2.7515e-06 26.7265
2.753e-06 52.2256
2.7545e-06 47.6576
2.756e-06 22.7167
2.7575e-06 18.9876
2.759e-06 18.7108
2.7605e-06 38.5051
2.762e-06 18.9775
2.7635e-06 49.2188
2.765e-06 46.3791
2.7665e-06 33.6928
2.768e-06 38.7908
2.7695e-06 38.1737
2.771e-06 26.747
2.7725e-06 26.6773
2.774e-06 33.1426
2.7755e-06 23.468
2.777e-06 39.534
2.7785e-06 31.8788
2.78e-06 30.8394
2.7815e-06 49.2208
2.783e-06 47.1735
2.7845e-06 49.4664
2.786e-06 53.2178
2.7875e-06 49.8395
2.789e-06 22.5299
2.7905e-06 24.9165
2.792e-06 19.2682
2.7935e-06 49.8585
2.795e-06 52.8092
2.7965e-06 31.4339
2.798e-06 50.3384
2.7995e-06 14.5942
2.801e-06 73.3073
2.8025e-06 64.2254
2.804e-06 35.6138
2.8055e-06 52.0762
2.807e-06 30.2264
2.8085e-06 48.1156
2.81e-06 29.7309
2.8115e-06 63.5524
2.813e-06 34.5005
2.8145e-06 60.8585
2.816e-06 36.5224
2.8175e-06 12.3822
2.819e-06 43.2189
2.8205e-06 68.8764
2.822e-06 45.337
2.8235e-06 37.2352
2.825e-06 30.1089
2.8265e-06 14.9799
2.828e-06 44.0096
2.8295e-06 43.0565
2.831e-06 35.4817
2.8325e-06 18.8545
2.834e-06 33.4492
2.8355e-06 49.1895
2.837e-06 32.9672
2.8385e-06 34.9959
2.84e-06 55.6621
2.8415e-06 51.5554
2.843e-06 56.993
2.8445e-06 34.9643
2.846e-06 37.395
2.8475e-06 32.3507
2.849e-06 46.323
2.8505e-06 30.3803
2.852e-06 34.9851
2.8535e-06 58.4924
2.855e-06 61.8491
2.8565e-06 60.6887
2.858e-06 75.1939
2.8595e-06 23.3808
2.861e-06 37.8565
2.8625e-06 38.5903
2.864e-06 43.602
2.8655e-06 55.9696
2.867e-06 37.9684
2.8685e-06 40.4338
2.87e-06 34.725
2.8715e-06 80.047
2.873e-06 17.3199
2.8745e-06 67.6189
2.876e-06 28.8592
2.8775e-06 43.6561
2.879e-06 34.6321
2.8805e-06 49.4212
2.882e-06 34.7019
2.8835e-06 28.1339
2.885e-06 30.471
2.8865e-06 54.8735
2.888e-06 40.022
2.8895e-06 69.4335
2.891e-06 56.7192
2.8925e-06 54.8172
2.894e-06 58.4212
2.8955e-06 50.5735
2.897e-06 64.2374
2.8985e-06 48.7632
2.9e-06 54.4089
2.9015e-06 79.9819
2.903e-06 35.9289
2.9045e-06 37.9976
2.906e-06 62.8122
2.9075e-06 58.8684
2.909e-06 43.6468
2.9105e-06 43.8212
2.912e-06 60.9292
2.9135e-06 52.2619
2.915e-06 29.6444
2.9165e-06 59.562
2.918e-06 27.8471
2.9195e-06 82.732
2.921e-06 44.0162
2.9225e-06 77.6628
2.924e-06 46.7171
2.9255e-06 72.421
2.927e-06 53.1321
2.9285e-06 63.4807
2.93e-06 73.5574
2.9315e-06 49.2066
2.933e-06 76.9994
2.9345e-06 76.1702
2.936e-06 57.6189
2.9375e-06 87.2185
2.939e-06 70.048
2.9405e-06 67.4967
2.942e-06 42.0415
2.9435e-06 74.762
2.945e-06 58.0472
2.9465e-06 63.6305
2.948e-06 87.963
2.9495e-06 71.505
2.951e-06 101.575
2.9525e-06 39.6628
2.954e-06 58.6273
2.9555e-06 53.2777
2.957e-06 63.2262
2.9585e-06 57.2877
2.96e-06 100.608
2.9615e-06 62.5542
2.963e-06 51.388
2.9645e-06 60.1142
2.966e-06 89.1908
2.9675e-06 48.1829
2.969e-06 44.669
2.9705e-06 54.0543
2.972e-06 77.5095
2.9735e-06 71.3611
2.975e-06 99.4791
2.9765e-06 63.9664
2.978e-06 89.6089
2.9795e-06 40.0082
2.981e-06 80.7946
2.9825e-06 61.2094
2.984e-06 87.3632
2.9855e-06 42.1757
2.987e-06 95.4952
2.9885e-06 53.5306
2.99e-06 60.6292
2.9915e-06 65.8856
2.993e-06 51.2695
2.9945e-06 45.7495
2.996e-06 62.768
2.9975e-06 57.8624
2.999e-06 70.2332
3.0005e-06 64.0434
3.002e-06 75.7833
3.0035e-06 73.6739
3.005e-06 41.3328
3.0065e-06 74.5962
3.008e-06 54.9337
3.0095e-06 53.8397
3.011e-06 47.0887
3.0125e-06 73.2731
3.014e-06 73.5913
3.0155e-06 62.5817
3.017e-06 46.5509
3.0185e-06 55.418
3.02e-06 71.5234
3.0215e-06 74.7509
3.023e-06 82.6231
3.0245e-06 104.349
3.026e-06 73.1853
3.0275e-06 64.4045
3.029e-06 87.7258
3.0305e-06 39.918
3.032e-06 77.7154
3.0335e-06 65.6168
3.035e-06 92.7813
3.0365e-06 56.8435
3.038e-06 82.4349
3.0395e-06 84.7233
3.041e-06 38.1361
3.0425e-06 66.9098
3.044e-06 50.9587
3.0455e-06 50.4897
3.047e-06 43.6989
3.0485e-06 81.9772
3.05e-06 76.6706
3.0515e-06 42.6835
3.053e-06 29.1278
3.0545e-06 56.3551
3.056e-06 57.3418
3.0575e-06 82.2442
3.059e-06 93.5209
3.0605e-06 103.791
3.062e-06 74.834
3.0635e-06 84.6004
3.065e-06 57.0181
3.0665e-06 47.405
3.068e-06 78.2179
3.0695e-06 114.724
3.071e-06 68.4493
3.0725e-06 64.0365
3.074e-06 175.407
3.0755e-06 63.8128
3.077e-06 97.0746
3.0785e-06 82.394
3.08e-06 80.8816
3.0815e-06 105.992
3.083e-06 60.4979
3.0845e-06 47.498
3.086e-06 70.7913
3.0875e-06 44.8927
3.089e-06 80.3118
3.0905e-06 134.568
3.092e-06 106.61
3.0935e-06 72.4308
3.095e-06 86.3594
3.0965e-06 74.5681
3.098e-06 90.5437
3.0995e-06 85.9338
3.101e-06 86.7531
3.1025e-06 106.017
3.104e-06 74.7788
3.1055e-06 56.2423
3.107e-06 96.78
3.1085e-06 113.133
3.11e-06 57.9307
3.1115e-06 71.8685
3.113e-06 117.724
3.1145e-06 125.082
3.116e-06 89.4818
3.1175e-06 114.676
3.119e-06 90.3517
3.1205e-06 81.6418
3.122e-06 90.6749
3.1235e-06 89.2158
3.125e-06 68.5875
3.1265e-06 104.756
3.128e-06 107.151
3.1295e-06 93.4985
3.131e-06 93.3616
3.1325e-06 111.737
3.134e-06 107.431
3.1355e-06 76.8427
3.137e-06 94.2222
3.1385e-06 142.864
3.14e-06 49.648
3.1415e-06 101.673
3.143e-06 68.4649
3.1445e-06 74.4261
3.146e-06 49.3425
3.1475e-06 88.9197
3.149e-06 86.5385
3.1505e-06 71.3664
3.152e-06 146.125
3.1535e-06 63.362
3.155e-06 86.1598
3.1565e-06 101.291
3.158e-06 68.5238
3.1595e-06 102.825
3.161e-06 108.398
3.1625e-06 79.3797
3.164e-06 97.3782
3.1655e-06 81.2218
3.167e-06 37.7517
3.1685e-06 40.9292
3.17e-06 83.1317
3.1715e-06 93.4123
3.173e-06 107.142
3.1745e-06 78.3444
3.176e-06 71.8462
3.1775e-06 70.7554
3.179e-06 55.0349
3.1805e-06 85.1037
3.182e-06 109.99
3.1835e-06 112.333
3.185e-06 104.315
3.1865e-06 50.8476
3.188e-06 48.6222
3.1895e-06 81.3751
3.191e-06 66.918
3.1925e-06 136.862
3.194e-06 89.4983
3.1955e-06 126.877
3.197e-06 54.0116
3.1985e-06 57.8591
3.2e-06 73.537
3.2015e-06 60.947
3.203e-06 86.0075
3.2045e-06 73.0686
3.206e-06 111.526
3.2075e-06 119.973
3.209e-06 83.2399
3.2105e-06 84.859
3.212e-06 59.5655
3.2135e-06 86.6556
3.215e-06 50.8758
3.2165e-06 78.1606
3.218e-06 55.0352
3.2195e-06 36.212
3.221e-06 69.2215
3.2225e-06 58.8178
3.224e-06 53.2272
3.2255e-06 76.2146
3.227e-06 103.615
3.2285e-06 111.808
3.23e-06 99.9903
3.2315e-06 204.932
3.233e-06 516.601
3.2345e-06 566.518
3.236e-06 461.832
3.2375e-06 461.481
3.239e-06 533.012
3.2405e-06 557.052
3.242e-06 478.856
3.2435e-06 469.677
3.245e-06 470.757
3.2465e-06 455.119
3.248e-06 412.009
3.2495e-06 434.134
3.251e-06 374.171
3.2525e-06 443.858
3.254e-06 423.527
3.2555e-06 391.413
3.257e-06 353.608
3.2585e-06 353.35
3.26e-06 310.348
3.2615e-06 357.454
3.263e-06 281.827
3.2645e-06 428.669
3.266e-06 425.189
3.2675e-06 324.533
3.269e-06 330.369
3.2705e-06 302.379
3.272e-06 283.616
3.2735e-06 371.089
3.275e-06 300.688
3.2765e-06 368.828
3.278e-06 241.127
3.2795e-06 239.392
3.281e-06 237.524
3.2825e-06 247.52
3.284e-06 251.178
3.2855e-06 292.633
3.287e-06 219.432
3.2885e-06 330.671
3.29e-06 331.393
3.2915e-06 242.904
3.293e-06 357.546
3.2945e-06 284.047
3.296e-06 217.576
3.2975e-06 269.404
3.299e-06 236.501
3.3005e-06 255.376
3.302e-06 238.919
3.3035e-06 230.365
3.305e-06 243.013
3.3065e-06 266.797
3.308e-06 228.298
3.3095e-06 199.616
3.311e-06 314.863
3.3125e-06 228.584
3.314e-06 253.724
3.3155e-06 238.006
3.317e-06 216.549
3.3185e-06 212.052
3.32e-06 200.654
3.3215e-06 156.618
3.323e-06 245.557
3.3245e-06 219.211
3.326e-06 255.464
3.3275e-06 276.991
3.329e-06 243.107
3.3305e-06 188.976
3.332e-06 245.272
3.3335e-06 180.633
3.335e-06 312.663
3.3365e-06 282.495
3.338e-06 256.553
3.3395e-06 269.386
3.341e-06 269.468
3.3425e-06 306.83
3.344e-06 176.854
3.3455e-06 223.096
3.347e-06 232.517
3.3485e-06 201.514
3.35e-06 233.244
3.3515e-06 249.524
3.353e-06 167.636
3.3545e-06 211.797
3.356e-06 214.192
3.3575e-06 222.327
3.359e-06 291.178
3.3605e-06 216.351
3.362e-06 200.442
3.3635e-06 272.824
3.365e-06 230.975
3.3665e-06 267.241
3.368e-06 201.193
3.3695e-06 237.301
3.371e-06 168.218
3.3725e-06 215.896
3.374e-06 205.906
3.3755e-06 273.475
3.377e-06 186.36
3.3785e-06 263.339
3.38e-06 184.244
3.3815e-06 249.841
3.383e-06 202.404
3.3845e-06 212.049
3.386e-06 216.813
3.3875e-06 261.368
3.389e-06 235.371
3.3905e-06 188.432
3.392e-06 192.537
3.3935e-06 197.835
3.395e-06 251.82
3.3965e-06 279.46
3.398e-06 231.236
3.3995e-06 206.012
3.401e-06 195.187
3.4025e-06 211
3.404e-06 159.663
3.4055e-06 238.951
3.407e-06 197.414
3.4085e-06 249.484
3.41e-06 210.047
3.4115e-06 294.594
3.413e-06 214.391
3.4145e-06 199.562
3.416e-06 269.063
3.4175e-06 241.665
3.419e-06 221.063
3.4205e-06 256.043
3.422e-06 232.166
3.4235e-06 193.295
3.425e-06 220.92
3.4265e-06 211.365
3.428e-06 221.996
3.4295e-06 267.163
3.431e-06 242.002
3.4325e-06 207.21
3.434e-06 188.408
3.4355e-06 208.788
3.437e-06 217.356
3.4385e-06 247.92
3.44e-06 203.326
3.4415e-06 212.076
3.443e-06 300.899
3.4445e-06 219.141
3.446e-06 241.142
3.4475e-06 260.871
3.449e-06 264.505
3.4505e-06 258.959
3.452e-06 187.195
3.4535e-06 135.983
3.455e-06 193.349
3.4565e-06 253.261
3.458e-06 183.636
3.4595e-06 270.082
3.461e-06 143.817
3.4625e-06 178.289
3.464e-06 255.425
3.4655e-06 252.784
3.467e-06 218.317
3.4685e-06 176.409
3.47e-06 306.859
3.4715e-06 209.707
3.473e-06 216.259
3.4745e-06 204.194
3.476e-06 277.802
3.4775e-06 308.057
3.479e-06 193.077
3.4805e-06 197.672
3.482e-06 176.119
3.4835e-06 189.988
3.485e-06 204.677
3.4865e-06 204.388
3.488e-06 173.031
3.4895e-06 197.243
3.491e-06 162.688
3.4925e-06 185.93
3.494e-06 193.138
3.4955e-06 238.153
3.497e-06 165.496
3.4985e-06 327.73
3.5e-06 247.52
3.5015e-06 170.611
3.503e-06 244.173
3.5045e-06 285.138
3.506e-06 233.653
3.5075e-06 215.002
3.509e-06 241.411
3.5105e-06 287.962
3.512e-06 203.969
3.5135e-06 276.831
3.515e-06 258.758
3.5165e-06 256.57
3.518e-06 227.844
3.5195e-06 233.359
3.521e-06 238.465
3.5225e-06 189.139
3.524e-06 209.689
3.5255e-06 288.4
3.527e-06 269.36
3.5285e-06 174.603
3.53e-06 215.875
3.5315e-06 234.183
3.533e-06 189.018
3.5345e-06 361.807
3.536e-06 329.759
3.5375e-06 293.652
3.539e-06 270.676
3.5405e-06 370.569
3.542e-06 210.729
3.5435e-06 284.042
3.545e-06 242.858
3.5465e-06 263.226
3.548e-06 285.733
3.5495e-06 286.946
3.551e-06 250.414
3.5525e-06 268.022
3.554e-06 268.031
3.5555e-06 177.374
3.557e-06 299.926
3.5585e-06 278.104
3.56e-06 234.653
3.5615e-06 207.545
3.563e-06 273.037
3.5645e-06 261.692
3.566e-06 287.511
3.5675e-06 312.224
3.569e-06 233.04
3.5705e-06 255.351
3.572e-06 270.875
3.5735e-06 264.648
3.575e-06 274.658
3.5765e-06 282.285
3.578e-06 300.769
3.5795e-06 282.367
3.581e-06 218.67
3.5825e-06 265.482
3.584e-06 210.223
3.5855e-06 197.78
3.587e-06 251.418
3.5885e-06 257.355
3.59e-06 160.175
3.5915e-06 284.662
3.593e-06 248.675
3.5945e-06 322.083
3.596e-06 195.714
3.5975e-06 280.279
3.599e-06 245.436
3.6005e-06 271.966
3.602e-06 222
3.6035e-06 218.153
3.605e-06 284.347
3.6065e-06 186.168
3.608e-06 202.34
3.6095e-06 130.371
3.611e-06 178.644
3.6125e-06 344.568
3.614e-06 282.054
3.6155e-06 247.792
3.617e-06 269.162
3.6185e-06 227.432
3.62e-06 217.237
3.6215e-06 198.492
3.623e-06 227.722
3.6245e-06 234.935
3.626e-06 195.055
3.6275e-06 208.624
3.629e-06 177.975
3.6305e-06 220.245
3.632e-06 240.967
3.6335e-06 221.135
3.635e-06 210.303
3.6365e-06 233.229
3.638e-06 142.562
3.6395e-06 174.069
3.641e-06 150.937
3.6425e-06 237.821
3.644e-06 184.45
3.6455e-06 209.724
3.647e-06 198.011
3.6485e-06 221.919
3.65e-06 170.527
3.6515e-06 252.595
3.653e-06 206.509
3.6545e-06 199.084
3.656e-06 177.86
3.6575e-06 216.521
3.659e-06 178.08
3.6605e-06 163.234
3.662e-06 210.612
3.6635e-06 219.376
3.665e-06 182.375
3.6665e-06 149.034
3.668e-06 221.932
3.6695e-06 193.824
3.671e-06 158.791
3.6725e-06 244.394
3.674e-06 254.448
3.6755e-06 286.976
3.677e-06 178.141
3.6785e-06 171.573
3.68e-06 171.386
3.6815e-06 206.632
3.683e-06 153.973
3.6845e-06 169.833
3.686e-06 219.428
3.6875e-06 199.63
3.689e-06 220.231
3.6905e-06 154.276
3.692e-06 219.518
3.6935e-06 194.873
3.695e-06 211.417
3.6965e-06 161.666
3.698e-06 192.072
3.6995e-06 191.71
3.701e-06 290.312
3.7025e-06 240.082
3.704e-06 300.745
3.7055e-06 203.126
3.707e-06 261.472
3.7085e-06 264.237
3.71e-06 171.722
3.7115e-06 260.968
3.713e-06 205.008
3.7145e-06 195.369
3.716e-06 154.824
3.7175e-06 176.564
3.719e-06 202.665
3.7205e-06 153.832
3.722e-06 172.181
3.7235e-06 149.682
3.725e-06 252.312
3.7265e-06 191.288
3.728e-06 202.061
3.7295e-06 268.452
3.731e-06 198.921
3.7325e-06 168.884
3.734e-06 140.159
3.7355e-06 231.623
3.737e-06 202.55
3.7385e-06 189.374
3.74e-06 124.843
3.7415e-06 192.093
3.743e-06 183.243
3.7445e-06 195.247
3.746e-06 185.988
3.7475e-06 185.826
3.749e-06 173.713
3.7505e-06 162.921
3.752e-06 180.291
3.7535e-06 243.531
3.755e-06 149.857
3.7565e-06 134.731
3.758e-06 236.533
3.7595e-06 202.05
3.761e-06 148.534
3.7625e-06 170.618
3.764e-06 129.78
3.7655e-06 142.526
3.767e-06 140.576
3.7685e-06 144.951
3.77e-06 175.933
3.7715e-06 188.675
3.773e-06 158.86
3.7745e-06 124.191
3.776e-06 104.367
3.7775e-06 150.506
3.779e-06 103.315
3.7805e-06 153.137
3.782e-06 122.364
3.7835e-06 149.266
3.785e-06 154.445
3.7865e-06 166.87
3.788e-06 212.421
3.7895e-06 183.69
3.791e-06 161.07
3.7925e-06 147.199
3.794e-06 179.376
3.7955e-06 132.799
3.797e-06 134.534
3.7985e-06 73.6906
3.8e-06 86.8832
3.8015e-06 61.509
3.803e-06 67.7515
3.8045e-06 176.399
3.806e-06 124.549
3.8075e-06 82.0221
3.809e-06 106.213
3.8105e-06 105.862
3.812e-06 121.901
3.8135e-06 158.819
3.815e-06 95.2847
3.8165e-06 69.9968
3.818e-06 81.6367
3.8195e-06 97.7953
3.821e-06 101.037
3.8225e-06 101.334
3.824e-06 37.9913
3.8255e-06 65.3387
3.827e-06 52.0782
3.8285e-06 57.2968
3.83e-06 38.3443
3.8315e-06 44.5932
3.833e-06 39.9357
3.8345e-06 27.7777
3.836e-06 40.4661
3.8375e-06 38.7158
3.839e-06 86.7947
3.8405e-06 53.7404
3.842e-06 35.4974
3.8435e-06 32.4557
3.845e-06 35.7362
3.8465e-06 35.6897
3.848e-06 47.5709
3.8495e-06 56.8209
3.851e-06 43.4148
3.8525e-06 55.4476
3.854e-06 68.5396
3.8555e-06 42.1772
3.857e-06 8.17722
3.8585e-06 25.8497
3.86e-06 14.6467
3.8615e-06 8.3469
3.863e-06 3.35414
3.8645e-06 18.3246
3.866e-06 24.4749
3.8675e-06 28.1163
3.869e-06 17.9517
3.8705e-06 10.8813
3.872e-06 14.8
3.8735e-06 26.0179
3.875e-06 24.6269
3.8765e-06 24.7809
3.878e-06 6.55004
3.8795e-06 7.27941
3.881e-06 31.0046
3.8825e-06 16.5804
3.884e-06 53.6965
3.8855e-06 8.13472
3.887e-06 16.1294
3.8885e-06 12.5648
3.89e-06 33.022
3.8915e-06 16.1838
3.893e-06 16.3456
3.8945e-06 10.8303
3.896e-06 21.3201
3.8975e-06 19.3426
3.899e-06 5.53694
3.9005e-06 0
3.902e-06 0
3.9035e-06 0
3.905e-06 0
3.9065e-06 0
3.908e-06 0
3.9095e-06 0
3.911e-06 0
3.9125e-06 0
3.914e-06 0
3.9155e-06 0
3.917e-06 0
3.9185e-06 0
3.92e-06 0
3.9215e-06 0
3.923e-06 0
3.9245e-06 0
3.926e-06 0
3.9275e-06 0
3.929e-06 0
3.9305e-06 0
3.932e-06 0
3.9335e-06 0
3.935e-06 0
3.9365e-06 0
3.938e-06 0
3.9395e-06 0
3.941e-06 0
3.9425e-06 0
3.944e-06 0
3.9455e-06 0
3.947e-06 0
3.9485e-06 0
3.95e-06 0
3.9515e-06 0
3.953e-06 0
3.9545e-06 0
3.956e-06 0
3.9575e-06 0
3.959e-06 0
3.9605e-06 0
3.962e-06 0
3.9635e-06 0
3.965e-06 0
3.9665e-06 0
3.968e-06 0
3.9695e-06 0
3.971e-06 0
3.9725e-06 0
3.974e-06 0
3.9755e-06 0
3.977e-06 0
3.9785e-06 0
3.98e-06 0
3.9815e-06 0
3.983e-06 0
3.9845e-06 0
3.986e-06 0
3.9875e-06 0
3.989e-06 0
3.9905e-06 0
3.992e-06 0
3.9935e-06 0
3.995e-06 0
3.9965e-06 0
3.998e-06 0
3.9995e-06 0
4.001e-06 0
4.0025e-06 0
4.004e-06 0
4.0055e-06 0
4.007e-06 0
4.0085e-06 0
4.01e-06 0
4.0115e-06 0
4.013e-06 0
4.0145e-06 0
4.016e-06 0
4.0175e-06 0
4.019e-06 0
4.0205e-06 0
4.022e-06 0
4.0235e-06 0
4.025e-06 0
4.0265e-06 0
4.028e-06 0
4.0295e-06 0
4.031e-06 0
4.0325e-06 0
4.034e-06 0
4.0355e-06 0
4.037e-06 0
4.0385e-06 0
4.04e-06 0
4.0415e-06 0
4.043e-06 0
4.0445e-06 0
4.046e-06 0
4.0475e-06 0
4.049e-06 0
4.0505e-06 0
4.052e-06 0
4.0535e-06 0
4.055e-06 0
4.0565e-06 0
4.058e-06 0
4.0595e-06 0
4.061e-06 0
4.0625e-06 0
4.064e-06 0
4.0655e-06 0
4.067e-06 0
4.0685e-06 0
4.07e-06 0
4.0715e-06 0
4.073e-06 0
4.0745e-06 0
4.076e-06 0
4.0775e-06 0
4.079e-06 0
4.0805e-06 0
4.082e-06 0
4.0835e-06 0
4.085e-06 0
4.0865e-06 0
4.088e-06 0
4.0895e-06 0
4.091e-06 0
4.0925e-06 0
4.094e-06 0
4.0955e-06 0
4.097e-06 0
4.0985e-06 0
4.1e-06 0
4.1015e-06 0
4.103e-06 0
4.1045e-06 0
4.106e-06 0
4.1075e-06 0
4.109e-06 0
4.1105e-06 0
4.112e-06 0
4.1135e-06 0
4.115e-06 0
4.1165e-06 0
4.118e-06 0
4.1195e-06 0
4.121e-06 0
4.1225e-06 0
4.124e-06 0
4.1255e-06 0
4.127e-06 0
4.1285e-06 0
4.13e-06 0
4.1315e-06 0
4.133e-06 0
4.1345e-06 0
4.136e-06 0
4.1375e-06 0
4.139e-06 0
4.1405e-06 0
4.142e-06 0
4.1435e-06 0
4.145e-06 0
4.1465e-06 0
4.148e-06 0
4.1495e-06 0
4.151e-06 0
4.1525e-06 0
4.154e-06 0
4.1555e-06 0
4.157e-06 0
4.1585e-06 0
4.16e-06 0
4.1615e-06 0
4.163e-06 0
4.1645e-06 0
4.166e-06 0
4.1675e-06 0
4.169e-06 0
4.1705e-06 0
4.172e-06 0
4.1735e-06 0
4.175e-06 0
4.1765e-06 0
4.178e-06 0
4.1795e-06 0
4.181e-06 0
4.1825e-06 0
4.184e-06 0
4.1855e-06 0
4.187e-06 0
4.1885e-06 0
4.19e-06 0
4.1915e-06 0
4.193e-06 0
4.1945e-06 0
4.196e-06 0
4.1975e-06 0
4.199e-06 0
4.2005e-06 0
4.202e-06 0
4.2035e-06 0
4.205e-06 0
4.2065e-06 0
4.208e-06 0
4.2095e-06 0
4.211e-06 0
4.2125e-06 0
4.214e-06 0
4.2155e-06 0
4.217e-06 0
4.2185e-06 0
4.22e-06 0
4.2215e-06 0
4.223e-06 0
4.2245e-06 0
4.226e-06 0
4.2275e-06 0
4.229e-06 0
4.2305e-06 0
4.232e-06 0
4.2335e-06 0
4.235e-06 0
4.2365e-06 0
4.238e-06 0
4.2395e-06 0
4.241e-06 0
4.2425e-06 0
4.244e-06 0
4.2455e-06 0
4.247e-06 0
4.2485e-06 0
4.25e-06 0
4.2515e-06 0
4.253e-06 0
4.2545e-06 0
4.256e-06 0
4.2575e-06 0
4.259e-06 0
4.2605e-06 0
4.262e-06 0
4.2635e-06 0
4.265e-06 0
4.2665e-06 0
4.268e-06 0
4.2695e-06 0
4.271e-06 0
4.2725e-06 0
4.274e-06 0
4.2755e-06 0
4.277e-06 0
4.2785e-06 0
4.28e-06 0
4.2815e-06 0
4.283e-06 0
4.2845e-06 0
4.286e-06 0
4.2875e-06 0
4.289e-06 0
4.2905e-06 0
4.292e-06 0
4.2935e-06 0
4.295e-06 0
4.2965e-06 0
4.298e-06 0
4.2995e-06 0
4.301e-06 0
4.3025e-06 0
4.304e-06 0
4.3055e-06 0
4.307e-06 0
4.3085e-06 0
4.31e-06 0
4.3115e-06 0
4.313e-06 0
4.3145e-06 0
4.316e-06 0
4.3175e-06 0
4.319e-06 0
4.3205e-06 0
4.322e-06 0
4.3235e-06 0
4.325e-06 0
4.3265e-06 0
4.328e-06 0
4.3295e-06 0
4.331e-06 0
4.3325e-06 0
4.334e-06 0
4.3355e-06 0
4.337e-06 0
4.3385e-06 0
4.34e-06 0
4.3415e-06 0
4.343e-06 0
4.3445e-06 0
4.346e-06 0
4.3475e-06 0
4.349e-06 0
4.3505e-06 0
4.352e-06 0
4.3535e-06 0
4.355e-06 0
4.3565e-06 0
4.358e-06 0
4.3595e-06 0
4.361e-06 0
4.3625e-06 0
4.364e-06 0
4.3655e-06 0
4.367e-06 0
4.3685e-06 0
4.37e-06 0
4.3715e-06 0
4.373e-06 0
4.3745e-06 0
4.376e-06 0
4.3775e-06 0
4.379e-06 0
4.3805e-06 0
4.382e-06 0
4.3835e-06 0
4.385e-06 0
4.3865e-06 0
4.388e-06 0
4.3895e-06 0
4.391e-06 0
4.3925e-06 0
4.394e-06 0
4.3955e-06 0
4.397e-06 0
4.3985e-06 0
4.4e-06 0
4.4015e-06 0
4.403e-06 0
4.4045e-06 0
4.406e-06 0
4.4075e-06 0
4.409e-06 0
4.4105e-06 0
4.412e-06 0
4.4135e-06 0
4.415e-06 0
4.4165e-06 0
4.418e-06 0
4.4195e-06 0
4.421e-06 0
4.4225e-06 0
4.424e-06 0
4.4255e-06 0
4.427e-06 0
4.4285e-06 0
4.43e-06 0
4.4315e-06 0
4.433e-06 0
4.4345e-06 0
4.436e-06 0
4.4375e-06 0
4.439e-06 0
4.4405e-06 0
4.442e-06 0
4.4435e-06 0
4.445e-06 0
4.4465e-06 0
4.448e-06 0
4.4495e-06 0
4.451e-06 0
4.4525e-06 0
4.454e-06 0
4.4555e-06 0
4.457e-06 0
4.4585e-06 0
4.46e-06 0
4.4615e-06 0
4.463e-06 0
4.4645e-06 0
4.466e-06 0
4.4675e-06 0
4.469e-06 0
4.4705e-06 0
4.472e-06 0
4.4735e-06 0
4.475e-06 0
4.4765e-06 0
4.478e-06 0
4.4795e-06 0
4.481e-06 0
4.4825e-06 0
4.484e-06 0
4.4855e-06 0
4.487e-06 0
4.4885e-06 0
4.49e-06 0
4.4915e-06 0
4.493e-06 0
4.4945e-06 0
4.496e-06 0
4.4975e-06 0
4.499e-06 0
4.5005e-06 0
4.502e-06 0
4.5035e-06 0
4.505e-06 0
4.5065e-06 0
4.508e-06 0
4.5095e-06 0
4.511e-06 0
4.5125e-06 0
4.514e-06 0
4.5155e-06 0
4.517e-06 0
4.5185e-06 0
4.52e-06 0
4.5215e-06 0
4.523e-06 0
4.5245e-06 0
4.526e-06 0
4.5275e-06 0
4.529e-06 0
4.5305e-06 0
4.532e-06 0
4.5335e-06 0
4.535e-06 0
4.5365e-06 0
4.538e-06 0
4.5395e-06 0
4.541e-06 0
4.5425e-06 0
4.544e-06 0
4.5455e-06 0
4.547e-06 0
4.5485e-06 0
4.55e-06 0
4.5515e-06 0
4.553e-06 0
4.5545e-06 0
4.556e-06 0
4.5575e-06 0
4.559e-06 0
4.5605e-06 0
4.562e-06 0
4.5635e-06 0
4.565e-06 0
4.5665e-06 0
4.568e-06 0
4.5695e-06 0
4.571e-06 0
4.5725e-06 0
4.574e-06 0
4.5755e-06 0
4.577e-06 0
4.5785e-06 0
4.58e-06 0
4.5815e-06 0
4.583e-06 0
4.5845e-06 0
4.586e-06 0
4.5875e-06 0
4.589e-06 0
4.5905e-06 0
4.592e-06 0
4.5935e-06 0
4.595e-06 0
4.5965e-06 0
4.598e-06 0
4.5995e-06 0
4.601e-06 0
4.6025e-06 0
4.604e-06 0
4.6055e-06 0
4.607e-06 0
4.6085e-06 0
4.61e-06 0
4.6115e-06 0
4.613e-06 0
4.6145e-06 0
4.616e-06 0
4.6175e-06 0
4.619e-06 0
4.6205e-06 0
4.622e-06 0
4.6235e-06 0
4.625e-06 0
4.6265e-06 0
4.628e-06 0
4.6295e-06 0
4.631e-06 0
4.6325e-06 0
4.634e-06 0
4.6355e-06 0
4.637e-06 0
4.6385e-06 0
4.64e-06 0
4.6415e-06 0
4.643e-06 0
4.6445e-06 0
4.646e-06 0
4.6475e-06 0
4.649e-06 0
4.6505e-06 0
4.652e-06 0
4.6535e-06 0
4.655e-06 0
4.6565e-06 0
4.658e-06 0
4.6595e-06 0
4.661e-06 0
4.6625e-06 0
4.664e-06 0
4.6655e-06 0
4.667e-06 0
4.6685e-06 0
4.67e-06 0
4.6715e-06 0
4.673e-06 0
4.6745e-06 0
4.676e-06 0
4.6775e-06 0
4.679e-06 0
4.6805e-06 0
4.682e-06 0
4.6835e-06 0
4.685e-06 0
4.6865e-06 0
4.688e-06 0
4.6895e-06 0
4.691e-06 0
4.6925e-06 0
4.694e-06 0
4.6955e-06 0
4.697e-06 0
4.6985e-06 0
4.7e-06 0
4.7015e-06 0
4.703e-06 0
4.7045e-06 0
4.706e-06 0
4.7075e-06 0
4.709e-06 0
4.7105e-06 0
4.712e-06 0
4.7135e-06 0
4.715e-06 0
4.7165e-06 0
4.718e-06 0
4.7195e-06 0
4.721e-06 0
4.7225e-06 0
4.724e-06 0
4.7255e-06 0
4.727e-06 0
4.7285e-06 0
4.73e-06 0
4.7315e-06 0
4.733e-06 0
4.7345e-06 0
4.736e-06 0
4.7375e-06 0
4.739e-06 0
4.7405e-06 0
4.742e-06 0
4.7435e-06 0
4.745e-06 0
4.7465e-06 0
4.748e-06 0
4.7495e-06 0
4.751e-06 0
4.7525e-06 0
4.754e-06 0
4.7555e-06 0
4.757e-06 0
4.7585e-06 0
4.76e-06 0
4.7615e-06 0
4.763e-06 0
4.7645e-06 0
4.766e-06 0
4.7675e-06 0
4.769e-06 0
4.7705e-06 0
4.772e-06 0
4.7735e-06 0
4.775e-06 0
4.7765e-06 0
4.778e-06 0
4.7795e-06 0
4.781e-06 0
4.7825e-06 0
4.784e-06 0
4.7855e-06 0
4.787e-06 0
4.7885e-06 0
4.79e-06 0
4.7915e-06 0
4.793e-06 0
4.7945e-06 0
4.796e-06 0
4.7975e-06 0
4.799e-06 0
4.8005e-06 0
4.802e-06 0
4.8035e-06 0
4.805e-06 0
4.8065e-06 0
4.808e-06 0
4.8095e-06 0
4.811e-06 0
4.8125e-06 0
4.814e-06 0
4.8155e-06 0
4.817e-06 0
4.8185e-06 0
4.82e-06 0
4.8215e-06 0
4.823e-06 0
4.8245e-06 0
4.826e-06 0
4.8275e-06 0
4.829e-06 0
4.8305e-06 0
4.832e-06 0
4.8335e-06 0
4.835e-06 0
4.8365e-06 0
4.838e-06 0
4.8395e-06 0
4.841e-06 0
4.8425e-06 0
4.844e-06 0
4.8455e-06 0
4.847e-06 0
4.8485e-06 0
4.85e-06 0
4.8515e-06 0
4.853e-06 0
4.8545e-06 0
4.856e-06 0
4.8575e-06 0
4.859e-06 0
4.8605e-06 0
4.862e-06 0
4.8635e-06 0
4.865e-06 0
4.8665e-06 0
4.868e-06 0
4.8695e-06 0
4.871e-06 0
4.8725e-06 0
4.874e-06 0
4.8755e-06 0
4.877e-06 0
4.8785e-06 0
4.88e-06 0
4.8815e-06 0
4.883e-06 0
4.8845e-06 0
4.886e-06 0
4.8875e-06 0
4.889e-06 0
4.8905e-06 0
4.892e-06 0
4.8935e-06 0
4.895e-06 0
4.8965e-06 0
4.898e-06 0
4.8995e-06 0
4.901e-06 0
4.9025e-06 0
4.904e-06 0
4.9055e-06 0
4.907e-06 0
4.9085e-06 0
4.91e-06 0
4.9115e-06 0
4.913e-06 0
4.9145e-06 0
4.916e-06 0
4.9175e-06 0
4.919e-06 0
4.9205e-06 0
4.922e-06 0
4.9235e-06 0
4.925e-06 0
4.9265e-06 0
4.928e-06 0
4.9295e-06 0
4.931e-06 0
4.9325e-06 0
4.934e-06 0
4.9355e-06 0
4.937e-06 0
4.9385e-06 0
4.94e-06 0
4.9415e-06 0
4.943e-06 0
4.9445e-06 0
4.946e-06 0
4.9475e-06 0
4.949e-06 0
4.9505e-06 0
4.952e-06 0
4.9535e-06 0
4.955e-06 0
4.9565e-06 0
4.958e-06 0
4.9595e-06 0
4.961e-06 0
4.9625e-06 0
4.964e-06 0
4.9655e-06 0
4.967e-06 0
4.9685e-06 0
4.97e-06 0
4.9715e-06 0
4.973e-06 0
4.9745e-06 0
4.976e-06 0
4.9775e-06 0
4.979e-06 0
4.9805e-06 0
4.982e-06 0
4.9835e-06 0
4.985e-06 0
4.9865e-06 0
4.988e-06 0
4.9895e-06 0
4.991e-06 0
4.9925e-06 0
4.994e-06 0
4.9955e-06 0
4.997e-06 0
4.9985e-06 0
5e-06 0
