#################################### 
# Matrix Size= (39.9997,23.9997,39.9995)
# Resol      = (40,24,40)
# VoxelSize  = (0.999993,0.999989,0.999989)
# nbVal      = 38400
#################################### 
0 0 0 0 0 0 0 0 0 0 0 2 0 1 0 5 1 0 0 0 0 1 3 1 0 1 0 0 0 0 0 0 0 0 0 0 0 0 0 0 
0 0 1 0 0 1 0 0 0 0 1 0 2 2 0 1 1 1 0 0 2 1 1 0 0 1 1 2 0 0 0 0 0 0 0 0 0 0 0 0 
0 0 0 0 0 0 0 0 0 0 0 0 0 0 0 1 1 1 0 0 1 1 1 1 0 0 0 0 0 0 0 0 0 0 0 0 0 0 0 0 
0 0 0 0 0 0 0 0 0 1 0 0 0 1 1 2 0 0 1 1 1 1 0 2 0 0 0 1 1 0 0 0 0 0 0 0 0 0 0 0 
0 0 0 0 0 0 0 0 0 1 0 0 2 0 0 2 1 1 0 2 0 3 1 0 0 0 0 1 0 0 0 0 0 0 0 0 0 0 0 0 
0 0 0 0 0 0 0 0 0 0 0 0 0 0 0 0 0 1 0 0 0 1 0 0 0 0 0 0 0 0 1 0 0 0 0 0 0 0 0 0 
0 0 0 0 0 0 0 0 0 0 0 0 0 0 0 2 1 0 1 0 2 0 1 0 0 0 0 0 0 0 0 0 0 0 0 0 0 0 0 0 
1 0 0 0 0 0 0 0 0 0 0 1 1 0 3 2 1 0 0 0 1 1 2 0 0 1 0 0 0 0 0 0 0 0 0 0 0 0 0 0 
0 0 0 0 0 0 0 0 0 0 0 0 0 0 0 0 0 0 0 1 1 2 0 1 0 0 0 0 1 0 0 0 0 0 0 0 0 0 0 0 
0 0 0 0 0 0 0 0 0 0 0 1 0 4 0 1 0 0 0 2 1 1 1 0 0 0 0 0 0 0 0 0 0 0 0 0 0 0 0 0 
0 0 0 0 0 0 1 0 0 0 0 1 1 1 0 1 0 1 0 4 0 2 1 1 0 0 1 0 0 2 0 0 0 0 0 0 0 0 0 0 
0 0 0 0 0 0 0 0 0 0 0 0 0 1 0 0 0 1 0 0 0 0 0 1 0 0 0 0 0 0 0 0 0 0 0 0 0 0 0 0 
0 0 0 0 0 0 0 0 0 0 0 0 0 0 0 2 0 2 0 2 0 0 2 0 1 0 1 0 0 0 0 0 0 0 0 0 0 0 0 0 
0 0 0 0 0 0 0 0 1 1 0 0 1 0 1 0 3 0 3 2 2 1 0 1 0 0 0 0 0 0 0 0 0 0 0 0 0 0 0 0 
0 0 0 0 0 0 0 0 0 0 0 0 0 0 0 0 1 1 0 1 0 1 0 0 0 0 0 0 0 0 0 0 0 0 0 0 0 0 0 0 
1 0 0 0 0 0 0 0 0 1 0 1 0 0 0 0 1 1 0 0 0 2 0 0 0 0 0 0 0 0 1 0 0 0 0 0 0 0 0 0 
0 1 0 0 0 0 0 0 0 0 1 0 2 0 1 1 2 0 0 2 0 0 1 0 0 1 0 0 0 0 0 0 0 0 0 0 0 0 0 0 
0 0 0 0 0 0 0 0 0 0 0 0 0 1 0 0 0 0 0 0 2 3 0 1 0 1 0 0 0 0 0 0 0 0 0 0 0 0 0 0 
0 0 0 0 0 0 0 0 0 0 0 0 0 0 0 0 0 0 0 1 0 0 0 2 0 0 0 0 0 0 0 0 0 0 0 0 0 0 0 0 
0 0 0 0 0 0 0 0 0 1 0 0 0 0 1 0 0 0 2 0 0 0 1 0 0 0 0 0 0 0 0 0 0 0 0 0 0 0 0 0 
0 0 0 0 0 0 0 0 0 0 1 0 1 1 0 1 0 0 0 0 1 0 1 0 0 0 1 0 0 0 0 0 0 0 0 0 0 0 0 0 
0 0 0 0 0 0 0 0 0 0 0 0 0 0 0 0 0 2 1 3 0 1 0 0 0 0 0 0 0 0 0 0 0 0 0 0 0 0 0 0 
0 0 0 0 0 0 0 0 0 0 0 3 1 0 0 0 3 2 1 0 1 0 0 2 0 0 0 0 0 0 0 0 0 0 0 0 0 0 0 0 
0 0 0 0 0 1 0 0 0 0 0 0 0 0 0 0 0 1 0 0 0 0 0 0 0 0 0 0 0 0 0 0 0 0 0 0 0 0 0 0 

0 0 0 0 0 0 0 0 0 0 0 0 0 0 2 2 0 0 0 0 0 2 1 0 1 3 1 0 0 0 0 0 0 0 0 0 0 0 0 0 
0 0 0 0 0 0 0 0 1 0 0 1 1 2 0 0 3 0 0 0 0 0 1 1 1 0 0 0 3 0 0 0 0 0 0 0 0 0 0 0 
0 0 0 0 0 0 0 0 0 0 0 0 0 0 0 0 0 1 1 0 0 0 1 0 2 0 0 1 0 0 0 0 0 0 0 0 0 0 0 0 
0 0 0 0 0 0 0 0 0 0 0 0 0 0 0 4 1 2 0 1 1 3 1 2 1 0 0 0 0 0 0 0 1 1 0 0 0 0 0 0 
0 0 0 0 0 0 1 0 0 1 0 0 1 3 2 4 2 0 0 2 1 4 1 0 0 1 0 0 0 0 0 0 0 0 0 0 0 0 0 0 
0 0 0 0 0 0 0 0 0 0 0 0 0 0 2 0 0 0 0 0 1 0 0 0 0 0 0 0 0 0 0 0 0 0 0 0 0 0 0 0 
0 0 0 0 0 1 0 0 0 1 1 0 0 1 0 0 0 0 2 0 2 1 0 0 1 0 1 0 0 0 1 0 0 0 0 0 0 0 0 1 
0 0 0 0 0 0 0 0 0 0 1 0 0 2 0 0 1 1 2 1 0 2 0 0 0 0 0 0 0 0 0 0 0 0 0 0 0 0 0 0 
0 0 0 0 0 0 0 0 0 0 0 0 0 0 0 1 0 1 1 0 0 0 0 1 1 2 0 0 0 0 0 0 1 0 0 0 0 0 0 0 
0 0 0 0 0 0 0 0 0 0 0 0 2 0 1 2 2 1 1 0 0 0 0 1 0 0 0 0 0 0 0 0 0 1 0 0 0 0 0 0 
0 0 0 0 0 0 0 0 0 0 1 0 0 2 1 1 2 1 0 1 0 1 1 0 0 0 0 0 0 0 0 0 0 0 0 0 0 0 0 0 
0 0 0 0 0 0 0 0 0 0 0 0 0 0 1 0 1 1 1 2 1 0 1 0 0 0 0 0 1 0 0 0 0 0 0 0 0 0 0 0 
0 0 0 0 0 0 0 0 0 1 0 0 0 0 0 0 0 0 1 1 0 1 0 0 0 0 0 0 0 0 0 0 0 0 0 0 0 0 0 0 
0 0 0 0 0 0 0 0 0 0 0 1 1 2 0 0 1 2 2 3 2 2 2 0 1 0 1 0 0 0 0 0 0 0 0 0 0 0 0 0 
0 0 0 0 0 0 0 0 0 0 0 0 0 0 0 0 1 2 0 1 0 0 0 1 0 0 0 0 0 0 0 0 0 0 0 0 0 0 0 0 
0 0 0 0 0 0 0 0 0 0 0 0 0 0 1 2 0 2 1 0 0 0 0 0 0 0 0 0 0 0 0 0 0 0 0 0 0 0 0 0 
0 0 0 0 0 0 0 0 0 0 1 1 1 0 2 2 0 4 1 3 0 0 0 0 0 0 0 0 0 0 0 0 0 0 0 0 0 0 0 0 
0 0 0 0 0 0 0 0 0 0 0 0 0 0 0 0 0 0 0 0 1 1 0 0 1 0 0 0 0 0 0 0 0 0 0 0 0 0 0 0 
0 0 0 0 0 0 0 1 0 0 0 0 0 1 0 1 0 1 0 0 1 1 0 1 1 0 0 0 0 0 0 0 0 0 0 0 0 0 0 0 
0 0 0 0 0 0 0 0 0 0 0 0 0 0 1 1 1 0 2 1 0 0 0 0 0 0 0 0 0 1 0 0 0 0 0 0 0 0 0 0 
0 0 0 0 0 0 0 0 0 0 0 0 0 0 0 0 0 0 0 0 0 0 0 1 0 0 0 0 0 0 0 0 0 0 0 0 0 0 0 0 
0 0 0 0 0 0 0 0 0 0 0 0 0 1 0 0 0 1 0 0 2 0 1 0 0 1 0 0 0 0 0 0 0 0 0 0 0 0 0 0 
0 0 0 0 0 0 1 0 0 0 0 0 0 0 2 0 1 1 3 1 1 2 0 1 0 0 0 1 0 0 0 0 0 0 0 0 0 0 0 0 
0 0 0 0 0 0 0 0 0 0 0 0 0 0 0 0 0 0 0 0 0 0 0 0 0 0 0 0 0 0 0 0 0 0 0 0 0 0 0 0 

0 0 0 0 0 0 0 0 0 0 1 0 0 2 1 2 0 0 1 0 1 7 2 0 1 2 2 2 0 0 1 0 0 0 0 0 0 0 0 0 
0 0 0 0 0 0 1 0 0 0 0 1 0 1 0 2 2 1 2 2 1 0 1 1 1 3 1 1 1 0 0 0 0 0 0 0 0 0 0 0 
0 0 0 0 1 0 0 0 0 0 0 0 0 0 0 1 0 0 1 1 1 0 4 1 0 0 1 1 0 0 1 0 0 0 0 0 0 0 0 0 
0 0 0 0 0 0 0 0 0 0 0 0 1 1 1 2 0 2 1 1 0 2 3 2 1 0 1 0 0 1 0 0 1 0 0 0 0 0 0 0 
0 0 0 0 0 0 0 0 0 1 0 1 1 2 2 1 1 0 0 3 0 2 2 1 0 0 0 0 0 0 0 0 0 0 0 0 0 0 0 0 
0 0 0 0 0 0 0 0 0 0 0 0 0 0 0 1 0 1 0 1 0 0 0 1 0 1 0 0 0 0 0 0 0 0 0 0 0 0 0 0 
1 0 0 0 0 0 0 0 0 0 1 0 0 0 0 1 1 0 1 1 1 1 2 1 1 0 0 0 0 0 0 0 0 0 0 0 0 0 0 0 
0 0 0 0 0 0 0 0 0 0 0 0 0 1 0 2 0 0 0 0 1 1 0 1 0 0 0 0 0 1 0 0 0 0 0 0 0 0 0 0 
0 0 0 0 0 0 0 0 0 0 0 0 0 0 0 0 0 0 0 0 0 0 0 1 2 0 0 0 0 0 0 0 0 0 0 0 0 0 0 0 
1 0 0 0 0 0 0 0 0 0 0 1 0 0 0 1 0 0 0 1 0 3 1 0 0 0 0 0 0 0 0 0 0 0 0 0 0 0 0 0 
0 0 0 0 0 0 0 1 0 0 0 0 0 0 1 0 1 3 0 2 1 1 0 0 0 0 0 0 0 0 0 0 0 0 0 0 0 0 0 0 
0 0 0 1 0 0 0 0 0 0 0 0 0 0 0 0 0 1 0 0 0 0 1 1 0 0 0 0 0 0 0 0 0 0 0 0 0 0 0 0 
1 0 0 0 0 0 0 0 0 0 0 0 0 1 0 0 1 0 0 0 0 1 1 0 0 0 0 0 0 0 0 0 0 0 0 0 0 0 0 0 
0 0 0 0 0 0 0 0 0 0 0 0 0 1 0 1 2 0 1 1 2 1 0 0 0 0 0 0 0 0 0 0 0 1 0 0 0 0 1 0 
0 0 0 0 0 0 0 0 0 0 0 0 0 1 0 0 0 0 1 0 0 1 0 1 0 0 0 1 0 0 0 0 0 0 0 0 0 0 0 0 
0 0 0 0 0 0 0 0 0 0 0 0 0 0 0 1 0 0 1 0 0 1 0 0 0 0 0 0 0 0 0 1 0 0 0 0 0 0 0 0 
0 0 0 0 0 0 0 0 0 0 0 0 1 0 0 0 2 2 1 0 2 0 1 1 0 0 0 0 0 0 0 0 0 0 0 0 0 0 0 0 
0 0 0 0 0 0 0 0 0 0 0 0 0 0 0 0 0 1 0 0 0 1 0 0 0 1 0 0 0 0 0 0 0 0 0 0 0 0 0 0 
0 0 0 0 0 0 0 0 0 0 0 0 0 1 0 0 0 0 1 0 1 1 0 1 0 0 0 0 0 0 0 0 0 0 0 0 0 0 0 0 
0 0 0 0 0 0 0 0 0 0 0 1 0 1 0 0 0 1 0 0 0 0 0 1 0 0 0 0 0 0 0 0 0 0 0 0 0 0 0 0 
0 0 0 0 0 0 0 0 0 0 0 0 0 0 0 0 1 0 0 1 0 0 0 0 0 1 0 0 0 0 0 1 0 0 0 0 0 0 0 0 
0 0 0 0 0 0 0 0 0 0 0 0 0 0 0 1 0 2 0 1 0 0 0 0 0 0 0 0 0 0 0 0 0 0 0 0 0 1 0 0 
0 0 0 0 0 0 0 0 0 0 0 1 0 0 0 0 0 0 3 0 1 0 0 0 0 0 0 0 1 0 0 0 0 0 0 0 0 0 0 0 
0 0 0 0 0 0 0 0 0 0 0 0 0 0 0 0 0 0 0 0 0 0 0 0 0 0 0 0 0 0 0 0 0 0 0 0 0 0 0 0 

0 0 0 0 0 0 0 0 0 0 1 0 1 2 0 3 3 0 0 2 0 7 1 1 0 3 3 0 1 0 1 0 0 0 0 0 0 0 0 0 
0 0 1 0 0 0 0 0 0 0 0 0 0 2 4 0 0 2 0 1 1 1 3 1 1 4 5 3 1 0 0 0 0 0 0 0 0 0 1 0 
0 0 0 0 0 1 0 0 0 0 0 0 0 0 0 1 2 3 0 0 1 2 2 1 0 1 0 0 0 0 0 0 0 1 0 0 0 0 0 0 
0 0 0 0 0 0 0 0 0 0 1 0 0 1 1 3 0 1 3 1 0 4 1 1 0 0 1 0 0 0 0 0 0 0 0 1 0 0 0 0 
0 0 0 0 0 0 1 0 0 2 1 1 1 1 0 3 1 1 1 1 4 2 4 2 3 0 1 0 0 0 0 0 0 0 0 0 0 0 0 0 
0 0 0 0 0 0 0 0 0 0 0 1 1 2 0 1 0 1 0 0 1 0 1 0 0 0 0 0 0 0 0 1 0 0 0 0 0 0 0 0 
0 0 0 0 0 0 0 0 0 0 0 0 0 2 0 0 1 1 1 3 1 2 2 0 0 0 0 0 0 0 0 0 0 0 0 0 0 0 0 0 
0 0 0 0 0 0 0 1 0 1 0 0 1 1 2 3 0 3 0 0 1 1 1 1 0 0 1 0 0 0 0 0 0 0 0 0 0 0 0 0 
0 0 0 0 0 0 0 0 0 0 1 0 1 1 1 1 0 1 0 0 0 1 0 0 1 1 0 0 0 0 0 0 1 0 0 0 0 0 0 0 
0 0 0 0 0 0 0 0 0 0 0 0 0 0 0 1 0 1 0 0 0 0 0 0 0 2 1 0 0 0 0 0 0 0 0 0 0 0 0 0 
1 0 0 0 0 0 0 0 0 0 0 0 0 1 0 2 0 2 3 1 3 2 2 0 1 0 0 0 1 0 0 0 0 0 0 1 0 0 0 0 
0 0 0 0 0 1 0 0 0 0 0 0 1 0 1 0 0 0 0 1 1 0 0 0 0 0 0 0 0 0 0 0 0 0 0 1 0 0 0 0 
0 1 0 0 0 0 0 0 0 0 0 0 0 0 0 1 0 2 1 0 2 0 1 1 0 0 0 0 0 0 0 0 0 0 0 0 0 0 0 0 
0 1 0 0 0 0 0 0 1 0 0 0 0 1 2 3 2 1 3 3 3 0 1 0 0 1 1 0 0 0 1 0 0 0 1 0 0 1 0 0 
0 0 0 0 0 0 0 0 0 0 0 0 0 0 0 0 1 1 2 0 1 0 0 1 0 0 1 0 0 0 0 0 0 0 0 0 0 0 0 0 
0 0 0 0 0 0 0 0 0 0 0 0 0 0 0 0 0 0 0 1 0 0 1 0 0 0 0 0 0 0 0 0 0 0 0 0 0 0 0 0 
0 0 0 0 0 0 0 0 0 0 1 0 0 0 0 0 2 6 1 1 2 2 0 0 0 0 0 0 0 0 0 0 0 0 0 0 0 0 0 0 
0 0 0 0 0 0 0 0 0 1 0 0 0 0 0 0 0 0 0 0 0 2 0 0 0 0 0 0 0 0 0 0 0 0 0 0 0 0 0 0 
0 0 0 0 0 0 0 0 0 0 0 0 0 0 0 0 0 2 0 0 0 1 0 0 0 0 0 0 0 0 0 0 0 0 0 0 0 0 0 0 
0 0 0 0 0 0 0 1 0 0 0 0 0 0 0 3 1 1 0 0 0 0 1 1 0 0 0 0 0 0 0 0 1 0 0 0 0 0 0 0 
0 0 0 0 0 0 0 0 0 0 1 0 0 0 0 0 0 0 0 0 0 0 0 0 0 0 0 0 0 0 0 0 0 0 0 0 0 0 0 0 
1 0 0 0 0 0 0 0 0 0 0 0 0 0 0 1 0 0 0 2 1 0 1 0 0 0 0 0 0 0 0 0 0 0 0 0 0 1 0 0 
0 0 0 0 0 0 0 0 0 0 0 0 0 0 0 2 1 0 2 1 1 1 0 0 0 1 0 0 0 0 0 0 0 0 0 0 0 0 0 0 
0 0 0 0 0 0 0 0 0 0 0 0 0 0 1 0 0 0 0 0 0 0 0 0 0 0 0 0 0 0 0 0 0 0 0 0 0 0 0 0 

0 0 0 0 0 0 0 0 0 0 0 1 0 2 1 3 2 2 0 0 0 5 4 2 3 2 3 0 0 0 0 0 0 0 0 0 0 0 0 0 
1 0 0 0 0 0 0 0 0 0 1 0 0 3 1 0 0 3 3 0 3 3 1 2 2 5 1 0 0 0 0 0 0 0 0 0 0 0 0 0 
0 0 0 0 0 0 0 0 0 0 0 0 1 0 1 1 0 0 1 1 0 1 0 1 3 0 0 1 0 0 0 1 0 0 0 0 0 0 0 0 
0 0 0 0 0 0 0 0 0 0 0 0 0 2 1 2 2 0 1 1 0 1 2 0 0 1 0 0 1 0 0 0 0 0 0 0 0 0 0 0 
0 0 0 1 0 0 0 0 0 1 0 2 3 2 0 2 2 0 1 5 2 3 2 2 2 1 1 0 0 0 0 1 0 0 0 0 0 0 0 0 
0 0 0 0 0 0 0 0 0 0 0 0 0 0 0 0 0 2 0 1 0 1 0 2 0 0 0 0 0 0 0 0 0 0 0 0 0 0 0 0 
0 0 0 0 0 0 0 0 0 1 0 1 1 0 1 1 0 2 1 2 2 2 0 1 0 1 0 0 0 0 0 0 0 0 0 0 0 0 0 0 
0 0 0 0 1 0 0 0 0 0 0 0 0 0 0 2 2 1 2 2 2 3 2 1 0 0 0 0 0 0 0 0 0 1 0 0 0 0 0 0 
0 0 0 0 0 0 0 0 0 1 0 0 0 0 0 0 2 0 1 0 0 0 0 0 0 0 0 0 0 0 0 0 0 0 0 0 0 0 0 0 
0 0 0 0 0 0 0 0 0 0 0 0 1 0 1 0 1 0 0 1 0 2 0 1 0 0 0 0 0 0 0 0 0 0 0 0 0 0 0 0 
0 0 0 0 0 0 0 0 1 0 0 1 0 2 2 2 1 3 4 1 4 2 1 0 0 0 1 0 0 0 0 0 1 0 0 0 0 0 0 0 
0 0 0 0 0 0 0 0 0 0 0 0 1 0 0 1 0 0 1 3 0 0 1 0 0 0 0 0 0 0 1 0 0 0 0 0 0 0 0 0 
0 0 0 0 0 0 0 0 0 0 0 1 0 0 0 1 2 0 0 0 0 0 0 0 2 0 1 1 0 0 0 0 0 0 0 0 1 0 0 0 
0 0 0 0 0 0 0 0 0 0 1 0 1 4 1 1 0 1 2 2 3 1 1 0 0 0 0 0 0 0 0 0 0 1 0 0 0 0 0 0 
0 0 0 0 0 0 0 0 0 0 0 0 0 1 1 0 1 0 0 0 2 2 0 0 0 0 0 1 0 0 0 0 0 0 0 0 0 0 0 0 
0 0 0 0 0 0 0 0 0 0 0 0 0 1 0 0 0 1 0 1 0 0 0 0 0 0 0 0 0 0 0 0 0 0 0 0 0 0 0 0 
0 0 0 0 0 0 0 0 0 0 0 0 0 2 0 0 3 3 0 1 2 1 0 0 0 0 1 0 0 0 0 0 0 0 0 0 0 0 0 0 
0 0 0 0 0 0 0 0 0 0 0 0 0 1 0 1 0 0 0 0 1 0 0 0 0 0 0 0 0 0 0 0 0 0 0 0 0 0 0 0 
0 0 0 1 0 0 0 0 0 0 0 0 0 0 0 1 0 0 0 1 2 0 0 0 0 0 0 0 0 0 0 0 0 0 0 0 0 0 0 0 
0 0 0 0 0 0 0 0 1 0 0 0 0 0 2 1 0 0 2 3 0 0 0 0 0 0 0 0 0 0 0 0 0 0 0 0 0 0 0 0 
0 0 0 0 0 0 0 0 0 0 0 0 0 0 0 0 0 0 0 1 2 0 0 0 0 0 0 0 0 0 0 0 0 0 0 0 0 0 0 0 
0 0 0 0 0 0 0 0 0 0 0 0 0 0 0 1 1 1 1 1 1 1 0 0 0 0 1 0 0 0 0 0 0 0 0 0 0 0 0 0 
0 0 0 0 0 0 1 0 0 0 0 0 0 0 1 0 4 0 2 1 1 0 0 2 0 0 0 0 0 0 0 0 0 0 0 0 0 0 0 0 
0 0 0 0 0 0 0 0 0 0 0 0 0 0 0 0 0 0 0 0 0 0 0 0 0 0 0 0 0 0 0 0 0 0 0 0 0 0 0 0 

0 0 0 0 0 0 0 1 0 0 1 0 0 2 6 4 2 3 0 3 2 4 4 2 2 5 2 1 0 0 0 0 0 0 0 0 0 0 0 0 
0 0 0 0 0 0 1 0 0 0 0 2 1 2 3 3 3 1 0 3 0 7 5 7 3 6 4 0 1 0 0 1 1 0 0 0 1 0 0 0 
0 0 0 0 0 0 0 0 0 0 0 1 1 1 3 1 1 3 0 1 2 2 7 4 3 1 1 0 0 0 2 0 0 0 0 0 0 0 1 0 
0 0 0 0 0 0 0 0 1 0 0 0 1 1 3 3 1 1 0 3 3 7 2 3 2 1 0 1 1 0 0 0 0 0 1 0 0 0 0 0 
1 0 0 0 1 0 0 0 0 1 0 1 3 3 1 4 0 0 2 2 4 11 4 2 5 2 2 2 1 0 0 0 0 1 0 0 0 0 0 0 
0 0 0 0 0 0 0 0 0 0 1 0 0 0 0 0 2 2 0 3 1 2 2 3 1 0 1 1 0 0 0 0 0 0 0 0 0 0 0 0 
0 0 0 0 0 0 0 2 0 0 0 0 0 1 1 3 0 4 3 0 1 2 2 1 0 1 1 0 0 0 0 0 0 0 0 0 0 0 0 0 
0 0 0 0 0 0 0 0 1 0 0 1 1 3 4 1 3 1 2 2 4 3 2 2 2 2 0 0 1 0 0 2 0 0 0 1 0 0 0 0 
0 0 0 0 0 0 0 0 0 0 1 1 1 0 0 1 0 3 1 0 0 2 0 2 0 1 0 1 0 0 0 1 0 0 0 0 0 0 0 0 
0 0 0 0 0 0 0 0 0 0 0 0 0 1 0 2 1 2 2 0 1 0 0 2 0 0 1 0 0 0 0 0 0 0 0 0 0 0 0 0 
1 0 0 0 0 0 0 0 1 0 0 1 1 1 3 2 2 4 3 3 1 6 2 0 1 0 0 0 0 0 0 0 0 1 0 0 0 0 0 0 
0 0 0 0 0 0 0 0 0 0 0 0 1 1 0 1 2 0 0 1 0 1 2 0 0 1 1 1 0 0 0 0 0 0 0 0 0 0 0 0 
0 0 0 0 0 0 0 0 0 0 0 0 0 0 0 0 0 4 2 2 3 3 1 0 1 0 0 0 0 0 0 0 0 0 0 0 0 0 0 0 
1 0 0 0 0 0 0 0 0 1 1 2 0 3 1 2 3 2 4 4 1 3 2 0 1 0 0 0 0 0 0 0 0 0 0 0 0 0 0 0 
0 0 0 0 0 0 0 0 0 0 0 0 0 0 2 0 1 0 1 1 0 0 0 0 2 0 2 0 0 0 1 0 1 0 0 0 0 0 0 0 
0 0 0 0 0 0 0 0 0 0 0 0 0 0 0 0 1 1 0 1 1 1 0 0 0 1 0 0 0 0 0 0 0 0 0 0 0 0 0 0 
0 1 0 0 0 0 1 0 0 0 1 0 0 0 2 2 0 2 5 2 0 0 1 0 0 0 0 0 0 0 0 0 0 0 0 0 0 0 0 0 
0 0 0 0 0 1 0 0 0 0 0 0 1 1 0 0 0 0 2 0 0 0 1 0 0 0 0 0 0 0 0 0 0 0 0 0 0 0 0 0 
0 0 0 0 0 0 0 0 0 0 0 1 0 0 1 0 1 0 1 3 1 0 1 0 0 1 0 0 0 0 0 0 0 0 0 0 0 0 0 0 
0 0 0 0 0 0 0 0 0 0 0 0 0 1 0 2 2 2 4 1 0 0 0 0 0 2 0 0 0 0 0 1 0 0 0 0 0 0 1 0 
0 0 0 0 0 0 0 0 1 0 1 0 0 0 0 0 0 0 1 0 0 0 0 0 0 0 0 0 1 0 0 0 0 0 0 0 0 0 0 0 
0 0 0 0 0 0 0 0 0 0 1 0 0 1 0 0 1 0 0 1 0 1 0 0 0 0 0 0 0 0 0 0 0 0 0 0 0 0 0 0 
0 0 0 0 0 0 0 0 0 0 0 0 0 0 0 0 2 2 2 4 3 1 0 0 0 1 0 0 0 0 0 0 0 0 0 0 0 0 0 0 
1 1 0 0 0 0 0 0 0 0 0 0 1 1 0 0 0 0 0 0 0 0 0 0 0 0 0 0 0 0 0 0 0 0 0 0 0 0 0 0 

0 0 0 0 0 0 0 1 0 1 1 0 1 3 6 10 12 1 0 2 1 5 7 5 3 8 6 1 3 0 0 0 0 0 0 0 0 0 0 0 
1 0 0 0 0 0 0 0 0 0 0 3 2 3 2 9 2 4 2 3 2 10 3 1 3 4 5 9 0 1 0 0 1 0 0 1 0 0 0 0 
0 0 0 0 0 0 0 1 0 0 0 1 2 4 0 2 1 0 1 1 0 3 4 4 2 3 1 1 0 0 0 0 0 0 0 0 0 0 0 0 
0 0 1 1 0 1 0 0 2 0 0 0 0 2 1 2 4 3 2 6 1 5 7 1 2 2 4 0 1 0 0 0 0 0 0 0 0 0 0 1 
0 0 0 0 0 0 0 0 0 0 2 2 3 2 3 6 3 1 6 7 5 12 9 6 1 2 1 0 1 0 0 0 0 0 0 0 0 0 0 0 
0 0 1 0 0 0 0 0 0 0 1 0 0 0 2 3 1 1 1 1 0 0 1 1 1 0 1 1 0 0 1 0 0 0 0 0 0 0 0 0 
0 0 0 0 0 0 0 0 0 0 0 0 0 2 0 4 0 0 4 2 0 3 8 1 2 0 1 0 0 0 0 0 0 0 0 0 0 0 0 0 
0 0 0 0 0 0 0 0 0 3 1 2 2 0 4 5 1 3 7 6 3 10 3 1 1 0 2 0 1 0 0 0 0 0 0 0 0 0 0 0 
0 0 0 0 0 0 0 0 0 0 0 0 0 1 0 1 0 0 0 3 1 0 0 2 1 0 1 0 0 0 0 0 0 0 0 0 0 0 0 0 
0 0 0 0 0 0 0 0 0 1 0 1 0 1 0 1 0 3 0 2 1 0 3 1 1 0 3 2 0 2 0 0 0 0 0 0 0 0 0 0 
1 0 0 0 0 0 0 0 0 0 2 1 0 3 4 3 4 3 3 4 3 2 1 0 1 0 1 0 0 0 0 0 0 0 0 0 0 0 0 0 
0 0 0 0 0 0 0 0 0 0 0 0 0 0 0 0 3 0 1 2 0 1 0 1 0 1 0 1 1 0 1 0 0 0 0 0 0 0 0 0 
0 0 0 0 0 0 0 0 0 1 0 0 0 0 0 1 0 4 3 0 4 0 0 1 0 0 0 0 0 0 0 0 2 0 1 0 0 0 0 0 
1 0 0 0 0 0 0 0 2 0 0 2 0 1 1 2 1 4 3 2 4 3 1 3 0 0 0 1 0 1 0 0 0 0 0 0 0 0 0 0 
0 0 0 0 0 0 0 1 0 0 0 0 0 1 0 0 0 0 0 0 2 4 0 0 1 0 0 0 0 0 0 0 0 0 0 0 0 0 0 0 
0 0 0 0 0 0 0 0 0 1 0 0 0 2 0 0 1 1 0 1 1 1 1 1 1 0 1 0 0 0 0 0 0 0 0 0 0 0 0 0 
0 0 0 1 0 0 0 0 0 0 0 0 1 1 1 3 2 2 1 0 0 2 0 2 1 0 0 0 0 0 0 0 0 0 0 0 0 0 0 0 
0 0 0 0 0 1 0 0 0 0 1 1 2 0 0 0 2 0 0 0 0 2 0 1 0 0 0 0 0 0 0 1 0 0 0 0 0 0 0 0 
0 0 0 0 0 0 0 0 0 0 0 0 0 0 0 0 0 1 2 0 1 0 1 0 0 0 0 0 0 0 0 0 0 0 0 0 0 0 0 0 
1 0 0 0 0 0 0 0 0 0 0 0 1 1 3 1 1 1 5 3 1 1 1 0 0 0 0 0 0 0 0 0 0 0 0 0 0 0 0 0 
0 0 0 0 1 0 0 0 0 0 1 0 0 0 1 0 0 1 1 0 1 0 0 0 0 0 0 0 0 0 0 0 0 0 0 0 0 0 0 0 
0 0 0 0 0 0 0 0 0 0 0 0 0 0 0 0 1 1 3 0 1 0 0 1 1 0 0 1 0 0 0 0 0 0 0 0 0 0 0 0 
0 0 0 1 0 1 0 0 0 0 0 0 1 0 1 2 2 3 1 3 0 0 0 0 0 0 0 0 0 0 0 0 0 0 0 0 0 0 0 0 
0 0 0 0 0 0 0 0 0 0 0 1 0 0 0 1 1 0 0 0 0 0 0 0 0 0 0 0 0 0 0 0 0 0 0 0 0 0 0 0 

0 0 0 0 0 0 0 1 0 2 3 4 2 7 5 20 13 6 3 8 3 14 9 6 11 12 7 6 3 2 0 0 1 0 0 0 0 0 0 0 
0 0 0 0 0 0 1 0 0 1 0 0 2 1 4 14 9 3 8 2 1 14 6 4 5 7 11 3 2 5 0 0 1 1 0 0 2 0 0 0 
0 0 0 0 0 0 0 0 0 0 0 0 2 2 8 4 9 3 2 0 3 6 6 10 6 10 2 4 1 1 0 1 0 1 0 0 0 0 0 0 
1 0 0 0 0 0 0 0 0 0 0 1 1 4 0 2 6 6 3 3 2 10 11 5 6 1 2 2 0 1 0 0 1 0 0 0 0 0 0 0 
0 0 0 1 0 0 0 1 1 2 1 2 3 2 8 14 4 6 3 8 10 13 14 15 7 2 5 1 0 1 0 0 0 1 0 0 0 0 0 0 
0 0 0 0 0 0 0 0 0 0 1 1 0 0 4 2 0 2 3 3 1 4 8 6 6 4 4 1 1 0 0 0 1 0 0 0 0 0 0 0 
0 0 0 0 0 1 0 0 0 0 1 0 4 2 2 4 4 1 7 3 3 3 6 2 1 0 0 1 1 0 0 0 0 0 0 0 0 0 0 0 
0 0 0 0 0 0 2 0 1 1 4 3 3 4 4 6 7 4 6 8 7 11 9 5 3 3 3 0 0 1 0 0 0 0 0 0 0 0 0 0 
0 0 1 0 0 0 0 1 0 1 0 0 0 0 0 5 4 2 3 3 3 2 2 1 2 3 3 0 0 0 0 0 0 0 0 0 0 0 0 0 
0 0 0 0 0 0 0 0 0 0 0 0 0 2 0 2 1 4 0 1 2 3 3 1 2 0 1 0 0 0 2 0 0 0 0 0 0 0 0 0 
0 0 0 0 1 0 0 0 2 1 3 3 1 3 2 6 3 5 4 4 3 7 2 3 1 5 1 1 2 0 0 0 0 0 0 0 0 0 0 0 
1 0 1 0 0 0 0 0 0 0 0 1 0 1 0 2 1 3 3 2 1 3 3 2 0 0 2 0 2 0 0 0 0 0 0 0 0 0 0 0 
0 1 0 0 0 0 0 0 0 0 0 1 0 1 0 2 0 7 0 1 2 3 2 0 1 0 0 1 0 0 0 0 0 0 0 0 0 0 0 0 
0 0 1 0 0 0 0 0 0 0 3 1 0 3 1 5 3 4 8 5 6 6 2 2 0 0 0 1 1 2 1 1 0 0 0 0 0 0 0 0 
0 0 0 0 0 0 0 0 0 0 0 0 0 0 0 0 1 0 1 3 2 3 1 2 1 1 0 0 0 0 0 0 0 0 0 0 0 0 0 0 
0 0 0 0 0 0 0 0 0 0 0 0 0 0 0 1 0 1 1 5 2 0 1 0 0 0 1 0 0 0 0 0 0 0 0 0 0 0 0 0 
0 0 0 0 0 0 0 0 0 0 1 1 1 2 4 4 3 5 6 5 1 2 3 3 0 1 1 0 1 0 0 0 0 0 0 0 0 1 0 0 
0 0 0 0 0 0 0 0 0 0 0 0 0 0 0 1 0 1 1 2 2 1 1 0 0 1 0 0 0 0 0 0 1 0 0 0 0 0 0 0 
0 0 0 0 0 0 0 0 0 0 1 0 1 0 0 0 0 1 1 4 1 1 2 0 0 0 0 0 0 0 0 0 0 0 0 0 0 0 1 0 
0 1 0 0 0 0 0 0 0 0 1 0 0 0 3 2 2 1 5 4 3 2 1 7 0 0 0 0 0 0 0 0 0 0 0 0 0 0 0 0 
0 0 0 0 1 0 0 1 0 0 0 0 0 0 0 2 1 1 4 2 2 1 1 3 0 0 0 0 0 0 0 0 0 0 0 0 0 0 0 0 
0 0 0 0 0 1 0 0 0 0 0 0 0 0 0 0 0 0 1 2 1 0 0 1 0 0 0 0 0 0 0 0 0 0 1 0 0 0 0 0 
0 0 0 1 0 0 1 0 0 0 1 0 0 0 1 1 6 3 6 3 4 2 2 1 2 0 1 0 0 0 0 0 0 0 0 0 0 0 0 0 
0 0 0 0 0 0 0 0 0 0 1 0 0 0 0 0 1 0 1 1 0 0 0 0 0 0 0 0 0 0 0 0 0 0 0 0 0 0 0 0 

0 0 0 0 0 0 1 1 0 1 1 2 2 13 163 51 25 6 3 6 4 30 20 20 9 20 14 9 7 1 0 0 0 0 0 0 0 0 0 0 
0 0 0 0 0 0 0 0 0 0 0 2 2 4 9 9 8 6 2 6 4 16 8 5 8 17 10 6 3 1 2 0 2 0 0 0 0 1 1 1 
0 0 0 0 0 0 0 0 0 2 1 1 0 1 4 5 5 1 4 3 4 6 5 10 4 5 3 1 0 1 1 1 0 0 0 0 0 0 0 0 
0 0 0 0 0 1 0 0 0 0 1 4 2 7 5 9 9 5 4 5 9 12 16 11 10 4 4 2 1 3 4 0 0 0 0 1 0 0 0 0 
1 0 0 0 0 1 0 1 0 0 0 1 3 5 3 16 6 7 5 3 8 21 22 17 8 2 3 0 0 0 0 0 0 0 0 0 0 0 0 0 
0 0 1 0 0 1 0 0 1 1 0 0 1 1 3 3 4 3 1 1 4 7 2 1 4 4 3 2 1 0 0 0 0 1 0 0 0 0 0 0 
1 0 1 0 0 0 1 0 0 0 1 0 1 1 4 3 3 3 5 1 1 9 10 2 1 2 2 0 0 0 0 1 0 0 0 0 0 0 0 0 
0 0 0 0 1 0 0 1 2 0 0 4 1 3 2 5 5 8 8 7 8 5 10 1 2 1 1 1 1 0 0 0 0 0 0 0 0 0 0 0 
0 0 1 0 0 0 0 0 0 1 0 1 1 0 0 0 3 4 3 5 5 2 4 1 1 1 0 0 1 0 0 0 0 0 0 0 0 0 0 0 
0 0 0 0 0 0 0 0 0 0 1 1 1 0 1 2 5 7 9 2 3 2 2 1 3 2 2 0 1 0 0 1 0 0 0 0 0 0 0 0 
0 0 0 2 0 0 0 1 0 0 1 2 2 4 6 4 10 9 5 3 7 7 4 2 3 3 0 0 1 0 0 0 0 1 0 0 0 0 0 0 
0 0 0 0 0 1 0 0 0 0 1 1 0 2 1 1 3 1 1 2 1 1 4 1 1 0 0 2 0 1 0 1 1 0 0 0 1 0 0 0 
0 0 0 0 0 0 0 0 0 0 0 1 1 1 0 3 1 7 2 6 6 4 6 0 3 0 0 0 1 1 0 0 0 0 0 0 0 0 0 0 
0 0 0 1 0 0 0 0 0 0 0 2 1 3 2 4 5 4 8 12 5 3 2 2 1 0 2 0 0 0 0 0 0 0 0 0 0 0 0 0 
0 0 0 0 0 0 0 0 0 0 1 0 0 0 0 1 0 4 2 1 1 2 1 4 0 0 0 2 0 0 0 0 0 0 0 0 0 0 0 0 
0 0 0 0 0 0 0 1 0 0 0 1 0 0 1 2 1 0 3 1 4 1 2 1 0 0 0 1 1 0 1 0 0 0 0 0 0 0 0 0 
0 0 0 0 1 1 0 0 0 0 1 1 1 3 2 6 6 6 4 4 0 2 3 5 1 2 2 1 0 1 0 0 0 1 0 0 1 0 0 0 
0 0 0 0 0 0 0 0 0 0 0 0 0 0 0 0 0 1 2 1 0 0 1 0 2 0 0 0 1 0 0 0 0 0 0 0 0 0 0 0 
0 0 0 0 0 0 0 0 0 0 0 0 0 1 0 1 1 2 1 1 0 1 1 0 1 0 1 0 0 0 0 0 0 0 0 0 0 0 0 0 
0 0 0 0 0 0 0 0 0 0 0 0 0 0 0 2 2 3 4 5 1 1 2 1 1 0 0 0 1 0 0 0 0 0 0 0 0 0 0 0 
0 0 0 0 0 0 0 0 1 0 0 1 0 0 1 0 1 2 0 1 2 1 3 1 0 0 0 0 0 0 0 0 0 0 0 0 0 1 0 0 
1 0 0 0 0 0 0 0 0 0 0 0 1 1 0 0 0 2 0 2 1 1 3 1 0 1 0 0 0 0 0 0 0 0 0 0 0 0 0 0 
0 0 0 0 0 0 0 1 0 0 1 0 0 0 3 2 0 5 7 6 3 4 0 1 2 1 0 0 0 0 0 0 0 0 2 0 0 0 0 0 
0 0 0 0 0 0 0 0 0 0 0 0 0 0 1 0 0 0 0 0 0 0 0 0 0 0 0 0 0 0 0 0 0 0 0 0 0 0 0 0 

0 0 0 1 0 0 1 2 0 1 0 4 3 22 184 131 48 9 6 11 8 41 50 38 16 75 49 15 6 0 0 0 0 1 1 0 0 0 0 0 
0 0 0 0 0 0 0 1 0 0 2 0 8 14 42 63 44 12 5 12 8 31 36 26 47 56 26 9 11 3 2 2 3 2 1 0 0 1 1 0 
1 0 2 0 0 0 1 0 0 0 2 3 3 19 39 35 26 17 12 18 13 34 53 47 42 32 18 12 4 4 3 2 2 0 1 1 0 1 0 0 
0 0 0 0 0 0 1 0 0 1 2 4 2 5 6 15 19 5 7 7 10 27 30 20 36 12 7 8 9 3 2 0 1 1 0 0 0 0 0 0 
1 1 1 0 1 0 0 4 2 1 2 4 10 7 13 22 18 15 13 21 19 41 34 32 17 12 4 4 6 1 2 0 1 0 0 0 0 0 0 0 
0 0 0 0 1 0 0 0 0 0 1 2 2 1 1 8 4 4 3 4 7 14 15 14 4 1 5 4 1 0 1 0 0 0 0 0 0 0 0 0 
0 0 0 0 0 0 0 0 0 0 0 2 2 4 1 6 2 4 9 4 7 8 5 5 9 4 5 2 0 0 0 0 0 0 0 0 0 0 0 1 
0 0 0 1 0 0 1 3 3 0 0 2 5 8 12 8 10 6 10 7 18 28 18 12 7 2 2 0 1 0 0 0 0 0 1 1 0 0 0 0 
0 0 0 0 0 0 0 0 0 0 1 3 1 3 0 6 8 4 4 11 4 12 11 8 8 2 2 0 1 1 0 0 0 1 0 0 0 0 0 0 
0 1 0 0 0 0 0 1 1 0 0 1 0 1 1 4 3 6 2 6 5 2 7 0 2 2 2 0 2 1 0 0 0 0 0 0 0 1 0 0 
1 0 0 0 0 0 2 0 0 5 0 3 4 3 8 6 8 11 13 18 16 9 7 4 5 7 2 1 1 1 0 0 0 0 1 0 0 0 0 0 
0 0 0 0 0 0 0 0 1 0 0 1 2 0 0 3 3 3 8 4 5 9 4 4 4 3 1 3 0 0 1 1 0 0 0 0 0 0 0 0 
0 0 0 0 0 0 0 0 0 0 0 0 1 0 0 2 3 2 4 4 6 4 7 3 1 1 1 2 0 1 0 0 0 0 0 0 0 0 0 0 
0 0 0 0 0 0 0 1 1 1 1 3 3 7 5 6 9 11 9 14 17 6 14 4 4 2 3 0 0 0 0 0 0 0 0 0 1 0 0 0 
1 0 0 0 0 0 0 0 0 0 0 0 2 2 3 0 3 5 7 2 6 7 7 2 2 1 4 1 0 0 0 0 0 0 1 0 0 0 0 0 
0 0 0 0 0 0 0 1 0 0 0 1 0 2 1 1 1 4 1 1 3 1 7 0 0 0 0 0 0 1 0 0 0 0 1 0 0 0 0 0 
0 0 0 0 0 1 0 0 0 0 1 1 1 4 6 4 6 11 7 6 2 3 5 2 4 2 1 1 0 0 0 1 0 0 0 0 0 1 0 0 
0 0 0 0 0 0 0 1 0 0 0 0 1 0 1 1 3 1 1 2 5 1 1 2 3 0 1 0 0 0 0 0 0 1 0 0 0 0 0 0 
0 0 0 0 0 0 0 0 0 1 0 0 1 1 0 1 1 3 3 4 5 0 1 2 0 1 0 0 1 0 0 0 0 0 0 0 1 0 0 0 
0 0 0 0 0 0 0 2 0 0 0 0 1 1 4 4 2 6 11 7 3 1 2 2 1 0 1 0 1 1 0 0 0 0 0 0 0 0 0 0 
0 0 0 0 0 0 0 0 0 0 0 0 1 2 3 3 6 5 2 2 1 4 3 4 1 0 1 0 0 0 0 0 0 0 0 0 0 0 0 0 
0 0 0 0 0 1 0 0 0 1 0 0 0 0 0 0 1 2 1 3 2 1 0 0 0 0 1 0 0 0 0 0 0 0 0 0 0 0 0 0 
0 0 0 0 0 0 1 1 0 0 0 1 0 2 2 3 4 3 4 7 2 6 3 1 1 1 0 0 0 0 0 1 0 0 0 0 0 0 0 0 
0 0 0 0 0 0 0 0 1 1 1 0 1 0 0 1 0 1 0 0 0 0 0 1 0 0 0 0 0 0 0 0 0 1 0 0 0 0 0 0 

2 0 0 0 1 1 0 0 0 1 2 4 4 31 21 96 37 7 8 13 14 529 137 51 43 428 291 20 10 6 2 1 1 0 1 0 0 1 0 0 
0 0 1 0 0 0 0 0 0 1 1 0 1 11 282 69 30 10 5 10 16 77 87 65 309 88 32 13 10 5 4 4 0 2 0 1 0 1 1 1 
0 1 2 0 2 1 2 3 3 2 5 5 6 10 45 66 42 17 12 8 15 42 68 86 67 50 24 13 8 5 3 2 3 0 0 2 0 1 0 0 
1 0 0 0 0 0 1 1 2 1 1 0 2 7 19 35 42 15 10 13 12 42 73 39 51 13 18 5 11 6 5 0 1 1 2 0 1 0 1 0 
0 0 0 0 0 0 0 0 0 0 1 0 8 6 13 36 18 15 16 9 17 34 42 25 25 13 8 2 2 2 1 0 0 1 1 0 3 0 0 0 
1 0 0 0 0 0 0 0 0 0 2 1 1 1 3 4 6 8 4 7 11 17 20 8 10 5 2 1 2 1 1 1 1 0 0 0 0 0 1 0 
0 0 0 0 0 1 0 1 2 2 0 6 2 4 4 10 10 6 10 8 10 21 28 9 15 9 8 3 9 3 1 1 2 0 1 0 0 0 0 0 
0 0 0 0 0 0 0 0 0 0 1 1 5 8 10 17 10 11 8 14 18 26 15 12 6 1 2 0 1 0 0 0 0 0 0 0 0 0 0 0 
0 0 0 1 0 0 0 0 0 0 1 1 3 3 0 3 5 3 6 4 6 12 10 3 5 6 3 1 4 0 1 0 1 0 0 0 0 0 0 0 
0 0 0 1 0 0 0 0 2 2 0 1 2 2 3 1 7 6 8 2 6 16 14 3 8 2 2 3 2 1 1 0 0 0 0 0 0 0 0 0 
0 0 0 0 1 0 0 0 0 0 2 4 5 6 7 14 12 21 18 10 7 21 4 5 1 6 3 2 2 0 1 1 0 1 1 0 0 0 0 0 
0 1 0 0 0 0 0 1 0 0 0 0 2 3 0 1 5 4 5 4 6 8 9 5 1 2 1 0 0 2 0 0 0 1 0 0 1 0 0 0 
0 0 0 0 0 1 0 0 0 0 0 2 1 3 2 3 4 3 7 4 14 8 10 5 4 3 6 1 0 0 0 0 0 0 0 0 0 0 0 0 
0 0 0 0 0 0 0 0 0 1 0 0 0 4 4 2 10 14 18 25 15 9 12 3 2 1 0 0 0 0 0 0 0 0 2 0 0 0 0 0 
0 0 0 0 0 0 0 0 0 0 1 1 3 0 0 3 1 3 2 3 6 3 3 2 2 2 2 1 0 0 0 0 0 0 0 0 0 0 0 0 
0 0 0 0 0 0 0 0 1 1 0 1 0 0 0 4 3 3 6 4 7 5 2 2 1 0 2 1 1 0 1 0 0 0 1 0 0 0 0 0 
0 0 0 0 0 1 0 0 0 0 1 1 1 3 8 2 10 6 11 11 10 7 3 3 4 0 0 1 0 0 0 0 0 0 0 0 0 0 0 0 
0 0 0 0 1 0 0 0 0 1 0 1 0 0 2 2 2 0 1 3 1 0 2 1 1 1 1 0 0 1 1 1 0 0 0 0 0 0 0 0 
0 0 0 0 0 0 0 0 0 0 0 0 0 0 1 1 2 1 2 4 3 2 1 0 0 1 0 0 0 0 0 0 0 0 0 0 0 0 0 0 
0 0 0 0 0 0 0 0 1 0 0 1 3 1 2 6 6 7 5 13 2 3 3 1 0 0 0 0 1 0 0 1 0 0 0 0 0 0 0 0 
1 0 0 0 1 0 0 2 1 0 0 1 0 1 2 0 1 3 2 2 3 2 3 3 1 0 2 0 0 0 0 0 0 0 0 0 0 0 0 0 
0 0 0 0 0 0 0 0 0 0 0 1 0 1 0 2 2 3 1 5 3 1 1 1 1 0 1 0 0 0 0 0 0 0 0 0 0 0 0 1 
0 0 0 0 0 0 0 0 0 1 0 0 0 2 1 3 4 2 5 5 1 4 0 3 1 0 0 0 0 0 0 0 1 0 0 0 0 1 0 0 
0 0 0 0 0 0 0 0 0 0 0 0 0 0 0 0 0 1 1 1 0 0 0 1 0 0 0 0 0 1 0 0 0 0 0 0 0 0 0 0 

0 0 0 0 1 2 1 1 0 1 1 5 1 19 7 61 36 25 13 26 10 457 218 57 46 143 68 21 23 3 4 0 0 0 0 0 0 0 0 0 
1 0 0 0 1 0 1 0 0 1 0 4 3 6 26 23 21 16 9 12 36 590 205 53 94 60 36 27 18 6 3 3 2 3 0 1 0 1 0 0 
0 1 0 0 1 0 2 0 1 0 5 2 2 6 35 373 24 22 16 20 45 565 497 97 39 35 28 13 12 8 4 3 3 0 1 5 1 2 0 0 
0 1 0 1 0 0 1 1 0 1 1 4 3 11 19 232 60 9 9 17 26 163 386 54 34 16 16 3 5 3 4 1 1 1 1 0 0 1 1 0 
0 0 0 0 0 0 0 0 1 2 3 4 9 19 30 93 56 19 20 17 53 139 156 58 26 23 11 11 4 3 2 4 1 0 2 0 0 0 1 1 
0 0 1 0 0 2 1 1 0 0 3 5 4 12 12 33 30 23 11 27 45 101 94 58 26 18 9 9 4 0 4 1 1 2 2 0 0 1 1 0 
0 0 0 0 0 0 0 1 1 1 2 3 5 9 13 18 25 19 20 18 24 35 58 21 36 8 10 9 5 2 4 0 1 1 1 1 0 0 0 0 
0 0 0 0 0 1 0 2 1 1 5 5 13 15 11 33 21 19 23 18 25 76 43 14 22 14 3 3 1 0 2 0 1 0 0 0 0 0 0 0 
1 0 1 0 0 0 0 0 0 0 1 1 2 1 5 14 12 8 9 14 23 26 30 20 7 12 3 1 1 0 1 2 0 0 0 0 0 0 0 0 
0 0 0 0 1 0 0 0 1 1 0 0 3 5 3 17 8 15 10 12 19 18 33 10 6 3 5 5 2 1 2 0 1 0 0 0 0 0 0 0 
0 2 0 0 0 1 1 1 2 2 2 4 4 9 14 22 20 38 34 32 18 44 28 11 4 4 6 4 2 3 0 1 1 0 1 1 0 0 0 0 
2 0 0 0 0 0 1 0 0 1 3 2 1 0 6 3 8 4 14 13 23 22 15 9 3 3 4 0 0 2 0 0 1 0 0 0 0 0 0 0 
1 0 0 0 0 0 1 0 0 1 0 1 1 6 4 4 2 16 11 12 18 11 17 5 6 0 7 0 0 0 0 1 1 0 0 0 0 0 1 1 
0 0 0 0 0 0 5 0 0 0 0 4 9 5 18 9 17 18 38 25 18 19 25 10 3 6 3 2 3 5 2 0 1 0 0 0 0 0 0 0 
0 0 0 0 0 0 0 0 0 1 0 4 5 3 4 7 4 11 13 13 13 11 3 7 2 4 4 2 0 0 0 0 0 0 0 0 0 0 0 0 
0 0 0 0 0 0 0 0 0 0 0 0 2 0 3 5 5 8 10 14 11 8 8 1 5 3 1 1 1 0 2 2 0 0 0 0 0 0 0 0 
0 0 0 1 0 0 1 3 1 3 0 2 5 13 5 19 21 17 20 28 12 11 5 8 5 1 0 0 1 0 0 0 0 0 0 0 0 0 0 1 
0 0 0 0 0 0 0 0 2 1 3 0 4 3 1 4 5 8 12 11 7 3 5 8 1 1 0 3 0 0 1 0 0 1 0 0 0 0 0 0 
1 0 0 0 0 0 0 0 1 0 1 0 0 0 2 3 6 6 4 5 5 1 1 0 5 1 3 1 1 0 0 0 0 0 0 1 0 0 0 0 
0 0 0 0 1 0 0 0 0 2 4 2 4 7 9 8 12 11 11 18 10 11 3 4 4 0 5 1 0 0 0 0 0 0 0 0 1 0 0 1 
0 0 0 0 0 0 1 1 1 0 1 0 0 1 4 2 4 1 8 8 3 2 1 2 4 4 1 1 1 0 0 0 0 0 1 0 0 0 0 0 
1 1 0 0 1 1 0 0 0 1 0 1 3 2 1 1 2 4 4 2 5 4 4 1 3 0 0 0 0 0 0 0 1 0 0 0 0 0 0 0 
0 0 0 0 0 0 1 2 3 1 1 1 1 4 7 7 8 11 10 14 17 5 1 4 1 0 0 0 0 2 1 0 0 0 0 0 0 1 0 0 
0 0 0 0 0 0 1 1 0 0 0 0 0 0 0 1 4 3 1 2 6 2 2 1 2 0 0 0 1 0 0 0 0 0 0 0 0 0 0 0 

1 0 0 0 0 1 1 1 1 3 3 5 2 20 5 29 18 23 18 22 18 77 67 31 24 59 48 54 35 6 0 1 0 0 0 1 0 0 0 0 
0 0 0 0 0 0 1 0 0 1 3 4 5 13 23 21 24 19 15 6 28 43 104 41 52 43 41 43 30 16 3 2 7 2 1 1 4 2 0 0 
1 1 0 0 0 2 0 1 1 2 2 0 4 3 13 26 15 15 15 17 20 92 105 38 61 26 30 12 18 13 5 3 2 2 3 1 0 1 0 5 
0 0 0 0 0 0 0 1 0 0 2 2 2 9 4 148 75 14 15 14 29 221 334 106 141 36 34 7 10 5 8 1 3 0 4 0 0 0 0 1 
0 2 0 1 0 1 0 0 2 1 1 2 5 8 27 164 53 12 15 17 37 215 298 118 51 21 22 8 6 0 4 4 2 0 2 0 0 2 0 1 
0 0 1 0 0 0 1 0 2 2 1 5 5 8 15 46 61 32 19 32 58 165 226 55 36 25 10 4 3 2 1 4 1 0 1 0 1 0 0 0 
2 1 0 1 1 1 0 1 0 3 1 8 6 7 13 33 45 31 36 27 41 118 180 42 42 13 21 10 6 7 6 1 1 2 0 0 0 0 1 0 
0 0 0 0 2 0 1 0 0 2 6 4 5 15 16 21 20 16 30 16 47 82 69 20 11 6 9 0 3 1 0 1 0 0 0 1 2 0 1 0 
0 0 0 1 0 0 0 1 1 0 3 2 1 0 1 10 11 12 14 11 21 28 41 13 8 5 6 1 2 0 1 0 0 0 1 0 0 0 1 0 
1 0 0 0 2 1 1 3 0 1 1 2 6 5 8 13 19 20 22 21 19 45 59 9 12 7 13 4 3 2 0 0 1 0 0 0 0 0 0 0 
2 1 0 0 0 1 0 1 3 3 5 5 10 12 14 13 22 37 34 20 37 50 35 9 11 6 3 2 1 2 0 0 2 0 0 1 0 0 0 0 
0 0 0 0 0 0 0 1 0 1 2 2 3 3 7 3 7 9 15 18 26 21 20 13 5 2 4 2 3 0 0 2 0 1 0 0 0 0 0 1 
1 0 0 0 0 0 0 3 0 1 2 2 1 0 4 9 6 10 20 23 35 25 22 14 11 3 4 4 0 1 1 0 1 0 0 0 0 0 0 2 
1 1 0 0 0 0 1 0 1 2 2 2 1 7 5 11 15 24 31 29 16 24 17 13 8 5 1 4 0 0 0 2 0 2 2 1 0 0 0 1 
0 0 0 0 0 0 0 1 0 0 1 0 1 2 3 6 4 6 13 10 9 7 7 3 6 0 2 0 0 1 0 0 1 0 0 0 0 0 0 0 
0 0 0 0 0 1 0 0 0 0 1 2 0 5 1 8 3 8 8 15 17 19 12 12 10 4 8 2 1 0 1 0 0 0 0 0 0 0 0 0 
1 1 0 1 0 0 0 1 1 0 3 2 1 8 7 9 20 24 31 23 19 17 11 9 6 3 2 1 0 2 0 0 0 0 0 0 0 0 1 0 
0 0 0 1 1 0 1 0 2 0 1 0 0 2 1 5 6 4 6 11 8 4 4 1 1 4 1 0 0 0 1 0 0 0 0 0 0 0 0 0 
0 0 1 0 0 0 0 1 0 0 0 1 1 0 4 3 2 8 8 6 4 7 10 1 7 3 2 1 2 1 1 0 0 0 0 1 0 0 0 0 
0 0 0 0 0 1 0 0 3 0 1 2 4 7 11 11 12 16 17 24 15 4 4 8 5 1 2 0 0 0 1 1 0 0 0 0 0 0 0 0 
1 0 0 0 0 1 0 0 0 0 0 1 0 0 3 3 1 8 6 3 4 4 1 2 2 4 0 1 0 1 0 0 0 0 0 0 0 0 0 0 
0 0 0 0 0 0 1 0 0 0 0 0 0 0 0 5 1 1 1 8 8 3 2 3 3 3 2 0 5 0 2 0 1 0 0 0 0 0 0 0 
0 0 0 0 1 0 0 1 0 2 2 2 2 1 2 8 8 15 12 20 19 4 4 1 0 2 0 0 0 1 0 1 0 0 1 1 0 0 0 0 
0 0 0 0 0 0 0 0 0 0 0 1 0 0 0 0 0 2 1 1 4 0 0 0 0 0 1 0 0 0 0 0 0 0 0 1 0 0 0 0 

0 0 0 0 0 0 0 3 1 2 2 3 3 18 12 31 12 20 14 16 16 55 38 28 15 57 271 114 60 6 2 0 1 1 1 0 0 1 0 0 
3 0 0 0 0 1 0 1 0 1 4 2 3 4 14 15 14 9 12 9 13 20 26 9 33 108 307 82 26 13 9 3 3 3 3 3 1 0 1 1 
0 0 0 1 0 0 0 2 0 2 0 0 5 6 7 23 21 19 16 8 9 16 28 74 411 471 56 21 21 10 7 4 3 3 2 2 1 0 0 1 
2 0 0 1 1 1 0 1 0 2 1 3 2 5 6 33 39 17 12 9 11 18 49 115 438 88 40 7 10 7 4 3 2 1 0 0 0 0 2 1 
0 1 1 0 0 0 1 0 0 1 4 7 8 18 17 88 57 21 25 9 20 35 125 77 42 32 23 9 10 4 4 1 0 1 2 1 1 0 0 0 
1 1 0 0 0 1 2 1 0 3 1 3 7 5 20 148 292 26 22 12 24 79 55 25 16 8 9 6 5 2 0 0 2 2 0 3 0 2 0 0 
1 0 1 0 0 0 1 0 2 0 3 3 2 8 10 31 88 30 31 24 26 194 182 26 23 8 9 5 7 3 0 1 0 0 0 1 1 1 1 1 
1 0 1 1 2 1 4 0 0 1 5 7 14 13 24 50 48 46 35 32 72 521 176 31 20 16 5 3 8 7 4 5 1 0 0 3 0 2 0 0 
0 0 0 0 1 0 0 0 0 5 2 5 3 13 14 27 44 31 35 49 95 760 104 31 17 17 8 4 5 2 3 1 1 1 0 0 1 0 0 0 
0 0 0 0 1 0 0 2 1 1 1 5 3 15 8 13 20 33 40 37 42 253 114 19 16 9 9 5 5 1 1 0 4 1 1 1 0 0 0 0 
1 0 2 1 2 2 3 1 3 4 6 6 12 8 21 37 35 68 55 42 135 207 87 26 21 10 8 3 3 7 0 2 0 0 0 1 1 0 2 2 
1 1 1 0 0 2 2 1 0 3 2 3 2 7 13 16 32 26 40 102 256 163 74 27 16 12 13 2 3 1 5 2 0 3 0 0 1 2 0 0 
1 0 0 0 0 1 0 1 2 1 2 3 3 7 6 12 12 21 18 57 111 85 87 17 24 2 10 5 4 0 5 0 1 0 2 2 0 0 0 1 
0 0 0 0 0 4 0 4 2 5 4 7 15 14 25 22 31 48 60 79 101 93 45 9 11 6 3 6 2 2 0 0 0 0 0 0 0 0 0 0 
0 0 0 0 1 0 0 0 1 0 0 3 3 6 11 15 21 24 40 61 80 64 45 18 9 15 4 3 1 0 1 2 1 0 1 0 1 0 0 0 
0 0 0 1 0 0 0 1 1 2 2 4 1 2 8 4 10 16 17 42 60 33 49 19 14 5 3 6 5 3 1 0 1 0 1 0 0 0 0 0 
1 0 0 1 0 1 1 2 2 1 2 4 4 4 19 24 37 40 67 59 58 34 28 16 12 6 1 2 3 2 0 0 0 0 0 0 0 0 0 1 
1 0 0 0 0 0 0 0 2 1 3 4 1 6 8 8 15 20 22 20 29 15 21 8 4 4 3 0 0 0 1 1 0 2 0 0 0 0 0 0 
1 0 0 1 0 0 0 0 0 1 0 3 2 1 4 9 1 11 15 20 19 12 13 3 6 1 1 0 3 1 0 1 0 0 0 1 0 0 0 0 
0 0 0 0 0 1 2 2 1 3 1 2 6 4 17 14 27 27 33 33 25 17 16 11 6 4 0 1 1 1 0 0 0 0 0 0 0 0 0 0 
0 0 1 1 0 1 0 0 0 3 2 7 2 3 5 9 15 5 21 18 8 14 4 6 5 3 1 0 0 2 1 0 1 0 0 0 0 0 0 0 
0 0 1 0 1 0 1 0 1 2 1 0 0 5 5 3 1 7 8 14 16 5 4 4 3 1 1 1 2 2 0 0 0 0 0 0 0 0 0 1 
0 0 0 1 0 1 0 0 1 1 2 1 2 0 9 11 15 28 30 34 17 22 7 6 3 1 6 2 0 0 0 1 0 0 0 0 0 0 0 0 
0 0 0 0 1 0 1 2 0 0 3 1 3 3 3 2 4 6 13 9 13 8 4 2 4 1 2 1 0 0 0 0 1 0 0 0 0 0 0 0 

0 0 0 0 0 0 1 1 2 4 1 6 2 16 9 42 15 18 17 13 9 26 20 23 22 65 93 97 48 4 4 1 3 1 0 0 0 0 1 0 
1 0 1 0 0 0 0 0 2 0 1 3 5 6 7 17 12 13 22 8 7 21 25 12 33 30 51 45 24 15 6 2 1 2 1 0 0 3 1 2 
0 0 1 0 0 1 0 0 2 3 1 0 2 3 7 12 12 10 14 8 3 27 22 16 25 26 38 18 18 19 5 5 4 0 4 3 2 1 1 2 
0 1 0 0 0 0 1 0 1 4 2 5 0 12 8 25 23 18 14 19 18 18 27 18 29 19 30 17 24 6 7 1 9 4 2 0 0 0 0 1 
0 0 0 0 1 0 1 1 2 3 1 6 6 10 17 37 36 27 22 13 17 25 25 18 16 17 13 16 7 4 2 1 1 1 0 0 1 0 0 1 
1 1 0 0 0 0 2 1 1 1 8 1 4 15 12 22 66 28 18 14 21 22 28 20 24 10 18 11 14 4 4 3 2 0 0 0 0 0 0 0 
1 0 0 0 0 1 0 1 1 4 0 4 2 11 6 53 243 47 51 12 27 42 50 11 28 11 18 6 8 4 3 1 3 3 1 0 0 2 0 0 
2 1 0 0 0 2 0 2 5 1 1 7 5 16 25 24 86 65 37 27 23 61 51 34 21 10 16 5 5 1 3 5 1 0 1 0 0 1 1 3 
0 0 1 0 0 2 3 0 5 0 3 5 9 7 13 37 64 54 34 27 52 102 68 29 18 20 10 5 5 4 2 1 4 1 0 0 0 0 0 1 
3 0 1 0 0 0 0 0 2 8 1 2 5 14 15 26 43 64 62 31 36 221 152 16 18 14 16 3 2 6 3 2 5 0 1 2 0 0 2 0 
3 0 0 0 1 2 0 0 3 2 2 5 5 10 24 30 38 79 52 44 170 244 83 22 14 14 6 4 7 2 2 2 1 2 0 0 0 2 0 1 
2 1 0 0 1 0 0 1 1 1 6 5 9 4 12 14 23 40 36 84 836 271 76 40 18 15 13 5 4 2 2 0 1 1 0 1 0 0 0 1 
1 1 2 1 1 0 1 1 3 2 4 7 6 6 4 16 19 47 63 97 901 231 101 25 30 6 15 5 6 2 4 2 1 1 0 0 1 0 1 0 
2 0 0 0 0 0 1 1 1 3 3 7 6 7 18 14 44 68 49 72 311 102 48 23 7 6 6 2 2 1 1 0 1 3 0 0 0 0 1 1 
1 0 0 0 2 0 2 3 2 0 0 3 4 6 3 12 14 36 50 107 174 84 66 32 17 5 5 1 4 3 1 1 0 0 1 1 2 0 0 0 
0 0 0 1 1 1 0 1 0 1 2 2 4 5 8 22 19 46 40 72 163 69 46 14 22 9 10 5 7 1 4 1 2 0 0 0 0 0 0 0 
0 0 0 0 1 1 2 0 0 3 4 3 9 6 12 26 31 42 41 70 68 53 26 12 10 6 4 3 1 2 1 1 0 0 0 0 1 1 0 0 
1 0 0 2 1 0 2 0 0 1 2 1 4 4 5 10 6 17 21 29 29 17 16 6 4 9 0 2 1 2 0 0 0 1 0 0 0 2 0 0 
2 0 1 0 0 0 0 0 0 1 1 1 4 4 8 11 13 17 27 43 40 17 13 9 11 5 9 0 1 2 1 0 1 1 0 0 0 0 0 0 
4 0 1 0 0 0 1 1 1 2 3 5 11 6 7 15 21 24 40 51 36 28 14 8 6 1 2 3 2 0 0 0 0 0 1 0 1 0 0 0 
0 0 0 0 0 2 0 0 0 2 2 0 1 3 2 2 6 11 9 20 12 8 4 4 3 1 1 2 1 1 1 1 0 0 0 1 1 1 0 0 
1 0 0 0 2 1 1 0 1 1 0 1 2 1 2 5 5 15 13 20 26 13 8 5 5 3 4 3 5 0 1 0 1 0 0 0 0 1 1 0 
0 0 0 1 0 1 0 0 1 4 2 4 0 4 16 9 20 40 38 41 21 6 9 4 3 6 1 1 1 0 0 0 0 0 2 1 0 0 0 0 
1 0 0 0 1 1 1 0 0 0 1 2 2 2 5 3 5 6 16 14 11 5 5 1 1 0 0 1 0 0 0 1 0 0 0 0 0 0 0 0 

0 0 0 0 0 0 1 5 2 8 0 6 7 21 14 34 16 53 33 23 16 16 11 23 11 33 21 51 42 4 6 0 0 0 0 0 0 0 0 0 
0 0 0 0 0 0 0 2 0 1 1 5 5 12 15 21 26 38 60 21 11 9 15 8 13 7 23 25 15 7 8 3 1 1 0 1 1 0 2 0 
0 0 0 0 0 0 0 2 0 1 1 5 5 17 14 33 36 35 47 22 19 14 6 7 9 12 8 15 11 10 3 3 0 1 0 0 0 0 0 0 
0 0 0 1 0 0 1 1 1 4 1 4 0 13 10 22 27 35 33 14 15 13 18 6 10 9 13 11 17 3 9 1 4 1 0 1 0 1 0 1 
0 0 0 0 1 0 2 1 2 3 7 8 14 9 28 38 41 34 32 18 17 24 13 5 7 8 11 13 8 3 3 3 1 0 0 0 0 0 0 1 
0 0 0 2 0 0 1 1 2 3 1 6 10 7 14 25 41 37 40 22 21 17 19 13 12 13 14 8 11 8 4 1 0 0 2 0 0 0 0 0 
2 1 0 1 1 1 0 0 2 2 1 5 2 6 9 35 53 67 45 19 16 22 27 16 22 5 19 10 6 1 4 0 1 0 0 0 1 0 0 0 
2 1 0 3 0 4 1 1 6 4 8 7 11 23 35 40 317 106 77 28 21 24 28 17 14 26 15 4 7 5 5 3 3 1 0 0 1 0 1 0 
1 3 0 1 0 1 0 0 3 4 3 7 11 21 27 45 228 77 67 33 32 21 21 19 15 8 10 8 5 0 3 0 0 0 0 0 1 0 0 0 
1 0 0 0 0 3 3 1 1 2 0 4 7 14 14 34 240 95 87 36 28 43 55 13 19 10 16 8 7 3 3 1 0 0 0 1 0 0 0 0 
0 0 0 1 3 2 1 4 7 10 5 12 15 21 40 67 195 167 88 51 39 45 34 15 18 22 7 2 6 1 3 0 1 0 0 0 1 0 0 0 
0 0 0 0 0 1 2 3 3 4 4 4 10 14 18 46 199 108 67 55 71 36 38 21 19 14 7 5 7 4 2 1 2 0 0 3 1 1 1 0 
2 1 0 1 2 1 2 0 2 3 0 2 10 11 11 28 56 81 70 49 146 97 80 27 23 11 20 10 8 4 2 0 1 1 1 2 0 0 0 0 
0 0 1 2 2 1 0 3 0 5 8 7 20 18 44 41 110 153 75 72 305 98 47 24 16 10 3 5 2 4 0 0 2 1 0 0 1 1 1 0 
0 1 0 0 2 2 0 2 3 3 6 6 6 11 16 32 86 119 79 94 268 57 31 23 15 9 7 5 2 2 4 1 3 0 0 0 1 0 1 0 
1 2 1 1 0 1 0 2 1 1 0 5 3 8 9 27 40 70 65 118 574 76 46 16 11 5 13 2 3 0 5 0 0 0 1 0 0 1 0 0 
1 1 0 1 0 1 4 2 2 4 5 3 10 20 30 50 95 96 99 263 356 88 39 17 8 11 6 5 3 3 1 2 0 0 1 2 0 0 0 1 
0 0 0 1 2 1 1 0 5 1 4 4 6 5 24 30 53 96 97 372 163 57 38 16 17 13 3 8 0 3 2 1 0 0 0 0 0 0 0 0 
1 1 0 0 1 0 0 0 2 2 1 2 3 6 9 23 23 45 49 204 129 26 25 12 24 5 10 0 4 2 2 2 2 1 0 0 1 1 0 1 
1 1 0 0 0 0 0 1 4 2 10 3 8 10 25 27 52 71 133 162 105 42 28 27 7 5 6 2 0 1 0 2 0 0 0 2 0 0 0 1 
2 0 1 1 0 3 1 2 2 0 1 7 0 12 17 23 36 56 92 112 95 42 20 17 13 5 6 2 2 1 2 0 0 0 0 0 0 0 0 0 
2 2 0 0 1 1 0 0 1 0 0 1 5 9 8 15 10 39 48 56 66 30 21 11 22 7 6 6 1 2 0 4 0 1 0 1 1 0 1 0 
3 0 0 2 0 1 2 1 0 1 5 2 6 8 18 21 39 75 103 109 72 31 21 9 8 8 8 1 2 1 0 0 1 0 0 0 0 1 0 0 
0 1 0 0 1 1 2 1 2 2 1 2 8 9 10 26 28 42 88 134 78 54 25 22 9 6 3 4 1 2 1 0 1 1 0 0 1 1 0 0 

2 0 0 2 0 2 0 0 1 1 2 9 7 34 19 56 24 163 276 13 8 23 19 8 8 14 21 61 33 7 8 0 2 0 0 0 0 0 0 0 
0 1 1 0 0 2 0 0 1 1 2 5 9 14 22 32 29 116 182 39 17 12 16 13 6 11 18 17 27 9 11 3 4 1 1 0 0 2 0 1 
1 1 0 1 0 0 2 0 1 1 3 5 4 10 18 22 23 71 62 22 18 11 14 5 10 9 6 9 13 13 2 6 2 1 0 0 0 2 0 2 
2 0 1 1 0 0 0 0 2 2 1 8 4 25 13 52 45 42 76 14 32 11 13 9 11 7 6 19 33 4 4 2 3 2 0 0 0 0 1 1 
0 1 0 0 0 1 1 1 0 3 4 4 9 24 21 44 50 30 48 24 19 15 23 12 13 12 14 36 14 6 3 2 1 0 1 1 0 0 0 1 
0 0 0 0 0 0 1 0 2 4 2 3 5 11 16 26 41 154 61 28 20 19 15 7 4 4 10 13 6 3 4 1 0 1 0 1 1 0 0 0 
2 0 0 1 1 1 0 1 1 3 1 3 6 17 9 31 85 147 110 27 19 23 28 14 13 19 23 8 6 5 3 1 0 1 0 1 0 0 0 0 
1 0 1 0 0 1 0 3 0 2 2 12 11 19 18 37 106 105 52 34 22 30 18 12 17 22 9 7 8 3 2 0 0 2 1 0 0 0 0 1 
0 0 1 1 2 4 2 1 2 5 2 6 7 15 18 41 81 83 66 32 29 24 19 12 11 15 8 8 6 5 3 1 1 1 0 0 0 0 0 1 
4 0 1 1 1 0 0 5 1 3 4 6 5 12 15 35 61 122 117 32 26 28 25 10 14 22 18 5 7 2 4 1 3 0 1 0 1 1 0 0 
1 0 0 1 1 0 1 4 0 1 11 13 13 20 37 44 141 188 88 46 33 34 21 18 16 25 16 4 10 1 4 3 1 0 0 1 0 2 0 1 
0 0 2 2 0 2 3 1 2 2 1 7 13 18 17 42 171 121 63 41 44 35 26 28 16 15 10 10 2 4 2 3 1 0 1 0 0 1 1 0 
0 1 0 0 1 3 0 4 3 3 5 5 10 12 9 40 180 192 106 46 51 35 38 21 21 10 10 4 5 6 2 0 4 0 4 0 0 0 1 0 
1 0 0 0 0 2 0 2 1 5 6 7 9 15 28 35 166 373 118 64 49 40 34 29 13 8 3 6 4 4 0 0 1 1 0 1 1 0 2 1 
3 2 0 2 0 1 1 1 0 4 6 4 12 25 21 40 272 242 150 57 56 40 36 20 14 6 12 7 6 3 1 2 2 0 0 2 0 0 1 1 
0 0 3 0 0 1 1 0 3 8 1 7 5 19 11 36 117 209 370 57 78 49 41 19 25 5 13 6 5 4 5 0 2 0 1 0 1 0 0 0 
0 0 1 0 0 1 1 1 1 0 8 7 10 14 25 49 127 416 264 109 186 71 26 19 14 9 4 2 3 2 0 1 0 2 0 0 0 0 1 0 
1 1 0 1 1 1 2 0 2 6 3 4 12 14 15 36 72 159 160 143 207 31 35 31 13 8 4 6 3 6 2 3 2 3 1 2 1 1 1 1 
0 0 0 1 0 2 0 0 0 2 3 6 8 14 8 22 36 153 216 517 554 57 51 25 23 11 9 5 6 4 4 3 2 1 1 0 1 1 0 0 
1 2 0 2 0 1 2 2 2 1 5 2 6 10 14 29 43 85 144 323 285 36 37 28 17 5 5 4 0 3 0 2 0 1 0 0 0 1 0 0 
1 0 1 1 0 2 1 2 1 2 5 8 7 6 14 30 44 100 124 336 167 42 35 26 10 7 9 2 4 2 0 1 1 1 0 0 0 0 3 2 
0 0 2 1 0 2 1 0 1 4 4 4 2 15 6 27 17 80 127 347 224 29 33 21 21 10 11 5 2 1 3 4 1 1 0 1 1 1 1 0 
4 1 0 2 0 0 1 1 3 0 5 4 9 5 11 19 29 73 180 222 115 30 20 16 15 3 4 7 2 0 1 1 1 0 0 1 0 0 0 1 
0 0 0 0 0 2 0 2 1 0 2 2 4 11 25 19 57 120 236 367 274 127 36 18 17 9 1 4 1 1 3 1 0 1 0 0 0 0 0 1 

0 0 0 0 0 2 0 0 2 11 3 18 2 65 357 122 73 66 65 11 16 10 10 11 4 19 8 413 130 7 4 0 8 1 1 0 0 0 0 0 
0 0 0 0 1 0 0 1 1 9 7 11 10 41 229 100 47 25 58 16 15 7 11 6 10 16 27 173 73 12 5 3 6 4 1 0 1 1 0 0 
0 0 0 0 0 1 0 3 1 5 9 9 11 37 164 229 51 115 77 13 12 9 13 14 14 23 60 137 55 29 8 5 2 2 1 1 0 3 1 1 
1 0 0 1 1 1 1 2 3 3 5 5 7 30 55 291 96 101 175 19 17 12 17 8 14 26 24 82 46 5 16 3 5 3 1 0 0 0 1 0 
1 0 0 1 2 4 5 2 2 4 14 14 28 34 45 353 139 115 142 23 12 20 12 15 31 31 47 84 27 9 9 2 3 5 0 1 1 2 0 0 
0 0 0 1 0 0 2 2 3 4 4 10 13 17 42 246 236 287 361 40 17 21 23 10 23 60 77 39 14 5 5 6 6 1 1 0 0 0 0 1 
0 1 0 0 1 1 2 3 2 6 4 6 9 28 19 66 455 345 276 39 28 18 20 15 10 41 50 16 14 5 8 4 1 1 1 1 0 0 1 1 
1 1 1 1 1 2 3 3 9 3 16 12 26 24 41 76 484 197 215 46 19 25 22 18 34 55 71 27 14 6 9 2 1 2 2 0 1 0 0 0 
1 0 3 0 1 1 1 1 4 3 7 10 12 28 22 55 238 126 153 62 28 30 16 27 34 57 44 19 13 6 1 0 3 1 0 2 1 0 0 0 
2 2 0 2 0 3 0 6 5 2 2 10 5 12 19 42 137 138 169 35 38 13 23 19 27 27 46 8 12 3 12 1 4 1 3 0 0 0 0 2 
1 0 0 0 1 0 4 7 3 5 11 10 23 37 66 57 238 486 157 55 32 27 18 31 32 64 24 7 8 4 2 2 2 0 0 0 0 2 0 1 
2 1 0 0 0 1 1 1 6 8 5 10 15 15 23 38 73 142 112 63 50 36 36 27 52 34 22 16 8 8 3 4 3 0 3 1 1 0 0 2 
2 1 0 1 1 0 0 3 2 6 3 9 5 18 11 39 44 340 120 49 56 35 43 26 25 17 31 7 4 2 5 5 1 0 0 0 0 1 0 0 
0 0 1 1 3 0 3 1 4 10 13 7 14 27 36 68 92 201 69 61 50 37 38 36 20 25 15 5 1 2 3 2 0 0 0 2 0 1 1 0 
0 2 0 1 1 0 1 4 5 5 6 8 10 19 11 36 55 86 88 62 42 22 42 48 48 22 14 9 5 2 7 0 1 1 1 1 0 0 0 1 
0 1 0 0 0 1 1 0 2 4 2 2 6 9 11 36 48 122 181 52 60 28 35 32 37 13 25 8 9 1 5 1 1 0 0 0 0 0 0 1 
1 0 1 2 0 1 3 1 5 5 10 10 13 16 39 69 107 152 108 58 49 26 33 40 40 16 6 3 4 3 0 0 0 1 0 0 1 0 0 1 
0 2 1 0 0 0 1 2 1 8 2 2 8 8 8 24 46 89 80 64 63 46 62 77 57 19 12 10 4 2 5 3 1 1 1 1 0 0 2 0 
2 0 0 0 1 0 1 1 1 3 3 5 8 4 8 22 34 336 277 74 88 25 58 46 52 14 13 7 13 4 6 3 1 0 0 1 0 0 0 0 
1 0 0 1 2 0 0 2 3 0 9 5 15 14 26 40 79 323 234 131 68 49 44 61 30 12 12 8 1 1 1 2 0 2 1 2 0 0 2 1 
1 1 0 3 0 2 2 1 3 2 3 0 6 10 17 18 26 299 91 124 83 49 42 46 25 10 11 5 7 3 4 1 1 1 0 0 0 1 0 2 
0 0 0 0 1 1 0 2 0 3 0 4 0 7 8 17 25 187 195 462 248 46 49 27 28 17 15 3 6 0 0 1 2 1 3 0 1 1 1 0 
0 0 0 0 0 1 1 4 2 1 7 5 10 10 26 28 61 284 430 809 366 40 19 23 17 13 5 2 4 1 1 2 1 0 2 0 0 0 1 0 
0 0 0 0 1 1 0 2 1 0 5 5 12 9 13 20 44 302 486 813 331 48 26 17 16 8 4 2 3 2 1 1 1 1 1 0 1 0 0 0 

2 0 1 1 0 1 1 4 0 5 7 18 16 62 379 272 525 39 31 16 3 19 11 11 9 20 19 239 118 11 3 2 4 1 0 0 0 0 0 1 
2 0 1 0 2 1 0 1 1 2 3 12 17 26 155 124 69 25 30 22 16 12 15 4 11 15 42 163 64 22 14 10 4 4 1 1 1 1 1 0 
0 0 0 1 3 0 2 2 1 2 6 6 17 38 83 74 50 31 24 11 15 16 12 6 13 15 30 191 59 18 10 5 5 3 3 0 3 1 1 0 
0 1 0 2 0 0 0 3 4 1 3 17 8 32 86 118 84 28 34 20 16 7 15 11 4 14 59 133 50 9 13 2 6 2 4 3 1 0 2 2 
1 0 2 0 1 2 2 2 3 3 7 17 22 31 39 68 76 37 57 25 20 18 17 5 11 18 245 92 27 17 14 6 5 2 1 3 1 4 1 0 
2 0 1 1 0 0 5 2 2 4 6 11 9 19 19 44 66 56 65 32 18 24 11 14 23 40 169 55 40 14 4 7 3 3 2 0 1 1 0 0 
1 0 0 1 2 1 2 2 4 6 2 10 11 28 37 81 82 61 177 38 35 14 23 10 25 79 403 28 25 7 7 3 1 1 3 1 1 0 1 1 
2 0 0 2 0 3 1 2 2 0 9 11 19 18 36 53 76 69 300 44 32 25 14 23 26 223 139 20 17 6 7 0 3 1 2 1 0 0 1 3 
3 2 2 2 1 1 0 3 2 4 4 12 19 26 26 40 74 90 222 54 33 20 23 25 45 142 73 26 13 7 5 7 4 1 1 1 1 0 2 0 
2 1 2 2 0 1 2 6 1 4 1 7 8 33 29 55 66 142 661 44 48 24 27 28 30 140 80 12 16 8 10 5 1 2 3 0 1 0 0 0 
1 0 0 1 1 1 1 3 5 3 10 10 29 19 38 52 114 168 600 80 43 30 28 17 39 102 27 5 4 2 4 3 0 0 0 1 1 1 0 2 
0 2 2 1 1 0 0 2 2 4 6 7 16 22 34 42 72 112 178 89 52 41 24 47 123 59 38 14 10 5 2 6 2 1 1 1 0 1 3 1 
1 0 1 1 1 1 1 3 2 6 2 7 7 28 35 62 79 95 163 85 89 31 45 44 120 40 26 10 22 4 3 4 2 1 0 1 1 0 1 1 
2 1 1 2 1 0 2 3 2 0 8 9 24 25 37 45 55 84 84 71 33 23 28 46 80 17 15 4 2 3 1 1 1 2 0 0 1 0 1 1 
1 0 2 0 0 2 2 1 2 5 5 5 7 17 27 39 39 64 132 83 46 34 44 49 89 41 19 12 2 5 0 4 2 0 2 0 0 1 0 2 
0 1 0 1 0 0 5 2 2 4 1 9 3 10 10 39 39 56 86 56 64 28 32 93 119 10 17 8 9 4 4 2 1 1 1 1 2 1 0 0 
2 0 0 2 1 2 1 0 3 4 4 6 14 13 34 49 75 59 76 69 38 29 48 85 31 12 5 4 2 3 3 2 1 0 0 1 1 0 0 1 
1 1 0 1 1 0 0 1 3 4 1 6 7 9 6 34 41 46 51 38 42 44 88 154 92 44 20 14 7 4 3 2 4 3 1 1 0 0 3 6 
1 0 1 0 2 4 1 2 1 2 1 3 2 11 12 37 33 39 55 41 47 39 47 104 87 26 23 12 8 4 3 3 2 1 1 1 2 0 0 0 
0 2 0 0 0 1 0 0 2 2 3 6 4 17 25 38 54 57 74 77 50 37 62 87 29 15 5 5 0 2 1 1 0 0 1 1 1 0 0 0 
0 0 2 0 2 0 1 1 4 2 4 5 6 10 15 28 32 50 51 49 51 55 93 70 38 20 6 6 2 3 0 3 1 0 0 1 1 0 0 1 
1 0 0 0 2 0 3 1 3 0 4 4 4 7 10 29 33 61 98 72 84 33 82 50 36 10 7 3 2 3 2 2 3 3 0 1 0 0 0 0 
2 0 0 1 1 1 0 4 5 2 3 5 0 11 23 37 71 108 151 115 55 33 41 34 14 7 2 3 2 1 0 0 1 0 0 0 1 0 1 0 
0 0 1 0 0 0 2 1 5 1 7 6 11 16 29 36 54 199 263 120 75 58 38 22 22 5 9 4 3 3 4 1 0 1 0 0 1 1 0 1 

0 0 0 1 2 1 0 1 0 5 7 35 20 64 123 426 116 35 15 24 12 19 16 9 7 14 5 42 32 4 3 2 0 0 1 0 0 0 0 0 
0 0 1 0 0 0 0 4 1 2 7 19 28 31 657 527 84 28 22 16 6 15 4 10 8 7 12 13 10 4 2 2 4 0 0 0 0 0 1 0 
0 0 0 2 0 1 1 2 9 8 11 21 37 46 867 212 48 27 20 16 13 15 2 12 9 5 7 16 18 6 3 3 0 0 0 0 0 0 3 0 
1 2 0 0 0 0 1 1 0 2 9 17 27 56 326 148 90 23 18 13 16 7 14 4 11 14 17 31 40 3 5 2 4 0 0 0 1 0 1 0 
1 1 0 1 1 2 3 2 3 7 14 19 48 86 165 154 57 28 18 18 11 17 14 11 11 10 22 33 19 5 5 3 1 1 0 2 1 0 0 1 
0 0 0 0 0 1 2 2 3 2 14 20 36 75 216 129 42 36 22 15 23 17 15 9 18 22 30 16 12 5 4 1 2 2 0 1 1 0 0 2 
3 0 0 0 0 1 4 3 3 5 7 16 26 36 98 102 70 32 45 21 24 18 27 15 9 26 83 9 10 3 4 1 3 1 2 0 0 0 0 0 
1 2 0 0 2 2 3 3 12 7 14 21 47 57 167 287 76 43 49 38 27 27 24 19 16 52 47 18 8 3 1 1 2 0 0 1 0 0 1 0 
0 2 1 1 2 1 5 5 10 8 18 27 33 55 204 392 118 106 55 56 27 22 15 11 12 39 17 9 4 4 2 3 2 1 2 0 1 0 0 0 
2 0 0 0 0 0 0 6 3 7 4 11 16 43 87 211 126 344 134 43 47 25 26 10 18 64 50 5 11 1 2 5 2 0 2 1 0 1 0 1 
1 0 0 1 2 3 7 5 6 12 15 18 52 48 138 296 149 150 159 76 42 38 29 24 84 100 23 8 7 4 2 6 0 2 1 0 1 0 1 1 
3 1 1 2 1 2 2 4 10 9 21 25 43 89 186 380 133 116 195 210 83 57 42 28 72 21 11 17 4 2 2 1 1 1 1 0 2 0 2 1 
0 1 0 1 1 2 4 0 4 11 6 18 11 41 59 677 161 64 250 116 111 37 34 31 370 29 23 5 6 3 2 1 2 0 2 0 0 0 0 0 
0 0 0 1 0 3 5 2 4 7 18 13 15 44 103 201 96 71 338 120 68 19 34 35 257 15 4 5 0 1 1 0 0 1 1 0 1 1 2 0 
2 0 0 0 2 0 1 2 2 5 1 7 10 27 59 176 83 55 172 64 53 29 19 43 37 13 9 4 3 9 5 0 0 1 0 1 0 3 1 0 
2 0 0 1 2 0 2 0 1 2 2 6 7 19 31 150 73 81 608 74 56 25 34 152 137 9 12 5 8 2 3 0 1 1 2 0 1 0 0 0 
2 1 2 2 3 1 3 4 2 4 5 10 16 24 74 205 104 83 396 115 39 21 40 259 69 11 7 5 3 1 0 0 0 1 0 1 0 1 0 0 
1 0 2 0 2 0 4 0 1 6 3 13 12 20 43 195 111 75 334 72 53 28 40 128 35 15 10 5 4 5 4 0 1 0 0 1 2 3 0 0 
3 0 0 2 0 1 0 4 1 3 3 9 9 18 24 125 170 55 348 73 54 35 53 297 81 11 17 4 3 3 2 0 5 0 2 0 1 1 0 0 
1 0 0 1 2 2 5 3 0 0 9 9 8 18 34 120 245 90 157 106 52 46 299 225 49 8 5 4 5 2 0 2 0 0 0 0 0 0 0 0 
1 0 0 0 0 2 3 4 1 5 5 10 13 12 26 74 290 85 171 104 52 64 643 116 31 12 6 10 9 5 1 1 2 4 1 0 0 0 1 1 
1 0 1 1 0 2 2 4 1 1 2 8 2 24 17 57 255 95 102 78 93 80 387 83 49 19 13 4 4 6 2 2 3 0 1 1 0 0 0 0 
0 1 1 1 1 1 1 0 2 1 6 4 12 14 31 60 290 170 173 139 66 60 154 83 26 10 6 2 0 2 0 2 1 0 1 0 0 0 0 1 
1 0 0 0 1 2 2 2 0 5 4 7 10 22 29 68 255 191 162 145 93 98 926 46 20 12 7 3 6 0 1 2 4 1 2 1 1 2 0 0 

0 0 0 1 0 4 1 4 1 3 1 98 249 39 39 144 51 22 20 10 7 33 22 4 5 5 3 16 11 3 2 0 0 1 0 1 0 0 0 0 
0 1 0 0 1 1 0 0 2 2 5 20 133 44 63 59 65 23 21 23 26 25 16 6 6 3 8 10 9 5 2 2 2 2 0 0 6 0 4 1 
1 0 1 0 1 3 2 0 7 8 7 29 85 57 68 62 50 23 30 14 8 13 10 6 4 5 4 7 5 7 1 8 4 5 1 0 1 2 0 2 
0 1 1 1 1 0 0 2 2 3 8 19 58 68 79 39 66 15 26 12 20 18 10 7 10 6 8 10 11 2 4 2 2 0 0 0 1 0 0 0 
1 1 1 1 1 1 0 2 3 2 7 19 80 90 56 68 36 16 17 21 9 19 17 8 9 2 6 12 8 4 5 1 1 0 2 0 1 1 0 0 
2 1 2 0 1 0 3 4 5 6 8 31 52 107 90 61 39 19 16 6 11 11 18 10 10 8 9 14 12 6 5 3 2 2 0 1 0 0 0 0 
2 0 0 0 0 0 2 0 4 10 3 23 26 71 94 80 61 27 33 15 24 25 36 10 10 6 13 5 13 2 6 2 1 1 0 1 1 0 0 1 
2 2 2 0 2 1 1 1 8 4 7 14 44 66 90 122 71 34 47 29 23 50 29 11 12 10 26 11 2 4 3 4 2 2 1 0 1 1 1 1 
2 1 3 2 2 5 3 3 15 10 10 28 38 109 152 192 197 77 46 27 25 19 22 8 13 13 19 7 5 6 2 0 2 1 1 0 2 0 3 1 
1 1 0 2 3 1 2 5 1 9 8 9 23 77 165 232 301 212 69 43 44 16 14 12 15 15 18 3 11 5 7 1 1 1 0 2 0 0 2 0 
0 1 1 1 0 1 2 3 3 0 12 12 29 71 132 187 81 66 57 80 60 36 28 19 20 27 6 7 2 4 1 3 2 0 2 0 0 2 0 0 
2 5 2 0 2 3 6 4 11 8 14 28 36 108 203 208 123 89 246 548 99 54 39 29 26 18 17 13 6 4 6 4 2 3 1 1 1 1 1 1 
1 3 0 1 1 3 2 4 5 8 7 11 18 49 98 832 156 75 152 462 267 46 36 29 27 14 14 5 6 5 3 1 1 1 2 4 2 0 0 3 
1 0 0 1 1 1 0 0 0 2 8 3 16 20 84 160 75 59 81 124 93 29 24 30 17 16 3 7 0 2 2 0 1 1 1 1 0 1 0 0 
1 0 2 0 1 2 1 1 1 5 4 13 15 26 46 126 74 50 48 35 54 27 18 25 16 16 9 4 4 6 3 2 1 1 1 2 0 0 2 0 
1 2 0 0 1 3 0 1 1 3 2 8 6 20 17 245 121 56 51 60 80 30 39 12 29 11 15 4 4 5 3 0 3 0 0 0 1 1 0 0 
3 0 3 1 3 1 1 2 3 4 5 3 9 15 57 165 116 55 64 61 46 22 33 23 17 4 8 4 4 0 1 1 1 0 0 0 0 2 0 1 
2 1 0 2 1 0 3 1 3 6 1 7 13 18 38 120 116 70 83 40 35 27 21 12 17 13 9 4 5 6 1 2 1 1 2 0 0 0 1 1 
0 0 0 0 1 0 2 2 1 1 0 11 7 20 21 100 149 59 89 67 53 34 35 27 24 8 9 7 6 2 1 0 3 1 0 0 1 0 1 0 
0 0 0 1 2 1 1 0 1 0 5 5 11 17 28 90 154 61 143 85 54 43 62 60 33 7 6 3 1 2 1 1 0 2 0 2 0 1 0 0 
1 1 1 0 0 0 0 3 3 5 10 6 14 14 36 81 133 99 195 91 51 53 313 68 34 17 14 10 4 2 1 3 3 1 2 1 1 1 1 4 
1 1 2 2 0 1 0 1 3 5 1 6 8 21 15 52 141 78 286 94 92 70 171 52 50 20 15 3 1 3 8 4 0 1 1 1 1 2 0 1 
0 0 0 1 0 0 1 2 2 1 0 4 7 15 24 50 211 164 195 168 82 53 28 44 35 9 4 3 2 0 0 1 0 0 0 0 0 0 1 0 
1 3 0 1 3 3 2 2 3 1 6 12 10 14 60 70 242 312 195 178 71 64 78 33 24 13 11 3 4 1 2 0 1 1 2 1 1 0 0 0 

0 0 0 0 0 0 1 2 3 3 3 81 272 36 16 55 22 18 12 34 18 80 42 7 8 5 2 6 4 3 4 1 2 0 0 0 0 0 0 0 
1 0 1 0 0 0 0 1 1 4 1 24 179 14 13 10 22 7 13 16 37 53 32 15 12 6 4 3 6 1 1 1 1 0 1 0 0 0 0 1 
0 0 0 1 1 1 0 2 0 2 5 5 44 16 22 9 9 12 13 38 43 48 26 15 11 12 8 9 3 4 3 0 3 0 0 1 1 0 0 0 
0 0 0 0 0 0 1 1 1 1 3 15 74 70 53 29 39 13 14 23 30 29 31 8 11 4 9 4 10 2 3 1 4 2 0 0 0 0 1 0 
0 0 0 0 0 0 0 2 1 4 4 13 117 256 31 21 12 16 18 21 21 28 17 10 12 7 5 2 5 2 1 1 0 0 2 2 1 1 0 0 
0 0 0 1 1 0 0 1 2 3 2 9 16 123 22 27 27 18 18 27 38 42 38 18 17 7 10 2 6 5 0 4 1 1 1 1 1 1 2 0 
0 0 0 0 0 1 1 1 2 6 2 10 15 179 74 30 32 16 29 19 30 68 53 14 7 6 10 4 7 0 4 6 4 1 1 2 1 0 0 0 
2 4 0 3 1 2 2 1 5 6 10 12 50 229 92 38 28 21 22 33 51 81 50 15 11 6 11 4 4 1 3 1 1 0 2 0 0 0 0 1 
1 1 0 1 1 5 4 4 5 3 12 11 20 107 606 216 126 37 35 33 55 41 40 30 14 12 9 6 5 7 4 2 0 0 0 1 2 0 1 2 
3 2 1 1 0 0 1 4 1 12 5 14 18 117 1338 444 193 65 47 45 52 37 37 12 17 8 16 1 4 3 4 2 1 1 1 2 0 0 0 0 
1 2 1 0 0 2 1 4 5 4 4 13 46 82 734 272 72 38 37 57 52 52 27 12 13 9 5 3 1 1 3 2 2 0 0 0 0 0 1 0 
2 2 1 0 2 3 0 4 3 3 10 8 25 43 171 87 49 56 65 111 136 57 31 24 11 12 8 11 6 5 0 2 0 3 3 1 0 1 1 0 
1 1 0 0 0 3 0 2 2 5 4 8 8 32 105 146 80 44 74 174 259 49 26 11 22 13 13 3 13 5 3 0 2 0 1 1 0 0 1 0 
0 0 0 0 0 1 1 0 4 4 11 6 14 29 98 347 67 54 83 206 377 60 23 7 6 9 4 2 2 1 0 1 0 1 0 0 1 0 0 0 
2 0 0 1 0 1 0 3 3 1 1 6 12 16 38 343 67 31 39 108 157 47 24 24 10 4 6 3 2 2 3 0 2 1 2 1 0 1 3 1 
1 0 0 1 1 0 1 5 1 5 2 9 7 23 22 326 218 28 22 62 120 35 31 12 18 4 9 3 6 1 4 1 0 0 1 0 1 0 1 0 
3 0 0 0 0 0 0 0 1 1 1 10 11 28 68 440 152 37 53 112 119 31 24 11 8 4 2 2 1 1 2 1 0 0 0 1 0 0 1 0 
1 1 0 0 1 1 0 1 3 4 3 7 6 10 20 75 149 40 31 107 117 34 29 12 14 11 3 5 2 2 1 1 0 0 0 0 0 0 0 1 
0 0 1 1 0 1 1 0 1 1 2 6 5 18 8 72 284 43 36 89 119 25 23 17 32 7 9 3 5 0 1 0 1 1 0 0 0 0 0 0 
1 0 1 0 0 0 1 0 1 2 2 3 10 9 20 55 222 38 39 138 94 25 23 17 10 7 3 0 2 0 1 1 0 0 0 0 0 1 0 0 
0 0 2 1 3 0 2 0 2 1 2 1 10 2 9 30 74 32 45 232 98 34 30 21 9 11 9 3 4 5 2 0 1 1 1 1 2 2 0 0 
0 0 0 0 1 0 1 0 0 2 1 11 4 18 17 40 162 64 79 308 208 38 53 25 36 7 14 6 3 1 2 0 5 1 1 0 0 0 0 0 
0 0 0 0 0 1 5 0 1 1 2 4 5 11 25 39 203 220 83 330 137 30 16 18 10 13 2 4 2 1 1 1 0 0 1 0 0 0 0 0 
1 0 0 1 2 3 1 7 2 3 3 9 13 18 26 42 102 380 90 437 98 48 35 16 16 9 7 5 1 1 2 2 0 1 0 0 0 0 0 1 

0 0 0 0 0 1 0 1 4 2 0 24 20 18 6 37 21 17 13 25 54 163 63 6 5 3 5 3 5 2 1 0 0 1 0 0 0 0 0 0 
0 0 0 1 0 0 0 0 0 0 6 2 12 10 18 12 11 12 18 33 148 86 64 23 10 14 8 7 10 8 2 0 4 1 1 1 2 0 0 0 
2 0 1 0 0 0 3 0 1 0 5 7 6 15 16 14 10 19 17 31 155 64 37 20 10 6 9 7 5 3 1 2 2 0 1 0 0 1 1 3 
0 1 0 0 0 2 0 0 2 3 2 8 8 23 23 13 13 11 15 10 179 49 45 10 19 4 9 4 7 0 1 0 3 0 1 0 1 0 0 0 
2 0 1 0 0 0 1 0 0 3 2 5 16 17 15 14 18 14 17 24 160 46 32 23 11 7 7 5 5 4 1 1 0 0 0 0 0 0 0 0 
0 1 0 1 0 0 2 5 5 5 4 9 14 30 21 16 31 20 19 24 110 62 27 14 14 5 9 3 5 1 2 4 2 0 0 0 1 0 0 1 
1 0 0 0 2 2 1 3 3 4 4 5 6 24 30 22 24 10 22 21 175 133 81 8 14 6 4 3 2 4 5 0 1 1 0 0 0 0 1 0 
2 0 1 1 0 0 1 2 1 2 4 15 9 32 35 31 24 22 15 31 244 153 51 17 10 8 3 6 1 2 0 0 0 0 1 1 0 0 2 0 
3 0 1 2 0 6 2 6 4 6 14 17 14 42 64 46 72 34 46 47 154 66 49 24 15 14 3 5 6 2 4 2 2 2 2 2 0 0 1 4 
2 2 0 3 1 4 2 3 1 6 6 5 17 46 111 76 67 34 45 38 442 49 54 17 13 12 7 5 8 2 4 1 2 1 0 0 0 0 0 0 
1 2 1 1 1 0 3 3 2 1 5 13 29 36 57 60 37 32 30 40 243 51 34 6 6 8 9 2 4 1 3 0 1 0 0 0 2 0 1 1 
1 2 1 1 3 1 2 5 4 6 7 12 21 42 43 43 43 48 49 71 256 59 52 24 15 9 7 4 3 4 0 5 1 0 0 2 1 3 0 0 
1 0 0 0 0 0 0 4 1 1 3 14 6 15 39 44 46 43 34 99 879 44 33 21 30 7 11 6 1 2 1 2 0 3 0 1 0 0 0 0 
1 0 0 0 2 1 3 2 5 6 5 7 15 26 40 58 59 43 52 103 410 37 21 9 7 5 3 3 4 1 1 0 1 0 1 0 0 1 0 1 
0 0 0 0 1 2 1 1 2 0 2 7 11 23 27 58 44 34 39 85 222 50 24 17 13 9 6 2 5 1 1 0 0 1 0 1 1 0 2 1 
2 0 0 0 0 1 0 0 0 3 3 6 7 16 22 53 56 33 30 84 442 40 39 10 17 5 10 3 3 1 2 2 2 0 1 0 1 0 0 1 
1 0 0 0 1 1 0 0 3 1 5 11 8 16 33 64 54 25 31 92 234 34 15 11 1 5 1 4 3 2 1 0 0 1 0 0 0 0 0 1 
1 0 0 0 0 0 1 0 0 4 5 8 5 18 21 37 45 35 27 100 153 26 19 13 11 6 6 3 5 3 2 1 2 0 0 1 1 1 0 0 
0 0 1 1 0 0 3 0 1 1 2 7 5 9 13 25 41 39 34 117 140 25 29 13 21 3 4 1 9 1 5 0 1 0 1 0 1 0 0 2 
1 0 0 1 0 0 2 1 2 2 4 5 9 16 20 30 44 33 45 87 78 23 25 20 9 4 3 2 0 2 0 1 0 1 0 0 0 0 0 0 
0 0 2 0 1 1 0 1 0 2 2 6 6 7 10 18 18 16 23 59 69 19 15 13 12 5 4 4 3 0 2 0 2 0 1 1 1 1 0 0 
0 0 0 0 0 1 1 1 1 4 3 3 3 3 10 17 17 32 30 96 101 21 29 14 13 4 8 0 3 0 3 1 1 0 0 0 0 0 2 1 
0 0 0 2 1 1 1 2 0 3 4 1 5 6 14 30 34 55 58 115 81 21 19 12 13 2 3 2 0 1 0 0 0 0 0 0 1 0 0 0 
0 0 0 0 1 3 2 2 0 4 3 5 6 8 15 32 49 49 50 78 66 36 23 13 13 4 3 4 5 1 1 1 1 2 1 0 1 0 0 0 

0 0 0 0 0 0 0 1 0 4 0 11 5 13 3 19 9 8 6 25 409 177 63 4 4 4 1 5 4 0 0 0 0 0 0 0 0 0 0 0 
0 0 0 0 0 0 0 0 0 1 1 2 1 3 2 5 8 2 7 14 298 74 24 7 2 4 3 0 2 4 0 0 0 0 2 0 0 0 1 0 
0 0 0 0 0 0 0 2 0 0 5 4 3 8 4 5 6 5 8 10 52 12 12 5 7 9 6 4 4 0 1 2 1 1 0 0 1 1 0 0 
0 0 0 0 0 0 3 0 0 5 1 6 7 9 23 10 8 4 10 7 96 39 17 0 3 2 1 3 1 2 4 1 1 0 0 0 0 0 0 0 
0 0 0 0 0 1 0 0 3 1 3 3 5 7 3 2 8 4 10 13 43 32 14 3 2 4 4 2 1 1 0 2 0 0 0 0 0 0 0 0 
1 0 0 0 0 0 0 0 3 0 0 3 8 7 6 8 11 8 4 9 19 13 12 8 5 3 2 5 2 0 1 0 0 0 0 0 0 0 0 0 
0 0 0 1 0 0 0 0 0 1 1 7 6 9 14 13 19 5 9 8 32 64 60 8 2 5 6 3 3 0 2 1 1 0 0 0 0 1 0 0 
0 0 0 0 0 0 2 2 4 1 3 7 11 8 12 10 8 14 8 7 47 71 33 7 2 5 3 5 0 1 0 0 1 1 0 0 0 1 0 0 
0 3 0 0 2 1 1 2 2 4 2 8 8 10 11 8 14 15 12 10 38 16 12 10 8 9 2 4 3 1 0 1 0 0 0 1 0 1 0 1 
0 2 0 0 0 1 1 1 3 9 0 4 8 22 22 40 42 15 21 15 48 26 26 8 6 5 9 5 3 3 2 0 2 1 0 1 0 0 0 0 
0 0 1 0 1 0 2 0 2 3 2 6 9 21 16 24 14 27 13 19 26 25 17 6 3 2 2 0 2 1 0 0 0 0 0 1 0 0 0 0 
1 2 1 0 1 0 0 0 2 1 1 10 8 16 15 24 20 19 22 34 44 25 17 1 6 6 3 2 3 2 0 1 0 2 0 0 0 0 0 0 
0 0 1 0 2 1 0 3 0 4 2 13 6 26 18 28 32 25 26 37 80 23 25 6 11 5 8 5 2 2 4 0 0 0 1 0 0 0 1 0 
0 0 1 0 1 2 1 0 4 3 6 5 10 12 24 21 27 12 30 36 39 13 12 4 4 4 1 0 2 0 0 0 0 0 0 1 0 0 0 0 
1 0 0 1 2 0 0 2 0 3 0 4 5 9 20 20 17 16 23 18 38 21 19 11 7 6 2 2 2 2 1 1 1 2 0 0 0 0 0 0 
0 1 0 1 0 1 0 3 1 1 1 3 5 8 8 29 27 20 20 46 55 22 29 11 11 3 4 4 0 2 1 1 1 0 1 1 0 0 0 0 
0 0 0 1 0 2 1 0 0 1 2 7 7 17 16 13 19 9 18 24 21 5 10 2 5 2 4 3 0 1 0 0 0 0 0 0 0 0 0 0 
1 0 2 0 1 1 1 1 2 3 2 4 4 9 15 21 24 13 6 22 18 14 15 6 5 5 3 0 0 2 2 1 0 0 0 0 0 1 0 0 
0 0 0 1 0 0 0 2 0 1 0 4 4 14 12 19 27 23 20 25 44 24 26 9 5 3 3 0 2 0 0 0 0 1 0 0 0 0 0 0 
0 0 1 0 1 1 0 0 1 1 3 3 8 5 10 12 13 11 16 30 24 11 8 8 5 2 1 0 1 1 0 1 0 0 0 0 0 1 0 0 
0 0 0 1 0 0 0 0 1 1 1 1 4 6 8 8 11 10 7 15 16 11 13 8 8 4 7 1 0 3 0 1 0 1 0 0 2 0 0 0 
0 1 1 0 0 2 0 2 0 5 2 2 4 6 4 15 12 17 14 29 35 12 18 9 18 7 9 1 1 2 0 0 0 1 1 0 0 0 0 0 
0 0 0 0 1 1 3 0 2 2 5 0 2 0 6 10 17 22 20 24 19 5 5 6 5 7 2 2 2 0 0 0 0 0 0 0 0 0 0 0 
1 0 1 0 0 0 0 1 0 2 1 3 4 6 12 17 34 33 40 53 44 36 23 16 11 12 9 4 4 0 1 0 0 3 0 0 0 0 0 0 

0 0 0 0 0 0 1 1 0 0 1 3 3 5 6 9 6 8 2 7 16 62 56 4 1 1 1 1 2 1 0 0 1 0 1 0 1 0 0 0 
0 0 0 0 0 0 0 0 0 1 4 2 1 1 5 6 8 1 3 4 8 14 10 3 5 5 1 1 2 3 1 0 1 2 1 0 0 1 1 1 
0 0 0 0 1 0 0 0 3 1 3 3 2 1 2 4 4 7 6 4 9 4 9 6 6 4 5 1 1 3 2 0 1 0 1 1 0 0 0 0 
0 0 0 0 0 1 0 0 1 2 0 2 3 5 9 3 6 4 6 8 5 9 12 5 3 3 5 1 3 4 2 1 0 0 1 0 0 0 0 0 
1 0 0 0 0 0 0 0 1 0 1 3 2 5 11 3 5 2 9 6 3 13 11 10 6 4 4 1 2 1 2 0 1 0 1 0 0 0 0 0 
0 1 0 0 0 0 0 1 0 1 1 6 10 9 5 2 12 5 6 6 6 11 7 4 10 4 4 6 2 0 0 2 0 0 1 0 1 0 2 2 
0 0 0 0 0 1 0 1 0 2 1 1 1 5 11 4 10 6 4 5 5 34 22 2 7 7 8 3 3 0 4 0 1 0 1 0 0 0 0 0 
0 0 0 0 0 0 1 1 1 2 2 4 8 6 9 3 15 6 4 8 7 22 14 6 2 6 2 2 1 0 1 0 1 0 0 0 0 0 1 1 
1 0 0 1 0 2 2 1 2 1 1 4 7 7 11 6 14 10 21 12 10 15 15 12 14 5 2 2 1 2 1 0 1 0 1 0 0 2 0 0 
0 0 1 0 0 0 0 0 1 2 1 3 10 9 9 8 17 11 9 7 6 14 15 2 5 5 5 1 1 1 3 1 1 0 0 0 1 0 0 0 
0 0 1 0 0 1 0 0 2 0 4 4 5 8 13 16 20 13 16 15 13 19 8 4 1 3 6 2 3 1 1 0 1 0 1 0 0 0 0 0 
0 0 0 1 1 0 3 2 0 4 1 3 5 9 16 8 14 13 16 12 14 13 12 9 6 7 4 2 3 1 1 1 0 0 1 0 0 2 0 1 
0 1 1 1 1 2 0 3 0 2 1 5 2 6 10 12 11 10 13 20 28 11 7 7 9 0 2 4 3 3 1 0 1 0 0 1 0 0 0 0 
2 0 0 0 1 0 0 0 2 1 5 6 2 12 13 12 12 7 17 21 15 3 4 4 6 1 3 3 1 0 1 1 0 0 0 0 0 0 1 0 
1 1 0 0 0 1 0 0 3 1 2 3 5 0 3 14 18 17 11 16 19 7 10 6 6 6 4 3 4 0 0 0 0 1 0 0 0 1 0 0 
0 1 0 0 0 0 1 0 0 3 0 2 7 6 3 8 18 11 12 22 23 12 10 2 6 2 0 1 2 2 1 0 1 2 0 0 0 0 0 0 
0 0 0 0 1 1 1 1 0 2 1 2 2 6 17 13 23 17 14 22 16 8 9 7 6 1 0 0 0 0 0 1 0 0 0 0 0 0 0 0 
0 2 0 0 1 1 2 0 0 3 3 2 4 4 5 7 10 13 8 17 14 6 1 7 6 1 1 1 1 1 1 2 2 0 0 0 0 0 0 0 
0 1 0 1 1 0 1 1 1 1 1 3 3 5 5 3 4 5 12 11 10 3 7 2 5 4 3 4 5 1 2 1 0 0 0 0 0 0 0 0 
0 0 0 0 0 0 0 0 1 1 4 3 13 7 6 11 7 13 16 22 14 4 5 4 6 2 1 0 1 1 0 0 1 0 0 0 1 0 0 1 
0 0 0 0 0 1 2 2 0 0 1 2 0 4 3 4 4 7 7 12 12 8 7 1 6 2 1 1 2 1 0 1 0 0 0 0 0 1 1 2 
0 0 0 0 0 2 0 1 1 1 0 4 2 3 1 5 4 13 9 9 15 6 13 8 7 2 5 2 1 1 1 0 2 0 0 0 1 0 1 0 
0 0 0 1 0 1 1 0 1 3 1 3 0 5 8 9 12 21 22 18 18 6 8 6 4 2 0 1 0 0 0 0 0 0 0 0 0 0 0 0 
1 1 0 0 0 0 1 1 5 1 1 0 5 7 5 6 6 8 17 12 17 5 7 4 4 3 2 3 2 0 2 4 0 0 0 0 0 0 0 1 

0 0 0 1 0 0 0 0 2 1 0 5 4 3 4 6 4 3 1 11 5 23 13 1 2 0 3 1 2 0 1 0 0 0 0 0 0 0 0 0 
0 0 0 0 0 0 1 0 0 2 0 1 2 3 0 2 2 3 1 4 3 5 9 3 0 4 0 2 2 0 0 0 0 0 0 1 0 0 1 0 
0 0 0 1 0 0 0 0 0 0 0 2 2 3 7 3 4 4 2 3 3 2 4 6 4 4 0 1 0 0 2 1 1 1 0 0 0 0 0 0 
0 0 0 0 0 0 0 0 0 0 2 1 2 6 6 3 6 0 3 0 2 3 10 2 11 3 3 2 1 1 0 0 0 0 0 0 0 0 0 0 
0 0 0 0 0 0 0 0 0 0 0 0 0 4 2 4 7 3 2 3 1 5 3 0 3 2 0 1 2 0 1 0 0 1 0 0 0 0 0 0 
0 0 0 0 0 0 0 0 1 0 0 3 4 4 5 3 4 4 0 4 1 5 8 3 3 1 3 0 0 1 1 2 0 0 0 0 1 0 0 1 
0 0 0 0 0 1 1 0 0 2 0 2 3 5 5 1 3 4 7 2 3 12 11 3 4 3 2 2 4 0 2 0 1 0 0 0 0 0 0 0 
0 0 0 0 0 1 0 0 1 0 0 2 1 3 2 5 5 4 5 6 1 7 9 4 1 0 2 0 0 0 0 0 0 1 0 0 1 0 1 1 
2 1 0 0 0 1 1 0 1 3 0 2 1 5 3 1 4 3 3 2 4 3 6 3 4 4 4 5 1 1 0 0 1 0 1 1 0 0 0 0 
0 0 0 2 0 0 0 1 1 3 0 2 2 5 16 7 9 4 7 3 8 6 7 4 6 2 6 0 1 0 0 0 1 0 0 0 0 0 0 0 
0 0 0 0 0 0 1 0 1 1 2 1 1 3 6 4 7 8 6 8 4 10 3 3 7 0 2 0 1 0 1 0 0 0 0 0 0 0 0 0 
0 0 0 1 1 0 2 0 0 3 3 2 2 7 8 5 7 9 6 13 14 4 12 5 2 4 2 1 1 3 2 1 1 0 2 0 0 0 0 0 
1 0 0 0 0 0 0 0 1 5 1 2 1 3 10 9 10 9 9 14 10 7 6 6 4 0 4 2 4 2 0 0 0 0 0 0 0 0 0 0 
0 0 1 1 0 0 2 1 2 1 0 0 3 3 3 5 9 11 9 13 7 2 4 1 2 1 1 1 0 2 1 0 0 1 0 0 0 0 0 0 
0 1 0 0 1 0 0 2 0 0 1 1 1 5 7 2 7 7 8 17 16 2 7 2 2 1 1 0 2 0 0 0 0 0 0 0 0 0 0 0 
0 0 1 0 0 1 1 0 0 3 1 8 3 9 3 9 9 9 10 9 11 3 2 1 3 6 3 1 2 1 0 0 1 0 0 0 0 0 0 0 
0 1 0 1 0 0 0 1 0 0 2 2 2 1 7 10 11 5 9 6 2 5 6 5 1 1 0 0 0 0 0 0 0 0 0 1 0 0 0 0 
1 0 0 0 1 0 1 1 1 1 2 2 4 4 4 6 6 5 8 11 5 3 5 3 2 1 2 0 0 0 0 0 0 0 0 1 0 0 0 0 
0 0 0 0 0 1 0 2 0 1 0 3 1 5 5 3 14 8 7 11 12 8 9 3 7 2 3 1 0 0 2 0 0 0 0 0 0 0 0 0 
0 0 0 0 0 0 0 1 0 1 2 0 3 4 3 3 9 5 6 9 6 2 3 4 2 1 2 0 3 0 0 0 0 0 0 1 0 0 0 0 
0 0 2 1 0 0 0 2 1 0 1 2 0 3 3 4 5 4 4 5 12 3 6 4 3 2 1 3 0 0 1 0 0 0 0 0 0 0 0 0 
0 0 0 0 0 0 1 1 0 0 1 3 3 2 3 8 8 11 11 14 11 4 7 2 9 4 5 0 1 0 0 0 2 1 0 0 0 0 0 0 
0 0 0 0 0 0 2 0 0 1 2 2 2 2 6 4 2 11 8 12 9 5 1 2 3 3 2 0 1 0 0 0 0 0 0 0 0 0 0 0 
0 0 0 0 0 0 0 3 0 1 2 1 4 3 13 8 14 14 18 20 20 23 11 9 10 1 1 5 3 0 0 0 0 0 1 0 0 0 0 0 

0 0 0 0 1 1 0 1 1 0 0 3 0 3 2 5 7 2 0 4 3 9 11 1 1 0 1 0 2 0 0 0 1 0 0 0 0 0 0 0 
0 0 0 0 0 0 0 0 1 0 0 1 2 0 0 1 1 1 1 2 1 4 6 2 1 3 0 0 5 0 0 1 0 1 0 0 0 0 0 0 
0 0 0 0 0 0 0 0 0 0 0 1 0 3 2 3 0 1 6 0 1 2 4 3 0 1 0 2 2 1 1 1 0 0 0 0 0 0 0 1 
0 0 0 0 0 0 0 0 0 0 1 2 2 3 2 1 0 0 2 0 3 1 5 3 2 2 1 0 0 0 0 0 1 0 0 0 0 2 0 1 
0 1 0 0 0 0 0 1 0 0 1 0 1 2 3 1 1 0 2 0 4 3 1 3 2 4 3 3 1 0 0 1 0 0 0 0 0 0 1 0 
0 0 0 0 1 0 1 0 0 1 2 1 2 0 1 3 2 4 3 4 2 3 3 2 3 1 3 3 1 2 0 1 0 0 0 0 0 0 0 0 
0 1 0 0 1 1 0 0 0 2 0 1 3 2 1 1 2 6 1 3 1 6 8 0 5 2 1 1 1 0 1 0 0 0 0 0 0 0 0 0 
0 0 0 0 1 0 0 1 0 1 1 1 1 6 3 5 2 1 4 7 5 9 5 5 2 0 1 0 2 0 0 0 0 0 0 0 0 0 0 1 
1 0 0 0 0 0 1 1 0 2 0 5 2 1 3 6 5 3 5 3 6 5 9 1 2 3 2 2 3 0 1 0 0 0 0 0 1 0 0 0 
1 0 0 0 0 0 0 1 0 0 0 1 0 5 5 2 4 4 5 4 5 5 4 3 1 4 2 2 0 0 0 0 0 0 0 0 0 1 0 0 
0 0 1 0 0 0 0 0 1 3 0 2 8 3 5 6 9 11 2 3 6 5 4 2 0 4 2 0 1 0 0 0 0 0 1 0 0 0 0 0 
0 0 0 0 0 0 1 0 2 2 1 1 0 3 3 6 4 6 4 3 4 4 8 6 3 3 4 7 3 1 1 0 0 0 0 0 1 0 0 0 
0 0 0 0 1 0 0 0 0 0 0 0 4 2 4 1 4 4 6 9 8 3 14 3 2 0 1 0 2 1 1 0 2 0 1 0 0 0 0 0 
0 0 0 0 0 0 0 0 1 0 3 1 4 1 5 6 4 7 5 11 7 4 2 3 2 2 1 0 0 0 1 0 0 1 0 0 0 0 0 0 
0 0 0 0 0 0 0 0 0 0 0 3 1 2 1 2 1 4 6 7 7 4 1 2 1 4 1 1 0 0 0 1 0 1 0 0 0 0 0 0 
1 0 0 0 0 0 0 0 0 1 0 0 2 2 0 5 6 4 3 5 9 5 5 1 4 1 4 1 1 1 1 0 0 0 0 0 0 0 0 0 
0 0 0 0 0 0 1 0 0 0 3 5 1 6 5 6 11 10 5 8 10 3 3 4 0 0 1 0 0 0 0 0 0 0 0 0 0 0 0 0 
1 0 1 0 1 1 1 0 0 3 3 2 0 3 3 3 6 1 2 4 8 0 2 1 0 0 5 1 0 0 0 0 0 0 0 0 0 1 0 0 
0 1 1 0 0 0 0 3 1 1 0 3 0 3 2 4 8 4 5 4 10 1 5 2 2 0 0 1 0 0 0 1 0 0 0 0 0 0 0 0 
1 0 0 0 0 0 1 0 0 2 1 1 3 5 3 7 7 8 6 11 8 3 4 4 3 1 1 0 1 0 0 0 0 0 1 1 0 0 0 0 
0 0 0 0 1 0 0 0 1 1 1 1 1 1 2 4 2 3 3 1 7 4 5 3 2 1 0 0 1 0 0 0 0 0 0 0 0 0 0 0 
0 0 0 0 0 1 1 0 1 0 1 3 2 2 1 2 3 5 3 6 8 3 5 2 4 2 2 0 1 0 0 0 0 0 1 0 0 0 0 0 
0 0 0 0 0 1 0 1 1 1 0 2 1 0 1 4 4 7 7 13 7 4 0 4 1 2 2 1 0 0 0 0 0 0 1 1 0 0 0 0 
0 0 0 0 0 1 0 0 2 0 2 1 2 1 2 4 4 4 7 5 2 5 2 1 3 0 0 0 0 0 0 0 1 0 0 0 0 0 0 0 

0 0 0 0 0 0 0 0 0 1 1 1 3 5 3 5 1 1 1 2 2 11 9 3 0 5 1 1 0 0 0 0 0 0 0 0 0 0 0 0 
1 0 0 0 0 1 0 0 0 0 0 1 0 0 0 0 3 1 1 1 0 3 2 1 1 0 1 0 0 0 1 0 0 0 1 0 0 1 0 0 
0 0 0 0 0 0 0 0 0 0 1 0 1 1 0 1 0 0 3 4 1 1 2 0 2 0 1 1 2 1 0 0 0 0 0 0 0 0 0 0 
1 0 0 0 0 1 0 0 0 1 0 0 0 0 1 1 1 2 1 0 1 1 0 0 1 0 1 0 0 0 0 0 0 1 0 0 0 0 1 0 
0 0 0 0 0 0 0 0 0 0 0 2 0 0 1 1 0 1 2 2 3 0 2 2 0 1 0 2 0 0 0 0 0 0 0 0 0 0 0 0 
0 0 0 1 0 0 0 0 0 0 0 1 1 0 1 2 0 1 3 0 2 0 2 0 0 2 0 0 0 0 0 1 0 0 0 1 0 0 0 0 
0 0 0 0 0 0 0 0 0 0 0 0 0 0 3 0 2 1 4 0 1 4 3 1 2 1 0 1 1 1 0 0 0 0 0 0 0 0 0 0 
0 0 0 0 0 1 0 0 0 0 0 0 0 1 3 2 0 0 2 0 1 4 3 3 2 0 1 3 0 0 0 0 0 0 1 0 0 0 0 0 
1 0 0 0 0 0 0 0 1 3 0 2 0 2 3 1 2 3 4 0 4 0 5 1 0 0 0 0 0 0 1 0 0 0 0 0 0 0 0 0 
0 0 0 0 1 0 0 0 1 1 0 2 3 0 1 3 3 5 5 1 3 1 3 4 3 1 1 0 2 0 0 0 0 0 0 0 0 0 0 0 
0 0 0 1 0 0 2 0 0 0 0 2 3 6 5 4 2 5 3 3 2 2 2 0 0 1 1 0 0 0 0 0 0 1 0 0 0 0 0 0 
0 0 0 1 0 0 0 0 0 0 1 1 1 1 2 2 3 2 4 2 5 1 2 2 0 0 2 0 0 2 0 0 0 0 1 1 0 0 0 0 
0 0 1 0 0 0 0 2 2 0 1 1 1 2 4 2 5 2 4 3 4 3 4 3 3 0 1 0 2 0 0 0 0 0 0 0 0 0 0 0 
0 0 0 0 0 0 0 1 0 2 0 1 1 2 4 3 3 5 8 5 5 2 2 0 1 0 3 0 0 0 0 0 0 0 0 0 0 0 0 0 
0 0 0 0 0 0 0 0 0 1 1 1 1 4 7 0 5 2 5 6 5 2 2 1 2 1 0 1 0 0 0 0 0 0 0 0 0 0 0 0 
0 0 0 0 0 0 0 1 1 0 1 1 2 1 2 2 4 2 3 3 4 2 4 0 2 0 2 0 0 0 0 0 1 0 0 0 0 0 0 0 
0 0 0 0 0 0 1 0 0 0 2 1 0 1 3 8 4 4 2 6 5 0 2 2 2 3 1 0 0 0 0 0 0 0 0 0 0 0 0 0 
0 0 0 0 0 0 1 0 0 0 0 1 0 2 2 1 4 2 4 4 5 1 0 5 2 1 2 1 0 0 0 0 0 0 0 0 0 0 0 0 
0 0 1 0 0 0 0 1 0 1 0 1 1 2 1 2 4 4 4 8 4 0 1 1 5 0 1 0 1 0 0 0 0 0 1 0 0 0 0 0 
0 0 0 0 0 1 0 1 1 0 0 1 0 1 6 2 5 1 7 6 3 1 4 4 1 0 1 1 1 0 1 0 1 0 0 0 0 0 0 0 
0 0 0 0 1 1 1 0 0 1 0 0 1 2 0 5 2 6 1 3 1 5 1 1 1 0 0 1 0 0 0 0 0 0 0 0 0 0 0 0 
0 0 0 0 0 0 0 0 1 2 2 1 4 3 3 3 2 4 3 3 4 4 9 1 1 2 0 0 1 0 3 0 0 0 0 0 0 0 0 0 
0 1 0 0 0 0 1 0 1 0 0 1 1 2 1 2 4 5 6 5 4 3 4 0 0 3 0 0 1 0 2 0 1 0 0 0 0 0 0 1 
0 0 0 0 0 1 0 0 1 0 1 1 0 1 4 8 10 6 4 6 5 7 4 2 3 1 2 0 2 0 0 0 0 0 0 0 0 0 0 0 

0 0 0 0 0 0 0 0 0 0 0 1 0 0 0 1 3 1 0 1 2 2 2 0 0 0 0 0 1 0 0 0 0 0 0 0 0 0 0 0 
0 0 0 0 0 1 1 0 0 0 0 0 0 1 1 0 2 0 0 1 2 2 2 1 1 0 1 0 1 0 0 0 0 0 0 0 1 1 0 0 
1 0 0 0 0 0 0 0 0 0 0 0 2 0 1 0 1 3 2 0 0 0 1 1 3 2 2 0 0 0 1 0 0 0 0 0 0 0 0 0 
0 0 0 1 0 0 0 0 0 0 2 0 0 0 0 0 2 1 1 0 0 0 0 3 2 1 0 1 1 0 1 0 1 0 0 0 1 0 0 0 
0 0 0 0 0 0 0 0 0 0 0 1 1 1 2 0 1 2 3 2 1 2 2 1 0 1 0 0 0 0 0 1 0 0 0 0 0 0 1 0 
1 0 0 0 0 1 0 0 0 0 0 0 0 1 0 0 1 0 1 2 2 1 3 3 3 0 1 0 0 0 0 0 0 0 0 0 0 0 0 0 
0 0 0 0 0 0 0 0 0 1 0 0 0 0 2 0 3 2 4 4 3 1 9 1 2 0 0 1 0 0 0 0 0 1 0 0 0 0 0 0 
0 0 0 0 0 0 0 0 0 0 1 1 0 1 3 4 2 1 4 1 1 3 6 2 0 1 2 2 0 0 0 0 0 0 0 0 0 0 0 0 
0 1 0 0 0 0 0 0 0 3 1 0 0 1 2 2 1 3 2 2 0 4 0 3 3 1 1 1 0 0 0 0 0 0 0 0 0 0 0 0 
0 0 0 0 0 0 0 0 1 0 0 1 0 1 3 0 2 2 1 1 1 2 2 1 0 1 4 0 1 1 0 0 0 0 0 0 1 0 0 0 
1 0 0 0 1 0 0 2 0 0 1 2 3 1 8 5 4 2 5 3 3 1 4 0 1 0 0 0 0 0 2 0 0 0 0 0 0 0 0 0 
0 0 0 0 0 0 0 0 2 0 0 1 2 1 2 1 2 2 3 2 2 3 2 2 0 3 0 1 0 0 0 0 0 0 1 0 1 0 0 0 
0 0 0 0 0 0 0 0 0 0 1 2 0 3 2 1 5 4 1 1 6 1 2 1 1 2 0 3 0 0 0 0 0 0 0 0 0 0 0 0 
1 0 2 0 0 1 0 0 0 0 1 1 0 2 3 0 3 2 3 7 5 3 2 1 1 0 0 0 1 0 0 1 0 2 0 0 0 0 0 0 
0 1 0 0 0 0 0 0 0 1 0 0 1 1 1 1 3 1 4 1 1 1 1 0 0 1 1 2 0 1 0 0 0 0 0 0 0 0 0 0 
2 0 0 0 0 0 0 0 0 0 1 0 0 2 1 0 2 1 2 5 1 2 2 0 1 0 1 0 0 0 1 0 0 0 0 0 0 0 0 1 
0 0 0 0 0 0 1 1 0 2 1 0 0 2 1 2 2 2 4 7 6 3 0 0 0 2 0 0 0 0 0 0 0 0 0 0 0 0 0 1 
1 0 0 0 0 0 0 0 0 0 1 0 0 2 0 1 0 1 1 3 2 2 3 1 2 0 0 4 0 0 0 1 1 0 0 0 0 0 0 0 
0 0 0 0 0 0 0 0 0 1 0 1 1 0 0 2 0 1 1 3 5 0 2 1 1 0 0 0 0 0 0 0 1 0 0 0 0 0 0 0 
0 0 0 0 0 0 2 1 0 1 1 1 0 1 5 1 3 3 5 2 2 1 2 2 1 1 0 0 0 0 0 0 0 0 0 0 0 0 0 0 
0 0 0 0 0 0 0 1 0 0 0 0 0 1 0 0 0 2 1 0 0 0 0 0 0 0 0 0 0 0 0 0 0 0 0 0 0 0 0 0 
0 0 0 0 0 0 0 1 0 0 0 0 0 2 1 2 1 2 5 1 7 0 2 0 2 0 2 0 0 0 0 0 0 0 0 0 0 0 0 0 
0 0 0 0 0 0 0 0 1 1 3 0 1 2 1 5 4 6 5 3 2 4 0 0 0 0 2 1 0 1 1 0 1 1 0 0 0 0 0 0 
0 1 0 0 0 0 0 0 1 0 1 0 1 0 1 4 1 1 0 4 5 0 2 0 0 1 0 0 0 0 0 0 0 1 0 0 0 0 0 0 

0 0 0 0 0 0 0 0 0 0 1 1 1 3 0 0 1 2 0 0 0 0 4 0 0 0 0 0 0 0 1 0 0 0 0 0 0 0 0 0 
0 0 0 0 0 0 0 0 0 0 0 0 0 1 0 1 0 0 2 1 1 2 0 0 0 1 0 1 1 1 0 0 0 0 0 0 0 0 0 0 
0 1 0 0 1 0 0 0 0 0 0 0 0 1 0 1 0 1 0 0 0 1 1 0 1 0 1 1 0 0 1 0 0 0 0 0 0 1 0 0 
0 0 0 0 0 0 0 0 0 0 0 0 0 0 1 0 1 0 0 0 1 0 2 1 1 0 0 0 0 0 0 0 0 0 0 0 0 0 0 0 
0 0 1 0 0 0 0 1 0 0 0 1 0 2 0 0 0 1 0 1 0 1 1 0 1 1 0 0 1 0 1 0 0 0 0 0 0 0 0 0 
0 0 0 0 0 0 0 0 0 0 1 1 2 0 1 2 0 1 0 0 1 0 0 0 2 0 1 0 0 0 0 0 0 0 0 0 0 0 0 0 
0 0 0 0 0 0 0 0 0 0 0 0 1 1 0 1 1 2 0 1 2 0 2 0 0 0 1 1 0 0 0 0 0 1 0 1 0 0 0 0 
0 0 0 0 0 0 0 0 0 0 0 0 0 0 0 1 0 0 1 1 0 4 1 1 0 0 0 0 0 0 0 1 0 0 1 0 0 0 0 0 
0 0 0 0 0 0 0 0 0 0 2 2 0 0 2 0 0 1 3 0 1 2 3 0 0 0 0 2 0 0 0 0 0 0 0 0 0 0 0 0 
1 0 0 0 0 0 0 1 0 0 1 0 2 0 2 1 2 1 2 3 0 1 1 0 0 1 2 0 0 0 0 0 0 0 0 0 0 0 0 0 
0 0 1 1 1 0 0 0 0 0 0 0 2 2 0 2 3 2 5 2 2 3 1 0 0 0 0 0 0 0 0 0 0 0 0 0 0 0 1 0 
0 0 0 0 0 0 0 0 0 0 0 0 1 1 1 2 2 0 1 2 1 1 1 1 3 0 0 0 0 0 0 0 0 0 0 0 0 0 0 0 
0 0 0 0 0 0 1 0 0 0 0 0 2 2 1 1 2 0 4 0 2 2 2 0 0 0 1 0 0 0 0 0 0 0 0 0 0 0 0 0 
0 0 0 0 0 0 0 0 1 1 0 0 1 2 1 1 2 3 1 4 2 1 1 1 0 1 0 0 0 1 0 0 1 0 0 0 0 0 0 0 
0 0 0 0 0 0 0 0 0 0 1 1 0 1 2 4 2 0 1 1 2 2 0 1 3 0 2 0 1 0 0 0 0 0 0 0 0 0 0 0 
0 0 0 0 0 0 0 1 1 0 0 1 0 0 0 1 2 0 2 3 0 1 1 1 2 0 1 0 0 0 0 0 1 0 0 0 0 0 0 0 
0 0 0 0 1 0 0 0 1 1 0 0 0 6 1 3 3 3 3 3 2 0 1 0 0 0 0 0 0 1 0 0 0 0 0 0 0 0 0 0 
0 1 0 0 0 0 1 2 0 0 1 0 2 0 0 0 3 2 1 2 1 0 0 2 1 0 0 0 0 0 0 0 0 0 0 0 0 0 0 0 
0 0 0 0 0 0 0 0 0 1 1 2 0 1 2 1 1 2 0 0 2 2 2 0 0 0 0 0 0 0 0 0 0 0 0 0 0 0 0 0 
0 0 0 0 1 0 0 0 0 0 1 0 0 1 2 4 1 3 1 1 0 0 0 2 0 0 0 0 0 1 0 0 0 0 0 0 1 0 0 0 
0 0 0 0 0 0 0 0 0 0 0 0 2 1 1 1 2 1 1 3 1 2 1 0 1 1 0 0 0 0 1 0 0 0 0 0 0 0 0 0 
0 0 0 0 1 1 0 1 1 0 0 0 0 0 0 3 4 1 3 2 1 2 1 0 2 0 0 0 0 0 0 0 0 0 0 0 0 0 0 0 
0 0 0 0 0 0 0 0 0 0 0 0 1 2 0 2 0 3 2 4 3 1 2 0 1 0 0 0 0 0 0 0 1 0 0 0 0 0 0 0 
0 0 0 0 0 0 0 1 1 0 2 0 3 0 0 3 3 2 0 2 0 2 3 0 3 1 0 0 0 0 0 1 0 1 0 0 0 0 0 0 

0 0 0 0 0 0 1 1 0 1 0 1 0 2 0 1 2 0 1 0 0 0 2 1 0 0 0 0 0 0 0 0 0 0 0 0 0 0 0 0 
0 0 0 0 0 0 0 0 0 0 0 1 1 0 0 0 1 0 1 0 0 0 3 0 1 0 0 2 0 0 0 0 0 0 0 0 0 0 0 0 
0 0 0 0 0 0 0 0 0 0 0 0 1 2 1 1 1 0 1 1 0 0 2 2 1 0 0 0 1 0 1 0 1 0 0 0 0 0 0 0 
0 0 0 0 0 0 0 0 0 0 1 0 0 0 0 1 3 1 0 0 1 0 1 0 0 0 1 0 2 0 0 0 0 0 0 0 0 0 0 0 
0 0 0 0 0 0 0 0 0 1 0 0 3 1 2 0 0 0 1 1 0 0 0 1 0 0 0 1 0 0 0 0 0 0 0 0 1 0 0 0 
0 0 0 0 0 0 0 0 0 0 0 0 0 2 2 0 1 2 1 2 0 0 1 0 0 0 0 0 2 0 0 0 0 0 0 0 0 0 0 0 
0 0 0 0 0 0 0 0 0 0 0 0 0 1 0 0 0 2 0 0 0 1 2 0 3 0 0 0 0 0 0 0 0 0 0 0 1 0 0 0 
0 1 0 0 0 0 0 0 0 0 0 0 0 3 0 3 1 2 1 0 0 1 1 2 0 1 1 1 0 0 0 0 1 0 0 0 0 0 0 0 
0 0 0 0 0 0 0 0 0 1 0 1 1 0 0 2 1 0 4 0 0 1 0 1 2 0 0 0 0 0 0 0 0 0 0 0 0 0 0 0 
0 0 0 0 0 0 0 1 1 1 1 0 2 0 2 2 3 0 1 1 2 3 1 0 1 0 0 0 1 0 1 0 0 0 0 0 0 0 0 0 
0 0 1 0 0 0 1 0 0 0 1 0 1 3 1 2 2 4 2 2 0 1 1 1 1 0 1 0 0 0 0 0 0 0 0 0 0 0 0 0 
0 0 0 0 0 0 0 0 0 0 0 0 0 0 1 1 0 1 1 3 1 0 1 1 0 0 0 0 1 0 0 0 1 0 0 0 0 0 0 0 
0 0 0 0 0 0 0 2 0 0 0 0 0 0 0 1 1 0 2 1 0 1 0 0 1 0 1 1 1 0 0 0 0 0 0 0 0 0 0 0 
1 0 0 0 0 0 0 0 0 0 0 2 0 2 1 1 4 5 1 3 2 0 1 2 1 1 0 0 0 1 0 0 1 0 0 0 0 0 0 0 
0 1 0 1 0 0 0 0 0 0 0 0 0 0 0 1 2 1 4 0 1 0 0 0 0 3 1 0 0 0 0 0 0 0 0 0 0 0 0 0 
0 0 0 0 0 0 0 0 0 3 0 0 0 0 0 1 0 0 1 2 2 1 1 0 1 0 2 0 0 0 0 0 0 0 0 0 0 0 0 0 
0 1 0 0 1 0 1 0 0 0 1 0 0 1 3 5 3 1 2 6 4 0 1 1 0 1 1 0 1 0 0 0 1 0 0 0 0 0 0 0 
0 0 0 0 0 0 0 0 1 1 0 0 0 0 0 0 1 0 0 1 0 2 0 0 0 0 0 0 0 0 0 0 0 0 0 0 0 0 0 0 
0 0 0 0 0 1 0 0 0 1 0 0 0 1 0 2 3 0 1 2 1 0 0 0 3 0 1 0 0 0 0 0 0 0 0 0 0 0 0 0 
0 0 0 0 0 0 0 0 0 1 0 0 0 0 1 1 1 1 2 0 3 2 2 3 0 0 0 0 0 0 0 0 0 0 0 0 0 0 0 0 
0 0 0 0 0 0 0 0 0 0 0 0 0 0 1 1 1 1 1 1 0 0 0 0 0 0 0 0 0 0 0 0 0 0 0 0 0 0 0 0 
0 0 0 0 0 0 0 0 1 0 0 0 0 0 1 0 0 0 1 0 1 0 1 0 2 0 2 0 0 0 0 0 1 0 0 0 0 0 0 0 
0 0 0 0 0 0 0 0 0 0 0 0 1 2 1 2 5 4 7 3 2 2 0 1 1 0 0 0 0 0 0 0 0 0 0 0 0 0 0 0 
0 0 0 0 0 0 0 0 0 0 0 0 0 0 1 0 1 1 1 0 1 2 0 2 0 0 0 0 0 0 0 0 0 0 0 0 0 1 0 0 

0 0 0 0 0 0 0 0 0 0 1 0 0 0 1 1 0 0 1 3 0 3 0 0 0 0 0 0 0 0 0 0 0 0 0 0 0 0 0 0 
0 0 0 0 0 0 0 1 0 0 0 0 0 0 0 0 0 0 1 1 0 0 0 1 0 0 0 1 0 0 0 0 0 1 0 0 0 0 0 0 
0 0 0 0 0 0 0 0 0 0 1 0 0 1 0 0 0 0 0 0 0 0 1 0 0 0 0 0 0 0 0 0 0 0 0 0 0 0 0 0 
0 0 0 0 0 0 0 0 0 0 0 0 0 0 0 0 0 0 0 1 0 0 1 0 1 0 1 0 0 0 0 0 0 0 0 0 0 0 0 0 
0 0 0 0 0 0 0 0 0 2 0 0 0 1 0 1 0 1 0 0 0 0 1 0 0 0 0 0 0 0 0 0 0 0 0 0 0 1 0 0 
0 0 0 0 0 0 0 0 0 0 0 0 0 1 0 0 0 0 1 0 0 0 0 0 1 2 0 0 0 0 0 0 0 0 0 0 0 0 0 0 
0 0 0 0 0 0 0 0 0 0 1 0 1 0 0 0 1 0 0 1 0 1 1 0 1 0 0 0 0 0 0 0 0 0 0 0 0 0 0 0 
0 0 0 0 0 0 1 0 0 0 0 0 0 0 0 1 1 1 0 0 3 4 1 0 1 0 1 1 0 0 0 0 0 0 0 0 0 0 0 0 
0 0 0 0 0 0 0 1 0 1 0 0 2 0 0 1 2 0 1 0 0 0 0 0 0 1 0 1 0 0 0 0 0 0 0 0 0 0 0 0 
0 0 0 0 1 0 0 0 0 0 0 0 0 1 1 0 2 1 0 1 0 0 0 0 2 1 0 0 0 0 0 0 0 0 0 0 0 0 0 0 
1 0 0 0 0 0 0 0 0 1 0 0 0 0 4 2 2 1 1 1 1 0 0 0 2 1 0 1 0 0 0 0 0 0 0 0 0 0 0 0 
0 0 0 0 0 0 0 1 0 0 0 0 0 1 0 0 3 1 1 0 1 1 1 0 0 0 1 0 0 1 0 0 0 0 0 0 0 0 0 0 
0 0 0 0 0 0 0 0 0 0 0 0 0 0 1 1 0 0 1 3 1 0 1 1 0 0 0 0 0 0 1 0 0 0 0 0 0 0 0 0 
0 0 0 0 0 0 0 0 0 0 0 0 0 0 2 0 0 3 0 2 4 0 0 0 0 0 0 0 0 0 0 0 0 0 0 0 0 0 0 0 
0 0 0 0 0 0 0 0 0 0 0 0 0 0 0 0 1 0 0 0 2 0 1 0 1 0 0 0 0 0 0 0 0 0 0 0 0 0 0 0 
0 0 0 0 0 1 0 0 0 0 0 1 1 0 0 0 1 1 1 1 0 1 0 0 0 1 0 0 0 0 0 0 0 0 1 0 0 0 0 0 
0 0 0 0 0 0 0 0 0 1 0 0 1 1 2 1 3 3 1 3 0 1 0 0 0 0 1 0 0 0 0 1 0 0 0 0 0 0 0 1 
0 0 0 1 0 0 0 0 0 0 1 0 0 1 0 0 2 2 1 0 2 1 0 0 0 0 0 0 0 0 0 0 0 0 0 0 0 0 0 0 
0 0 0 0 0 0 0 1 0 0 0 0 0 0 1 1 1 0 0 3 2 1 0 0 0 0 0 0 0 0 0 0 0 0 0 0 0 0 0 0 
0 0 0 0 0 0 0 0 0 0 0 0 0 1 0 0 0 1 0 0 0 2 1 0 1 0 0 0 0 0 0 0 0 0 0 1 0 0 0 0 
0 0 1 1 1 0 0 0 0 0 0 1 0 0 0 0 2 0 1 1 2 0 1 0 1 0 0 0 0 0 0 0 0 0 0 0 0 0 0 0 
0 0 0 0 0 0 0 1 0 0 0 1 1 0 1 2 1 0 2 1 2 0 1 1 3 1 0 0 0 0 0 0 0 1 0 0 0 0 0 0 
0 0 0 0 0 0 0 0 0 0 0 0 1 0 1 0 1 0 2 1 1 3 0 0 0 0 0 0 0 0 0 0 0 0 0 0 0 0 0 0 
0 0 0 0 0 0 0 0 0 0 1 0 0 0 2 1 0 2 2 1 1 3 0 0 1 2 0 0 0 0 0 0 0 0 0 0 0 0 0 0 

0 0 0 0 0 0 0 0 0 0 1 1 1 1 0 0 0 1 0 0 0 2 0 0 0 1 0 0 0 0 0 0 0 0 0 0 0 0 0 0 
0 0 0 0 0 0 0 0 0 1 0 0 0 0 0 0 0 0 0 0 0 0 1 0 0 1 0 0 0 0 0 0 0 0 0 0 0 0 0 0 
0 0 0 0 0 0 0 0 0 0 0 0 2 0 0 1 1 0 0 0 0 1 0 0 0 1 0 0 0 0 0 0 0 0 0 0 0 1 0 0 
1 0 0 0 0 0 0 0 0 0 0 0 0 0 1 1 0 0 0 0 1 0 0 1 1 0 0 0 0 0 1 0 0 0 0 0 0 0 0 0 
0 0 0 0 0 0 0 0 0 0 1 0 0 1 0 1 0 0 0 1 0 2 0 0 0 0 1 0 0 0 0 0 0 0 0 0 0 0 0 0 
0 0 0 0 0 0 0 0 0 0 0 0 0 1 0 0 0 0 0 1 1 0 2 0 1 0 1 0 2 0 1 0 0 0 0 0 0 0 0 0 
0 0 0 0 0 0 0 0 0 0 0 0 0 1 1 0 2 3 1 1 0 0 0 0 0 0 1 0 0 0 0 0 0 0 0 0 0 0 0 0 
0 0 0 0 0 0 0 0 1 0 1 0 1 0 0 1 1 0 0 0 2 2 1 0 0 1 0 0 0 0 0 0 0 1 0 0 0 0 0 0 
0 0 0 0 0 0 0 1 0 0 0 0 1 1 0 0 0 1 0 0 1 1 0 1 1 0 1 1 0 0 0 0 0 0 0 0 0 0 0 0 
0 0 0 0 0 0 0 0 0 1 0 0 0 0 0 0 3 1 0 0 0 0 0 0 0 0 1 0 0 0 0 0 0 0 0 0 0 0 0 0 
0 0 0 0 0 0 0 0 0 2 0 0 1 2 1 1 3 2 2 0 1 0 0 0 0 0 0 0 0 0 0 0 0 0 0 0 0 0 0 0 
0 0 0 0 0 0 0 0 0 0 1 1 0 0 0 0 0 0 2 1 0 0 2 0 0 0 0 0 0 0 0 0 0 0 0 0 0 0 0 0 
0 0 0 0 0 1 0 0 0 0 1 0 0 0 0 1 0 0 1 0 2 0 0 0 2 0 1 1 0 0 0 0 0 0 0 0 0 0 0 0 
0 0 0 0 0 0 0 0 0 0 0 0 0 0 3 2 2 3 3 4 0 1 0 0 0 0 0 0 0 0 0 1 0 0 0 0 0 0 0 0 
0 0 0 0 0 0 1 0 0 0 0 0 0 0 0 0 0 0 0 0 1 1 1 1 0 0 0 0 0 0 0 0 0 0 0 0 0 0 0 0 
0 0 0 0 0 0 0 0 0 0 0 0 0 0 3 0 0 0 0 0 1 0 1 1 0 1 0 0 0 0 0 0 0 0 0 0 0 0 0 0 
0 0 0 0 0 1 0 0 0 0 0 2 0 1 1 1 3 0 1 2 1 0 1 0 0 1 0 0 0 0 0 0 0 1 0 0 0 0 0 0 
0 0 0 0 0 0 0 0 0 1 0 0 1 0 1 0 0 1 1 1 0 0 2 0 0 0 1 0 0 0 0 0 0 0 0 0 0 0 0 0 
0 0 0 0 0 0 0 0 0 1 0 0 0 1 0 1 2 0 2 0 0 0 2 0 4 1 0 0 0 0 0 0 0 0 0 0 0 0 0 0 
0 0 0 0 0 0 0 0 1 1 0 0 0 0 2 3 0 0 2 1 2 0 2 0 2 1 0 0 0 0 0 1 0 0 0 0 0 0 0 0 
0 0 0 0 0 0 0 0 0 1 0 0 0 0 2 0 0 0 0 0 0 0 0 0 0 1 0 0 0 0 0 0 0 0 1 1 0 1 0 0 
0 1 0 0 0 0 0 0 0 0 0 0 0 0 0 0 0 0 1 1 0 0 0 3 1 0 0 0 0 0 0 0 0 0 0 0 0 0 0 0 
0 0 0 0 0 0 0 0 1 0 0 0 1 0 0 0 1 2 2 2 2 1 1 1 0 0 1 0 0 0 0 0 0 0 0 0 0 0 0 0 
0 0 0 0 0 0 0 0 0 0 0 0 0 0 1 0 0 1 1 0 1 0 0 0 0 0 0 1 0 1 0 0 0 0 0 0 0 0 0 0 

0 0 0 0 0 0 0 0 0 1 0 0 0 0 0 0 0 0 0 0 0 0 0 0 0 0 0 1 1 0 0 0 0 0 0 0 0 0 0 0 
0 0 0 0 0 0 0 0 0 0 1 1 1 0 0 0 0 0 2 0 0 1 0 0 0 0 1 0 0 0 0 0 0 0 0 0 0 0 0 1 
0 0 0 0 0 0 0 0 0 0 0 1 0 0 0 0 0 0 0 0 0 0 1 0 0 0 1 0 1 0 1 0 0 0 0 0 0 0 0 0 
0 0 0 0 0 0 0 0 0 0 0 0 0 1 1 0 1 0 0 0 0 0 0 0 2 0 0 0 0 0 0 0 0 0 0 0 0 0 0 0 
0 0 0 0 0 1 0 0 0 0 0 1 0 1 0 1 1 0 0 0 0 0 1 0 0 0 0 1 0 0 0 0 0 0 0 0 0 0 0 0 
0 0 0 0 0 0 0 0 0 0 0 0 0 0 0 0 1 0 0 0 0 0 0 0 0 0 0 0 0 0 0 1 0 0 0 0 0 0 0 0 
0 0 0 0 0 0 0 0 0 0 0 0 1 2 0 1 0 0 0 1 0 0 1 0 0 1 1 0 0 0 0 0 0 0 0 0 0 0 0 0 
1 0 0 0 0 0 0 0 0 0 0 0 0 0 0 1 0 0 0 0 0 2 0 2 0 0 0 0 0 0 0 0 0 0 0 0 0 0 0 0 
0 0 0 0 0 0 0 0 0 0 1 0 0 2 0 1 2 0 2 0 0 0 0 1 0 0 0 0 0 0 0 0 0 0 0 0 0 0 0 0 
1 0 1 0 0 0 0 0 0 1 0 0 1 1 0 1 0 0 0 0 1 0 0 0 0 0 0 0 0 0 1 0 0 0 0 0 0 0 0 0 
0 0 0 0 0 0 0 0 0 2 0 1 2 2 1 2 3 0 4 0 0 0 0 1 0 0 0 0 0 0 0 0 0 0 0 0 0 0 0 0 
0 0 0 0 0 0 0 0 1 0 1 0 0 0 0 0 0 1 0 0 0 0 0 1 0 0 0 0 0 0 0 0 0 0 0 0 0 0 0 0 
0 0 0 0 0 0 0 0 0 0 0 0 0 1 0 0 1 0 2 0 0 0 1 0 2 0 0 0 0 0 0 0 0 0 2 0 0 0 0 0 
0 0 0 0 0 0 0 0 0 1 0 0 0 0 1 0 3 0 1 1 0 0 2 0 0 0 0 0 0 0 0 0 0 1 0 0 0 0 0 0 
0 0 0 0 0 0 0 0 0 0 0 0 0 1 0 0 1 0 1 0 0 1 2 1 0 0 0 0 0 0 0 0 0 0 0 0 0 0 0 0 
0 0 0 0 0 0 0 1 0 0 1 0 1 0 0 0 0 2 0 1 0 1 2 0 1 0 0 0 0 0 1 0 0 0 0 0 0 0 0 0 
0 0 0 0 0 0 0 0 0 0 0 0 1 1 1 1 0 0 1 0 0 2 0 1 0 0 0 0 0 0 0 0 0 0 0 0 0 0 0 0 
0 0 0 0 0 0 0 0 0 0 0 1 0 0 0 1 0 0 2 1 0 1 0 0 0 0 0 0 1 0 0 0 0 0 0 0 0 0 0 0 
0 0 0 0 0 0 0 0 0 0 0 0 0 0 0 0 0 0 0 1 1 0 0 0 0 0 0 0 0 1 0 0 0 1 0 0 0 0 0 0 
0 0 0 0 0 0 0 0 0 1 0 0 1 1 0 0 0 1 0 1 2 2 0 1 1 0 0 0 0 0 0 0 0 0 0 0 1 0 0 0 
0 0 0 0 0 0 0 0 0 0 0 0 0 0 1 0 0 2 1 0 0 0 0 0 0 0 0 0 0 0 0 0 0 0 0 0 0 0 0 0 
1 0 0 0 0 0 0 0 0 1 0 1 0 0 0 0 0 0 1 0 1 1 0 1 1 0 0 0 1 0 0 0 0 0 0 0 0 0 0 0 
0 0 0 1 0 0 0 0 0 0 0 0 0 0 0 1 0 4 1 2 1 1 0 0 0 1 0 0 0 0 0 0 0 0 0 0 0 0 0 0 
0 0 0 0 0 0 0 0 0 0 0 0 0 1 0 0 1 1 0 0 1 0 1 2 0 0 0 0 0 0 0 0 0 0 0 0 0 0 0 0 

0 0 0 0 0 1 0 0 0 0 0 0 1 0 1 0 1 1 0 0 1 1 0 0 0 0 0 0 0 0 0 0 0 0 0 0 0 0 0 0 
0 0 0 0 0 0 0 0 0 0 0 0 0 0 1 1 0 1 0 0 0 1 3 0 0 0 1 0 0 0 0 0 0 0 0 0 0 0 0 0 
0 0 0 0 0 0 0 0 0 0 1 0 1 0 1 1 0 0 0 0 0 0 2 0 0 0 0 0 0 0 0 0 0 0 0 0 0 0 0 0 
0 0 0 0 0 0 0 0 0 0 0 0 0 0 0 0 0 0 0 1 1 0 0 1 0 0 0 0 0 0 0 0 0 0 0 0 0 0 0 0 
0 0 0 0 0 0 0 0 0 0 0 0 0 0 0 1 0 0 0 0 1 0 1 0 0 0 0 1 0 0 0 0 0 0 0 0 0 0 0 0 
0 0 0 1 0 0 0 1 0 0 0 0 0 0 0 0 0 0 0 1 0 0 0 0 0 1 0 0 0 0 0 0 1 0 0 0 0 0 0 0 
0 0 0 1 0 0 0 0 0 0 0 0 0 0 0 0 0 0 0 0 0 0 1 0 0 0 1 0 0 0 0 0 0 1 0 0 0 0 0 0 
0 0 1 0 0 0 0 0 0 0 0 1 0 3 1 0 1 0 0 1 0 1 1 0 0 0 0 0 0 0 0 0 0 0 0 0 0 0 0 0 
0 0 0 0 0 0 0 0 0 0 0 0 0 0 0 0 0 2 0 0 0 0 0 1 0 0 0 0 0 0 0 0 0 0 0 0 0 0 0 0 
0 0 0 0 0 0 0 0 0 0 0 0 0 0 1 0 1 0 0 0 0 0 0 0 0 0 0 0 0 0 0 0 0 0 0 0 0 0 0 0 
0 0 0 0 0 0 0 0 0 0 1 1 0 0 2 2 3 0 1 0 0 0 0 0 0 0 1 0 0 0 1 0 0 0 0 0 0 0 0 0 
0 1 0 0 0 0 0 0 0 0 1 0 0 0 0 2 0 0 0 0 0 0 0 0 1 0 0 0 0 0 0 0 0 0 0 0 0 0 0 0 
0 0 0 0 0 0 1 0 0 1 0 0 0 2 0 1 1 0 0 0 0 0 1 1 0 0 0 0 0 0 0 0 0 0 0 0 0 0 0 0 
0 0 0 0 0 0 0 0 0 1 0 0 0 1 0 1 0 0 3 2 1 0 1 1 0 0 0 0 0 0 0 0 0 0 0 0 0 0 0 0 
0 0 0 0 0 0 0 0 0 0 0 0 0 0 0 0 2 1 0 0 0 1 0 0 1 0 0 0 0 0 0 0 0 0 0 0 0 0 0 0 
0 0 0 0 0 0 0 0 0 0 0 0 0 0 2 0 0 0 0 2 0 0 1 0 1 0 0 0 1 0 0 0 0 0 0 0 0 0 0 1 
0 0 0 0 0 0 0 0 0 0 0 0 0 0 1 0 1 2 3 0 0 0 0 0 0 0 0 0 1 0 0 0 0 0 0 0 0 0 1 0 
1 0 0 0 0 0 0 0 0 0 0 0 0 0 1 0 1 0 0 0 0 0 0 0 0 0 0 0 0 0 0 0 0 0 0 0 0 0 0 0 
0 0 0 0 0 0 0 0 0 0 0 0 0 0 0 0 0 1 0 1 2 1 1 0 0 0 0 0 0 0 0 0 0 0 0 0 0 0 0 0 
2 0 0 1 0 0 0 0 0 0 1 0 0 0 0 3 0 0 2 0 0 0 0 1 0 0 0 0 0 0 0 0 0 1 0 0 0 0 0 0 
0 0 0 0 0 0 0 0 0 0 0 0 0 0 0 0 0 0 0 0 0 0 0 0 0 1 0 0 0 0 0 0 0 0 0 0 0 0 0 0 
0 0 0 0 0 0 0 0 0 1 0 0 0 0 0 0 0 0 0 0 0 0 0 0 0 0 0 0 0 0 0 0 0 0 0 0 0 0 0 0 
1 0 0 0 0 0 0 0 0 0 0 0 0 0 2 0 1 0 2 3 0 0 0 0 0 0 0 0 0 0 0 0 0 0 0 0 0 1 0 0 
0 0 0 0 0 0 0 0 0 0 0 0 0 0 0 1 0 1 0 0 0 0 0 1 0 0 0 0 0 0 0 0 0 0 0 0 0 0 0 0 

0 0 0 0 0 1 0 0 0 0 0 0 0 2 1 0 0 0 0 0 0 0 0 0 0 1 0 0 0 0 0 0 0 0 0 0 0 0 0 0 
0 0 0 0 0 0 0 0 0 0 0 0 0 0 0 0 1 0 1 0 0 1 0 0 0 0 0 0 0 0 0 0 0 0 0 0 0 0 0 0 
0 0 0 0 0 0 0 0 0 0 0 0 0 0 0 1 0 0 0 0 0 0 0 0 0 0 0 1 0 0 0 0 0 0 0 0 0 0 0 0 
0 0 0 0 0 0 1 0 0 0 0 1 0 0 0 0 0 1 0 0 1 1 0 3 0 1 0 0 0 0 0 0 0 0 0 0 0 0 0 0 
0 0 0 0 0 0 0 0 0 0 0 0 0 0 0 0 0 0 0 1 0 0 0 1 0 0 0 1 0 0 0 0 0 0 0 0 0 0 0 0 
0 0 0 0 0 0 0 0 0 0 0 0 0 1 0 0 1 0 1 0 0 0 0 1 0 0 1 0 0 0 0 0 0 0 0 0 0 0 0 0 
0 0 0 0 0 0 1 0 0 0 0 1 0 0 0 0 0 0 0 0 1 0 0 0 0 0 0 0 0 0 0 0 0 0 0 0 0 0 0 0 
0 0 0 0 0 0 0 0 0 0 0 0 0 1 1 0 0 0 1 0 1 1 0 0 0 0 0 1 1 0 0 0 0 0 0 0 0 0 0 0 
0 0 0 0 0 0 0 0 0 0 1 0 0 0 0 0 0 0 0 0 0 0 0 0 0 0 0 0 0 0 0 1 0 0 0 0 0 0 0 0 
0 0 0 0 0 0 0 0 0 0 0 0 0 0 0 1 0 0 0 0 0 0 0 1 0 0 0 0 0 0 0 0 0 0 0 0 0 0 0 0 
0 0 0 0 0 0 0 0 1 0 0 0 0 0 1 1 1 0 2 1 1 0 0 0 0 0 0 0 0 0 0 0 0 0 0 0 0 0 0 0 
1 0 0 0 0 0 0 0 0 0 0 0 1 0 0 0 0 0 1 0 0 0 0 0 0 0 0 0 0 0 0 0 0 0 0 0 0 0 0 0 
0 0 0 0 0 0 0 0 0 1 0 0 1 1 0 0 1 1 1 0 1 0 0 0 0 0 1 0 0 0 0 1 0 0 0 0 0 0 0 0 
0 0 0 0 0 0 0 0 0 0 0 0 0 1 0 0 1 1 0 0 1 2 0 0 0 0 0 0 0 0 0 0 1 0 0 0 0 0 0 0 
0 0 0 0 0 0 0 0 0 0 0 0 0 0 0 0 0 0 0 0 0 0 0 0 0 0 0 0 0 0 0 1 0 0 0 0 0 0 1 0 
0 0 0 0 0 0 0 0 0 0 0 0 1 0 0 0 0 3 0 2 1 1 0 0 0 0 0 0 0 0 0 0 0 0 0 0 0 0 0 0 
1 0 0 0 0 0 0 0 0 1 0 0 0 0 1 1 2 0 1 1 0 0 1 0 0 0 0 0 0 0 1 0 0 0 0 0 0 0 0 0 
0 0 0 1 0 0 0 0 1 0 0 0 0 1 0 0 0 0 0 0 0 1 0 0 0 0 0 0 0 0 0 0 0 0 0 0 0 0 0 0 
0 0 0 0 0 0 0 0 0 0 0 0 0 0 0 0 0 1 1 2 1 0 0 0 0 0 1 0 0 0 0 0 0 0 0 0 0 0 0 0 
0 0 0 0 0 0 0 0 0 0 0 1 1 0 0 1 0 0 1 1 0 0 0 0 1 1 0 0 0 0 0 0 0 1 0 0 0 0 0 0 
0 0 0 0 0 0 0 0 0 0 0 0 0 0 0 0 0 0 1 2 0 0 0 0 0 0 0 0 0 0 0 0 0 0 0 0 0 0 0 0 
1 0 0 0 0 0 0 0 0 0 0 0 0 1 0 0 0 1 0 0 1 0 1 1 0 0 0 0 0 0 0 0 0 0 0 0 0 0 0 0 
0 0 0 0 0 0 0 0 0 0 0 0 0 0 1 2 0 0 1 1 1 0 1 1 0 0 0 0 0 0 0 0 0 0 0 0 0 0 0 0 
0 0 0 0 0 0 0 0 0 0 0 0 0 0 0 0 0 0 0 0 0 0 0 0 0 0 0 0 0 0 0 0 0 0 0 0 0 0 0 0 

0 0 0 0 0 0 0 0 0 0 0 0 0 0 0 0 0 0 0 0 0 1 0 0 0 0 0 0 0 0 0 0 0 0 0 0 0 0 0 0 
0 0 0 0 0 0 0 0 1 0 0 0 0 0 0 1 0 0 0 0 0 0 1 0 0 0 1 0 0 0 0 0 0 0 0 0 0 0 0 0 
0 0 0 0 0 0 0 0 0 0 0 0 0 0 0 1 0 0 0 0 1 0 0 0 0 0 0 0 0 1 0 0 0 0 0 0 0 0 0 0 
0 0 0 0 0 0 0 0 0 0 0 0 0 0 1 0 1 0 0 0 0 0 0 1 0 0 0 0 0 0 0 0 0 0 0 0 0 0 0 0 
0 0 0 0 0 0 0 0 0 0 0 0 0 0 2 0 1 0 0 0 0 0 0 0 0 0 0 1 0 0 0 0 0 0 0 0 0 0 0 0 
0 0 0 0 0 0 0 0 0 0 0 0 0 1 0 0 0 0 0 0 1 1 0 0 0 0 0 0 0 0 0 0 0 0 0 0 0 0 0 0 
0 0 0 0 0 0 0 0 0 0 0 0 0 0 0 0 0 0 0 0 0 0 0 0 0 0 0 0 0 0 0 0 0 0 0 0 0 0 0 0 
0 0 0 0 0 0 0 0 0 0 0 0 0 1 0 0 1 1 0 0 1 1 2 0 0 0 0 0 0 0 0 0 0 2 0 0 0 0 0 0 
0 0 0 0 1 0 0 0 0 0 0 1 0 0 0 0 0 2 0 0 0 0 0 0 0 1 0 0 0 0 0 0 0 0 0 1 0 0 0 0 
0 0 0 0 0 0 0 0 0 0 0 0 0 1 0 1 1 1 3 0 0 0 0 0 1 1 0 1 0 0 0 0 0 0 0 0 0 0 0 0 
0 0 0 0 0 0 0 1 0 0 0 1 0 0 2 0 0 0 0 0 0 0 0 1 0 1 0 0 0 0 0 0 0 0 0 0 0 0 0 0 
0 0 0 0 0 0 0 0 0 0 0 0 0 0 1 0 0 0 0 0 0 0 0 2 0 1 0 0 0 0 0 0 0 0 0 0 0 0 0 0 
0 0 0 0 0 0 0 0 0 0 0 0 0 1 0 1 0 0 1 1 1 0 2 0 0 1 0 0 0 0 0 0 0 0 0 0 0 0 0 0 
0 0 0 0 0 0 0 0 1 0 0 0 0 2 1 1 0 1 1 0 0 0 0 1 0 0 0 0 0 0 0 0 0 0 1 0 0 0 0 0 
0 0 0 0 0 0 0 0 0 0 0 0 0 0 0 0 0 0 1 0 0 0 0 0 0 0 0 0 0 0 0 0 0 0 0 0 0 0 0 0 
0 0 0 0 0 0 0 0 0 0 0 0 0 0 0 0 0 0 0 1 2 1 0 0 0 0 0 0 0 0 0 0 0 0 0 0 0 0 0 0 
0 0 0 0 0 0 0 0 0 0 0 1 0 2 0 2 0 0 2 2 0 1 0 0 0 1 0 0 0 0 0 0 0 0 1 0 0 0 0 0 
0 1 0 0 0 0 0 1 0 1 0 0 0 0 0 0 0 0 0 0 0 0 0 0 0 0 0 2 0 0 0 0 0 0 0 0 0 0 0 0 
0 0 0 0 0 0 0 0 0 0 1 0 0 0 0 0 0 0 0 0 0 1 0 1 0 0 1 0 0 0 0 0 0 1 0 0 0 0 0 0 
0 0 0 0 0 0 0 0 0 0 0 1 0 1 1 1 1 0 2 0 1 0 2 0 0 1 0 0 0 0 0 0 0 0 0 0 0 0 0 0 
0 0 1 0 0 0 0 0 0 0 0 0 0 0 0 0 0 1 0 0 0 1 0 0 0 0 0 0 0 0 0 1 0 0 0 0 0 0 0 0 
0 0 0 0 0 0 0 0 0 0 0 0 0 1 0 0 0 0 0 1 1 0 0 0 0 0 0 0 0 0 0 0 0 0 0 0 0 0 0 0 
0 0 0 0 0 0 0 0 0 0 0 0 1 0 0 1 1 3 0 2 0 0 1 0 0 0 0 0 0 0 0 0 0 0 0 0 0 0 0 0 
0 0 0 0 0 0 0 0 0 0 0 0 0 0 0 0 0 0 1 0 0 1 0 0 0 0 0 0 0 0 0 0 0 0 0 0 0 0 0 0 

0 0 0 0 0 0 0 0 0 0 0 1 0 1 0 0 0 0 0 0 0 1 0 0 0 0 0 2 0 0 0 0 0 0 0 0 0 0 0 0 
0 0 0 0 0 0 0 0 0 0 0 0 0 0 0 0 0 0 0 0 0 0 0 0 0 0 0 0 0 0 0 0 0 0 0 0 0 0 0 0 
0 0 0 0 0 0 0 0 0 0 0 0 0 0 0 0 0 0 0 0 0 0 0 0 0 0 0 0 0 0 0 0 0 0 0 0 0 0 0 0 
0 0 0 0 0 0 0 0 0 0 0 0 0 0 0 0 0 0 1 0 0 0 0 0 0 0 0 0 0 0 0 0 0 0 0 0 0 0 0 0 
0 0 0 0 0 0 0 0 0 0 0 0 0 2 1 1 1 0 0 0 0 0 0 0 0 0 0 0 0 0 0 0 0 0 0 0 0 0 0 0 
0 0 0 0 0 0 0 0 0 0 0 0 0 0 0 0 0 0 0 0 0 1 0 1 0 0 0 0 0 0 0 0 0 0 0 0 0 0 0 0 
0 0 0 0 0 0 0 0 0 0 0 0 0 0 0 2 0 1 0 0 0 0 0 1 0 0 0 1 0 0 0 0 0 0 0 0 0 0 0 0 
0 0 0 0 0 0 0 0 0 0 1 0 1 0 1 0 1 0 0 0 0 0 0 0 0 1 0 0 0 0 1 0 0 0 0 0 0 0 0 0 
0 0 0 0 0 0 0 0 0 0 0 0 0 0 0 0 0 0 0 1 0 0 0 0 0 0 0 0 0 0 0 0 0 0 0 0 0 0 0 0 
0 0 0 0 0 0 0 0 0 0 0 0 0 0 0 1 1 3 1 1 0 0 1 0 0 0 0 0 0 0 0 0 0 0 0 0 0 0 0 0 
0 0 0 1 0 0 0 0 0 0 0 0 0 1 0 0 0 0 0 0 0 2 0 0 0 0 2 0 0 0 0 0 0 0 0 0 0 0 0 0 
0 0 0 0 0 0 0 0 0 0 0 1 0 0 0 0 0 0 0 0 0 0 0 0 0 0 0 0 0 0 0 0 0 1 0 0 0 0 0 0 
0 0 0 0 0 0 0 0 0 0 0 0 0 0 1 1 0 0 1 1 0 0 0 1 0 0 0 0 0 0 0 0 1 0 0 0 0 0 0 0 
0 0 0 0 0 0 0 0 0 0 0 1 0 0 1 1 0 0 0 1 0 0 1 0 0 0 0 0 0 0 0 0 0 0 0 0 0 0 1 1 
0 0 0 0 0 0 0 0 0 0 0 0 0 1 0 0 0 0 0 1 0 0 0 0 0 0 0 0 0 0 0 0 0 0 0 0 0 0 0 0 
0 0 0 0 0 0 0 0 0 0 0 1 0 0 0 1 0 0 0 1 0 2 0 0 0 0 0 0 0 0 0 0 0 0 0 0 0 0 0 0 
0 0 0 0 0 0 0 0 0 0 0 0 0 0 1 0 0 0 1 0 0 1 0 1 0 0 0 0 0 0 0 0 1 0 0 0 0 0 0 0 
0 0 0 0 0 0 0 0 0 0 0 0 0 0 0 0 0 0 1 0 0 1 0 0 1 0 0 0 0 0 0 0 0 0 0 0 0 0 0 0 
0 0 0 0 0 0 0 0 0 0 0 0 0 0 1 0 0 1 0 0 0 0 0 0 0 0 0 0 0 0 0 0 0 0 0 0 0 0 0 0 
0 0 0 0 0 0 0 0 0 0 0 1 0 0 1 1 0 1 0 1 1 0 1 0 0 0 0 0 0 0 0 0 0 0 0 0 0 0 0 0 
0 0 0 0 0 0 0 0 0 0 0 0 0 0 0 0 1 0 0 0 2 1 0 0 0 0 0 0 0 0 0 0 0 0 0 0 1 0 0 0 
0 0 0 0 0 0 0 0 0 0 0 0 0 0 0 0 0 0 0 1 0 0 0 0 0 0 0 0 0 0 0 0 0 0 0 0 0 0 0 0 
0 0 0 0 0 0 0 0 0 0 0 0 0 0 1 0 0 0 0 0 2 1 0 0 0 2 0 0 0 0 0 0 0 0 0 0 0 0 0 0 
0 0 0 0 0 0 0 0 0 0 0 0 1 0 0 0 0 0 0 0 0 2 0 0 0 0 0 0 0 0 0 0 0 0 0 0 0 0 0 0 

0 0 0 0 0 0 0 0 0 0 0 0 0 0 0 1 0 0 0 0 0 0 0 0 1 0 0 0 0 0 0 0 0 0 0 0 0 0 0 0 
0 0 0 0 0 0 0 0 0 0 0 0 0 0 1 0 0 0 0 0 0 1 0 0 0 1 0 0 0 0 0 0 0 0 0 0 0 0 0 0 
0 0 0 0 0 0 0 0 0 0 0 0 0 0 0 0 0 0 0 0 0 0 0 0 0 0 0 0 0 0 0 0 0 0 0 0 0 0 0 0 
0 0 0 0 0 0 0 0 0 0 0 0 0 0 0 0 2 0 0 1 0 1 0 0 0 1 0 0 2 0 0 0 0 0 0 0 0 0 0 0 
0 0 1 0 0 0 0 0 0 0 0 0 0 0 0 0 1 0 1 0 0 0 0 1 0 0 0 0 0 0 0 0 0 0 0 0 0 0 0 0 
0 0 0 0 0 0 0 0 0 0 0 0 0 0 0 0 0 0 0 0 0 0 0 0 0 0 0 0 0 0 0 0 0 0 0 0 0 0 0 0 
0 0 0 0 0 0 0 0 0 0 0 0 0 0 0 0 0 0 0 1 0 1 1 0 0 0 0 0 0 0 0 0 0 0 0 0 0 0 0 0 
0 0 0 0 0 0 0 1 0 0 0 0 0 1 0 1 0 0 0 0 2 0 1 0 0 0 0 0 0 0 0 0 0 0 0 0 0 0 0 0 
0 0 0 0 0 0 0 0 0 0 0 0 0 1 0 0 0 0 0 1 0 0 0 0 0 0 0 0 0 0 0 0 0 0 0 0 0 0 0 0 
0 0 0 0 0 0 0 0 0 0 0 0 0 1 0 1 0 1 0 0 0 0 0 0 0 1 0 0 0 0 0 0 1 0 0 0 0 0 0 0 
0 0 0 0 0 1 0 0 0 0 0 1 2 0 1 0 1 1 1 0 0 0 0 0 0 0 0 0 0 0 0 0 0 0 0 0 0 0 0 0 
0 0 0 0 0 0 0 0 0 0 0 0 0 0 0 0 0 0 0 0 1 0 0 0 0 0 0 0 0 0 0 0 0 0 0 0 0 0 0 0 
0 0 0 0 0 0 0 0 0 0 1 0 0 0 0 0 1 0 0 1 0 1 0 0 0 0 0 0 0 0 0 0 0 0 0 0 0 0 0 0 
0 0 0 0 0 0 0 0 0 0 1 0 1 0 1 1 1 1 1 1 0 0 0 0 0 0 0 0 0 0 0 0 0 0 0 0 0 0 0 0 
0 0 0 0 0 0 0 0 0 0 0 0 0 0 0 0 0 0 0 1 0 1 0 0 0 0 0 0 0 0 0 0 0 0 0 0 0 0 0 0 
0 0 0 0 0 0 0 0 0 0 0 0 0 0 0 1 0 2 1 1 0 1 0 0 0 0 0 0 0 0 0 0 0 0 0 0 0 0 0 0 
0 0 0 0 0 0 0 0 0 0 0 0 0 0 0 3 1 0 0 0 0 0 0 1 0 0 0 0 0 0 0 0 0 0 0 0 0 0 0 0 
0 0 0 0 0 0 0 0 0 0 0 0 0 0 0 0 0 0 1 0 0 0 0 1 0 0 0 0 0 0 0 0 0 0 0 0 0 0 0 0 
0 0 0 0 0 1 0 0 0 0 0 0 0 0 0 0 0 0 1 0 2 0 0 0 0 0 0 0 0 0 0 0 0 0 0 0 0 0 0 1 
0 0 0 0 0 0 0 0 0 0 0 0 1 0 0 0 1 0 1 1 0 0 1 1 0 1 0 0 0 0 0 0 0 0 0 0 0 0 0 0 
0 0 0 0 0 0 0 0 0 0 0 0 0 1 0 1 0 0 0 0 0 0 0 0 0 0 0 0 0 0 0 0 0 0 0 0 0 0 0 0 
0 0 0 0 0 1 0 0 0 0 0 0 0 0 0 0 0 0 0 0 0 0 1 0 0 0 0 0 0 0 0 0 0 0 0 0 0 0 0 0 
0 0 0 0 0 0 0 0 0 0 0 0 0 1 0 0 2 3 2 0 2 0 0 0 0 0 0 0 0 0 0 0 0 0 0 0 0 1 0 0 
0 0 0 0 0 0 0 0 0 0 0 0 0 0 0 0 0 0 0 0 1 0 0 0 0 0 0 0 0 0 0 0 0 0 0 0 0 1 0 0 

0 0 0 0 0 0 0 0 0 0 0 0 0 0 0 2 2 0 0 0 0 2 0 0 0 1 1 0 0 0 0 0 0 0 1 0 0 0 0 0 
0 0 0 0 0 1 0 0 0 0 0 0 0 1 0 0 1 0 0 0 0 0 0 1 0 0 0 0 0 0 0 0 0 0 0 0 0 0 0 0 
0 0 0 0 0 0 0 0 0 0 0 0 0 0 1 1 1 1 0 2 0 1 1 1 0 0 1 1 1 0 0 0 0 0 0 0 0 0 0 0 
0 0 0 0 0 0 0 0 0 0 0 0 0 0 0 0 0 1 0 0 1 0 0 0 0 0 0 1 0 0 0 0 0 0 0 0 0 0 0 0 
0 0 0 0 0 0 0 0 0 0 0 0 1 0 0 1 0 0 0 2 1 0 0 0 0 0 1 0 0 0 0 0 0 0 0 0 0 0 0 0 
0 0 0 0 0 1 0 0 0 0 0 0 0 2 1 2 0 0 0 1 0 0 0 0 0 1 1 0 0 1 0 0 0 0 0 2 0 0 0 1 
0 0 0 0 0 0 0 0 0 0 0 0 0 1 0 1 0 1 0 0 0 1 0 0 0 0 0 0 0 0 0 0 0 0 0 0 0 0 0 0 
0 0 0 0 0 0 0 0 1 0 0 0 0 0 0 0 0 0 1 0 0 0 1 0 0 0 1 0 0 0 0 0 0 0 0 0 0 0 0 0 
0 0 0 0 0 0 0 0 0 0 0 3 0 1 0 0 1 1 1 3 1 2 3 0 1 1 1 2 0 0 0 0 0 0 0 0 0 0 0 0 
0 0 0 0 0 0 0 0 0 0 0 0 1 0 0 0 0 1 0 1 0 0 0 0 0 1 0 0 0 0 0 0 0 0 0 0 0 0 0 0 
0 0 0 0 0 0 0 0 0 0 1 0 0 0 1 1 3 1 1 2 0 0 1 0 0 0 1 1 0 0 0 0 0 1 0 0 0 0 0 0 
0 0 0 0 0 0 0 1 0 0 1 0 0 0 0 0 1 0 2 0 3 1 2 0 0 0 0 0 0 0 1 0 0 0 0 0 1 0 0 0 
0 0 0 0 0 0 0 0 0 0 0 0 0 0 0 0 0 1 0 1 0 0 0 0 0 0 0 0 0 0 0 0 0 0 0 0 0 0 0 0 
0 0 0 0 0 0 0 0 0 0 1 0 1 2 1 1 0 2 0 0 0 0 0 0 0 0 1 0 0 0 0 1 0 0 0 0 0 0 0 0 
0 0 0 0 0 0 0 0 0 0 0 0 0 0 1 0 0 0 0 0 0 1 0 0 0 0 0 0 0 0 0 0 0 0 0 0 0 0 0 0 
0 0 0 0 0 0 0 1 0 0 0 0 0 0 1 0 0 3 0 0 1 0 0 0 0 1 0 0 0 0 0 0 0 0 0 0 0 0 0 0 
0 0 0 0 0 0 0 0 0 0 0 0 1 0 0 0 1 0 0 3 0 0 1 1 0 0 0 0 0 0 0 0 0 0 0 0 0 0 0 0 
0 0 0 0 0 1 0 0 0 0 0 0 0 0 0 0 0 0 1 1 0 0 3 1 0 0 0 1 0 0 0 0 0 0 0 0 0 0 0 0 
0 0 0 0 0 0 0 0 0 0 0 0 0 0 0 0 1 0 0 1 0 0 1 0 0 0 0 0 0 0 0 0 0 0 0 0 0 0 0 0 
0 0 0 0 0 0 0 0 0 1 1 0 0 0 1 2 0 0 0 1 1 0 0 0 0 0 1 0 0 0 0 0 0 0 0 0 0 0 0 0 
0 0 0 0 0 0 0 0 0 0 0 0 0 0 0 0 0 0 0 0 0 2 2 1 0 0 1 0 0 0 0 0 0 0 0 0 0 0 0 0 
0 0 0 0 0 0 0 0 0 0 1 0 0 0 1 0 0 0 0 3 1 0 0 0 0 2 1 0 0 0 0 0 0 0 0 0 0 0 0 0 
0 0 0 0 0 0 0 0 0 0 0 0 0 1 0 0 1 0 1 2 0 0 0 0 0 0 0 0 0 0 0 0 0 0 0 0 0 0 0 1 
0 0 0 0 0 1 0 0 0 0 0 0 0 0 0 0 0 0 0 0 1 0 0 0 0 0 0 0 0 0 0 0 0 0 0 0 0 0 0 0 

