#################################### 
# Matrix Size= (8,4,8)
# Resol      = (8,4,8)
# VoxelSize  = (1,1,1)
# nbVal      = 256
#################################### 
0.000327788 0.000397919 0.000619115 0.000570143 0.000584083 0.000319028 0.000141318 0.000115424 
0.000435117 0.000612944 0.000944337 0.000916343 0.000818285 0.000553393 0.000403741 0.000235648 
0.000248781 0.000356436 0.000505438 0.000621136 0.000462538 0.000304244 0.000151127 0.000110305 
0.000273829 0.000440908 0.000543806 0.000741049 0.000581977 0.000449054 0.000262784 0.000168012 

0.000341062 0.000633753 0.00110662 0.0010735 0.000971069 0.000495068 0.000242576 0.000186976 
0.000531815 0.000426088 0.000577726 0.000711323 0.000635382 0.000280786 0.000290993 0.00019488 
0.00029871 0.000292368 0.00049882 0.000625445 0.000515483 0.000276311 0.000147202 0.000124569 
0.000332022 0.000388129 0.000715598 0.000895125 0.000701226 0.000447543 0.000212076 0.000189483 

0.000622928 0.152552 0.187122 0.20292 0.329108 0.000986484 0.000405465 0.000230295 
0.000660785 0.000691646 0.138454 0.284397 0.420333 0.000573125 0.000356865 0.000324072 
0.000479259 0.000501242 0.00099676 0.308801 0.175998 0.000527459 0.00023879 0.00023296 
0.000532279 0.000776795 0.00143165 0.00239074 0.0420215 0.000777813 0.000432798 0.000310993 

0.000678218 0.00171599 0.727402 0.044881 0.00216743 0.16282 0.00072071 0.000255033 
0.000912213 0.000973839 0.429722 0.237989 0.00134166 0.152031 0.000505149 0.000507455 
0.000568789 0.000713148 0.373392 0.730329 0.250557 0.200856 0.000419362 0.000265804 
0.000596777 0.00109277 0.277906 1.0498 0.468596 0.094734 0.000590959 0.000328508 

0.000660002 0.00125786 0.0428182 0.00218045 0.187393 0.0918231 0.000897436 0.000297616 
0.00075372 0.000791665 0.231787 0.20162 0.0897174 0.241128 0.000681919 0.000504882 
0.000678774 0.000734641 0.332812 0.00193254 0.205174 0.326314 0.000487047 0.000316059 
0.000721503 0.00117981 0.104877 0.556685 0.528603 0.154168 0.000832623 0.000467819 

0.000615506 0.000987024 0.403307 0.00179517 0.147209 0.262996 0.0119528 0.000238803 
0.000577259 0.000642861 0.202699 0.0345835 0.0785982 0.184725 0.000472301 0.000382166 
0.000471093 0.000621601 0.151158 0.132592 0.00158187 0.0822221 0.00031323 0.000249552 
0.000560777 0.000844545 0.00217267 0.137164 0.0020534 0.00119634 0.000549617 0.000377611 

0.000337727 0.000451241 0.000898697 0.00080023 0.000877283 0.000595106 0.00033138 0.000135677 
0.000413337 0.000347819 0.000484616 0.000523457 0.000481364 0.000356172 0.000213627 0.000264264 
0.000284875 0.000352991 0.000543177 0.000634789 0.000616031 0.000407779 0.000209463 0.000156882 
0.000337443 0.000508636 0.000738159 0.00111144 0.000788529 0.000592276 0.000292419 0.000274099 

0.000395005 0.000341688 0.000531658 0.000555572 0.000464785 0.000287267 0.000186572 0.000105219 
0.000326859 0.000531471 0.000738515 0.000819441 0.000713826 0.000490709 0.000326676 0.000211288 
0.000218891 0.000393192 0.000441716 0.000403291 0.000357582 0.000289174 0.000202141 0.000119897 
0.000335264 0.000487069 0.000659899 0.000873685 0.000747679 0.000486509 0.000310115 0.000238536 

