# First line is two numbers 
#     First value is '2', it means 'histogram mode'
#     Second value is 'Emin' of the histogram
# Other lines : 2 columns. 1) energy 2) probability (nb divided by NbEvent)
# Number of bins = 2000
# Content below the first bin: 0
# Content above the last  bin: 41.6205
# Content above the last  bin: 41.6205
# Number of events: 1
2 2e-06
2.0015e-06 0
2.003e-06 0
2.0045e-06 0
2.006e-06 0
2.0075e-06 0
2.009e-06 0
2.0105e-06 0
2.012e-06 0
2.0135e-06 0
2.015e-06 0
2.0165e-06 0
2.018e-06 0
2.0195e-06 0
2.021e-06 0
2.0225e-06 0
2.024e-06 0
2.0255e-06 0
2.027e-06 0
2.0285e-06 0
2.03e-06 0
2.0315e-06 0
2.033e-06 0
2.0345e-06 0
2.036e-06 0
2.0375e-06 0
2.039e-06 0
2.0405e-06 0
2.042e-06 0
2.0435e-06 0
2.045e-06 0
2.0465e-06 0
2.048e-06 0
2.0495e-06 0
2.051e-06 0
2.0525e-06 0
2.054e-06 0
2.0555e-06 0
2.057e-06 0
2.0585e-06 0
2.06e-06 0
2.0615e-06 0
2.063e-06 0
2.0645e-06 0
2.066e-06 0
2.0675e-06 0
2.069e-06 0
2.0705e-06 0
2.072e-06 0
2.0735e-06 0
2.075e-06 0
2.0765e-06 0
2.078e-06 0
2.0795e-06 0
2.081e-06 0
2.0825e-06 0
2.084e-06 0
2.0855e-06 0
2.087e-06 0
2.0885e-06 0
2.09e-06 0
2.0915e-06 0
2.093e-06 0
2.0945e-06 0
2.096e-06 0
2.0975e-06 0
2.099e-06 0
2.1005e-06 0
2.102e-06 0
2.1035e-06 0
2.105e-06 0
2.1065e-06 0
2.108e-06 0
2.1095e-06 0
2.111e-06 0
2.1125e-06 0
2.114e-06 0
2.1155e-06 0
2.117e-06 0
2.1185e-06 0
2.12e-06 0
2.1215e-06 0
2.123e-06 0
2.1245e-06 0
2.126e-06 0
2.1275e-06 0
2.129e-06 0
2.1305e-06 0
2.132e-06 0
2.1335e-06 0
2.135e-06 0
2.1365e-06 0
2.138e-06 0
2.1395e-06 0
2.141e-06 0
2.1425e-06 0
2.144e-06 0
2.1455e-06 0
2.147e-06 0
2.1485e-06 0
2.15e-06 0
2.1515e-06 0
2.153e-06 0
2.1545e-06 0
2.156e-06 0
2.1575e-06 0
2.159e-06 0
2.1605e-06 0
2.162e-06 0
2.1635e-06 0
2.165e-06 0
2.1665e-06 0
2.168e-06 0
2.1695e-06 0
2.171e-06 0
2.1725e-06 0
2.174e-06 0
2.1755e-06 0
2.177e-06 0
2.1785e-06 0
2.18e-06 0
2.1815e-06 0
2.183e-06 0
2.1845e-06 0
2.186e-06 0
2.1875e-06 0
2.189e-06 0
2.1905e-06 0
2.192e-06 0
2.1935e-06 0
2.195e-06 0
2.1965e-06 0
2.198e-06 0
2.1995e-06 0
2.201e-06 0
2.2025e-06 0
2.204e-06 0
2.2055e-06 0
2.207e-06 0
2.2085e-06 0
2.21e-06 0
2.2115e-06 0
2.213e-06 0
2.2145e-06 0
2.216e-06 0
2.2175e-06 0
2.219e-06 0
2.2205e-06 0
2.222e-06 0
2.2235e-06 0
2.225e-06 0
2.2265e-06 0
2.228e-06 0
2.2295e-06 0
2.231e-06 0
2.2325e-06 0
2.234e-06 0
2.2355e-06 0
2.237e-06 0
2.2385e-06 0
2.24e-06 0
2.2415e-06 0
2.243e-06 0
2.2445e-06 0
2.246e-06 0
2.2475e-06 0
2.249e-06 0
2.2505e-06 0
2.252e-06 0
2.2535e-06 0
2.255e-06 0
2.2565e-06 0
2.258e-06 0
2.2595e-06 0
2.261e-06 0
2.2625e-06 0
2.264e-06 0
2.2655e-06 0
2.267e-06 0
2.2685e-06 0
2.27e-06 0
2.2715e-06 0
2.273e-06 0
2.2745e-06 0
2.276e-06 0
2.2775e-06 0
2.279e-06 0
2.2805e-06 0
2.282e-06 0
2.2835e-06 0
2.285e-06 0
2.2865e-06 0
2.288e-06 0
2.2895e-06 0
2.291e-06 0
2.2925e-06 0
2.294e-06 0
2.2955e-06 0
2.297e-06 0
2.2985e-06 0
2.3e-06 0
2.3015e-06 0
2.303e-06 0
2.3045e-06 0
2.306e-06 0
2.3075e-06 0
2.309e-06 0
2.3105e-06 0
2.312e-06 0
2.3135e-06 0
2.315e-06 0
2.3165e-06 0
2.318e-06 0
2.3195e-06 0
2.321e-06 0
2.3225e-06 0
2.324e-06 0
2.3255e-06 0
2.327e-06 0
2.3285e-06 0
2.33e-06 0
2.3315e-06 0
2.333e-06 0
2.3345e-06 0
2.336e-06 0
2.3375e-06 0
2.339e-06 0
2.3405e-06 0
2.342e-06 0
2.3435e-06 0
2.345e-06 0
2.3465e-06 0
2.348e-06 0
2.3495e-06 0
2.351e-06 0
2.3525e-06 0
2.354e-06 0
2.3555e-06 0
2.357e-06 0
2.3585e-06 0
2.36e-06 0
2.3615e-06 0
2.363e-06 0
2.3645e-06 0
2.366e-06 0
2.3675e-06 0
2.369e-06 0
2.3705e-06 0
2.372e-06 0
2.3735e-06 0
2.375e-06 0
2.3765e-06 0
2.378e-06 0
2.3795e-06 0
2.381e-06 0
2.3825e-06 0
2.384e-06 0
2.3855e-06 0
2.387e-06 0
2.3885e-06 0
2.39e-06 0
2.3915e-06 0
2.393e-06 0
2.3945e-06 0
2.396e-06 0
2.3975e-06 0
2.399e-06 1.72883
2.4005e-06 1.62603
2.402e-06 0
2.4035e-06 1.81442
2.405e-06 0
2.4065e-06 1.49523
2.408e-06 4.84622
2.4095e-06 0.00136084
2.411e-06 0
2.4125e-06 0
2.414e-06 6.72669
2.4155e-06 2.61921
2.417e-06 0
2.4185e-06 0
2.42e-06 0.00137244
2.4215e-06 6.54775
2.423e-06 4.17355
2.4245e-06 2.6564
2.426e-06 1.4301
2.4275e-06 0.753976
2.429e-06 1.00635
2.4305e-06 0
2.432e-06 0
2.4335e-06 0
2.435e-06 1.46584
2.4365e-06 6.64456
2.438e-06 0
2.4395e-06 5.98141
2.441e-06 0
2.4425e-06 2.8159
2.444e-06 0
2.4455e-06 1.80333
2.447e-06 2.44874
2.4485e-06 3.60395
2.45e-06 2.82238
2.4515e-06 0.000351198
2.453e-06 3.11848
2.4545e-06 8.32185
2.456e-06 2.70997
2.4575e-06 0
2.459e-06 3.56429
2.4605e-06 4.47597
2.462e-06 14.9377
2.4635e-06 2.29587
2.465e-06 1.53341
2.4665e-06 1.12135
2.468e-06 0.000342252
2.4695e-06 0.000152153
2.471e-06 21.0579
2.4725e-06 2.0982
2.474e-06 0.000568553
2.4755e-06 1.03894
2.477e-06 1.3115
2.4785e-06 10.0348
2.48e-06 0.000288269
2.4815e-06 13.7113
2.483e-06 1.04723
2.4845e-06 4.57056
2.486e-06 5.43306
2.4875e-06 2.5835
2.489e-06 0.338962
2.4905e-06 4.46622
2.492e-06 7.22494
2.4935e-06 5.57576
2.495e-06 0.272365
2.4965e-06 0
2.498e-06 1.34075
2.4995e-06 5.7061
2.501e-06 2.20052
2.5025e-06 2.19012
2.504e-06 19.1707
2.5055e-06 3.2377
2.507e-06 15.2714
2.5085e-06 9.70875
2.51e-06 3.11743
2.5115e-06 1.86299
2.513e-06 2.50699
2.5145e-06 7.11957
2.516e-06 0.000436521
2.5175e-06 13.5872
2.519e-06 3.40182
2.5205e-06 1.08289
2.522e-06 1.2386
2.5235e-06 14.5863
2.525e-06 19.0823
2.5265e-06 6.12506
2.528e-06 8.37733
2.5295e-06 5.50326
2.531e-06 7.43257
2.5325e-06 2.1272
2.534e-06 7.66726
2.5355e-06 1.09321
2.537e-06 5.07112
2.5385e-06 5.10973
2.54e-06 14.0545
2.5415e-06 4.61941
2.543e-06 21.16
2.5445e-06 5.75154
2.546e-06 5.32536
2.5475e-06 6.93967
2.549e-06 8.55004
2.5505e-06 10.8313
2.552e-06 5.84883
2.5535e-06 0.932979
2.555e-06 26.1166
2.5565e-06 10.3549
2.558e-06 1.27606
2.5595e-06 24.672
2.561e-06 18.5784
2.5625e-06 0
2.564e-06 3.36208
2.5655e-06 18.8837
2.567e-06 6.03022
2.5685e-06 4.24875
2.57e-06 0.890384
2.5715e-06 4.91752
2.573e-06 4.99411
2.5745e-06 26.4185
2.576e-06 16.2105
2.5775e-06 14.938
2.579e-06 2.8856
2.5805e-06 9.85829
2.582e-06 13.0468
2.5835e-06 1.18003
2.585e-06 3.92452
2.5865e-06 0.76089
2.588e-06 5.46395
2.5895e-06 15.666
2.591e-06 19.1686
2.5925e-06 11.5534
2.594e-06 13.993
2.5955e-06 15.0142
2.597e-06 1.12043
2.5985e-06 8.67293
2.6e-06 9.08382
2.6015e-06 1.76841
2.603e-06 1.34296
2.6045e-06 44.6383
2.606e-06 7.94181
2.6075e-06 12.6936
2.609e-06 1.3162
2.6105e-06 3.11143
2.612e-06 2.70607
2.6135e-06 14.2964
2.615e-06 12.2472
2.6165e-06 12.3375
2.618e-06 19.7316
2.6195e-06 6.11523
2.621e-06 2.37796
2.6225e-06 16.9901
2.624e-06 27.9041
2.6255e-06 3.44114
2.627e-06 14.6334
2.6285e-06 16.7263
2.63e-06 12.018
2.6315e-06 20.2786
2.633e-06 2.5497
2.6345e-06 10.1687
2.636e-06 9.49063
2.6375e-06 7.81694
2.639e-06 21.3226
2.6405e-06 25.769
2.642e-06 30.3628
2.6435e-06 3.37373
2.645e-06 22.8932
2.6465e-06 21.2233
2.648e-06 15.6887
2.6495e-06 13.6536
2.651e-06 9.92875
2.6525e-06 6.91809
2.654e-06 9.39059
2.6555e-06 19.5236
2.657e-06 20.6943
2.6585e-06 14.003
2.66e-06 31.1198
2.6615e-06 3.98467
2.663e-06 1.31051
2.6645e-06 8.387
2.666e-06 16.2853
2.6675e-06 5.67109
2.669e-06 26.3766
2.6705e-06 15.1215
2.672e-06 16.8536
2.6735e-06 19.1051
2.675e-06 31.225
2.6765e-06 17.6056
2.678e-06 8.53123
2.6795e-06 24.631
2.681e-06 2.02102
2.6825e-06 8.99592
2.684e-06 2.57071
2.6855e-06 16.9663
2.687e-06 12.6917
2.6885e-06 22.5191
2.69e-06 14.4202
2.6915e-06 1.40529
2.693e-06 10.7962
2.6945e-06 16.4342
2.696e-06 25.1281
2.6975e-06 7.40211
2.699e-06 14.3258
2.7005e-06 26.5817
2.702e-06 11.3322
2.7035e-06 20.3099
2.705e-06 20.7668
2.7065e-06 33.7281
2.708e-06 28.2735
2.7095e-06 19.8188
2.711e-06 33.3523
2.7125e-06 19.374
2.714e-06 21.1388
2.7155e-06 8.15377
2.717e-06 20.019
2.7185e-06 20.6855
2.72e-06 17.7742
2.7215e-06 31.7433
2.723e-06 25.4476
2.7245e-06 8.5046
2.726e-06 13.5713
2.7275e-06 18.7435
2.729e-06 19.104
2.7305e-06 20.5872
2.732e-06 19.5997
2.7335e-06 48.1952
2.735e-06 3.77976
2.7365e-06 13.2734
2.738e-06 21.0506
2.7395e-06 16.4602
2.741e-06 37.4394
2.7425e-06 16.8972
2.744e-06 22.7332
2.7455e-06 1.68744
2.747e-06 18.6722
2.7485e-06 14.1209
2.75e-06 14.3113
2.7515e-06 77.1706
2.753e-06 26.804
2.7545e-06 13.8146
2.756e-06 48.3029
2.7575e-06 13.2022
2.759e-06 39.8569
2.7605e-06 19.363
2.762e-06 20.0687
2.7635e-06 30.6619
2.765e-06 27.8551
2.7665e-06 18.4196
2.768e-06 24.3243
2.7695e-06 30.8386
2.771e-06 15.8433
2.7725e-06 27.5978
2.774e-06 25.4766
2.7755e-06 20.2802
2.777e-06 42.0076
2.7785e-06 22.8798
2.78e-06 19.2517
2.7815e-06 25.1421
2.783e-06 35.9792
2.7845e-06 43.595
2.786e-06 14.1497
2.7875e-06 10.545
2.789e-06 25.0779
2.7905e-06 39.6043
2.792e-06 31.2978
2.7935e-06 23.4062
2.795e-06 44.7769
2.7965e-06 23.868
2.798e-06 20.1049
2.7995e-06 17.8179
2.801e-06 33.5886
2.8025e-06 36.5941
2.804e-06 21.9761
2.8055e-06 16.0724
2.807e-06 52.658
2.8085e-06 25.6598
2.81e-06 26.516
2.8115e-06 47.2924
2.813e-06 26.0773
2.8145e-06 33.6349
2.816e-06 30.8579
2.8175e-06 35.6526
2.819e-06 36.4226
2.8205e-06 10.1026
2.822e-06 35.964
2.8235e-06 31.1758
2.825e-06 20.5774
2.8265e-06 22.9446
2.828e-06 26.8702
2.8295e-06 26.717
2.831e-06 25.977
2.8325e-06 26.5127
2.834e-06 29.3827
2.8355e-06 32.212
2.837e-06 12.3294
2.8385e-06 41.8709
2.84e-06 20.9272
2.8415e-06 23.9997
2.843e-06 36.6887
2.8445e-06 15.4629
2.846e-06 5.48161
2.8475e-06 13.6329
2.849e-06 31.3389
2.8505e-06 27.9927
2.852e-06 16.1507
2.8535e-06 18.2971
2.855e-06 24.495
2.8565e-06 29.933
2.858e-06 28.6911
2.8595e-06 20.3575
2.861e-06 23.9977
2.8625e-06 23.5598
2.864e-06 11.8615
2.8655e-06 43.4295
2.867e-06 31.9034
2.8685e-06 28.713
2.87e-06 49.8641
2.8715e-06 33.6206
2.873e-06 84.4619
2.8745e-06 21.5267
2.876e-06 67.1121
2.8775e-06 37.3757
2.879e-06 30.0116
2.8805e-06 39.4083
2.882e-06 22.953
2.8835e-06 38.6134
2.885e-06 41.8269
2.8865e-06 30.5468
2.888e-06 26.9752
2.8895e-06 32.3391
2.891e-06 38.6571
2.8925e-06 20.1525
2.894e-06 37.5972
2.8955e-06 57.0436
2.897e-06 44.9897
2.8985e-06 79.3206
2.9e-06 49.1837
2.9015e-06 39.9922
2.903e-06 27.83
2.9045e-06 19.5216
2.906e-06 62.9556
2.9075e-06 53.5907
2.909e-06 29.0661
2.9105e-06 40.2532
2.912e-06 64.4479
2.9135e-06 60.4682
2.915e-06 46.2477
2.9165e-06 30.7249
2.918e-06 38.5869
2.9195e-06 70.7641
2.921e-06 31.1036
2.9225e-06 39.816
2.924e-06 53.9948
2.9255e-06 32.7777
2.927e-06 55.7946
2.9285e-06 17.7134
2.93e-06 74.3844
2.9315e-06 82.9353
2.933e-06 45.583
2.9345e-06 76.106
2.936e-06 41.7353
2.9375e-06 65.0991
2.939e-06 18.9336
2.9405e-06 55.2713
2.942e-06 41.1093
2.9435e-06 76.9899
2.945e-06 29.1849
2.9465e-06 69.5784
2.948e-06 36.7988
2.9495e-06 32.4669
2.951e-06 60.5397
2.9525e-06 55.2105
2.954e-06 39.8625
2.9555e-06 37.1884
2.957e-06 56.8039
2.9585e-06 87.102
2.96e-06 46.4592
2.9615e-06 84.6907
2.963e-06 61.1905
2.9645e-06 32.1809
2.966e-06 42.7032
2.9675e-06 25.0616
2.969e-06 40.0294
2.9705e-06 84.9946
2.972e-06 39.2238
2.9735e-06 37.0233
2.975e-06 59.6561
2.9765e-06 49.5435
2.978e-06 17.959
2.9795e-06 57.8797
2.981e-06 46.7244
2.9825e-06 46.7864
2.984e-06 63.7614
2.9855e-06 76.9059
2.987e-06 61.6259
2.9885e-06 89.2195
2.99e-06 52.3641
2.9915e-06 60.7718
2.993e-06 35.0826
2.9945e-06 83.9798
2.996e-06 84.7769
2.9975e-06 23.8461
2.999e-06 32.1961
3.0005e-06 25.7417
3.002e-06 36.7771
3.0035e-06 71.9674
3.005e-06 55.9344
3.0065e-06 50.8729
3.008e-06 40.0398
3.0095e-06 36.0096
3.011e-06 42.4344
3.0125e-06 40.1448
3.014e-06 55.7399
3.0155e-06 23.6852
3.017e-06 111.583
3.0185e-06 51.9396
3.02e-06 63.6384
3.0215e-06 70.671
3.023e-06 61.7698
3.0245e-06 116.103
3.026e-06 82.1103
3.0275e-06 24.3745
3.029e-06 69.9816
3.0305e-06 22.2753
3.032e-06 64.9556
3.0335e-06 46.7332
3.035e-06 89.6158
3.0365e-06 63.1741
3.038e-06 70.4458
3.0395e-06 76.8163
3.041e-06 62.8501
3.0425e-06 51.0828
3.044e-06 97.5876
3.0455e-06 57.291
3.047e-06 74.6645
3.0485e-06 86.8407
3.05e-06 54.7929
3.0515e-06 39.8933
3.053e-06 45.7838
3.0545e-06 36.7643
3.056e-06 42.9427
3.0575e-06 46.8282
3.059e-06 41.3196
3.0605e-06 36.4433
3.062e-06 35.8342
3.0635e-06 75.9606
3.065e-06 68.0988
3.0665e-06 73.5216
3.068e-06 48.092
3.0695e-06 87.1683
3.071e-06 91.7041
3.0725e-06 47.9137
3.074e-06 79.4558
3.0755e-06 52.4893
3.077e-06 75.0213
3.0785e-06 65.7062
3.08e-06 51.3437
3.0815e-06 69.4264
3.083e-06 51.8065
3.0845e-06 53.099
3.086e-06 73.5944
3.0875e-06 79.7212
3.089e-06 118.586
3.0905e-06 60.1784
3.092e-06 53.1695
3.0935e-06 60.8462
3.095e-06 97.7533
3.0965e-06 89.7577
3.098e-06 61.0573
3.0995e-06 73.4032
3.101e-06 78.9441
3.1025e-06 51.736
3.104e-06 53.2767
3.1055e-06 53.3699
3.107e-06 47.1939
3.1085e-06 90.5023
3.11e-06 77.2476
3.1115e-06 105.809
3.113e-06 136.111
3.1145e-06 89.2438
3.116e-06 96.0573
3.1175e-06 108.541
3.119e-06 92.1472
3.1205e-06 120.729
3.122e-06 98.9153
3.1235e-06 82.5409
3.125e-06 103.35
3.1265e-06 135.687
3.128e-06 93.1167
3.1295e-06 115.843
3.131e-06 90.7321
3.1325e-06 68.0127
3.134e-06 118.84
3.1355e-06 100.849
3.137e-06 102.865
3.1385e-06 94.4174
3.14e-06 148.895
3.1415e-06 81.2945
3.143e-06 97.6493
3.1445e-06 117.158
3.146e-06 107.584
3.1475e-06 99.949
3.149e-06 156.558
3.1505e-06 71.0726
3.152e-06 54.5351
3.1535e-06 94.8396
3.155e-06 109.287
3.1565e-06 90.1058
3.158e-06 99.6403
3.1595e-06 95.8861
3.161e-06 91.1655
3.1625e-06 85.783
3.164e-06 125.173
3.1655e-06 75.5269
3.167e-06 75.5351
3.1685e-06 79.8148
3.17e-06 35.7573
3.1715e-06 53.4326
3.173e-06 118.875
3.1745e-06 100.891
3.176e-06 67.5129
3.1775e-06 85.4299
3.179e-06 90.6295
3.1805e-06 90.7061
3.182e-06 69.438
3.1835e-06 107.562
3.185e-06 79.1156
3.1865e-06 103.915
3.188e-06 83.8972
3.1895e-06 96.6682
3.191e-06 81.9334
3.1925e-06 87.0928
3.194e-06 122.999
3.1955e-06 95.9792
3.197e-06 141.695
3.1985e-06 119.2
3.2e-06 70.7586
3.2015e-06 123.306
3.203e-06 93.8834
3.2045e-06 72.1236
3.206e-06 84.6714
3.2075e-06 105.276
3.209e-06 87.1129
3.2105e-06 157.964
3.212e-06 118.855
3.2135e-06 96.7404
3.215e-06 50.1094
3.2165e-06 91.6246
3.218e-06 128.844
3.2195e-06 102.011
3.221e-06 115.405
3.2225e-06 137.212
3.224e-06 80.7983
3.2255e-06 68.8049
3.227e-06 123.153
3.2285e-06 177.799
3.23e-06 104.576
3.2315e-06 356.414
3.233e-06 814.273
3.2345e-06 875.235
3.236e-06 771.693
3.2375e-06 842.594
3.239e-06 785.012
3.2405e-06 721.017
3.242e-06 714.891
3.2435e-06 626.671
3.245e-06 694.932
3.2465e-06 632.078
3.248e-06 603.576
3.2495e-06 566.728
3.251e-06 614.618
3.2525e-06 542.447
3.254e-06 518.476
3.2555e-06 551.202
3.257e-06 518.039
3.2585e-06 551.832
3.26e-06 527.002
3.2615e-06 496.098
3.263e-06 498.595
3.2645e-06 422.782
3.266e-06 506.107
3.2675e-06 438.488
3.269e-06 445.215
3.2705e-06 455.53
3.272e-06 411.667
3.2735e-06 384.514
3.275e-06 418.1
3.2765e-06 389.728
3.278e-06 385.972
3.2795e-06 404.894
3.281e-06 344.459
3.2825e-06 262.209
3.284e-06 300.823
3.2855e-06 399.567
3.287e-06 330.797
3.2885e-06 317.602
3.29e-06 332.763
3.2915e-06 269.781
3.293e-06 352.53
3.2945e-06 337.341
3.296e-06 283.443
3.2975e-06 318.39
3.299e-06 293.997
3.3005e-06 269.26
3.302e-06 340.078
3.3035e-06 408.146
3.305e-06 224.233
3.3065e-06 379.422
3.308e-06 247.071
3.3095e-06 259.925
3.311e-06 286.618
3.3125e-06 317.773
3.314e-06 316.298
3.3155e-06 308.489
3.317e-06 273.831
3.3185e-06 216.202
3.32e-06 239.198
3.3215e-06 218.386
3.323e-06 298.114
3.3245e-06 287.548
3.326e-06 301.497
3.3275e-06 269.727
3.329e-06 327.634
3.3305e-06 314.39
3.332e-06 325.326
3.3335e-06 253.074
3.335e-06 331.223
3.3365e-06 276.558
3.338e-06 269.492
3.3395e-06 281.519
3.341e-06 321.923
3.3425e-06 309.307
3.344e-06 291.674
3.3455e-06 252.08
3.347e-06 232.245
3.3485e-06 288.086
3.35e-06 310.972
3.3515e-06 233.781
3.353e-06 245.002
3.3545e-06 257.474
3.356e-06 352.106
3.3575e-06 320.275
3.359e-06 245.708
3.3605e-06 233.16
3.362e-06 295.013
3.3635e-06 272.431
3.365e-06 234.638
3.3665e-06 235.228
3.368e-06 236.362
3.3695e-06 360.5
3.371e-06 318.324
3.3725e-06 288.877
3.374e-06 304.487
3.3755e-06 275.48
3.377e-06 298.111
3.3785e-06 240.621
3.38e-06 261.928
3.3815e-06 234.902
3.383e-06 184.604
3.3845e-06 310.069
3.386e-06 318.161
3.3875e-06 314.652
3.389e-06 259.477
3.3905e-06 276.019
3.392e-06 285.816
3.3935e-06 274.474
3.395e-06 238.98
3.3965e-06 274.629
3.398e-06 210.874
3.3995e-06 312.855
3.401e-06 275.598
3.4025e-06 320.555
3.404e-06 196.998
3.4055e-06 191.433
3.407e-06 273.677
3.4085e-06 146.217
3.41e-06 256.189
3.4115e-06 332.58
3.413e-06 228.655
3.4145e-06 310.088
3.416e-06 280.046
3.4175e-06 229.745
3.419e-06 253.31
3.4205e-06 225.628
3.422e-06 178.701
3.4235e-06 292.871
3.425e-06 242.711
3.4265e-06 260.462
3.428e-06 237.844
3.4295e-06 230.48
3.431e-06 277.93
3.4325e-06 205.009
3.434e-06 322.149
3.4355e-06 202.386
3.437e-06 237.628
3.4385e-06 205.908
3.44e-06 226.549
3.4415e-06 291.866
3.443e-06 250.42
3.4445e-06 239.401
3.446e-06 267.622
3.4475e-06 288.323
3.449e-06 247.546
3.4505e-06 202.881
3.452e-06 221.057
3.4535e-06 328.854
3.455e-06 228.179
3.4565e-06 232.102
3.458e-06 203.936
3.4595e-06 237.625
3.461e-06 241.004
3.4625e-06 294.958
3.464e-06 206.981
3.4655e-06 231.99
3.467e-06 241.742
3.4685e-06 203.12
3.47e-06 285.151
3.4715e-06 259.057
3.473e-06 288.878
3.4745e-06 315.884
3.476e-06 207.628
3.4775e-06 250.864
3.479e-06 300.943
3.4805e-06 272.046
3.482e-06 250.479
3.4835e-06 189.938
3.485e-06 196.834
3.4865e-06 231.465
3.488e-06 260.084
3.4895e-06 281.047
3.491e-06 269.218
3.4925e-06 263.167
3.494e-06 290.738
3.4955e-06 303.787
3.497e-06 271.387
3.4985e-06 226.673
3.5e-06 205.849
3.5015e-06 289.674
3.503e-06 268.457
3.5045e-06 262.99
3.506e-06 254.28
3.5075e-06 224.019
3.509e-06 238.183
3.5105e-06 306.571
3.512e-06 242.263
3.5135e-06 294.483
3.515e-06 269.056
3.5165e-06 275.446
3.518e-06 290.282
3.5195e-06 229.458
3.521e-06 214.338
3.5225e-06 250.641
3.524e-06 222.81
3.5255e-06 208.004
3.527e-06 193.916
3.5285e-06 239.068
3.53e-06 221.373
3.5315e-06 268.667
3.533e-06 259.811
3.5345e-06 312.972
3.536e-06 284.055
3.5375e-06 306.506
3.539e-06 290.433
3.5405e-06 298.319
3.542e-06 379.209
3.5435e-06 270.213
3.545e-06 247.273
3.5465e-06 301.188
3.548e-06 269.359
3.5495e-06 267.458
3.551e-06 281.792
3.5525e-06 230.94
3.554e-06 237.048
3.5555e-06 326.359
3.557e-06 310.838
3.5585e-06 234.483
3.56e-06 269.251
3.5615e-06 293.729
3.563e-06 305.353
3.5645e-06 361.782
3.566e-06 296.629
3.5675e-06 310.799
3.569e-06 271.215
3.5705e-06 274.832
3.572e-06 256.471
3.5735e-06 232.549
3.575e-06 301.912
3.5765e-06 269.828
3.578e-06 345.627
3.5795e-06 308.379
3.581e-06 239.654
3.5825e-06 336.92
3.584e-06 243.039
3.5855e-06 263.214
3.587e-06 321.284
3.5885e-06 312.382
3.59e-06 330.938
3.5915e-06 284.641
3.593e-06 257.133
3.5945e-06 280.357
3.596e-06 372.002
3.5975e-06 324.778
3.599e-06 291.054
3.6005e-06 314.552
3.602e-06 331.3
3.6035e-06 280.836
3.605e-06 298.293
3.6065e-06 270.765
3.608e-06 279.276
3.6095e-06 306.254
3.611e-06 257.739
3.6125e-06 240.6
3.614e-06 348.55
3.6155e-06 245.401
3.617e-06 260.097
3.6185e-06 264.081
3.62e-06 244.121
3.6215e-06 252.886
3.623e-06 273.274
3.6245e-06 230.678
3.626e-06 268.768
3.6275e-06 257.709
3.629e-06 282.032
3.6305e-06 238.509
3.632e-06 218.421
3.6335e-06 278.213
3.635e-06 199.015
3.6365e-06 223.14
3.638e-06 236.018
3.6395e-06 235.213
3.641e-06 222.904
3.6425e-06 255.322
3.644e-06 244.87
3.6455e-06 270.914
3.647e-06 200.107
3.6485e-06 192.292
3.65e-06 279.821
3.6515e-06 184.453
3.653e-06 168.061
3.6545e-06 208.103
3.656e-06 228.003
3.6575e-06 267.786
3.659e-06 262.354
3.6605e-06 226.023
3.662e-06 215.814
3.6635e-06 209.779
3.665e-06 189.398
3.6665e-06 186.223
3.668e-06 150.76
3.6695e-06 192.025
3.671e-06 226.155
3.6725e-06 223.911
3.674e-06 244.596
3.6755e-06 280.31
3.677e-06 211.14
3.6785e-06 218.75
3.68e-06 227.928
3.6815e-06 158.623
3.683e-06 201.581
3.6845e-06 279.42
3.686e-06 160.374
3.6875e-06 218.534
3.689e-06 305.3
3.6905e-06 244.889
3.692e-06 238.634
3.6935e-06 209.578
3.695e-06 237.079
3.6965e-06 245.536
3.698e-06 216.548
3.6995e-06 250.647
3.701e-06 264.126
3.7025e-06 241.6
3.704e-06 218.604
3.7055e-06 172.844
3.707e-06 218.929
3.7085e-06 290.299
3.71e-06 181.369
3.7115e-06 222.703
3.713e-06 280.879
3.7145e-06 225.696
3.716e-06 236.553
3.7175e-06 304.172
3.719e-06 266.506
3.7205e-06 224.103
3.722e-06 260.173
3.7235e-06 228.48
3.725e-06 199.826
3.7265e-06 240.964
3.728e-06 251.417
3.7295e-06 238.376
3.731e-06 222.953
3.7325e-06 226.368
3.734e-06 241.966
3.7355e-06 238.251
3.737e-06 228.989
3.7385e-06 249.536
3.74e-06 269.205
3.7415e-06 247.49
3.743e-06 262.766
3.7445e-06 209.354
3.746e-06 241.749
3.7475e-06 244.016
3.749e-06 216.351
3.7505e-06 215.758
3.752e-06 279.772
3.7535e-06 161.016
3.755e-06 199.351
3.7565e-06 161.049
3.758e-06 156.571
3.7595e-06 186.099
3.761e-06 128.679
3.7625e-06 196.195
3.764e-06 214.977
3.7655e-06 199.273
3.767e-06 215.21
3.7685e-06 166.396
3.77e-06 189.665
3.7715e-06 222.077
3.773e-06 186.307
3.7745e-06 120.882
3.776e-06 231.678
3.7775e-06 154.322
3.779e-06 252.878
3.7805e-06 193.587
3.782e-06 187.494
3.7835e-06 213.924
3.785e-06 186.203
3.7865e-06 214.352
3.788e-06 215.578
3.7895e-06 115.514
3.791e-06 103.7
3.7925e-06 241.766
3.794e-06 237.963
3.7955e-06 156.511
3.797e-06 104.434
3.7985e-06 125.756
3.8e-06 108.24
3.8015e-06 94.1737
3.803e-06 170.478
3.8045e-06 123.527
3.806e-06 120.774
3.8075e-06 150.283
3.809e-06 117.943
3.8105e-06 79.4407
3.812e-06 115.586
3.8135e-06 106.196
3.815e-06 112.062
3.8165e-06 160.87
3.818e-06 124.565
3.8195e-06 163.452
3.821e-06 82.3612
3.8225e-06 113.003
3.824e-06 112.915
3.8255e-06 112.09
3.827e-06 69.7348
3.8285e-06 70.1489
3.83e-06 38.8116
3.8315e-06 50.9693
3.833e-06 49.5785
3.8345e-06 84.6905
3.836e-06 27.6507
3.8375e-06 57.0421
3.839e-06 56.1602
3.8405e-06 87.7645
3.842e-06 61.2924
3.8435e-06 57.228
3.845e-06 79.8878
3.8465e-06 51.6754
3.848e-06 92.8713
3.8495e-06 41.4146
3.851e-06 49.6288
3.8525e-06 94.6049
3.854e-06 42.8487
3.8555e-06 54.6827
3.857e-06 31.041
3.8585e-06 13.8941
3.86e-06 47.6237
3.8615e-06 18.2306
3.863e-06 9.20848
3.8645e-06 32.162
3.866e-06 24.0455
3.8675e-06 25.1157
3.869e-06 20.5889
3.8705e-06 27.6473
3.872e-06 19.8939
3.8735e-06 24.5202
3.875e-06 38.1851
3.8765e-06 8.27561
3.878e-06 32.478
3.8795e-06 25.9814
3.881e-06 27.9989
3.8825e-06 32.331
3.884e-06 29.8466
3.8855e-06 62.1716
3.887e-06 27.9659
3.8885e-06 16.3991
3.89e-06 13.1164
3.8915e-06 17.0931
3.893e-06 43.7978
3.8945e-06 11.7095
3.896e-06 30.073
3.8975e-06 32.6592
3.899e-06 0
3.9005e-06 0
3.902e-06 0
3.9035e-06 0
3.905e-06 0
3.9065e-06 0
3.908e-06 0
3.9095e-06 0
3.911e-06 0
3.9125e-06 0
3.914e-06 0
3.9155e-06 0
3.917e-06 0
3.9185e-06 0
3.92e-06 0
3.9215e-06 0
3.923e-06 0
3.9245e-06 0
3.926e-06 0
3.9275e-06 0
3.929e-06 0
3.9305e-06 0
3.932e-06 0
3.9335e-06 0
3.935e-06 0
3.9365e-06 0
3.938e-06 0
3.9395e-06 0
3.941e-06 0
3.9425e-06 0
3.944e-06 0
3.9455e-06 0
3.947e-06 0
3.9485e-06 0
3.95e-06 0
3.9515e-06 0
3.953e-06 0
3.9545e-06 0
3.956e-06 0
3.9575e-06 0
3.959e-06 0
3.9605e-06 0
3.962e-06 0
3.9635e-06 0
3.965e-06 0
3.9665e-06 0
3.968e-06 0
3.9695e-06 0
3.971e-06 0
3.9725e-06 0
3.974e-06 0
3.9755e-06 0
3.977e-06 0
3.9785e-06 0
3.98e-06 0
3.9815e-06 0
3.983e-06 0
3.9845e-06 0
3.986e-06 0
3.9875e-06 0
3.989e-06 0
3.9905e-06 0
3.992e-06 0
3.9935e-06 0
3.995e-06 0
3.9965e-06 0
3.998e-06 0
3.9995e-06 0
4.001e-06 0
4.0025e-06 0
4.004e-06 0
4.0055e-06 0
4.007e-06 0
4.0085e-06 0
4.01e-06 0
4.0115e-06 0
4.013e-06 0
4.0145e-06 0
4.016e-06 0
4.0175e-06 0
4.019e-06 0
4.0205e-06 0
4.022e-06 0
4.0235e-06 0
4.025e-06 0
4.0265e-06 0
4.028e-06 0
4.0295e-06 0
4.031e-06 0
4.0325e-06 0
4.034e-06 0
4.0355e-06 0
4.037e-06 0
4.0385e-06 0
4.04e-06 0
4.0415e-06 0
4.043e-06 0
4.0445e-06 0
4.046e-06 0
4.0475e-06 0
4.049e-06 0
4.0505e-06 0
4.052e-06 0
4.0535e-06 0
4.055e-06 0
4.0565e-06 0
4.058e-06 0
4.0595e-06 0
4.061e-06 0
4.0625e-06 0
4.064e-06 0
4.0655e-06 0
4.067e-06 0
4.0685e-06 0
4.07e-06 0
4.0715e-06 0
4.073e-06 0
4.0745e-06 0
4.076e-06 0
4.0775e-06 0
4.079e-06 0
4.0805e-06 0
4.082e-06 0
4.0835e-06 0
4.085e-06 0
4.0865e-06 0
4.088e-06 0
4.0895e-06 0
4.091e-06 0
4.0925e-06 0
4.094e-06 0
4.0955e-06 0
4.097e-06 0
4.0985e-06 0
4.1e-06 0
4.1015e-06 0
4.103e-06 0
4.1045e-06 0
4.106e-06 0
4.1075e-06 0
4.109e-06 0
4.1105e-06 0
4.112e-06 0
4.1135e-06 0
4.115e-06 0
4.1165e-06 0
4.118e-06 0
4.1195e-06 0
4.121e-06 0
4.1225e-06 0
4.124e-06 0
4.1255e-06 0
4.127e-06 0
4.1285e-06 0
4.13e-06 0
4.1315e-06 0
4.133e-06 0
4.1345e-06 0
4.136e-06 0
4.1375e-06 0
4.139e-06 0
4.1405e-06 0
4.142e-06 0
4.1435e-06 0
4.145e-06 0
4.1465e-06 0
4.148e-06 0
4.1495e-06 0
4.151e-06 0
4.1525e-06 0
4.154e-06 0
4.1555e-06 0
4.157e-06 0
4.1585e-06 0
4.16e-06 0
4.1615e-06 0
4.163e-06 0
4.1645e-06 0
4.166e-06 0
4.1675e-06 0
4.169e-06 0
4.1705e-06 0
4.172e-06 0
4.1735e-06 0
4.175e-06 0
4.1765e-06 0
4.178e-06 0
4.1795e-06 0
4.181e-06 0
4.1825e-06 0
4.184e-06 0
4.1855e-06 0
4.187e-06 0
4.1885e-06 0
4.19e-06 0
4.1915e-06 0
4.193e-06 0
4.1945e-06 0
4.196e-06 0
4.1975e-06 0
4.199e-06 0
4.2005e-06 0
4.202e-06 0
4.2035e-06 0
4.205e-06 0
4.2065e-06 0
4.208e-06 0
4.2095e-06 0
4.211e-06 0
4.2125e-06 0
4.214e-06 0
4.2155e-06 0
4.217e-06 0
4.2185e-06 0
4.22e-06 0
4.2215e-06 0
4.223e-06 0
4.2245e-06 0
4.226e-06 0
4.2275e-06 0
4.229e-06 0
4.2305e-06 0
4.232e-06 0
4.2335e-06 0
4.235e-06 0
4.2365e-06 0
4.238e-06 0
4.2395e-06 0
4.241e-06 0
4.2425e-06 0
4.244e-06 0
4.2455e-06 0
4.247e-06 0
4.2485e-06 0
4.25e-06 0
4.2515e-06 0
4.253e-06 0
4.2545e-06 0
4.256e-06 0
4.2575e-06 0
4.259e-06 0
4.2605e-06 0
4.262e-06 0
4.2635e-06 0
4.265e-06 0
4.2665e-06 0
4.268e-06 0
4.2695e-06 0
4.271e-06 0
4.2725e-06 0
4.274e-06 0
4.2755e-06 0
4.277e-06 0
4.2785e-06 0
4.28e-06 0
4.2815e-06 0
4.283e-06 0
4.2845e-06 0
4.286e-06 0
4.2875e-06 0
4.289e-06 0
4.2905e-06 0
4.292e-06 0
4.2935e-06 0
4.295e-06 0
4.2965e-06 0
4.298e-06 0
4.2995e-06 0
4.301e-06 0
4.3025e-06 0
4.304e-06 0
4.3055e-06 0
4.307e-06 0
4.3085e-06 0
4.31e-06 0
4.3115e-06 0
4.313e-06 0
4.3145e-06 0
4.316e-06 0
4.3175e-06 0
4.319e-06 0
4.3205e-06 0
4.322e-06 0
4.3235e-06 0
4.325e-06 0
4.3265e-06 0
4.328e-06 0
4.3295e-06 0
4.331e-06 0
4.3325e-06 0
4.334e-06 0
4.3355e-06 0
4.337e-06 0
4.3385e-06 0
4.34e-06 0
4.3415e-06 0
4.343e-06 0
4.3445e-06 0
4.346e-06 0
4.3475e-06 0
4.349e-06 0
4.3505e-06 0
4.352e-06 0
4.3535e-06 0
4.355e-06 0
4.3565e-06 0
4.358e-06 0
4.3595e-06 0
4.361e-06 0
4.3625e-06 0
4.364e-06 0
4.3655e-06 0
4.367e-06 0
4.3685e-06 0
4.37e-06 0
4.3715e-06 0
4.373e-06 0
4.3745e-06 0
4.376e-06 0
4.3775e-06 0
4.379e-06 0
4.3805e-06 0
4.382e-06 0
4.3835e-06 0
4.385e-06 0
4.3865e-06 0
4.388e-06 0
4.3895e-06 0
4.391e-06 0
4.3925e-06 0
4.394e-06 0
4.3955e-06 0
4.397e-06 0
4.3985e-06 0
4.4e-06 0
4.4015e-06 0
4.403e-06 0
4.4045e-06 0
4.406e-06 0
4.4075e-06 0
4.409e-06 0
4.4105e-06 0
4.412e-06 0
4.4135e-06 0
4.415e-06 0
4.4165e-06 0
4.418e-06 0
4.4195e-06 0
4.421e-06 0
4.4225e-06 0
4.424e-06 0
4.4255e-06 0
4.427e-06 0
4.4285e-06 0
4.43e-06 0
4.4315e-06 0
4.433e-06 0
4.4345e-06 0
4.436e-06 0
4.4375e-06 0
4.439e-06 0
4.4405e-06 0
4.442e-06 0
4.4435e-06 0
4.445e-06 0
4.4465e-06 0
4.448e-06 0
4.4495e-06 0
4.451e-06 0
4.4525e-06 0
4.454e-06 0
4.4555e-06 0
4.457e-06 0
4.4585e-06 0
4.46e-06 0
4.4615e-06 0
4.463e-06 0
4.4645e-06 0
4.466e-06 0
4.4675e-06 0
4.469e-06 0
4.4705e-06 0
4.472e-06 0
4.4735e-06 0
4.475e-06 0
4.4765e-06 0
4.478e-06 0
4.4795e-06 0
4.481e-06 0
4.4825e-06 0
4.484e-06 0
4.4855e-06 0
4.487e-06 0
4.4885e-06 0
4.49e-06 0
4.4915e-06 0
4.493e-06 0
4.4945e-06 0
4.496e-06 0
4.4975e-06 0
4.499e-06 0
4.5005e-06 0
4.502e-06 0
4.5035e-06 0
4.505e-06 0
4.5065e-06 0
4.508e-06 0
4.5095e-06 0
4.511e-06 0
4.5125e-06 0
4.514e-06 0
4.5155e-06 0
4.517e-06 0
4.5185e-06 0
4.52e-06 0
4.5215e-06 0
4.523e-06 0
4.5245e-06 0
4.526e-06 0
4.5275e-06 0
4.529e-06 0
4.5305e-06 0
4.532e-06 0
4.5335e-06 0
4.535e-06 0
4.5365e-06 0
4.538e-06 0
4.5395e-06 0
4.541e-06 0
4.5425e-06 0
4.544e-06 0
4.5455e-06 0
4.547e-06 0
4.5485e-06 0
4.55e-06 0
4.5515e-06 0
4.553e-06 0
4.5545e-06 0
4.556e-06 0
4.5575e-06 0
4.559e-06 0
4.5605e-06 0
4.562e-06 0
4.5635e-06 0
4.565e-06 0
4.5665e-06 0
4.568e-06 0
4.5695e-06 0
4.571e-06 0
4.5725e-06 0
4.574e-06 0
4.5755e-06 0
4.577e-06 0
4.5785e-06 0
4.58e-06 0
4.5815e-06 0
4.583e-06 0
4.5845e-06 0
4.586e-06 0
4.5875e-06 0
4.589e-06 0
4.5905e-06 0
4.592e-06 0
4.5935e-06 0
4.595e-06 0
4.5965e-06 0
4.598e-06 0
4.5995e-06 0
4.601e-06 0
4.6025e-06 0
4.604e-06 0
4.6055e-06 0
4.607e-06 0
4.6085e-06 0
4.61e-06 0
4.6115e-06 0
4.613e-06 0
4.6145e-06 0
4.616e-06 0
4.6175e-06 0
4.619e-06 0
4.6205e-06 0
4.622e-06 0
4.6235e-06 0
4.625e-06 0
4.6265e-06 0
4.628e-06 0
4.6295e-06 0
4.631e-06 0
4.6325e-06 0
4.634e-06 0
4.6355e-06 0
4.637e-06 0
4.6385e-06 0
4.64e-06 0
4.6415e-06 0
4.643e-06 0
4.6445e-06 0
4.646e-06 0
4.6475e-06 0
4.649e-06 0
4.6505e-06 0
4.652e-06 0
4.6535e-06 0
4.655e-06 0
4.6565e-06 0
4.658e-06 0
4.6595e-06 0
4.661e-06 0
4.6625e-06 0
4.664e-06 0
4.6655e-06 0
4.667e-06 0
4.6685e-06 0
4.67e-06 0
4.6715e-06 0
4.673e-06 0
4.6745e-06 0
4.676e-06 0
4.6775e-06 0
4.679e-06 0
4.6805e-06 0
4.682e-06 0
4.6835e-06 0
4.685e-06 0
4.6865e-06 0
4.688e-06 0
4.6895e-06 0
4.691e-06 0
4.6925e-06 0
4.694e-06 0
4.6955e-06 0
4.697e-06 0
4.6985e-06 0
4.7e-06 0
4.7015e-06 0
4.703e-06 0
4.7045e-06 0
4.706e-06 0
4.7075e-06 0
4.709e-06 0
4.7105e-06 0
4.712e-06 0
4.7135e-06 0
4.715e-06 0
4.7165e-06 0
4.718e-06 0
4.7195e-06 0
4.721e-06 0
4.7225e-06 0
4.724e-06 0
4.7255e-06 0
4.727e-06 0
4.7285e-06 0
4.73e-06 0
4.7315e-06 0
4.733e-06 0
4.7345e-06 0
4.736e-06 0
4.7375e-06 0
4.739e-06 0
4.7405e-06 0
4.742e-06 0
4.7435e-06 0
4.745e-06 0
4.7465e-06 0
4.748e-06 0
4.7495e-06 0
4.751e-06 0
4.7525e-06 0
4.754e-06 0
4.7555e-06 0
4.757e-06 0
4.7585e-06 0
4.76e-06 0
4.7615e-06 0
4.763e-06 0
4.7645e-06 0
4.766e-06 0
4.7675e-06 0
4.769e-06 0
4.7705e-06 0
4.772e-06 0
4.7735e-06 0
4.775e-06 0
4.7765e-06 0
4.778e-06 0
4.7795e-06 0
4.781e-06 0
4.7825e-06 0
4.784e-06 0
4.7855e-06 0
4.787e-06 0
4.7885e-06 0
4.79e-06 0
4.7915e-06 0
4.793e-06 0
4.7945e-06 0
4.796e-06 0
4.7975e-06 0
4.799e-06 0
4.8005e-06 0
4.802e-06 0
4.8035e-06 0
4.805e-06 0
4.8065e-06 0
4.808e-06 0
4.8095e-06 0
4.811e-06 0
4.8125e-06 0
4.814e-06 0
4.8155e-06 0
4.817e-06 0
4.8185e-06 0
4.82e-06 0
4.8215e-06 0
4.823e-06 0
4.8245e-06 0
4.826e-06 0
4.8275e-06 0
4.829e-06 0
4.8305e-06 0
4.832e-06 0
4.8335e-06 0
4.835e-06 0
4.8365e-06 0
4.838e-06 0
4.8395e-06 0
4.841e-06 0
4.8425e-06 0
4.844e-06 0
4.8455e-06 0
4.847e-06 0
4.8485e-06 0
4.85e-06 0
4.8515e-06 0
4.853e-06 0
4.8545e-06 0
4.856e-06 0
4.8575e-06 0
4.859e-06 0
4.8605e-06 0
4.862e-06 0
4.8635e-06 0
4.865e-06 0
4.8665e-06 0
4.868e-06 0
4.8695e-06 0
4.871e-06 0
4.8725e-06 0
4.874e-06 0
4.8755e-06 0
4.877e-06 0
4.8785e-06 0
4.88e-06 0
4.8815e-06 0
4.883e-06 0
4.8845e-06 0
4.886e-06 0
4.8875e-06 0
4.889e-06 0
4.8905e-06 0
4.892e-06 0
4.8935e-06 0
4.895e-06 0
4.8965e-06 0
4.898e-06 0
4.8995e-06 0
4.901e-06 0
4.9025e-06 0
4.904e-06 0
4.9055e-06 0
4.907e-06 0
4.9085e-06 0
4.91e-06 0
4.9115e-06 0
4.913e-06 0
4.9145e-06 0
4.916e-06 0
4.9175e-06 0
4.919e-06 0
4.9205e-06 0
4.922e-06 0
4.9235e-06 0
4.925e-06 0
4.9265e-06 0
4.928e-06 0
4.9295e-06 0
4.931e-06 0
4.9325e-06 0
4.934e-06 0
4.9355e-06 0
4.937e-06 0
4.9385e-06 0
4.94e-06 0
4.9415e-06 0
4.943e-06 0
4.9445e-06 0
4.946e-06 0
4.9475e-06 0
4.949e-06 0
4.9505e-06 0
4.952e-06 0
4.9535e-06 0
4.955e-06 0
4.9565e-06 0
4.958e-06 0
4.9595e-06 0
4.961e-06 0
4.9625e-06 0
4.964e-06 0
4.9655e-06 0
4.967e-06 0
4.9685e-06 0
4.97e-06 0
4.9715e-06 0
4.973e-06 0
4.9745e-06 0
4.976e-06 0
4.9775e-06 0
4.979e-06 0
4.9805e-06 0
4.982e-06 0
4.9835e-06 0
4.985e-06 0
4.9865e-06 0
4.988e-06 0
4.9895e-06 0
4.991e-06 0
4.9925e-06 0
4.994e-06 0
4.9955e-06 0
4.997e-06 0
4.9985e-06 0
5e-06 0
