#################################### 
# Matrix Size= (39.9997,23.9997,39.9995)
# Resol      = (40,24,40)
# VoxelSize  = (0.999993,0.999989,0.999989)
# nbVal      = 38400
#################################### 
0 0 0 0 0 0 0 0 0 0 0 0 0 0 0 5 1 0 0 0 0 1 2 1 0 1 0 0 0 0 0 0 0 0 0 0 0 0 0 0 
0 0 1 0 0 0 0 0 0 0 1 0 1 2 0 1 1 1 0 0 2 1 1 0 0 1 1 2 0 0 0 0 0 0 0 0 0 0 0 0 
0 0 0 0 0 0 0 0 0 0 0 0 0 0 0 1 1 1 0 0 1 1 1 1 0 0 0 0 0 0 0 0 0 0 0 0 0 0 0 0 
0 0 0 0 0 0 0 0 0 0 0 0 0 1 1 2 0 0 0 1 1 1 0 2 0 0 0 1 1 0 0 0 0 0 0 0 0 0 0 0 
0 0 0 0 0 0 0 0 0 0 0 0 2 0 0 2 1 1 0 2 0 3 1 0 0 0 0 1 0 0 0 0 0 0 0 0 0 0 0 0 
0 0 0 0 0 0 0 0 0 0 0 0 0 0 0 0 0 1 0 0 0 0 0 0 0 0 0 0 0 0 0 0 0 0 0 0 0 0 0 0 
0 0 0 0 0 0 0 0 0 0 0 0 0 0 0 2 1 0 0 0 2 0 1 0 0 0 0 0 0 0 0 0 0 0 0 0 0 0 0 0 
1 0 0 0 0 0 0 0 0 0 0 1 1 0 1 1 1 0 0 0 1 1 1 0 0 1 0 0 0 0 0 0 0 0 0 0 0 0 0 0 
0 0 0 0 0 0 0 0 0 0 0 0 0 0 0 0 0 0 0 0 1 1 0 1 0 0 0 0 0 0 0 0 0 0 0 0 0 0 0 0 
0 0 0 0 0 0 0 0 0 0 0 0 0 0 0 0 0 0 0 1 1 0 1 0 0 0 0 0 0 0 0 0 0 0 0 0 0 0 0 0 
0 0 0 0 0 0 1 0 0 0 0 1 0 0 0 1 0 0 0 3 0 1 1 0 0 0 1 0 0 1 0 0 0 0 0 0 0 0 0 0 
0 0 0 0 0 0 0 0 0 0 0 0 0 1 0 0 0 0 0 0 0 0 0 1 0 0 0 0 0 0 0 0 0 0 0 0 0 0 0 0 
0 0 0 0 0 0 0 0 0 0 0 0 0 0 0 1 0 2 0 1 0 0 1 0 1 0 1 0 0 0 0 0 0 0 0 0 0 0 0 0 
0 0 0 0 0 0 0 0 0 1 0 0 0 0 1 0 2 0 2 2 1 1 0 1 0 0 0 0 0 0 0 0 0 0 0 0 0 0 0 0 
0 0 0 0 0 0 0 0 0 0 0 0 0 0 0 0 0 0 0 1 0 1 0 0 0 0 0 0 0 0 0 0 0 0 0 0 0 0 0 0 
1 0 0 0 0 0 0 0 0 0 0 0 0 0 0 0 0 1 0 0 0 2 0 0 0 0 0 0 0 0 0 0 0 0 0 0 0 0 0 0 
0 0 0 0 0 0 0 0 0 0 0 0 1 0 0 0 2 0 0 2 0 0 1 0 0 1 0 0 0 0 0 0 0 0 0 0 0 0 0 0 
0 0 0 0 0 0 0 0 0 0 0 0 0 1 0 0 0 0 0 0 2 2 0 1 0 1 0 0 0 0 0 0 0 0 0 0 0 0 0 0 
0 0 0 0 0 0 0 0 0 0 0 0 0 0 0 0 0 0 0 1 0 0 0 2 0 0 0 0 0 0 0 0 0 0 0 0 0 0 0 0 
0 0 0 0 0 0 0 0 0 1 0 0 0 0 1 0 0 0 2 0 0 0 1 0 0 0 0 0 0 0 0 0 0 0 0 0 0 0 0 0 
0 0 0 0 0 0 0 0 0 0 0 0 1 1 0 1 0 0 0 0 1 0 1 0 0 0 1 0 0 0 0 0 0 0 0 0 0 0 0 0 
0 0 0 0 0 0 0 0 0 0 0 0 0 0 0 0 0 0 1 2 0 1 0 0 0 0 0 0 0 0 0 0 0 0 0 0 0 0 0 0 
0 0 0 0 0 0 0 0 0 0 0 1 1 0 0 0 2 0 1 0 1 0 0 2 0 0 0 0 0 0 0 0 0 0 0 0 0 0 0 0 
0 0 0 0 0 1 0 0 0 0 0 0 0 0 0 0 0 0 0 0 0 0 0 0 0 0 0 0 0 0 0 0 0 0 0 0 0 0 0 0 

0 0 0 0 0 0 0 0 0 0 0 0 0 0 1 2 0 0 0 0 0 2 1 0 1 3 1 0 0 0 0 0 0 0 0 0 0 0 0 0 
0 0 0 0 0 0 0 0 1 0 0 1 0 1 0 0 2 0 0 0 0 0 1 1 1 0 0 0 3 0 0 0 0 0 0 0 0 0 0 0 
0 0 0 0 0 0 0 0 0 0 0 0 0 0 0 0 0 1 1 0 0 0 1 0 2 0 0 1 0 0 0 0 0 0 0 0 0 0 0 0 
0 0 0 0 0 0 0 0 0 0 0 0 0 0 0 2 1 0 0 0 1 3 1 2 1 0 0 0 0 0 0 0 1 1 0 0 0 0 0 0 
0 0 0 0 0 0 1 0 0 1 0 0 0 2 1 3 2 0 0 2 1 4 1 0 0 1 0 0 0 0 0 0 0 0 0 0 0 0 0 0 
0 0 0 0 0 0 0 0 0 0 0 0 0 0 1 0 0 0 0 0 1 0 0 0 0 0 0 0 0 0 0 0 0 0 0 0 0 0 0 0 
0 0 0 0 0 1 0 0 0 0 1 0 0 1 0 0 0 0 2 0 2 1 0 0 0 0 1 0 0 0 1 0 0 0 0 0 0 0 0 1 
0 0 0 0 0 0 0 0 0 0 1 0 0 1 0 0 1 1 1 0 0 1 0 0 0 0 0 0 0 0 0 0 0 0 0 0 0 0 0 0 
0 0 0 0 0 0 0 0 0 0 0 0 0 0 0 1 0 1 1 0 0 0 0 1 1 1 0 0 0 0 0 0 1 0 0 0 0 0 0 0 
0 0 0 0 0 0 0 0 0 0 0 0 0 0 1 0 1 1 1 0 0 0 0 1 0 0 0 0 0 0 0 0 0 0 0 0 0 0 0 0 
0 0 0 0 0 0 0 0 0 0 0 0 0 1 0 0 2 1 0 1 0 1 1 0 0 0 0 0 0 0 0 0 0 0 0 0 0 0 0 0 
0 0 0 0 0 0 0 0 0 0 0 0 0 0 1 0 0 0 1 0 1 0 1 0 0 0 0 0 1 0 0 0 0 0 0 0 0 0 0 0 
0 0 0 0 0 0 0 0 0 1 0 0 0 0 0 0 0 0 0 1 0 0 0 0 0 0 0 0 0 0 0 0 0 0 0 0 0 0 0 0 
0 0 0 0 0 0 0 0 0 0 0 1 1 1 0 0 1 2 1 2 2 1 2 0 1 0 1 0 0 0 0 0 0 0 0 0 0 0 0 0 
0 0 0 0 0 0 0 0 0 0 0 0 0 0 0 0 1 1 0 0 0 0 0 1 0 0 0 0 0 0 0 0 0 0 0 0 0 0 0 0 
0 0 0 0 0 0 0 0 0 0 0 0 0 0 1 1 0 1 1 0 0 0 0 0 0 0 0 0 0 0 0 0 0 0 0 0 0 0 0 0 
0 0 0 0 0 0 0 0 0 0 0 1 0 0 1 1 0 3 1 3 0 0 0 0 0 0 0 0 0 0 0 0 0 0 0 0 0 0 0 0 
0 0 0 0 0 0 0 0 0 0 0 0 0 0 0 0 0 0 0 0 1 1 0 0 1 0 0 0 0 0 0 0 0 0 0 0 0 0 0 0 
0 0 0 0 0 0 0 0 0 0 0 0 0 0 0 0 0 0 0 0 1 1 0 0 0 0 0 0 0 0 0 0 0 0 0 0 0 0 0 0 
0 0 0 0 0 0 0 0 0 0 0 0 0 0 0 1 1 0 2 1 0 0 0 0 0 0 0 0 0 0 0 0 0 0 0 0 0 0 0 0 
0 0 0 0 0 0 0 0 0 0 0 0 0 0 0 0 0 0 0 0 0 0 0 0 0 0 0 0 0 0 0 0 0 0 0 0 0 0 0 0 
0 0 0 0 0 0 0 0 0 0 0 0 0 0 0 0 0 1 0 0 2 0 0 0 0 1 0 0 0 0 0 0 0 0 0 0 0 0 0 0 
0 0 0 0 0 0 1 0 0 0 0 0 0 0 0 0 0 1 3 1 1 2 0 0 0 0 0 1 0 0 0 0 0 0 0 0 0 0 0 0 
0 0 0 0 0 0 0 0 0 0 0 0 0 0 0 0 0 0 0 0 0 0 0 0 0 0 0 0 0 0 0 0 0 0 0 0 0 0 0 0 

0 0 0 0 0 0 0 0 0 0 0 0 0 2 1 2 0 0 1 0 1 6 2 0 1 2 2 2 0 0 1 0 0 0 0 0 0 0 0 0 
0 0 0 0 0 0 1 0 0 0 0 0 0 1 0 2 2 1 1 1 1 0 1 1 1 3 1 1 1 0 0 0 0 0 0 0 0 0 0 0 
0 0 0 0 0 0 0 0 0 0 0 0 0 0 0 1 0 0 1 1 1 0 4 1 0 0 1 1 0 0 1 0 0 0 0 0 0 0 0 0 
0 0 0 0 0 0 0 0 0 0 0 0 1 0 0 2 0 2 1 1 0 2 3 2 1 0 1 0 0 1 0 0 1 0 0 0 0 0 0 0 
0 0 0 0 0 0 0 0 0 1 0 1 0 2 2 1 0 0 0 2 0 2 2 0 0 0 0 0 0 0 0 0 0 0 0 0 0 0 0 0 
0 0 0 0 0 0 0 0 0 0 0 0 0 0 0 1 0 0 0 1 0 0 0 0 0 1 0 0 0 0 0 0 0 0 0 0 0 0 0 0 
1 0 0 0 0 0 0 0 0 0 1 0 0 0 0 0 1 0 1 0 1 1 2 1 0 0 0 0 0 0 0 0 0 0 0 0 0 0 0 0 
0 0 0 0 0 0 0 0 0 0 0 0 0 0 0 2 0 0 0 0 1 1 0 1 0 0 0 0 0 1 0 0 0 0 0 0 0 0 0 0 
0 0 0 0 0 0 0 0 0 0 0 0 0 0 0 0 0 0 0 0 0 0 0 1 2 0 0 0 0 0 0 0 0 0 0 0 0 0 0 0 
0 0 0 0 0 0 0 0 0 0 0 1 0 0 0 1 0 0 0 1 0 3 1 0 0 0 0 0 0 0 0 0 0 0 0 0 0 0 0 0 
0 0 0 0 0 0 0 1 0 0 0 0 0 0 0 0 1 2 0 1 1 1 0 0 0 0 0 0 0 0 0 0 0 0 0 0 0 0 0 0 
0 0 0 1 0 0 0 0 0 0 0 0 0 0 0 0 0 1 0 0 0 0 1 1 0 0 0 0 0 0 0 0 0 0 0 0 0 0 0 0 
0 0 0 0 0 0 0 0 0 0 0 0 0 0 0 0 0 0 0 0 0 1 1 0 0 0 0 0 0 0 0 0 0 0 0 0 0 0 0 0 
0 0 0 0 0 0 0 0 0 0 0 0 0 1 0 0 0 0 0 0 1 1 0 0 0 0 0 0 0 0 0 0 0 1 0 0 0 0 1 0 
0 0 0 0 0 0 0 0 0 0 0 0 0 1 0 0 0 0 1 0 0 1 0 1 0 0 0 0 0 0 0 0 0 0 0 0 0 0 0 0 
0 0 0 0 0 0 0 0 0 0 0 0 0 0 0 1 0 0 1 0 0 1 0 0 0 0 0 0 0 0 0 1 0 0 0 0 0 0 0 0 
0 0 0 0 0 0 0 0 0 0 0 0 1 0 0 0 2 2 0 0 1 0 1 1 0 0 0 0 0 0 0 0 0 0 0 0 0 0 0 0 
0 0 0 0 0 0 0 0 0 0 0 0 0 0 0 0 0 1 0 0 0 1 0 0 0 1 0 0 0 0 0 0 0 0 0 0 0 0 0 0 
0 0 0 0 0 0 0 0 0 0 0 0 0 0 0 0 0 0 1 0 1 1 0 1 0 0 0 0 0 0 0 0 0 0 0 0 0 0 0 0 
0 0 0 0 0 0 0 0 0 0 0 1 0 1 0 0 0 1 0 0 0 0 0 1 0 0 0 0 0 0 0 0 0 0 0 0 0 0 0 0 
0 0 0 0 0 0 0 0 0 0 0 0 0 0 0 0 1 0 0 1 0 0 0 0 0 1 0 0 0 0 0 0 0 0 0 0 0 0 0 0 
0 0 0 0 0 0 0 0 0 0 0 0 0 0 0 1 0 0 0 1 0 0 0 0 0 0 0 0 0 0 0 0 0 0 0 0 0 1 0 0 
0 0 0 0 0 0 0 0 0 0 0 1 0 0 0 0 0 0 1 0 1 0 0 0 0 0 0 0 1 0 0 0 0 0 0 0 0 0 0 0 
0 0 0 0 0 0 0 0 0 0 0 0 0 0 0 0 0 0 0 0 0 0 0 0 0 0 0 0 0 0 0 0 0 0 0 0 0 0 0 0 

0 0 0 0 0 0 0 0 0 0 1 0 1 2 0 2 3 0 0 2 0 7 1 1 0 3 3 0 1 0 1 0 0 0 0 0 0 0 0 0 
0 0 1 0 0 0 0 0 0 0 0 0 0 0 2 0 0 2 0 1 1 1 3 1 1 4 5 3 1 0 0 0 0 0 0 0 0 0 1 0 
0 0 0 0 0 1 0 0 0 0 0 0 0 0 0 1 1 3 0 0 1 2 2 1 0 1 0 0 0 0 0 0 0 1 0 0 0 0 0 0 
0 0 0 0 0 0 0 0 0 0 0 0 0 1 1 2 0 0 3 1 0 4 1 1 0 0 1 0 0 0 0 0 0 0 0 1 0 0 0 0 
0 0 0 0 0 0 0 0 0 1 1 1 0 1 0 3 0 1 1 1 4 2 4 2 3 0 1 0 0 0 0 0 0 0 0 0 0 0 0 0 
0 0 0 0 0 0 0 0 0 0 0 0 1 0 0 1 0 1 0 0 1 0 1 0 0 0 0 0 0 0 0 1 0 0 0 0 0 0 0 0 
0 0 0 0 0 0 0 0 0 0 0 0 0 0 0 0 1 1 1 2 0 0 1 0 0 0 0 0 0 0 0 0 0 0 0 0 0 0 0 0 
0 0 0 0 0 0 0 0 0 0 0 0 1 0 1 1 0 2 0 0 0 1 1 1 0 0 1 0 0 0 0 0 0 0 0 0 0 0 0 0 
0 0 0 0 0 0 0 0 0 0 1 0 0 1 1 0 0 1 0 0 0 1 0 0 0 1 0 0 0 0 0 0 1 0 0 0 0 0 0 0 
0 0 0 0 0 0 0 0 0 0 0 0 0 0 0 1 0 1 0 0 0 0 0 0 0 2 0 0 0 0 0 0 0 0 0 0 0 0 0 0 
1 0 0 0 0 0 0 0 0 0 0 0 0 1 0 1 0 1 2 0 2 1 2 0 1 0 0 0 1 0 0 0 0 0 0 1 0 0 0 0 
0 0 0 0 0 0 0 0 0 0 0 0 1 0 0 0 0 0 0 1 1 0 0 0 0 0 0 0 0 0 0 0 0 0 0 1 0 0 0 0 
0 1 0 0 0 0 0 0 0 0 0 0 0 0 0 1 0 2 0 0 2 0 1 0 0 0 0 0 0 0 0 0 0 0 0 0 0 0 0 0 
0 1 0 0 0 0 0 0 0 0 0 0 0 1 2 1 2 1 2 2 2 0 1 0 0 1 1 0 0 0 1 0 0 0 1 0 0 0 0 0 
0 0 0 0 0 0 0 0 0 0 0 0 0 0 0 0 1 0 2 0 1 0 0 1 0 0 1 0 0 0 0 0 0 0 0 0 0 0 0 0 
0 0 0 0 0 0 0 0 0 0 0 0 0 0 0 0 0 0 0 0 0 0 1 0 0 0 0 0 0 0 0 0 0 0 0 0 0 0 0 0 
0 0 0 0 0 0 0 0 0 0 0 0 0 0 0 0 1 3 1 1 2 2 0 0 0 0 0 0 0 0 0 0 0 0 0 0 0 0 0 0 
0 0 0 0 0 0 0 0 0 1 0 0 0 0 0 0 0 0 0 0 0 1 0 0 0 0 0 0 0 0 0 0 0 0 0 0 0 0 0 0 
0 0 0 0 0 0 0 0 0 0 0 0 0 0 0 0 0 1 0 0 0 1 0 0 0 0 0 0 0 0 0 0 0 0 0 0 0 0 0 0 
0 0 0 0 0 0 0 0 0 0 0 0 0 0 0 2 1 1 0 0 0 0 1 1 0 0 0 0 0 0 0 0 1 0 0 0 0 0 0 0 
0 0 0 0 0 0 0 0 0 0 1 0 0 0 0 0 0 0 0 0 0 0 0 0 0 0 0 0 0 0 0 0 0 0 0 0 0 0 0 0 
0 0 0 0 0 0 0 0 0 0 0 0 0 0 0 0 0 0 0 1 1 0 1 0 0 0 0 0 0 0 0 0 0 0 0 0 0 1 0 0 
0 0 0 0 0 0 0 0 0 0 0 0 0 0 0 0 0 0 2 1 1 0 0 0 0 1 0 0 0 0 0 0 0 0 0 0 0 0 0 0 
0 0 0 0 0 0 0 0 0 0 0 0 0 0 1 0 0 0 0 0 0 0 0 0 0 0 0 0 0 0 0 0 0 0 0 0 0 0 0 0 

0 0 0 0 0 0 0 0 0 0 0 1 0 2 1 3 2 2 0 0 0 5 4 2 3 2 3 0 0 0 0 0 0 0 0 0 0 0 0 0 
0 0 0 0 0 0 0 0 0 0 1 0 0 1 0 0 0 3 3 0 3 3 1 2 2 5 1 0 0 0 0 0 0 0 0 0 0 0 0 0 
0 0 0 0 0 0 0 0 0 0 0 0 1 0 1 0 0 0 0 0 0 1 0 1 3 0 0 1 0 0 0 1 0 0 0 0 0 0 0 0 
0 0 0 0 0 0 0 0 0 0 0 0 0 1 1 2 2 0 1 1 0 1 2 0 0 1 0 0 1 0 0 0 0 0 0 0 0 0 0 0 
0 0 0 1 0 0 0 0 0 1 0 1 1 1 0 2 2 0 1 5 2 3 2 2 2 1 1 0 0 0 0 1 0 0 0 0 0 0 0 0 
0 0 0 0 0 0 0 0 0 0 0 0 0 0 0 0 0 1 0 1 0 1 0 2 0 0 0 0 0 0 0 0 0 0 0 0 0 0 0 0 
0 0 0 0 0 0 0 0 0 1 0 1 1 0 1 1 0 2 1 1 2 2 0 1 0 1 0 0 0 0 0 0 0 0 0 0 0 0 0 0 
0 0 0 0 1 0 0 0 0 0 0 0 0 0 0 2 1 1 2 1 1 3 2 1 0 0 0 0 0 0 0 0 0 1 0 0 0 0 0 0 
0 0 0 0 0 0 0 0 0 0 0 0 0 0 0 0 0 0 1 0 0 0 0 0 0 0 0 0 0 0 0 0 0 0 0 0 0 0 0 0 
0 0 0 0 0 0 0 0 0 0 0 0 1 0 0 0 1 0 0 0 0 2 0 1 0 0 0 0 0 0 0 0 0 0 0 0 0 0 0 0 
0 0 0 0 0 0 0 0 1 0 0 0 0 0 2 1 0 2 4 1 3 1 1 0 0 0 1 0 0 0 0 0 1 0 0 0 0 0 0 0 
0 0 0 0 0 0 0 0 0 0 0 0 1 0 0 0 0 0 1 3 0 0 1 0 0 0 0 0 0 0 1 0 0 0 0 0 0 0 0 0 
0 0 0 0 0 0 0 0 0 0 0 1 0 0 0 0 1 0 0 0 0 0 0 0 2 0 1 1 0 0 0 0 0 0 0 0 1 0 0 0 
0 0 0 0 0 0 0 0 0 0 1 0 0 3 1 1 0 0 2 2 3 1 1 0 0 0 0 0 0 0 0 0 0 1 0 0 0 0 0 0 
0 0 0 0 0 0 0 0 0 0 0 0 0 1 1 0 0 0 0 0 2 1 0 0 0 0 0 1 0 0 0 0 0 0 0 0 0 0 0 0 
0 0 0 0 0 0 0 0 0 0 0 0 0 0 0 0 0 1 0 0 0 0 0 0 0 0 0 0 0 0 0 0 0 0 0 0 0 0 0 0 
0 0 0 0 0 0 0 0 0 0 0 0 0 1 0 0 1 2 0 0 2 0 0 0 0 0 1 0 0 0 0 0 0 0 0 0 0 0 0 0 
0 0 0 0 0 0 0 0 0 0 0 0 0 1 0 1 0 0 0 0 1 0 0 0 0 0 0 0 0 0 0 0 0 0 0 0 0 0 0 0 
0 0 0 0 0 0 0 0 0 0 0 0 0 0 0 1 0 0 0 1 2 0 0 0 0 0 0 0 0 0 0 0 0 0 0 0 0 0 0 0 
0 0 0 0 0 0 0 0 1 0 0 0 0 0 1 0 0 0 1 2 0 0 0 0 0 0 0 0 0 0 0 0 0 0 0 0 0 0 0 0 
0 0 0 0 0 0 0 0 0 0 0 0 0 0 0 0 0 0 0 0 2 0 0 0 0 0 0 0 0 0 0 0 0 0 0 0 0 0 0 0 
0 0 0 0 0 0 0 0 0 0 0 0 0 0 0 0 1 0 1 1 0 1 0 0 0 0 1 0 0 0 0 0 0 0 0 0 0 0 0 0 
0 0 0 0 0 0 1 0 0 0 0 0 0 0 1 0 2 0 2 1 1 0 0 1 0 0 0 0 0 0 0 0 0 0 0 0 0 0 0 0 
0 0 0 0 0 0 0 0 0 0 0 0 0 0 0 0 0 0 0 0 0 0 0 0 0 0 0 0 0 0 0 0 0 0 0 0 0 0 0 0 

0 0 0 0 0 0 0 1 0 0 1 0 0 2 6 4 2 3 0 3 2 4 4 2 2 5 2 1 0 0 0 0 0 0 0 0 0 0 0 0 
0 0 0 0 0 0 1 0 0 0 0 2 1 1 3 3 2 0 0 3 0 7 4 7 3 6 4 0 1 0 0 1 1 0 0 0 0 0 0 0 
0 0 0 0 0 0 0 0 0 0 0 0 1 1 3 1 1 3 0 1 2 2 7 4 3 1 1 0 0 0 2 0 0 0 0 0 0 0 1 0 
0 0 0 0 0 0 0 0 1 0 0 0 0 1 3 2 1 1 0 3 3 7 2 3 2 1 0 1 1 0 0 0 0 0 0 0 0 0 0 0 
1 0 0 0 1 0 0 0 0 1 0 0 1 2 0 4 0 0 2 2 3 11 3 2 5 2 2 2 1 0 0 0 0 0 0 0 0 0 0 0 
0 0 0 0 0 0 0 0 0 0 1 0 0 0 0 0 2 1 0 3 1 2 2 3 1 0 1 1 0 0 0 0 0 0 0 0 0 0 0 0 
0 0 0 0 0 0 0 2 0 0 0 0 0 1 1 2 0 4 2 0 1 2 1 1 0 1 1 0 0 0 0 0 0 0 0 0 0 0 0 0 
0 0 0 0 0 0 0 0 1 0 0 0 1 3 3 1 2 1 2 2 3 3 2 2 2 2 0 0 1 0 0 1 0 0 0 0 0 0 0 0 
0 0 0 0 0 0 0 0 0 0 1 1 0 0 0 1 0 1 1 0 0 0 0 2 0 1 0 1 0 0 0 1 0 0 0 0 0 0 0 0 
0 0 0 0 0 0 0 0 0 0 0 0 0 0 0 0 1 2 1 0 1 0 0 2 0 0 1 0 0 0 0 0 0 0 0 0 0 0 0 0 
0 0 0 0 0 0 0 0 1 0 0 0 1 0 2 2 2 2 2 2 1 6 2 0 1 0 0 0 0 0 0 0 0 0 0 0 0 0 0 0 
0 0 0 0 0 0 0 0 0 0 0 0 0 0 0 1 2 0 0 0 0 1 1 0 0 1 0 1 0 0 0 0 0 0 0 0 0 0 0 0 
0 0 0 0 0 0 0 0 0 0 0 0 0 0 0 0 0 4 1 2 3 3 1 0 0 0 0 0 0 0 0 0 0 0 0 0 0 0 0 0 
0 0 0 0 0 0 0 0 0 0 1 1 0 0 0 1 1 2 3 2 1 3 2 0 1 0 0 0 0 0 0 0 0 0 0 0 0 0 0 0 
0 0 0 0 0 0 0 0 0 0 0 0 0 0 2 0 1 0 1 1 0 0 0 0 2 0 2 0 0 0 1 0 1 0 0 0 0 0 0 0 
0 0 0 0 0 0 0 0 0 0 0 0 0 0 0 0 0 0 0 1 1 1 0 0 0 1 0 0 0 0 0 0 0 0 0 0 0 0 0 0 
0 0 0 0 0 0 1 0 0 0 0 0 0 0 1 1 0 1 5 2 0 0 1 0 0 0 0 0 0 0 0 0 0 0 0 0 0 0 0 0 
0 0 0 0 0 1 0 0 0 0 0 0 1 1 0 0 0 0 1 0 0 0 1 0 0 0 0 0 0 0 0 0 0 0 0 0 0 0 0 0 
0 0 0 0 0 0 0 0 0 0 0 0 0 0 1 0 0 0 1 3 1 0 1 0 0 0 0 0 0 0 0 0 0 0 0 0 0 0 0 0 
0 0 0 0 0 0 0 0 0 0 0 0 0 1 0 1 1 1 4 1 0 0 0 0 0 2 0 0 0 0 0 1 0 0 0 0 0 0 1 0 
0 0 0 0 0 0 0 0 0 0 1 0 0 0 0 0 0 0 0 0 0 0 0 0 0 0 0 0 1 0 0 0 0 0 0 0 0 0 0 0 
0 0 0 0 0 0 0 0 0 0 1 0 0 1 0 0 1 0 0 1 0 1 0 0 0 0 0 0 0 0 0 0 0 0 0 0 0 0 0 0 
0 0 0 0 0 0 0 0 0 0 0 0 0 0 0 0 2 2 2 4 3 1 0 0 0 1 0 0 0 0 0 0 0 0 0 0 0 0 0 0 
1 0 0 0 0 0 0 0 0 0 0 0 0 1 0 0 0 0 0 0 0 0 0 0 0 0 0 0 0 0 0 0 0 0 0 0 0 0 0 0 

0 0 0 0 0 0 0 1 0 1 1 0 0 3 3 10 12 1 0 2 1 4 7 5 3 8 6 1 3 0 0 0 0 0 0 0 0 0 0 0 
1 0 0 0 0 0 0 0 0 0 0 1 2 2 2 7 2 4 1 3 1 10 3 1 3 4 5 8 0 1 0 0 1 0 0 1 0 0 0 0 
0 0 0 0 0 0 0 1 0 0 0 1 2 3 0 2 0 0 0 1 0 3 4 4 2 3 1 1 0 0 0 0 0 0 0 0 0 0 0 0 
0 0 1 1 0 1 0 0 2 0 0 0 0 2 1 2 4 3 2 6 1 5 7 1 2 2 4 0 1 0 0 0 0 0 0 0 0 0 0 0 
0 0 0 0 0 0 0 0 0 0 2 1 3 2 2 6 3 1 6 6 4 12 9 6 1 2 1 0 1 0 0 0 0 0 0 0 0 0 0 0 
0 0 1 0 0 0 0 0 0 0 1 0 0 0 2 3 0 1 0 1 0 0 1 1 1 0 1 0 0 0 1 0 0 0 0 0 0 0 0 0 
0 0 0 0 0 0 0 0 0 0 0 0 0 1 0 4 0 0 3 2 0 3 7 1 2 0 1 0 0 0 0 0 0 0 0 0 0 0 0 0 
0 0 0 0 0 0 0 0 0 0 1 2 1 0 3 4 1 2 6 6 2 9 2 1 1 0 2 0 1 0 0 0 0 0 0 0 0 0 0 0 
0 0 0 0 0 0 0 0 0 0 0 0 0 1 0 1 0 0 0 2 1 0 0 1 1 0 1 0 0 0 0 0 0 0 0 0 0 0 0 0 
0 0 0 0 0 0 0 0 0 1 0 1 0 0 0 1 0 1 0 2 1 0 3 1 1 0 3 2 0 2 0 0 0 0 0 0 0 0 0 0 
0 0 0 0 0 0 0 0 0 0 1 1 0 1 2 2 3 3 2 3 2 2 0 0 1 0 1 0 0 0 0 0 0 0 0 0 0 0 0 0 
0 0 0 0 0 0 0 0 0 0 0 0 0 0 0 0 3 0 1 2 0 1 0 1 0 1 0 1 0 0 1 0 0 0 0 0 0 0 0 0 
0 0 0 0 0 0 0 0 0 0 0 0 0 0 0 1 0 3 2 0 3 0 0 1 0 0 0 0 0 0 0 0 2 0 0 0 0 0 0 0 
0 0 0 0 0 0 0 0 2 0 0 1 0 1 1 0 1 4 2 1 4 3 1 3 0 0 0 1 0 1 0 0 0 0 0 0 0 0 0 0 
0 0 0 0 0 0 0 0 0 0 0 0 0 1 0 0 0 0 0 0 2 3 0 0 1 0 0 0 0 0 0 0 0 0 0 0 0 0 0 0 
0 0 0 0 0 0 0 0 0 1 0 0 0 1 0 0 1 0 0 1 0 1 1 1 1 0 1 0 0 0 0 0 0 0 0 0 0 0 0 0 
0 0 0 1 0 0 0 0 0 0 0 0 0 1 0 2 1 2 1 0 0 0 0 2 1 0 0 0 0 0 0 0 0 0 0 0 0 0 0 0 
0 0 0 0 0 1 0 0 0 0 0 1 2 0 0 0 1 0 0 0 0 2 0 1 0 0 0 0 0 0 0 1 0 0 0 0 0 0 0 0 
0 0 0 0 0 0 0 0 0 0 0 0 0 0 0 0 0 1 2 0 0 0 1 0 0 0 0 0 0 0 0 0 0 0 0 0 0 0 0 0 
1 0 0 0 0 0 0 0 0 0 0 0 1 0 3 1 1 0 4 3 1 1 1 0 0 0 0 0 0 0 0 0 0 0 0 0 0 0 0 0 
0 0 0 0 0 0 0 0 0 0 1 0 0 0 1 0 0 0 1 0 1 0 0 0 0 0 0 0 0 0 0 0 0 0 0 0 0 0 0 0 
0 0 0 0 0 0 0 0 0 0 0 0 0 0 0 0 1 1 2 0 1 0 0 1 1 0 0 1 0 0 0 0 0 0 0 0 0 0 0 0 
0 0 0 0 0 1 0 0 0 0 0 0 0 0 0 2 1 2 0 3 0 0 0 0 0 0 0 0 0 0 0 0 0 0 0 0 0 0 0 0 
0 0 0 0 0 0 0 0 0 0 0 1 0 0 0 0 0 0 0 0 0 0 0 0 0 0 0 0 0 0 0 0 0 0 0 0 0 0 0 0 

0 0 0 0 0 0 0 1 0 2 3 3 1 6 5 20 13 6 2 8 3 13 9 6 11 12 7 6 3 2 0 0 1 0 0 0 0 0 0 0 
0 0 0 0 0 0 1 0 0 1 0 0 2 1 3 13 8 3 6 2 1 12 6 4 5 7 11 3 2 5 0 0 1 1 0 0 2 0 0 0 
0 0 0 0 0 0 0 0 0 0 0 0 2 1 7 4 9 3 2 0 3 6 6 10 6 10 2 4 1 1 0 1 0 1 0 0 0 0 0 0 
1 0 0 0 0 0 0 0 0 0 0 1 1 4 0 2 5 6 2 3 2 10 11 5 6 1 2 2 0 1 0 0 0 0 0 0 0 0 0 0 
0 0 0 0 0 0 0 0 0 2 1 1 3 2 7 12 4 5 3 8 10 13 14 15 7 2 5 1 0 1 0 0 0 1 0 0 0 0 0 0 
0 0 0 0 0 0 0 0 0 0 0 1 0 0 4 2 0 2 3 3 1 4 8 6 6 4 4 1 1 0 0 0 1 0 0 0 0 0 0 0 
0 0 0 0 0 0 0 0 0 0 1 0 4 2 2 4 4 1 6 3 3 3 6 2 1 0 0 1 0 0 0 0 0 0 0 0 0 0 0 0 
0 0 0 0 0 0 1 0 1 1 4 1 3 2 2 5 7 4 6 8 6 11 8 5 3 2 3 0 0 1 0 0 0 0 0 0 0 0 0 0 
0 0 1 0 0 0 0 1 0 0 0 0 0 0 0 4 3 0 3 3 3 2 2 1 2 3 3 0 0 0 0 0 0 0 0 0 0 0 0 0 
0 0 0 0 0 0 0 0 0 0 0 0 0 0 0 1 1 3 0 1 1 2 3 1 2 0 1 0 0 0 2 0 0 0 0 0 0 0 0 0 
0 0 0 0 1 0 0 0 1 1 1 2 0 0 2 3 3 3 3 4 3 7 2 3 1 5 1 1 2 0 0 0 0 0 0 0 0 0 0 0 
0 0 0 0 0 0 0 0 0 0 0 1 0 1 0 2 1 3 3 2 0 3 1 2 0 0 2 0 2 0 0 0 0 0 0 0 0 0 0 0 
0 1 0 0 0 0 0 0 0 0 0 1 0 0 0 2 0 6 0 1 1 3 2 0 1 0 0 1 0 0 0 0 0 0 0 0 0 0 0 0 
0 0 1 0 0 0 0 0 0 0 2 1 0 2 0 2 1 4 7 5 6 4 2 1 0 0 0 1 1 2 0 1 0 0 0 0 0 0 0 0 
0 0 0 0 0 0 0 0 0 0 0 0 0 0 0 0 1 0 1 3 1 3 1 2 1 1 0 0 0 0 0 0 0 0 0 0 0 0 0 0 
0 0 0 0 0 0 0 0 0 0 0 0 0 0 0 0 0 1 1 3 2 0 0 0 0 0 1 0 0 0 0 0 0 0 0 0 0 0 0 0 
0 0 0 0 0 0 0 0 0 0 0 0 1 2 3 2 2 4 6 5 1 2 3 3 0 1 1 0 1 0 0 0 0 0 0 0 0 1 0 0 
0 0 0 0 0 0 0 0 0 0 0 0 0 0 0 1 0 0 1 2 1 1 1 0 0 1 0 0 0 0 0 0 1 0 0 0 0 0 0 0 
0 0 0 0 0 0 0 0 0 0 0 0 1 0 0 0 0 1 1 3 1 1 2 0 0 0 0 0 0 0 0 0 0 0 0 0 0 0 1 0 
0 1 0 0 0 0 0 0 0 0 0 0 0 0 3 0 1 0 4 4 3 2 1 7 0 0 0 0 0 0 0 0 0 0 0 0 0 0 0 0 
0 0 0 0 1 0 0 1 0 0 0 0 0 0 0 2 1 1 4 1 2 0 0 3 0 0 0 0 0 0 0 0 0 0 0 0 0 0 0 0 
0 0 0 0 0 0 0 0 0 0 0 0 0 0 0 0 0 0 1 2 1 0 0 1 0 0 0 0 0 0 0 0 0 0 1 0 0 0 0 0 
0 0 0 1 0 0 0 0 0 0 1 0 0 0 1 1 5 2 5 3 4 2 2 1 2 0 1 0 0 0 0 0 0 0 0 0 0 0 0 0 
0 0 0 0 0 0 0 0 0 0 0 0 0 0 0 0 0 0 1 1 0 0 0 0 0 0 0 0 0 0 0 0 0 0 0 0 0 0 0 0 

0 0 0 0 0 0 1 1 0 1 0 2 2 13 163 50 25 5 2 6 3 30 20 20 9 20 14 9 7 1 0 0 0 0 0 0 0 0 0 0 
0 0 0 0 0 0 0 0 0 0 0 1 2 3 7 9 8 6 2 5 4 16 8 5 8 17 10 6 3 1 2 0 2 0 0 0 0 1 1 1 
0 0 0 0 0 0 0 0 0 2 1 1 0 1 4 4 5 1 4 3 4 6 5 10 4 5 3 1 0 1 1 1 0 0 0 0 0 0 0 0 
0 0 0 0 0 0 0 0 0 0 0 2 2 6 5 9 9 3 2 4 9 12 16 11 10 4 4 2 1 3 4 0 0 0 0 1 0 0 0 0 
0 0 0 0 0 0 0 1 0 0 0 1 2 4 3 14 5 5 5 3 8 21 22 17 8 2 3 0 0 0 0 0 0 0 0 0 0 0 0 0 
0 0 1 0 0 1 0 0 1 1 0 0 1 1 3 2 4 3 1 1 3 7 2 1 4 3 3 2 1 0 0 0 0 1 0 0 0 0 0 0 
0 0 1 0 0 0 1 0 0 0 1 0 1 1 2 3 2 3 3 1 1 9 10 1 1 1 2 0 0 0 0 1 0 0 0 0 0 0 0 0 
0 0 0 0 1 0 0 1 1 0 0 3 1 3 2 5 5 5 7 7 6 5 10 1 2 1 1 1 1 0 0 0 0 0 0 0 0 0 0 0 
0 0 0 0 0 0 0 0 0 0 0 1 1 0 0 0 1 3 2 5 5 1 3 1 1 1 0 0 1 0 0 0 0 0 0 0 0 0 0 0 
0 0 0 0 0 0 0 0 0 0 1 1 0 0 1 1 4 2 6 2 1 2 2 1 2 1 2 0 0 0 0 1 0 0 0 0 0 0 0 0 
0 0 0 1 0 0 0 1 0 0 1 0 1 4 3 1 6 6 4 2 6 6 3 1 3 3 0 0 1 0 0 0 0 0 0 0 0 0 0 0 
0 0 0 0 0 0 0 0 0 0 1 1 0 1 1 1 3 1 1 1 1 1 4 1 1 0 0 2 0 1 0 0 1 0 0 0 1 0 0 0 
0 0 0 0 0 0 0 0 0 0 0 1 1 1 0 2 1 5 2 6 5 4 6 0 2 0 0 0 0 1 0 0 0 0 0 0 0 0 0 0 
0 0 0 1 0 0 0 0 0 0 0 0 1 2 0 2 4 4 5 9 5 3 2 2 1 0 2 0 0 0 0 0 0 0 0 0 0 0 0 0 
0 0 0 0 0 0 0 0 0 0 1 0 0 0 0 1 0 2 1 1 1 1 1 4 0 0 0 2 0 0 0 0 0 0 0 0 0 0 0 0 
0 0 0 0 0 0 0 1 0 0 0 0 0 0 1 1 0 0 3 1 4 1 1 0 0 0 0 1 1 0 1 0 0 0 0 0 0 0 0 0 
0 0 0 0 1 0 0 0 0 0 1 1 0 2 2 4 6 6 3 3 0 1 3 4 1 2 2 0 0 1 0 0 0 1 0 0 0 0 0 0 
0 0 0 0 0 0 0 0 0 0 0 0 0 0 0 0 0 1 2 1 0 0 1 0 2 0 0 0 1 0 0 0 0 0 0 0 0 0 0 0 
0 0 0 0 0 0 0 0 0 0 0 0 0 1 0 0 0 2 0 1 0 1 1 0 1 0 1 0 0 0 0 0 0 0 0 0 0 0 0 0 
0 0 0 0 0 0 0 0 0 0 0 0 0 0 0 1 2 3 4 5 1 1 2 1 1 0 0 0 1 0 0 0 0 0 0 0 0 0 0 0 
0 0 0 0 0 0 0 0 1 0 0 1 0 0 1 0 0 1 0 1 2 0 2 1 0 0 0 0 0 0 0 0 0 0 0 0 0 1 0 0 
1 0 0 0 0 0 0 0 0 0 0 0 1 1 0 0 0 0 0 2 1 0 2 1 0 1 0 0 0 0 0 0 0 0 0 0 0 0 0 0 
0 0 0 0 0 0 0 1 0 0 1 0 0 0 2 1 0 4 5 5 3 2 0 1 2 1 0 0 0 0 0 0 0 0 2 0 0 0 0 0 
0 0 0 0 0 0 0 0 0 0 0 0 0 0 1 0 0 0 0 0 0 0 0 0 0 0 0 0 0 0 0 0 0 0 0 0 0 0 0 0 

0 0 0 1 0 0 1 1 0 1 0 3 3 21 183 127 46 7 4 10 8 41 49 38 16 74 49 15 6 0 0 0 0 1 1 0 0 0 0 0 
0 0 0 0 0 0 0 0 0 0 2 0 7 12 41 62 43 10 5 10 8 31 36 26 47 56 25 9 11 3 2 2 3 2 1 0 0 1 1 0 
1 0 2 0 0 0 1 0 0 0 2 2 3 18 39 33 25 16 12 18 12 33 52 47 42 32 18 12 4 4 3 2 2 0 1 1 0 1 0 0 
0 0 0 0 0 0 1 0 0 1 2 4 1 4 6 13 19 5 7 7 10 26 30 20 36 12 7 8 9 3 2 0 1 1 0 0 0 0 0 0 
1 1 1 0 1 0 0 3 2 0 2 2 10 6 10 22 17 14 13 20 19 41 34 32 17 12 4 4 6 1 2 0 1 0 0 0 0 0 0 0 
0 0 0 0 1 0 0 0 0 0 1 2 1 1 1 6 4 3 3 4 7 12 15 14 4 1 5 4 1 0 1 0 0 0 0 0 0 0 0 0 
0 0 0 0 0 0 0 0 0 0 0 2 1 3 1 5 1 2 9 4 6 8 5 5 9 4 5 2 0 0 0 0 0 0 0 0 0 0 0 1 
0 0 0 0 0 0 1 1 3 0 0 0 3 7 10 7 8 5 10 6 17 26 18 12 7 2 2 0 1 0 0 0 0 0 1 0 0 0 0 0 
0 0 0 0 0 0 0 0 0 0 0 2 1 1 0 5 6 3 3 9 4 12 10 8 8 2 2 0 1 1 0 0 0 1 0 0 0 0 0 0 
0 1 0 0 0 0 0 1 1 0 0 1 0 0 1 3 3 4 2 5 5 2 4 0 2 2 2 0 2 1 0 0 0 0 0 0 0 1 0 0 
1 0 0 0 0 0 2 0 0 1 0 2 1 2 6 4 5 7 10 12 16 9 6 4 5 7 2 1 1 1 0 0 0 0 1 0 0 0 0 0 
0 0 0 0 0 0 0 0 1 0 0 1 2 0 0 2 3 3 5 4 5 7 4 3 4 3 1 2 0 0 0 1 0 0 0 0 0 0 0 0 
0 0 0 0 0 0 0 0 0 0 0 0 1 0 0 2 2 1 4 4 4 3 7 3 0 1 1 2 0 1 0 0 0 0 0 0 0 0 0 0 
0 0 0 0 0 0 0 1 0 1 1 2 3 3 5 4 6 9 7 13 13 6 13 3 3 2 3 0 0 0 0 0 0 0 0 0 0 0 0 0 
0 0 0 0 0 0 0 0 0 0 0 0 2 1 3 0 3 4 5 1 4 7 6 2 2 1 4 0 0 0 0 0 0 0 1 0 0 0 0 0 
0 0 0 0 0 0 0 1 0 0 0 1 0 2 1 0 1 3 1 0 2 1 7 0 0 0 0 0 0 1 0 0 0 0 1 0 0 0 0 0 
0 0 0 0 0 0 0 0 0 0 0 1 1 4 5 3 6 10 7 6 1 2 5 2 4 2 1 0 0 0 0 1 0 0 0 0 0 0 0 0 
0 0 0 0 0 0 0 1 0 0 0 0 1 0 1 1 3 1 1 2 5 1 1 2 3 0 1 0 0 0 0 0 0 1 0 0 0 0 0 0 
0 0 0 0 0 0 0 0 0 1 0 0 1 0 0 0 1 3 3 4 5 0 1 2 0 1 0 0 1 0 0 0 0 0 0 0 1 0 0 0 
0 0 0 0 0 0 0 1 0 0 0 0 1 1 3 2 1 6 10 6 3 1 2 2 1 0 1 0 0 1 0 0 0 0 0 0 0 0 0 0 
0 0 0 0 0 0 0 0 0 0 0 0 0 1 3 3 6 5 1 2 1 3 2 4 1 0 1 0 0 0 0 0 0 0 0 0 0 0 0 0 
0 0 0 0 0 0 0 0 0 1 0 0 0 0 0 0 1 1 0 3 0 1 0 0 0 0 1 0 0 0 0 0 0 0 0 0 0 0 0 0 
0 0 0 0 0 0 0 0 0 0 0 1 0 2 2 2 2 2 4 4 2 5 3 1 1 1 0 0 0 0 0 1 0 0 0 0 0 0 0 0 
0 0 0 0 0 0 0 0 1 1 0 0 1 0 0 1 0 1 0 0 0 0 0 1 0 0 0 0 0 0 0 0 0 1 0 0 0 0 0 0 

2 0 0 0 0 1 0 0 0 1 2 3 4 27 21 95 36 5 7 13 14 529 137 51 43 428 291 20 10 6 2 1 1 0 1 0 0 1 0 0 
0 0 1 0 0 0 0 0 0 1 1 0 1 9 282 67 29 8 5 10 16 76 86 65 309 88 32 13 10 5 4 4 0 2 0 1 0 1 1 1 
0 1 2 0 2 1 1 3 3 2 5 5 6 10 45 65 40 16 12 8 14 42 68 86 67 49 24 13 8 5 3 2 3 0 0 2 0 1 0 0 
1 0 0 0 0 0 1 1 2 1 1 0 2 7 19 33 41 15 9 12 12 42 72 39 51 13 18 5 11 6 5 0 1 1 2 0 1 0 1 0 
0 0 0 0 0 0 0 0 0 0 1 0 6 4 11 34 17 11 14 7 16 33 42 25 25 13 8 2 2 2 1 0 0 1 1 0 3 0 0 0 
1 0 0 0 0 0 0 0 0 0 2 1 0 1 3 4 5 6 4 6 10 17 20 8 9 3 2 1 2 1 1 1 0 0 0 0 0 0 1 0 
0 0 0 0 0 1 0 1 2 2 0 4 2 2 4 9 7 6 8 7 10 20 26 9 15 9 8 2 8 3 1 1 2 0 0 0 0 0 0 0 
0 0 0 0 0 0 0 0 0 0 0 1 4 7 7 16 7 5 7 13 17 26 14 12 6 1 2 0 1 0 0 0 0 0 0 0 0 0 0 0 
0 0 0 1 0 0 0 0 0 0 1 1 3 3 0 2 4 2 4 3 6 12 10 2 5 6 3 1 4 0 0 0 1 0 0 0 0 0 0 0 
0 0 0 1 0 0 0 0 2 2 0 0 0 1 2 1 4 5 6 2 5 16 14 3 7 2 2 3 2 1 1 0 0 0 0 0 0 0 0 0 
0 0 0 0 0 0 0 0 0 0 1 1 3 3 4 7 8 17 11 9 6 21 4 5 1 6 3 2 2 0 1 1 0 1 0 0 0 0 0 0 
0 1 0 0 0 0 0 0 0 0 0 0 1 3 0 1 3 3 5 4 6 7 8 5 1 2 1 0 0 2 0 0 0 1 0 0 1 0 0 0 
0 0 0 0 0 1 0 0 0 0 0 1 0 2 2 3 3 2 4 4 13 8 10 5 4 2 5 1 0 0 0 0 0 0 0 0 0 0 0 0 
0 0 0 0 0 0 0 0 0 1 0 0 0 4 2 1 8 9 15 22 12 9 11 3 2 1 0 0 0 0 0 0 0 0 1 0 0 0 0 0 
0 0 0 0 0 0 0 0 0 0 1 0 2 0 0 3 0 3 1 3 6 3 3 2 2 2 2 1 0 0 0 0 0 0 0 0 0 0 0 0 
0 0 0 0 0 0 0 0 1 0 0 1 0 0 0 3 2 2 5 3 6 5 2 2 1 0 1 1 1 0 1 0 0 0 0 0 0 0 0 0 
0 0 0 0 0 0 0 0 0 0 0 0 1 3 6 1 8 4 9 11 9 6 3 3 4 0 0 1 0 0 0 0 0 0 0 0 0 0 0 0 
0 0 0 0 1 0 0 0 0 1 0 1 0 0 1 1 2 0 1 3 1 0 2 1 1 1 1 0 0 1 1 0 0 0 0 0 0 0 0 0 
0 0 0 0 0 0 0 0 0 0 0 0 0 0 1 1 1 1 1 4 3 1 1 0 0 1 0 0 0 0 0 0 0 0 0 0 0 0 0 0 
0 0 0 0 0 0 0 0 0 0 0 1 3 1 2 1 4 5 5 10 2 3 3 1 0 0 0 0 1 0 0 1 0 0 0 0 0 0 0 0 
1 0 0 0 1 0 0 1 1 0 0 0 0 1 2 0 1 3 1 2 3 1 3 3 1 0 2 0 0 0 0 0 0 0 0 0 0 0 0 0 
0 0 0 0 0 0 0 0 0 0 0 1 0 0 0 1 2 3 1 5 3 1 1 1 1 0 1 0 0 0 0 0 0 0 0 0 0 0 0 1 
0 0 0 0 0 0 0 0 0 1 0 0 0 2 1 3 4 2 4 4 1 4 0 3 1 0 0 0 0 0 0 0 1 0 0 0 0 1 0 0 
0 0 0 0 0 0 0 0 0 0 0 0 0 0 0 0 0 1 1 1 0 0 0 1 0 0 0 0 0 1 0 0 0 0 0 0 0 0 0 0 

0 0 0 0 0 2 1 1 0 1 1 3 1 19 4 54 35 21 10 24 10 456 218 56 46 143 68 21 23 3 4 0 0 0 0 0 0 0 0 0 
1 0 0 0 0 0 0 0 0 1 0 3 0 6 22 17 20 10 6 10 35 588 204 51 94 60 36 27 18 6 3 3 2 3 0 1 0 1 0 0 
0 1 0 0 1 0 2 0 1 0 5 2 1 5 33 372 24 18 16 18 44 565 495 97 39 35 28 13 12 8 4 3 3 0 1 5 1 2 0 0 
0 1 0 1 0 0 1 1 0 1 1 2 3 9 17 229 56 8 7 14 25 162 386 54 34 16 16 3 5 3 4 1 1 1 1 0 0 1 1 0 
0 0 0 0 0 0 0 0 1 2 3 3 8 14 30 93 52 16 20 16 52 139 156 57 26 23 10 11 4 3 2 4 1 0 2 0 0 0 1 1 
0 0 1 0 0 2 1 0 0 0 2 4 4 11 12 31 26 21 11 25 45 100 92 57 23 17 9 9 4 0 4 1 1 2 2 0 0 1 1 0 
0 0 0 0 0 0 0 1 1 1 2 3 5 9 10 17 23 14 15 16 24 35 58 20 35 8 10 9 5 2 4 0 1 1 1 1 0 0 0 0 
0 0 0 0 0 1 0 1 1 1 5 4 12 12 10 28 20 15 21 17 25 76 43 14 22 14 3 3 1 0 2 0 0 0 0 0 0 0 0 0 
0 0 0 0 0 0 0 0 0 0 1 1 2 1 4 8 7 7 9 14 21 25 29 20 7 12 3 1 1 0 1 2 0 0 0 0 0 0 0 0 
0 0 0 0 0 0 0 0 0 1 0 0 1 3 3 14 6 14 9 10 17 18 31 10 6 3 3 4 1 1 2 0 1 0 0 0 0 0 0 0 
0 2 0 0 0 1 0 0 2 1 1 1 3 4 13 16 18 31 29 28 18 44 26 11 4 4 6 4 2 3 0 1 0 0 1 1 0 0 0 0 
2 0 0 0 0 0 1 0 0 1 3 1 1 0 5 2 5 2 12 13 22 22 14 8 3 3 3 0 0 2 0 0 1 0 0 0 0 0 0 0 
1 0 0 0 0 0 1 0 0 1 0 1 1 4 4 3 2 15 10 11 17 10 16 5 4 0 6 0 0 0 0 1 0 0 0 0 0 0 1 1 
0 0 0 0 0 0 4 0 0 0 0 2 9 5 12 9 12 12 38 22 16 18 23 10 3 6 2 2 3 5 2 0 0 0 0 0 0 0 0 0 
0 0 0 0 0 0 0 0 0 0 0 3 2 3 1 6 4 11 13 11 10 10 3 7 2 4 4 1 0 0 0 0 0 0 0 0 0 0 0 0 
0 0 0 0 0 0 0 0 0 0 0 0 1 0 3 5 4 7 9 14 11 8 8 1 5 3 1 1 1 0 2 2 0 0 0 0 0 0 0 0 
0 0 0 1 0 0 1 2 1 2 0 2 4 10 4 16 18 14 19 27 12 10 5 7 5 1 0 0 0 0 0 0 0 0 0 0 0 0 0 1 
0 0 0 0 0 0 0 0 1 1 3 0 2 3 0 4 4 7 12 11 7 2 5 7 0 1 0 3 0 0 1 0 0 1 0 0 0 0 0 0 
0 0 0 0 0 0 0 0 0 0 1 0 0 0 2 1 5 6 4 5 5 1 1 0 4 0 3 1 1 0 0 0 0 0 0 1 0 0 0 0 
0 0 0 0 1 0 0 0 0 1 2 2 3 3 5 7 12 10 11 17 8 8 2 3 4 0 4 1 0 0 0 0 0 0 0 0 1 0 0 1 
0 0 0 0 0 0 0 1 1 0 0 0 0 1 3 2 4 1 7 6 2 2 1 2 4 4 1 1 1 0 0 0 0 0 1 0 0 0 0 0 
1 0 0 0 1 0 0 0 0 1 0 1 1 2 1 1 2 4 4 2 3 3 4 1 3 0 0 0 0 0 0 0 1 0 0 0 0 0 0 0 
0 0 0 0 0 0 1 2 3 1 1 0 1 4 6 6 6 9 7 12 13 5 1 4 1 0 0 0 0 2 1 0 0 0 0 0 0 0 0 0 
0 0 0 0 0 0 1 0 0 0 0 0 0 0 0 0 3 2 1 2 5 2 2 1 2 0 0 0 1 0 0 0 0 0 0 0 0 0 0 0 

1 0 0 0 0 1 0 1 0 0 2 2 1 16 5 25 13 12 9 21 15 77 65 31 24 59 47 54 35 6 0 1 0 0 0 1 0 0 0 0 
0 0 0 0 0 0 0 0 0 1 2 3 4 9 19 19 21 14 14 5 28 43 103 41 52 43 41 43 30 16 3 2 6 1 1 1 3 2 0 0 
1 1 0 0 0 2 0 1 1 2 2 0 4 2 12 24 15 14 14 17 19 92 105 38 61 26 30 12 18 13 5 2 2 2 3 1 0 1 0 5 
0 0 0 0 0 0 0 0 0 0 2 2 1 5 3 145 73 13 10 13 26 220 334 105 141 36 34 7 10 5 8 1 3 0 4 0 0 0 0 1 
0 2 0 1 0 1 0 0 2 1 0 1 4 6 26 160 51 8 12 15 37 212 298 117 50 21 22 8 6 0 4 4 2 0 2 0 0 2 0 1 
0 0 0 0 0 0 1 0 2 2 1 4 5 7 15 44 61 32 18 32 58 163 226 54 35 25 10 4 3 2 1 4 1 0 1 0 1 0 0 0 
2 1 0 1 0 1 0 1 0 2 1 8 6 6 12 31 39 29 35 27 39 116 179 42 42 13 21 10 6 7 6 1 1 2 0 0 0 0 1 0 
0 0 0 0 1 0 1 0 0 2 4 2 4 5 10 13 18 11 24 12 46 79 66 19 11 6 9 0 3 1 0 0 0 0 0 1 2 0 1 0 
0 0 0 0 0 0 0 1 1 0 2 2 1 0 1 9 10 8 11 8 20 28 40 13 8 5 6 1 2 0 1 0 0 0 1 0 0 0 1 0 
1 0 0 0 0 1 1 3 0 1 1 1 4 3 3 12 17 15 20 21 18 45 58 9 12 5 13 4 3 2 0 0 1 0 0 0 0 0 0 0 
1 0 0 0 0 1 0 1 2 3 2 4 5 4 6 9 17 24 25 18 33 49 32 9 10 6 3 2 1 1 0 0 2 0 0 0 0 0 0 0 
0 0 0 0 0 0 0 0 0 1 2 1 3 1 5 3 7 8 13 16 26 21 20 13 5 2 3 2 1 0 0 2 0 1 0 0 0 0 0 1 
1 0 0 0 0 0 0 3 0 1 2 1 1 0 2 7 5 8 19 21 32 25 21 14 10 3 3 4 0 1 1 0 1 0 0 0 0 0 0 2 
1 0 0 0 0 0 1 0 1 2 1 2 1 5 4 7 8 20 27 22 16 24 13 13 7 5 1 3 0 0 0 2 0 2 2 1 0 0 0 1 
0 0 0 0 0 0 0 1 0 0 0 0 1 2 2 4 3 5 13 10 8 6 7 3 4 0 2 0 0 1 0 0 1 0 0 0 0 0 0 0 
0 0 0 0 0 0 0 0 0 0 1 2 0 4 0 7 3 7 8 15 16 17 12 11 10 4 8 2 1 0 1 0 0 0 0 0 0 0 0 0 
1 1 0 1 0 0 0 0 1 0 1 0 0 5 7 6 17 18 27 20 17 17 11 7 5 2 2 1 0 2 0 0 0 0 0 0 0 0 1 0 
0 0 0 0 1 0 1 0 2 0 1 0 0 2 0 5 6 4 6 10 8 2 4 1 1 4 1 0 0 0 1 0 0 0 0 0 0 0 0 0 
0 0 0 0 0 0 0 1 0 0 0 1 0 0 2 0 1 6 7 6 4 7 10 1 7 3 2 1 2 1 1 0 0 0 0 1 0 0 0 0 
0 0 0 0 0 1 0 0 2 0 1 1 2 6 8 8 8 14 15 23 15 3 4 8 5 1 2 0 0 0 1 1 0 0 0 0 0 0 0 0 
1 0 0 0 0 1 0 0 0 0 0 1 0 0 2 3 1 8 5 3 4 3 1 2 2 4 0 1 0 1 0 0 0 0 0 0 0 0 0 0 
0 0 0 0 0 0 1 0 0 0 0 0 0 0 0 4 1 0 1 8 7 3 2 3 3 3 2 0 5 0 2 0 1 0 0 0 0 0 0 0 
0 0 0 0 1 0 0 1 0 1 2 2 2 1 0 6 5 13 10 18 17 4 4 1 0 2 0 0 0 1 0 0 0 0 0 1 0 0 0 0 
0 0 0 0 0 0 0 0 0 0 0 0 0 0 0 0 0 2 1 1 4 0 0 0 0 0 1 0 0 0 0 0 0 0 0 1 0 0 0 0 

0 0 0 0 0 0 0 1 0 2 2 2 3 11 7 21 10 12 8 12 14 54 35 28 15 57 270 113 60 6 2 0 1 1 1 0 0 1 0 0 
2 0 0 0 0 0 0 1 0 0 4 1 2 2 9 9 7 3 4 7 11 20 24 9 33 108 307 82 26 13 9 3 3 2 3 3 1 0 1 1 
0 0 0 0 0 0 0 1 0 2 0 0 3 5 4 18 16 12 15 5 9 16 26 73 411 471 56 21 21 10 7 4 3 3 2 2 1 0 0 1 
2 0 0 1 1 1 0 1 0 2 1 3 1 3 5 26 38 12 7 7 9 18 48 114 437 88 40 6 10 7 4 3 2 1 0 0 0 0 2 1 
0 1 1 0 0 0 1 0 0 0 1 3 3 12 14 80 49 16 15 8 18 33 125 77 41 32 23 9 10 4 4 1 0 1 2 0 1 0 0 0 
1 1 0 0 0 1 1 1 0 2 1 3 7 2 18 139 286 20 14 12 18 71 52 25 16 8 9 6 5 2 0 0 2 2 0 3 0 2 0 0 
1 0 1 0 0 0 1 0 2 0 3 2 0 6 9 27 84 23 25 18 25 193 181 25 23 8 9 5 7 3 0 1 0 0 0 1 1 1 1 1 
1 0 0 1 2 1 3 0 0 0 2 3 9 6 17 37 40 36 32 28 71 518 175 31 20 15 5 3 8 6 4 5 1 0 0 3 0 2 0 0 
0 0 0 0 0 0 0 0 0 2 2 2 2 8 12 19 37 27 27 43 90 758 103 31 17 15 8 4 5 2 3 1 1 0 0 0 1 0 0 0 
0 0 0 0 1 0 0 1 0 1 0 5 3 13 3 9 16 33 31 31 41 253 112 18 15 9 7 5 5 1 1 0 4 1 1 1 0 0 0 0 
1 0 1 1 0 2 0 1 2 1 2 3 8 3 16 26 25 54 47 38 132 205 86 25 20 10 8 2 3 7 0 2 0 0 0 1 1 0 2 2 
0 1 0 0 0 1 2 0 0 2 2 1 0 6 9 14 23 21 38 97 252 160 72 26 16 11 12 2 3 1 4 2 0 3 0 0 1 2 0 0 
0 0 0 0 0 1 0 1 0 1 2 3 1 6 4 8 5 15 15 55 109 84 84 17 23 2 10 5 4 0 5 0 1 0 2 2 0 0 0 1 
0 0 0 0 0 3 0 4 1 3 4 4 10 10 15 13 21 41 53 70 96 92 41 8 10 6 3 6 2 2 0 0 0 0 0 0 0 0 0 0 
0 0 0 0 0 0 0 0 1 0 0 1 3 6 7 13 17 21 40 60 78 63 44 18 9 15 4 3 1 0 1 2 1 0 1 0 1 0 0 0 
0 0 0 1 0 0 0 0 1 2 2 4 1 1 5 3 10 16 16 41 58 32 49 18 12 5 3 5 4 3 1 0 1 0 1 0 0 0 0 0 
0 0 0 1 0 0 0 2 1 0 2 2 3 3 14 12 34 37 63 51 50 30 27 15 11 5 0 2 2 2 0 0 0 0 0 0 0 0 0 1 
1 0 0 0 0 0 0 0 2 1 3 3 0 4 5 4 13 18 21 19 27 13 21 8 4 4 3 0 0 0 1 1 0 2 0 0 0 0 0 0 
1 0 0 1 0 0 0 0 0 1 0 2 2 1 4 6 0 11 12 17 18 11 12 3 5 1 1 0 3 1 0 1 0 0 0 1 0 0 0 0 
0 0 0 0 0 0 1 2 1 1 1 2 2 3 13 7 25 24 29 31 22 16 16 11 5 4 0 1 0 1 0 0 0 0 0 0 0 0 0 0 
0 0 1 0 0 1 0 0 0 2 2 6 1 3 5 7 15 4 16 17 7 13 3 6 4 2 1 0 0 2 1 0 0 0 0 0 0 0 0 0 
0 0 1 0 1 0 1 0 1 1 1 0 0 5 5 2 1 6 7 14 16 4 3 4 3 1 0 1 1 2 0 0 0 0 0 0 0 0 0 1 
0 0 0 1 0 1 0 0 0 1 1 0 2 0 7 8 12 20 28 31 16 19 7 5 3 1 6 2 0 0 0 1 0 0 0 0 0 0 0 0 
0 0 0 0 0 0 0 2 0 0 2 1 3 3 2 0 4 6 13 8 12 8 4 2 4 1 2 1 0 0 0 0 1 0 0 0 0 0 0 0 

0 0 0 0 0 0 1 0 1 2 0 3 0 11 5 21 3 7 3 4 8 26 20 23 21 65 93 97 48 4 4 1 3 1 0 0 0 0 1 0 
1 0 1 0 0 0 0 0 1 0 1 0 3 3 4 2 9 6 8 6 5 18 21 11 32 29 48 44 23 13 6 2 1 1 1 0 0 3 1 2 
0 0 1 0 0 1 0 0 2 1 1 0 1 2 3 9 11 2 11 6 2 23 21 15 25 26 37 18 18 18 5 5 4 0 4 3 2 1 1 2 
0 0 0 0 0 0 1 0 0 0 2 3 0 6 4 14 19 9 7 12 11 15 22 17 29 18 30 16 24 6 7 1 9 4 2 0 0 0 0 1 
0 0 0 0 1 0 0 0 0 2 0 4 3 1 10 30 32 18 14 11 14 23 25 18 16 17 13 16 6 4 2 0 1 1 0 0 1 0 0 1 
1 1 0 0 0 0 2 1 0 1 5 1 3 11 12 21 65 19 14 13 15 21 26 20 22 10 18 11 14 4 4 3 2 0 0 0 0 0 0 0 
1 0 0 0 0 1 0 1 1 1 0 3 2 9 5 48 237 42 48 9 23 36 47 9 28 11 17 5 8 4 3 1 3 3 1 0 0 2 0 0 
2 1 0 0 0 0 0 1 2 0 1 3 1 5 18 21 77 53 30 23 18 56 50 32 20 10 16 5 4 1 3 5 0 0 1 0 0 1 1 3 
0 0 1 0 0 0 2 0 4 0 2 4 7 6 13 33 56 48 32 24 47 101 65 29 18 20 10 5 5 4 2 1 4 1 0 0 0 0 0 1 
1 0 0 0 0 0 0 0 1 5 1 2 3 7 8 22 34 60 49 27 33 217 150 15 16 14 16 3 2 6 3 2 5 0 1 2 0 0 2 0 
2 0 0 0 1 1 0 0 0 0 0 2 2 2 14 18 30 66 46 38 158 243 79 22 14 13 6 4 7 2 2 2 1 2 0 0 0 2 0 1 
1 1 0 0 1 0 0 1 1 1 4 5 8 4 11 12 22 39 33 81 833 270 76 39 17 15 13 5 4 2 2 0 1 1 0 1 0 0 0 1 
1 1 2 1 1 0 1 0 3 2 3 4 5 6 4 12 16 42 57 94 889 229 97 24 29 6 14 5 6 2 4 2 1 1 0 0 1 0 1 0 
2 0 0 0 0 0 1 1 0 0 2 5 4 4 12 11 34 61 44 51 300 100 45 21 7 6 5 2 2 1 0 0 1 3 0 0 0 0 1 1 
0 0 0 0 2 0 2 2 2 0 0 3 3 6 2 12 12 32 49 104 174 82 65 30 16 5 5 1 3 3 1 1 0 0 1 1 2 0 0 0 
0 0 0 1 1 0 0 1 0 1 1 2 3 3 6 19 15 43 39 65 159 69 45 13 22 9 10 5 6 1 4 1 2 0 0 0 0 0 0 0 
0 0 0 0 1 0 1 0 0 2 2 3 5 2 8 18 26 36 38 68 61 49 25 12 9 5 4 3 0 2 1 0 0 0 0 0 1 1 0 0 
0 0 0 2 1 0 1 0 0 1 1 1 3 4 4 8 6 15 19 27 28 16 14 5 4 9 0 2 1 2 0 0 0 1 0 0 0 1 0 0 
2 0 0 0 0 0 0 0 0 1 1 1 1 1 5 9 9 15 26 42 36 17 12 9 9 4 9 0 1 2 1 0 1 1 0 0 0 0 0 0 
4 0 0 0 0 0 1 1 1 1 3 3 8 5 4 11 14 19 37 46 34 25 14 8 5 1 1 2 2 0 0 0 0 0 0 0 1 0 0 0 
0 0 0 0 0 1 0 0 0 2 1 0 1 3 2 1 6 9 9 15 6 8 4 4 3 1 1 2 1 1 1 1 0 0 0 1 0 1 0 0 
1 0 0 0 2 1 1 0 1 1 0 0 1 0 2 4 3 15 12 19 25 13 7 4 5 2 4 3 5 0 1 0 1 0 0 0 0 1 1 0 
0 0 0 1 0 1 0 0 1 2 1 3 0 3 12 4 18 29 32 35 19 5 9 4 2 6 1 0 1 0 0 0 0 0 2 1 0 0 0 0 
1 0 0 0 1 1 0 0 0 0 0 1 2 2 5 2 5 5 14 14 11 5 5 1 1 0 0 1 0 0 0 1 0 0 0 0 0 0 0 0 

0 0 0 0 0 0 0 1 0 1 0 0 0 12 6 12 0 8 2 9 6 16 9 20 11 33 21 51 41 4 6 0 0 0 0 0 0 0 0 0 
0 0 0 0 0 0 0 0 0 0 1 3 1 4 11 3 4 7 4 2 4 6 7 6 13 5 23 25 15 7 8 3 0 1 0 1 1 0 2 0 
0 0 0 0 0 0 0 0 0 1 0 2 2 4 5 18 11 6 6 6 1 7 2 6 7 11 8 15 11 10 3 3 0 1 0 0 0 0 0 0 
0 0 0 1 0 0 1 1 0 0 1 2 0 4 5 14 18 13 12 8 5 11 14 6 8 8 12 11 17 3 8 1 4 1 0 0 0 1 0 0 
0 0 0 0 0 0 0 1 1 1 1 3 5 4 18 23 23 14 11 13 12 20 12 4 6 8 11 12 8 3 3 3 1 0 0 0 0 0 0 1 
0 0 0 1 0 0 1 1 1 1 0 2 3 2 11 18 28 29 30 19 18 14 15 12 10 11 14 8 11 8 4 1 0 0 2 0 0 0 0 0 
2 0 0 0 1 1 0 0 1 2 0 2 0 3 4 27 41 44 34 13 13 17 24 15 21 5 19 10 6 1 4 0 1 0 0 0 1 0 0 0 
1 0 0 2 0 3 0 1 2 0 0 0 3 9 24 29 291 84 54 23 16 15 20 12 11 20 14 3 5 5 5 3 3 1 0 0 1 0 0 0 
0 1 0 1 0 0 0 0 1 3 2 4 9 15 15 34 209 69 61 27 23 20 16 13 13 8 10 8 5 0 3 0 0 0 0 0 1 0 0 0 
0 0 0 0 0 2 2 1 0 1 0 2 6 7 10 24 230 78 74 26 16 39 49 10 18 9 14 8 5 2 3 1 0 0 0 1 0 0 0 0 
0 0 0 0 0 0 0 1 1 2 2 2 7 6 18 44 166 135 72 37 34 42 33 12 15 21 7 2 6 0 2 0 1 0 0 0 1 0 0 0 
0 0 0 0 0 1 1 0 2 2 2 2 3 12 15 37 188 99 58 47 59 34 38 20 17 13 7 5 7 4 1 1 2 0 0 2 1 1 1 0 
1 0 0 1 1 1 1 0 1 1 0 2 4 8 8 23 50 77 66 44 139 92 78 24 22 10 19 10 8 4 2 0 1 1 1 2 0 0 0 0 
0 0 1 0 1 1 0 1 0 3 2 3 13 8 27 29 88 135 66 62 298 90 43 24 16 9 3 4 2 4 0 0 2 1 0 0 1 1 1 0 
0 1 0 0 2 2 0 0 2 1 4 4 5 7 12 23 84 115 73 88 262 50 28 20 14 9 7 5 1 2 4 1 3 0 0 0 1 0 1 0 
1 1 1 1 0 1 0 2 0 0 0 4 2 6 8 25 33 66 58 109 569 73 45 14 11 4 11 2 3 0 5 0 0 0 1 0 0 1 0 0 
1 0 0 0 0 1 2 2 0 2 2 2 6 9 21 38 80 91 90 256 349 84 36 16 8 10 5 3 2 3 0 2 0 0 1 2 0 0 0 1 
0 0 0 1 2 0 0 0 3 1 2 1 5 3 19 28 49 92 95 368 158 52 36 16 16 13 3 8 0 3 2 1 0 0 0 0 0 0 0 0 
1 1 0 0 0 0 0 0 2 2 1 2 3 6 7 20 22 42 47 199 127 25 23 11 22 5 8 0 4 2 2 2 2 1 0 0 1 1 0 1 
1 1 0 0 0 0 0 0 3 2 3 2 5 8 16 18 45 60 128 153 98 40 26 26 7 4 4 1 0 1 0 2 0 0 0 2 0 0 0 1 
1 0 1 0 0 2 1 1 0 0 1 5 0 8 13 19 33 50 90 105 92 42 20 15 12 4 6 1 2 1 2 0 0 0 0 0 0 0 0 0 
2 2 0 0 1 1 0 0 1 0 0 0 5 8 8 15 7 38 46 54 65 29 21 11 21 7 5 6 1 2 0 4 0 1 0 1 1 0 1 0 
2 0 0 1 0 0 0 1 0 1 4 2 5 6 14 15 25 63 91 97 67 27 21 9 7 8 7 1 1 1 0 0 1 0 0 0 0 1 0 0 
0 1 0 0 1 1 1 1 2 1 1 2 8 8 9 21 26 40 83 131 76 52 25 22 9 6 3 4 1 2 1 0 1 1 0 0 1 1 0 0 

0 0 0 1 0 0 0 0 0 0 1 3 4 20 12 16 3 8 3 4 4 13 10 8 6 14 20 60 33 7 8 0 1 0 0 0 0 0 0 0 
0 0 1 0 0 1 0 0 0 1 0 0 4 11 11 11 8 3 6 4 3 5 7 8 4 9 17 17 26 8 11 2 4 1 0 0 0 2 0 1 
1 1 0 0 0 0 1 0 0 1 2 0 1 3 14 13 6 8 5 2 6 5 9 4 8 7 4 8 12 13 2 6 1 0 0 0 0 2 0 1 
1 0 0 0 0 0 0 0 1 0 0 3 1 9 5 40 25 11 8 6 7 6 10 5 8 7 6 18 32 4 4 2 2 2 0 0 0 0 1 1 
0 1 0 0 0 0 1 0 0 1 1 1 2 2 11 28 36 21 20 14 13 9 18 9 10 11 14 34 12 6 3 2 1 0 1 1 0 0 0 1 
0 0 0 0 0 0 0 0 1 1 0 3 3 6 12 16 37 135 40 21 13 13 12 7 4 3 9 13 6 3 4 1 0 1 0 1 1 0 0 0 
0 0 0 0 1 1 0 1 1 3 0 2 3 9 3 19 69 126 89 13 13 15 15 12 13 16 21 8 6 5 3 1 0 0 0 1 0 0 0 0 
0 0 0 0 0 1 0 2 0 1 1 0 3 4 9 23 91 88 33 19 13 20 16 9 13 19 8 7 8 3 2 0 0 1 1 0 0 0 0 1 
0 0 0 1 1 2 2 1 1 4 1 3 2 9 13 34 68 62 48 20 23 19 15 11 9 15 8 8 5 5 2 1 1 1 0 0 0 0 0 0 
2 0 1 1 0 0 0 2 0 1 3 4 1 6 5 18 47 104 87 18 12 18 17 4 13 20 15 5 7 2 3 1 3 0 1 0 1 1 0 0 
0 0 0 0 1 0 0 1 0 0 2 3 1 4 18 14 121 146 63 32 15 29 16 14 14 23 15 3 8 0 2 3 0 0 0 0 0 2 0 1 
0 0 2 2 0 2 2 1 1 1 1 4 7 9 13 37 161 112 59 31 37 26 23 28 15 14 9 9 2 3 2 3 1 0 1 0 0 1 1 0 
0 1 0 0 1 2 0 2 2 2 2 3 6 5 4 32 166 179 96 29 40 30 32 18 17 7 10 4 4 5 1 0 4 0 4 0 0 0 1 0 
1 0 0 0 0 0 0 1 1 2 2 1 2 6 11 20 151 346 98 39 37 34 31 24 13 8 3 5 4 3 0 0 1 1 0 0 1 0 1 1 
2 2 0 2 0 1 0 1 0 4 3 3 10 20 17 30 262 232 146 50 50 34 33 18 13 6 12 7 5 3 1 2 2 0 0 2 0 0 1 1 
0 0 1 0 0 1 0 0 1 4 1 4 3 11 10 28 108 204 364 49 69 42 37 15 23 5 13 5 4 4 5 0 2 0 1 0 1 0 0 0 
0 0 1 0 0 0 0 0 1 0 6 4 3 3 16 30 117 400 248 95 172 68 23 14 14 8 4 2 2 1 0 1 0 2 0 0 0 0 0 0 
1 1 0 1 1 1 2 0 2 4 2 2 12 10 9 31 69 152 157 141 202 30 34 31 12 8 4 6 3 6 2 3 2 3 1 2 1 1 1 1 
0 0 0 1 0 2 0 0 0 1 1 5 3 10 6 19 31 149 212 508 550 50 48 25 22 11 8 4 5 3 4 3 2 1 1 0 1 1 0 0 
1 2 0 2 0 0 2 1 0 0 3 1 2 7 10 19 35 79 135 313 278 35 34 28 15 5 5 3 0 3 0 2 0 0 0 0 0 1 0 0 
0 0 1 1 0 1 0 2 1 2 5 8 7 5 9 27 44 95 119 335 163 40 33 26 8 6 9 2 4 2 0 1 1 1 0 0 0 0 2 2 
0 0 1 1 0 2 1 0 1 2 3 2 2 14 5 23 15 73 126 345 220 28 33 19 20 10 11 4 2 1 3 4 1 1 0 1 1 1 1 0 
2 0 0 2 0 0 1 0 2 0 4 2 5 2 7 10 20 60 173 211 104 28 20 16 14 3 4 6 2 0 1 1 0 0 0 1 0 0 0 1 
0 0 0 0 0 2 0 2 1 0 2 2 4 11 24 17 57 115 233 367 270 127 36 18 17 9 1 4 1 0 3 1 0 1 0 0 0 0 0 1 

0 0 0 0 0 1 0 0 0 3 2 4 1 49 343 43 7 8 2 5 3 5 3 9 2 19 8 413 130 7 4 0 8 1 1 0 0 0 0 0 
0 0 0 0 1 0 0 0 0 2 1 2 4 25 203 36 12 2 5 3 5 2 4 3 7 13 25 172 73 12 5 3 6 4 1 0 1 1 0 0 
0 0 0 0 0 0 0 1 0 2 3 2 1 11 137 188 26 5 4 6 3 3 6 10 13 21 57 137 54 28 8 5 2 2 1 1 0 3 1 1 
0 0 0 0 0 0 1 1 1 2 2 1 2 8 31 264 59 5 8 4 1 8 12 6 10 25 23 82 44 5 14 3 5 3 1 0 0 0 1 0 
0 0 0 0 1 2 3 1 1 2 3 3 5 11 21 309 96 16 11 4 2 10 9 12 24 28 46 84 27 9 9 2 3 4 0 1 1 1 0 0 
0 0 0 1 0 0 0 0 1 2 2 4 5 5 21 224 207 108 22 9 7 11 15 9 20 58 74 39 14 5 5 6 6 1 1 0 0 0 0 1 
0 1 0 0 1 0 0 0 1 2 2 0 3 13 5 42 432 279 82 8 12 6 9 11 7 39 48 14 14 5 8 3 1 1 1 1 0 0 1 0 
0 0 1 1 1 1 0 0 2 0 2 1 9 2 18 40 443 113 39 4 7 10 12 15 31 53 71 27 13 6 7 2 1 0 2 0 1 0 0 0 
0 0 2 0 0 0 0 1 1 1 2 2 5 7 4 20 198 45 23 20 11 19 8 23 26 56 44 17 12 6 1 0 3 1 0 1 0 0 0 0 
0 1 0 1 0 1 0 3 3 0 0 2 3 3 5 14 111 104 90 10 13 9 13 14 22 26 44 6 12 3 9 1 3 1 2 0 0 0 0 2 
0 0 0 0 0 0 1 1 0 1 0 1 3 5 8 18 167 376 43 19 9 17 11 24 31 63 22 7 7 3 1 1 2 0 0 0 0 1 0 0 
1 0 0 0 0 0 1 0 1 1 2 3 3 1 4 9 34 91 28 23 23 20 24 22 46 33 22 16 7 8 3 3 3 0 3 1 1 0 0 2 
1 1 0 0 0 0 0 1 0 1 1 4 1 7 2 12 17 307 77 8 16 20 32 19 23 16 27 7 3 1 4 3 1 0 0 0 0 0 0 0 
0 0 0 1 0 0 0 0 0 1 1 0 1 1 6 25 33 147 40 11 16 22 27 27 19 23 15 4 1 2 2 2 0 0 0 0 0 1 1 0 
0 1 0 0 1 0 1 1 3 1 3 4 2 8 3 10 29 54 45 25 14 11 34 43 44 19 13 7 5 2 5 0 1 1 1 1 0 0 0 1 
0 1 0 0 0 1 0 0 1 2 2 1 2 5 7 26 35 104 158 31 34 22 23 28 36 13 23 8 8 1 3 1 1 0 0 0 0 0 0 1 
0 0 1 2 0 1 1 1 3 1 2 3 4 7 16 28 77 120 82 30 32 17 29 37 39 13 5 2 2 3 0 0 0 1 0 0 1 0 0 1 
0 2 0 0 0 0 0 1 0 3 2 2 6 6 5 16 32 75 68 53 49 37 61 76 55 17 12 10 4 2 4 3 1 1 1 1 0 0 2 0 
1 0 0 0 1 0 0 1 0 1 2 2 4 4 4 14 24 327 267 63 75 23 52 46 50 14 13 7 13 4 5 3 1 0 0 1 0 0 0 0 
0 0 0 1 1 0 0 0 2 0 5 2 5 6 13 14 51 305 212 105 59 41 43 57 29 12 12 6 1 1 1 1 0 1 0 1 0 0 2 1 
1 0 0 2 0 2 2 1 3 2 2 0 5 8 12 9 18 290 80 114 72 43 38 43 25 10 10 5 6 2 4 1 1 1 0 0 0 1 0 1 
0 0 0 0 1 0 0 2 0 3 0 3 0 7 7 11 12 179 182 448 236 46 48 24 27 15 15 2 4 0 0 0 2 1 3 0 1 0 1 0 
0 0 0 0 0 0 1 3 1 1 2 2 5 6 12 18 41 241 414 787 357 36 17 21 17 10 5 1 3 0 0 2 1 0 2 0 0 0 1 0 
0 0 0 0 0 0 0 1 0 0 3 2 7 6 8 14 34 291 474 799 321 44 23 17 15 6 4 2 3 2 1 1 1 1 1 0 1 0 0 0 

0 0 0 1 0 1 0 0 0 0 2 2 4 35 329 31 13 6 5 3 0 8 3 8 8 18 19 239 118 10 3 2 4 1 0 0 0 0 0 1 
2 0 0 0 1 0 0 1 0 1 1 5 3 13 91 23 20 5 8 4 7 2 6 1 9 13 41 162 63 22 13 10 3 3 1 1 1 1 1 0 
0 0 0 0 0 0 0 1 1 1 3 3 4 18 34 29 19 11 6 4 4 8 8 5 9 14 30 190 58 18 10 5 5 3 3 0 3 1 1 0 
0 1 0 0 0 0 0 0 0 0 0 2 3 8 25 52 38 8 11 6 6 3 5 8 0 11 57 133 49 9 13 2 6 2 4 3 1 0 1 2 
1 0 2 0 0 0 0 0 0 0 1 3 4 7 18 32 38 13 14 7 8 11 5 4 10 17 242 91 27 17 14 6 5 2 0 3 1 3 1 0 
1 0 1 1 0 0 2 1 0 3 3 6 6 9 7 28 31 22 17 11 10 13 6 9 20 39 169 54 39 14 4 4 3 2 2 0 1 1 0 0 
0 0 0 1 1 0 1 0 0 2 1 4 2 9 10 34 49 22 32 7 7 7 9 5 16 78 401 26 23 6 7 3 1 1 1 1 1 0 0 1 
0 0 0 0 0 0 0 0 1 0 2 0 0 3 6 15 26 26 10 14 6 5 6 9 19 221 138 18 17 4 6 0 2 0 1 0 0 0 0 2 
0 1 1 1 0 0 0 0 1 0 1 4 4 8 2 13 31 20 14 17 12 10 17 20 40 142 70 26 13 7 5 7 4 1 1 1 1 0 1 0 
0 0 0 0 0 0 0 1 1 2 0 2 2 5 5 7 21 26 47 15 17 12 12 16 23 138 79 10 13 7 8 3 1 2 3 0 1 0 0 0 
0 0 0 0 1 0 0 0 1 0 2 1 7 2 5 7 28 46 35 16 18 7 16 8 37 98 25 5 4 1 4 2 0 0 0 0 0 0 0 2 
0 1 1 1 1 0 0 0 0 1 1 2 3 4 4 10 18 26 28 24 12 23 10 40 121 56 36 13 8 5 2 4 2 1 1 1 0 1 2 1 
0 0 0 0 0 0 1 1 0 2 0 1 4 5 13 13 18 37 40 15 15 10 21 35 113 36 24 9 19 4 3 4 1 1 0 1 1 0 0 0 
2 0 1 1 0 0 0 0 0 0 0 1 5 1 5 9 10 26 20 11 5 11 15 38 76 12 15 4 1 2 1 1 1 2 0 0 0 0 1 1 
1 0 1 0 0 1 1 1 2 2 1 1 1 4 10 15 7 17 29 19 14 21 30 45 83 39 18 11 2 5 0 1 2 0 2 0 0 1 0 2 
0 0 0 0 0 0 3 1 1 2 0 1 1 2 2 17 13 15 22 14 18 13 25 91 111 9 15 7 8 2 4 2 1 1 1 0 2 1 0 0 
0 0 0 0 1 1 1 0 2 2 0 2 2 4 7 9 30 27 34 19 20 20 43 82 29 11 5 4 2 1 2 2 1 0 0 1 1 0 0 1 
1 0 0 1 1 0 0 1 2 2 1 3 4 6 2 17 19 36 33 27 32 37 88 149 90 43 20 14 6 4 3 2 4 2 1 1 0 0 3 6 
1 0 1 0 1 2 0 1 1 2 1 2 1 4 7 12 10 24 27 25 32 32 41 103 87 23 20 10 7 3 3 2 2 0 1 1 1 0 0 0 
0 1 0 0 0 0 0 0 1 0 0 3 1 2 7 5 30 35 53 40 34 25 61 85 28 12 5 5 0 2 0 1 0 0 1 1 1 0 0 0 
0 0 2 0 2 0 1 1 3 1 2 1 2 5 8 13 17 37 42 41 41 48 92 64 38 18 6 5 2 3 0 3 1 0 0 1 1 0 0 1 
0 0 0 0 1 0 2 1 2 0 2 3 1 2 6 13 7 45 71 50 62 28 77 48 34 9 6 3 1 3 2 1 3 2 0 1 0 0 0 0 
1 0 0 1 1 1 0 2 2 1 2 2 0 4 7 11 29 68 117 85 41 30 37 32 13 4 2 1 2 0 0 0 1 0 0 0 1 0 1 0 
0 0 1 0 0 0 0 1 2 1 7 4 7 13 23 22 38 187 251 106 66 56 37 21 20 5 8 4 3 3 4 1 0 1 0 0 1 0 0 1 

0 0 0 0 0 0 0 0 0 2 0 1 1 15 14 18 8 7 3 2 3 2 5 4 6 13 5 41 30 3 3 2 0 0 1 0 0 0 0 0 
0 0 0 0 0 0 0 0 0 0 0 0 2 3 4 6 7 3 4 3 0 2 1 1 3 4 8 13 9 4 2 2 3 0 0 0 0 0 1 0 
0 0 0 0 0 0 0 0 1 1 0 0 0 4 4 6 10 5 4 1 3 4 1 3 7 2 5 15 17 4 2 3 0 0 0 0 0 0 2 0 
0 0 0 0 0 0 0 1 0 1 2 3 4 4 9 12 20 4 1 2 3 2 4 3 3 11 16 29 37 3 5 1 4 0 0 0 1 0 1 0 
0 0 0 0 1 0 0 1 0 0 3 1 3 11 5 10 14 3 4 1 1 6 6 5 9 7 22 28 19 5 4 1 1 1 0 2 1 0 0 0 
0 0 0 0 0 0 0 0 0 0 2 2 1 1 6 4 9 9 3 0 6 2 2 2 9 18 27 16 11 5 4 1 2 2 0 1 1 0 0 1 
0 0 0 0 0 0 0 0 1 1 0 4 6 6 4 4 12 12 15 1 7 5 7 5 4 25 80 8 10 3 4 1 3 0 1 0 0 0 0 0 
0 1 0 0 0 0 0 1 0 0 3 1 2 3 4 9 7 7 11 2 9 1 8 5 10 50 45 14 6 2 1 0 0 0 0 1 0 0 1 0 
0 0 0 0 0 0 1 1 1 0 0 2 0 2 9 7 5 6 9 9 10 5 2 5 6 36 17 8 3 1 2 3 2 1 0 0 0 0 0 0 
1 0 0 0 0 0 0 1 0 0 1 2 2 5 9 10 12 21 29 11 14 4 8 4 14 62 46 3 9 1 2 5 2 0 2 1 0 0 0 1 
1 0 0 0 0 0 1 1 0 0 0 3 5 3 4 8 8 19 14 11 4 6 8 8 75 93 19 4 3 2 1 1 0 1 0 0 1 0 0 0 
1 1 1 0 0 0 0 0 0 1 0 3 2 2 2 11 11 5 21 7 7 5 8 9 67 19 7 15 1 0 1 0 0 1 0 0 0 0 1 0 
0 0 0 0 0 0 0 0 0 0 1 2 1 4 0 10 14 9 22 10 17 11 14 22 363 25 18 3 5 1 2 0 2 0 2 0 0 0 0 0 
0 0 0 0 0 1 0 0 0 0 2 1 1 5 5 3 6 7 11 6 8 7 20 29 254 12 4 3 0 0 0 0 0 1 0 0 1 1 1 0 
0 0 0 0 0 0 0 0 0 1 0 2 1 2 3 5 9 13 13 16 15 9 12 35 34 13 9 3 1 6 4 0 0 1 0 1 0 1 0 0 
1 0 0 0 0 0 0 0 1 0 0 1 2 2 5 12 6 14 22 11 13 9 15 144 132 5 8 2 5 1 3 0 1 0 2 0 0 0 0 0 
0 0 0 0 1 0 0 1 0 0 2 0 3 2 8 4 5 9 12 13 8 9 26 251 63 10 6 5 2 1 0 0 0 0 0 1 0 0 0 0 
1 0 0 0 1 0 1 0 0 2 0 2 3 5 4 6 7 16 14 11 16 9 26 118 32 13 6 5 4 4 4 0 1 0 0 1 2 3 0 0 
1 0 0 1 0 0 0 2 1 1 1 3 3 8 2 15 12 13 14 19 17 19 47 289 74 11 15 3 3 3 2 0 4 0 1 0 0 0 0 0 
1 0 0 0 0 1 2 1 0 0 0 4 3 2 2 3 9 13 15 13 22 27 289 218 43 7 4 3 5 1 0 1 0 0 0 0 0 0 0 0 
1 0 0 0 0 0 1 2 0 2 1 3 3 0 3 11 11 21 25 22 22 52 632 107 23 12 3 10 6 3 0 1 1 3 0 0 0 0 1 0 
1 0 0 0 0 1 0 2 1 0 0 1 0 9 2 15 9 24 24 45 47 77 381 80 46 16 13 4 3 5 2 1 3 0 1 1 0 0 0 0 
0 0 1 1 1 0 0 0 0 0 1 2 4 1 7 8 25 28 37 34 30 44 152 79 26 10 5 2 0 2 0 1 1 0 0 0 0 0 0 0 
0 0 0 0 1 1 0 2 0 0 1 2 1 8 11 27 32 69 88 75 64 85 921 44 17 11 5 3 6 0 1 0 4 1 1 1 1 2 0 0 

0 0 0 0 0 0 0 1 0 0 0 4 1 6 7 7 2 0 3 0 2 2 2 1 4 5 3 16 11 2 2 0 0 1 0 1 0 0 0 0 
0 0 0 0 1 0 0 0 0 0 0 0 1 1 3 1 6 3 2 1 2 4 2 1 2 0 5 7 9 5 2 1 1 2 0 0 3 0 3 1 
0 0 0 0 0 0 0 0 0 1 0 2 1 4 4 4 4 1 2 2 0 1 2 3 3 3 2 4 5 5 1 7 4 2 1 0 1 1 0 0 
0 0 0 0 0 0 0 0 0 0 0 0 1 1 4 5 9 0 2 1 0 1 3 4 4 0 4 10 9 1 3 2 1 0 0 0 0 0 0 0 
0 0 0 1 0 0 0 0 0 0 0 1 2 1 1 8 3 3 2 4 3 4 0 2 4 1 5 10 7 3 3 0 0 0 2 0 1 0 0 0 
0 0 0 0 0 0 0 0 0 1 1 1 3 4 3 6 9 4 2 2 3 2 5 2 7 7 9 13 12 6 5 3 2 2 0 0 0 0 0 0 
0 0 0 0 0 0 0 0 1 0 1 0 1 1 3 4 4 6 4 3 5 1 2 3 6 4 12 4 12 1 5 2 1 1 0 1 1 0 0 0 
0 0 0 0 1 0 0 0 1 0 2 1 0 3 1 5 6 6 8 3 3 10 2 4 7 9 19 7 1 3 3 4 1 2 1 0 0 0 0 0 
1 0 0 0 0 1 1 0 1 1 1 3 2 2 6 3 4 7 6 5 3 3 4 5 8 10 17 6 4 6 1 0 2 1 0 0 2 0 1 0 
0 0 0 0 0 0 0 0 0 0 1 0 2 3 1 4 3 8 13 4 6 3 1 4 7 11 10 3 7 4 3 1 1 1 0 2 0 0 2 0 
0 0 0 0 0 0 0 0 0 0 1 0 2 1 5 2 8 10 4 7 4 5 11 5 10 22 2 4 1 1 1 0 1 0 1 0 0 0 0 0 
0 0 0 0 1 0 0 0 1 2 0 4 0 2 6 3 8 6 9 5 3 6 8 7 23 8 11 7 4 2 5 3 1 1 0 1 0 0 1 1 
0 0 0 0 1 1 0 0 0 0 1 1 2 1 3 6 1 11 11 6 6 5 7 13 15 7 7 1 4 4 0 1 0 0 1 2 0 0 0 1 
0 0 0 0 0 0 0 0 0 1 1 0 0 1 5 5 8 11 13 4 6 11 14 19 14 12 3 4 0 0 2 0 1 0 0 0 0 1 0 0 
1 0 0 0 0 0 0 0 0 0 1 2 0 2 3 2 5 5 10 8 13 4 9 10 12 7 4 4 3 5 2 2 0 0 1 1 0 0 1 0 
0 2 0 0 0 1 0 0 0 1 1 0 1 1 0 3 6 6 7 10 15 6 11 7 22 7 12 3 1 2 1 0 0 0 0 0 1 0 0 0 
1 0 0 0 0 0 0 1 2 0 1 1 0 3 3 5 5 6 7 4 5 8 24 18 13 1 7 3 2 0 0 1 0 0 0 0 0 0 0 1 
0 0 0 1 0 0 1 0 0 1 0 0 2 1 1 5 7 10 9 5 5 12 10 8 14 11 7 4 3 4 1 1 0 1 1 0 0 0 1 1 
0 0 0 0 1 0 0 1 1 1 0 2 1 7 2 4 5 11 10 10 11 22 16 24 20 8 7 5 3 2 1 0 2 1 0 0 1 0 1 0 
0 0 0 0 1 0 0 0 0 0 0 2 1 5 5 5 9 13 17 10 18 19 56 57 32 7 4 2 1 2 1 0 0 2 0 1 0 1 0 0 
0 0 1 0 0 0 0 0 1 2 4 0 3 3 2 5 5 12 11 23 17 34 306 62 28 12 12 9 4 1 0 1 3 1 1 1 1 1 0 2 
0 0 0 0 0 1 0 0 2 1 1 2 1 6 5 2 7 10 14 22 27 52 153 48 45 17 11 3 1 2 8 3 0 1 1 0 0 2 0 0 
0 0 0 0 0 0 0 1 0 0 0 1 2 2 4 4 13 15 34 30 37 36 25 43 34 7 3 2 2 0 0 0 0 0 0 0 0 0 1 0 
0 1 0 0 1 0 0 1 0 0 4 6 5 5 6 6 11 19 31 29 21 43 69 29 20 10 11 2 3 1 2 0 1 0 2 1 0 0 0 0 

0 0 0 0 0 0 0 0 0 0 1 0 0 3 2 4 2 2 1 4 0 0 0 2 1 4 2 5 4 3 4 1 0 0 0 0 0 0 0 0 
0 0 0 0 0 0 0 0 0 1 0 1 0 1 2 0 3 1 1 0 3 0 0 2 3 2 3 0 4 0 0 1 1 0 1 0 0 0 0 0 
0 0 0 1 0 0 0 0 0 0 0 1 1 1 0 1 0 0 1 2 0 0 3 2 0 3 3 8 3 1 3 0 2 0 0 0 1 0 0 0 
0 0 0 0 0 0 1 0 0 0 0 2 0 2 1 3 5 2 1 2 3 0 1 1 2 3 5 4 8 0 1 1 3 1 0 0 0 0 0 0 
0 0 0 0 0 0 0 0 0 0 0 0 0 4 1 3 2 1 0 1 2 2 0 1 3 1 2 1 3 1 0 1 0 0 1 0 0 1 0 0 
0 0 0 0 0 0 0 1 0 1 0 0 1 1 0 3 2 1 2 1 0 0 4 1 4 1 5 2 4 4 0 1 0 1 1 1 0 0 2 0 
0 0 0 0 0 0 1 0 1 2 0 0 1 1 1 2 7 5 7 3 2 2 3 3 2 3 5 2 4 0 3 5 3 0 0 2 1 0 0 0 
0 1 0 0 1 0 0 0 1 1 1 0 1 0 1 3 2 2 3 2 2 2 3 3 2 4 6 3 2 1 0 0 0 0 2 0 0 0 0 0 
0 0 0 0 0 0 0 0 0 0 1 1 1 1 1 1 7 4 4 5 2 1 6 5 2 2 5 0 4 3 2 2 0 0 0 0 0 0 0 0 
0 0 0 0 0 0 0 0 0 1 2 1 1 2 4 3 9 9 7 4 2 4 4 0 6 4 9 1 2 2 3 0 0 1 1 1 0 0 0 0 
0 0 0 0 0 0 0 0 0 0 1 0 0 0 2 1 8 4 3 2 2 2 3 3 4 7 2 1 1 0 2 0 0 0 0 0 0 0 0 0 
1 0 1 0 0 0 0 1 0 1 1 2 2 1 3 1 5 3 4 2 3 4 7 6 2 3 4 6 3 2 0 0 0 0 1 0 0 1 1 0 
0 0 0 0 0 0 0 0 0 0 3 0 0 1 0 7 6 4 14 4 4 1 3 4 10 6 6 0 9 5 2 0 0 0 1 0 0 0 0 0 
0 0 0 0 0 0 0 0 0 0 3 0 1 1 0 2 3 1 5 0 4 3 6 2 2 5 2 1 1 1 0 0 0 0 0 0 0 0 0 0 
0 0 0 1 0 0 0 0 0 0 0 1 0 2 1 5 1 1 5 6 5 7 2 8 5 2 3 1 1 1 1 0 1 0 1 1 0 0 2 0 
0 0 0 0 0 0 0 0 0 3 0 1 0 3 1 5 6 3 5 5 0 6 7 5 6 1 2 2 3 1 1 1 0 0 1 0 0 0 0 0 
1 0 0 0 0 0 0 0 1 1 0 1 0 1 2 3 4 6 5 5 5 6 8 5 8 2 2 0 1 1 0 1 0 0 0 1 0 0 0 0 
0 0 0 0 0 0 0 0 2 3 1 1 1 1 0 5 0 2 4 13 7 7 13 6 7 5 2 3 1 2 1 1 0 0 0 0 0 0 0 0 
0 0 0 0 0 1 0 0 0 0 1 0 1 3 2 5 2 5 7 9 8 4 10 14 23 3 6 3 4 0 1 0 0 1 0 0 0 0 0 0 
0 0 0 0 0 0 0 0 0 0 1 1 0 1 2 5 2 3 5 7 11 10 13 15 9 7 3 0 2 0 1 1 0 0 0 0 0 1 0 0 
0 0 0 0 1 0 1 0 1 1 1 0 3 1 1 7 2 8 6 5 7 14 25 17 5 7 4 3 2 4 0 0 0 1 1 1 2 2 0 0 
0 0 0 0 1 0 0 0 0 0 0 3 0 3 4 5 6 5 9 18 12 23 38 23 25 5 8 2 1 1 1 0 3 1 0 0 0 0 0 0 
0 0 0 0 0 1 3 0 0 0 0 0 1 2 1 3 4 12 9 20 13 15 12 16 8 8 2 3 1 1 1 0 0 0 0 0 0 0 0 0 
0 0 0 0 1 3 0 2 1 0 1 1 8 8 5 4 8 21 21 33 20 25 23 15 12 9 7 2 1 1 2 1 0 0 0 0 0 0 0 1 

0 0 0 0 0 0 0 0 1 1 0 1 0 2 0 5 0 0 1 0 0 0 0 1 1 0 3 3 5 2 1 0 0 0 0 0 0 0 0 0 
0 0 0 0 0 0 0 0 0 0 0 0 0 2 2 2 1 1 1 0 1 1 1 0 2 1 3 3 4 3 0 0 2 1 0 1 1 0 0 0 
0 0 0 0 0 0 0 0 0 0 0 0 0 2 0 3 2 5 0 1 0 1 1 3 2 1 3 2 1 3 1 1 2 0 0 0 0 0 1 1 
0 0 0 0 0 0 0 0 0 0 0 0 1 1 1 2 1 1 0 1 0 0 1 0 6 1 2 0 3 0 0 0 3 0 1 0 1 0 0 0 
0 0 0 0 0 0 1 0 0 0 0 0 0 0 0 1 0 2 0 1 3 0 0 2 0 0 2 1 2 1 1 0 0 0 0 0 0 0 0 0 
0 0 0 0 0 0 0 0 0 0 1 1 2 3 2 3 2 1 1 1 1 1 2 0 1 0 4 3 2 0 1 2 0 0 0 0 0 0 0 1 
0 0 0 0 0 0 0 0 0 0 1 2 0 1 2 3 4 1 1 3 2 2 2 1 0 1 3 1 0 2 2 0 1 1 0 0 0 0 0 0 
0 0 0 0 0 0 0 0 0 0 0 2 1 0 2 3 1 7 0 3 2 3 1 0 1 2 3 4 1 2 0 0 0 0 0 0 0 0 0 0 
0 0 0 0 0 0 0 0 0 0 0 1 0 0 1 1 3 2 5 6 2 2 1 2 5 3 0 1 1 2 0 0 1 0 0 0 0 0 0 1 
0 0 0 0 0 0 1 0 0 0 0 0 1 2 1 0 1 3 12 2 3 2 5 3 4 7 0 2 3 0 1 0 1 1 0 0 0 0 0 0 
0 0 0 0 0 0 0 1 0 0 0 0 0 0 2 2 5 13 6 1 4 2 7 1 3 6 4 0 1 0 2 0 1 0 0 0 0 0 0 0 
0 0 0 0 0 1 0 1 0 1 0 1 1 2 0 1 1 4 7 1 4 2 2 3 1 1 2 1 1 3 0 3 0 0 0 0 0 0 0 0 
0 0 0 0 0 0 0 0 0 0 0 0 0 0 2 2 3 4 1 3 4 0 4 2 5 1 2 2 1 0 0 0 0 2 0 0 0 0 0 0 
0 0 0 0 0 0 1 0 0 0 0 1 1 2 4 3 3 6 5 0 3 6 2 2 4 1 1 2 2 0 1 0 1 0 0 0 0 0 0 0 
0 0 0 0 0 0 0 0 0 0 0 1 0 1 1 2 2 0 5 1 3 2 1 4 6 4 0 0 2 0 0 0 0 1 0 0 1 0 1 0 
0 0 0 0 0 0 0 0 0 0 0 0 0 2 0 2 0 4 2 2 5 3 5 3 9 2 3 1 1 1 0 2 1 0 0 0 0 0 0 1 
0 0 0 0 1 0 0 0 0 0 1 1 0 0 4 6 7 4 3 2 4 5 7 5 1 2 0 1 1 1 1 0 0 0 0 0 0 0 0 0 
0 0 0 0 0 0 0 0 0 1 0 1 0 2 3 0 2 4 3 7 2 3 5 4 3 3 1 1 1 1 2 1 0 0 0 0 1 1 0 0 
0 0 0 0 0 0 0 0 0 0 1 2 0 1 2 3 3 4 5 3 5 9 8 4 13 0 3 0 6 0 2 0 1 0 1 0 0 0 0 2 
0 0 0 1 0 0 0 0 0 0 1 0 1 3 1 1 6 8 9 6 4 8 14 14 7 2 2 1 0 0 0 0 0 1 0 0 0 0 0 0 
0 0 1 0 0 1 0 0 0 0 0 2 0 2 0 2 1 2 1 4 6 6 7 8 5 4 4 2 1 0 0 0 2 0 0 0 0 0 0 0 
0 0 0 0 0 0 1 0 0 2 0 1 0 1 3 2 1 3 12 9 7 6 8 4 7 3 4 0 0 0 1 0 1 0 0 0 0 0 1 0 
0 0 0 0 1 0 0 2 0 0 3 0 2 3 4 3 2 6 11 18 14 7 14 9 10 1 2 2 0 1 0 0 0 0 0 0 1 0 0 0 
0 0 0 0 0 2 1 0 0 0 1 0 3 2 2 6 5 8 10 14 10 11 9 4 9 3 1 1 3 0 1 1 0 1 0 0 0 0 0 0 

0 0 0 0 0 0 0 0 0 0 0 1 0 2 1 1 2 1 0 0 0 0 1 4 2 3 0 5 4 0 0 0 0 0 0 0 0 0 0 0 
0 0 0 0 0 0 0 0 0 0 0 0 0 0 0 3 1 0 0 1 0 1 1 0 0 1 1 0 2 3 0 0 0 0 1 0 0 0 1 0 
0 0 0 0 0 0 0 0 0 0 0 0 0 0 0 2 2 0 0 1 1 0 1 0 0 1 2 2 3 0 1 2 1 0 0 0 0 1 0 0 
0 0 0 0 0 0 0 0 0 1 0 0 0 0 1 1 0 0 0 0 0 1 1 0 1 1 1 3 1 1 1 0 1 0 0 0 0 0 0 0 
0 0 0 0 0 0 0 0 0 0 2 0 0 1 1 1 2 0 0 1 0 2 1 1 0 2 1 1 0 0 0 1 0 0 0 0 0 0 0 0 
0 0 0 0 0 0 0 0 0 0 0 0 0 0 0 0 2 0 0 1 0 0 1 1 1 3 0 1 2 0 1 0 0 0 0 0 0 0 0 0 
0 0 0 0 0 0 0 0 0 0 0 1 0 3 1 0 2 2 2 0 1 1 0 1 0 4 4 3 1 0 2 0 1 0 0 0 0 1 0 0 
0 0 0 0 0 0 0 0 0 0 0 0 0 0 1 0 0 1 1 1 3 2 0 0 1 1 2 3 0 1 0 0 0 0 0 0 0 0 0 0 
0 0 0 0 0 0 0 0 0 0 0 0 1 0 1 3 0 0 0 0 0 1 1 1 1 4 1 2 0 0 0 0 0 0 0 0 0 0 0 0 
0 0 0 0 0 1 1 0 0 2 0 0 0 0 1 0 1 2 1 0 2 0 1 1 0 1 3 3 2 1 1 0 1 0 0 0 0 0 0 0 
0 0 0 0 0 0 0 0 0 0 0 0 1 3 3 1 1 4 0 3 0 2 0 1 0 1 1 0 2 1 0 0 0 0 0 0 0 0 0 0 
0 0 0 0 0 0 0 0 0 0 0 0 0 1 0 1 5 1 4 0 1 1 2 1 3 3 3 1 1 2 0 1 0 1 0 0 0 0 0 0 
0 0 0 0 0 0 0 0 0 0 0 0 0 1 1 1 2 1 3 0 3 0 3 1 2 3 1 1 1 0 0 0 0 0 1 0 0 0 0 0 
0 0 1 0 0 0 0 0 0 0 0 0 1 0 1 1 1 1 2 1 3 0 1 1 2 2 1 0 1 0 0 0 0 0 0 0 0 0 0 0 
0 0 0 0 1 0 0 0 0 0 0 0 0 2 3 1 1 2 3 1 3 3 5 4 0 0 2 0 1 1 1 1 0 2 0 0 0 0 0 0 
0 0 0 0 0 0 0 0 0 0 0 1 0 0 0 3 3 5 2 4 2 1 4 0 3 2 1 0 0 1 0 1 1 0 0 0 0 0 0 0 
0 0 0 0 0 1 0 0 0 0 0 0 0 1 0 1 0 1 1 1 1 1 2 1 4 1 1 0 0 1 0 0 0 0 0 0 0 0 0 0 
0 0 1 0 0 0 0 1 0 0 0 0 1 0 0 3 2 0 0 2 2 3 3 1 2 3 2 0 0 2 1 0 0 0 0 0 0 0 0 0 
0 0 0 0 0 0 0 0 0 0 0 0 0 2 3 1 2 3 2 3 5 5 4 4 3 1 2 0 1 0 0 0 0 0 0 0 0 0 0 0 
0 0 0 0 1 0 0 0 0 0 0 0 3 1 1 3 1 2 5 7 7 4 2 7 3 1 1 0 1 1 0 0 0 0 0 0 0 1 0 0 
0 0 0 0 0 0 0 0 0 0 0 0 1 2 0 1 1 2 0 3 4 2 5 4 6 2 4 1 0 0 0 0 0 1 0 0 2 0 0 0 
0 0 1 0 0 0 0 1 0 1 1 0 1 2 2 2 4 4 4 8 5 5 7 6 9 4 8 1 1 1 0 0 0 0 1 0 0 0 0 0 
0 0 0 0 0 0 2 0 0 0 0 0 0 0 2 0 2 4 3 6 6 2 3 5 3 5 0 1 2 0 0 0 0 0 0 0 0 0 0 0 
0 0 0 0 0 0 0 0 0 1 0 1 1 1 0 7 7 8 19 18 18 15 10 11 7 11 9 1 2 0 0 0 0 2 0 0 0 0 0 0 

0 0 0 0 0 0 0 0 0 0 0 0 0 1 1 1 1 0 1 0 0 0 2 0 0 1 0 1 1 1 0 0 0 0 0 0 0 0 0 0 
0 0 0 0 0 0 0 0 0 0 0 0 0 0 1 0 1 0 0 0 0 0 0 0 1 2 0 1 0 2 1 0 0 0 0 0 0 0 0 0 
0 0 0 0 0 0 0 0 0 0 0 1 1 0 1 2 1 0 0 0 0 0 0 1 1 1 2 0 1 2 1 0 1 0 0 1 0 0 0 0 
0 0 0 0 0 1 0 0 0 0 0 0 0 0 1 1 0 1 1 0 1 2 1 1 0 2 0 0 3 0 1 0 0 0 0 0 0 0 0 0 
0 0 0 0 0 0 0 0 0 0 0 0 0 0 1 0 1 0 2 1 1 3 0 1 1 0 2 1 1 0 0 0 1 0 0 0 0 0 0 0 
0 0 0 0 0 0 0 0 0 0 0 0 0 0 1 0 2 0 1 1 1 0 2 1 1 0 2 5 1 0 0 2 0 0 0 0 0 0 0 0 
0 0 0 0 0 0 0 0 0 0 0 0 0 0 1 0 2 1 1 0 1 1 0 0 2 2 1 1 1 0 2 0 0 0 1 0 0 0 0 0 
0 0 0 0 0 0 0 0 0 0 0 0 0 0 1 1 1 0 1 1 0 0 1 0 0 3 2 2 0 0 1 0 0 0 0 0 0 0 0 0 
0 0 0 0 0 0 0 0 0 0 0 1 0 1 0 0 0 0 1 3 0 2 0 2 2 2 0 1 0 2 1 0 0 0 0 0 0 0 0 0 
0 0 0 0 0 0 0 0 0 0 0 0 1 0 0 0 1 1 1 1 0 1 0 0 3 2 3 0 1 0 1 0 0 0 0 0 0 0 0 0 
0 0 0 0 0 0 0 0 0 0 0 0 1 1 1 2 0 2 1 0 2 1 1 2 1 0 4 1 2 1 0 0 1 0 0 0 0 0 0 0 
0 0 0 0 0 0 0 0 0 0 0 0 2 1 1 1 1 1 1 1 1 1 1 1 1 0 2 0 0 1 1 0 0 0 0 0 0 0 0 0 
0 1 0 0 0 0 0 0 0 0 0 2 0 0 0 0 1 2 3 0 1 2 0 1 4 0 1 2 1 2 0 0 1 0 0 0 0 0 0 0 
0 0 0 0 0 0 0 0 0 0 0 0 0 0 0 1 1 1 0 1 2 1 1 1 2 0 2 1 1 0 1 1 0 0 0 0 0 0 0 0 
0 0 0 0 0 0 0 0 1 0 0 0 1 0 0 0 1 0 2 1 2 1 2 3 2 3 0 2 0 0 0 0 0 0 0 0 0 0 0 0 
0 1 0 0 0 0 0 0 0 0 0 0 2 0 1 0 0 1 1 3 2 1 1 0 3 0 0 0 0 0 1 0 0 0 0 0 0 0 0 0 
0 0 0 0 0 0 1 0 0 0 0 0 0 1 1 0 4 5 3 0 3 3 4 5 5 1 0 0 0 0 0 0 0 0 0 0 0 0 0 0 
0 1 0 0 0 0 0 0 0 0 0 0 0 0 0 1 0 1 2 3 3 0 0 4 1 0 1 0 0 1 1 2 0 0 0 0 0 0 0 0 
0 0 0 0 0 0 1 0 0 0 0 0 0 0 1 0 0 0 2 0 1 1 1 0 1 3 2 3 2 0 2 1 0 0 0 0 0 0 0 0 
0 0 0 0 0 0 0 0 0 0 0 0 2 0 1 2 1 5 4 2 3 1 1 1 4 1 0 0 0 1 0 0 0 0 0 0 0 0 0 1 
0 0 0 0 0 0 1 0 0 0 0 0 0 1 0 0 1 2 0 0 3 4 4 0 3 1 0 1 1 1 0 1 0 0 0 0 0 0 0 1 
0 0 0 0 0 0 0 0 0 0 0 0 0 0 0 0 0 4 2 3 3 3 4 3 4 0 2 1 1 0 0 0 2 0 0 0 0 0 0 0 
0 0 0 0 0 1 0 0 1 0 1 0 0 1 2 1 2 5 8 2 7 4 6 6 3 2 0 0 0 0 0 0 0 0 0 0 0 0 0 0 
0 0 0 0 0 0 0 0 2 0 0 0 1 1 2 1 1 2 4 3 4 3 3 2 2 2 0 1 0 0 1 3 0 0 0 0 0 0 0 0 

0 0 0 0 0 0 0 0 0 0 0 0 0 0 0 1 0 0 0 0 0 0 0 0 0 0 0 1 1 0 0 0 0 0 0 0 0 0 0 0 
0 0 0 0 0 0 0 0 0 1 0 0 0 0 0 0 0 0 0 0 0 0 0 0 0 2 0 2 1 0 0 0 0 0 0 0 0 0 0 0 
0 0 0 0 0 0 0 0 0 0 0 0 0 0 0 1 0 0 0 0 0 0 0 0 1 2 0 0 0 0 1 1 1 0 0 0 0 0 0 0 
0 0 0 0 0 0 0 0 0 0 0 1 0 0 0 0 1 0 0 0 0 0 0 1 1 0 1 0 0 0 0 0 0 0 0 0 0 0 0 0 
0 0 0 0 0 0 0 0 0 0 0 0 0 0 1 2 2 0 0 0 0 1 0 0 1 0 0 0 2 0 1 0 0 0 0 0 0 0 0 0 
0 0 0 0 0 0 0 0 0 0 0 1 0 0 0 0 1 0 0 1 0 2 2 1 0 0 1 0 0 1 1 1 0 0 0 0 1 0 0 0 
0 0 0 0 0 0 0 0 0 0 0 0 0 0 1 0 1 0 1 0 0 1 0 1 0 1 0 1 1 0 1 0 0 0 0 0 0 0 0 0 
0 0 0 0 0 0 0 0 0 0 0 0 0 0 0 2 2 0 2 0 0 0 0 1 0 0 1 0 0 0 0 0 0 0 0 0 0 0 0 0 
0 0 0 0 0 0 0 0 0 0 0 0 0 1 0 0 0 1 0 0 1 0 1 0 0 0 0 3 0 1 0 0 1 0 1 0 0 0 0 0 
0 0 0 0 0 0 0 0 0 0 0 0 0 0 0 1 0 0 1 0 0 1 1 0 1 0 2 0 0 0 0 0 1 0 0 0 0 0 0 0 
0 0 0 0 0 0 0 0 0 1 0 0 0 0 0 0 1 1 1 0 3 3 1 1 1 0 1 0 0 0 0 0 0 0 0 0 0 0 0 0 
0 0 0 0 0 0 0 0 0 0 0 0 0 0 0 1 1 0 0 0 3 1 1 0 0 1 2 1 1 1 1 0 1 0 1 0 0 0 0 0 
0 0 0 0 0 0 0 0 0 0 0 1 0 0 0 0 2 1 0 2 2 1 0 1 1 0 2 0 1 0 0 0 0 0 0 0 0 0 0 0 
0 0 0 0 0 0 0 1 0 0 0 0 0 1 0 0 2 3 0 1 0 1 1 1 0 0 0 1 0 0 0 0 0 0 0 0 0 0 0 0 
0 0 0 0 0 0 0 0 0 0 0 0 0 1 0 1 0 0 2 1 2 0 1 0 2 1 0 0 0 0 0 0 0 0 0 0 0 0 0 0 
0 0 0 0 0 1 0 0 0 0 0 0 0 0 0 2 0 1 1 2 2 1 1 0 1 4 3 0 0 0 0 0 1 0 0 0 0 0 0 0 
0 0 0 0 0 0 0 0 0 0 0 0 0 0 0 2 0 2 0 1 1 3 3 3 1 1 0 0 0 0 0 0 0 0 0 0 0 0 0 0 
0 0 0 0 0 0 0 0 1 0 0 2 0 1 0 0 1 2 0 0 0 0 0 2 1 1 2 0 0 0 0 0 0 0 0 0 0 0 0 0 
0 0 0 0 0 0 0 0 0 0 0 1 1 0 1 1 1 1 2 0 1 1 3 1 4 2 2 0 0 0 2 0 0 0 0 0 0 0 0 0 
0 0 0 0 0 0 0 0 0 1 2 0 1 0 0 2 1 2 3 1 1 1 2 3 0 1 1 0 2 0 0 0 0 0 0 1 0 0 0 0 
0 0 0 0 0 0 0 0 0 0 0 0 0 0 0 0 0 1 1 1 0 0 3 2 2 1 0 1 0 0 1 0 0 0 0 0 0 0 0 0 
0 0 0 0 0 0 0 0 0 0 1 1 0 1 0 1 2 2 3 4 2 0 1 2 3 2 2 0 1 0 0 0 1 1 0 0 0 0 0 0 
0 0 0 0 0 0 1 0 0 1 0 0 0 1 0 2 0 3 2 3 3 4 1 2 3 1 2 0 0 0 0 0 0 0 0 0 0 0 0 0 
0 0 0 0 0 0 0 0 0 1 1 0 1 1 2 4 1 5 4 4 9 10 8 4 2 0 0 4 1 0 0 0 0 0 0 0 0 0 0 0 

0 0 0 0 0 1 0 0 0 0 0 0 0 0 0 1 0 0 0 0 1 0 0 0 0 0 0 0 2 0 0 0 0 0 0 0 0 0 0 0 
0 0 0 0 0 0 0 0 0 0 0 0 0 0 0 0 0 1 1 0 0 0 0 0 0 1 0 0 4 0 0 0 0 1 0 0 0 0 0 0 
0 0 0 0 0 0 0 0 0 0 0 0 0 0 0 0 0 0 1 0 0 1 1 0 0 0 0 1 1 1 1 1 0 0 0 0 0 0 0 0 
0 0 0 0 0 0 0 0 0 0 0 1 0 0 0 0 0 0 0 0 1 1 1 1 0 1 0 0 0 0 0 0 1 0 0 0 0 1 0 1 
0 0 0 0 0 0 0 0 0 0 1 0 0 0 0 1 1 0 0 0 0 0 0 1 0 1 1 1 1 0 0 1 0 0 0 0 0 0 0 0 
0 0 0 0 0 0 0 0 0 1 0 0 0 0 0 1 0 0 1 0 0 0 0 0 0 0 0 2 1 0 0 1 0 0 0 0 0 0 0 0 
0 1 0 0 1 0 0 0 0 1 0 0 1 0 0 0 1 2 0 0 1 0 0 0 0 0 0 0 0 0 0 0 0 0 0 0 0 0 0 0 
0 0 0 0 0 0 0 1 0 0 1 1 0 0 0 1 0 1 0 1 1 0 0 0 0 0 0 0 0 0 0 0 0 0 0 0 0 0 0 0 
0 0 0 0 0 0 0 0 0 0 0 0 0 0 1 0 1 0 2 0 3 0 2 0 0 0 0 2 2 0 1 0 0 0 0 0 1 0 0 0 
0 0 0 0 0 0 0 0 0 0 0 0 0 1 0 1 0 0 0 0 2 0 0 1 0 2 0 2 0 0 0 0 0 0 0 0 0 0 0 0 
0 0 0 0 0 0 0 0 0 0 0 0 0 1 0 0 1 2 1 0 0 2 0 1 0 3 1 0 0 0 0 0 0 0 1 0 0 0 0 0 
0 0 0 0 0 0 0 0 0 0 0 0 0 1 0 0 1 0 0 0 0 0 2 0 0 0 2 2 0 1 0 0 0 0 0 0 0 0 0 0 
0 0 0 0 1 0 0 0 0 0 0 0 1 0 1 0 0 1 0 1 4 0 3 1 0 0 0 0 0 0 0 0 0 0 1 0 0 0 0 0 
0 0 0 0 0 0 0 0 0 0 1 0 0 0 1 1 0 1 0 1 0 0 2 2 0 2 0 0 0 0 0 0 0 1 0 0 0 0 0 0 
0 0 0 0 0 0 0 0 0 0 0 1 0 1 0 0 0 0 0 0 1 0 0 0 1 1 0 0 0 0 0 0 0 0 0 0 0 0 0 0 
1 0 0 0 0 0 0 0 0 0 0 0 0 0 0 0 0 0 1 0 3 0 2 1 0 0 2 0 1 0 0 0 0 0 0 0 0 0 0 0 
0 0 0 0 0 0 0 0 0 0 0 0 0 1 0 2 2 3 0 1 2 1 3 2 0 0 0 0 0 0 0 0 0 0 0 0 0 0 0 0 
0 0 0 0 0 0 0 0 0 1 1 0 0 0 0 0 0 1 0 0 2 0 1 0 0 0 5 0 0 0 0 0 0 0 0 0 0 0 0 0 
0 0 0 0 0 0 0 0 0 0 0 1 0 0 0 0 0 0 0 0 1 0 1 0 0 0 0 0 0 0 0 1 0 0 0 0 0 0 0 0 
1 0 0 0 0 0 0 0 0 0 0 0 0 1 0 1 0 1 3 4 2 0 2 3 1 1 1 0 0 0 0 0 0 0 1 0 0 0 0 0 
0 0 0 0 0 0 0 0 1 0 1 1 0 0 0 1 1 1 1 1 1 1 2 1 1 0 0 0 1 0 0 0 0 0 0 0 0 0 0 0 
0 0 0 0 0 0 0 0 0 0 1 1 0 2 1 1 2 2 0 2 1 0 3 0 0 2 1 0 1 0 0 0 0 0 0 0 0 0 0 0 
0 0 0 0 0 0 0 0 0 1 0 0 0 0 0 2 0 2 3 5 5 1 0 3 1 2 1 0 0 0 0 0 0 0 1 1 0 0 0 0 
0 0 0 0 0 0 0 0 0 0 0 0 0 1 0 1 1 1 6 2 0 2 0 1 1 0 0 0 0 0 0 0 0 0 0 0 0 0 0 0 

0 0 0 0 0 0 0 0 0 1 0 0 1 2 1 2 0 0 0 0 0 0 0 2 0 3 1 1 0 0 0 0 0 0 0 0 0 0 0 0 
0 0 0 0 0 0 0 0 0 0 0 1 0 0 0 0 0 1 0 0 0 0 0 1 1 0 0 0 0 0 0 0 0 0 1 0 0 0 0 0 
0 0 0 0 0 0 0 0 0 0 0 0 0 0 0 0 0 0 1 0 0 0 1 0 0 0 0 0 1 1 0 0 0 0 0 0 0 0 0 0 
0 0 0 0 0 1 0 0 0 0 0 0 0 0 0 0 0 0 0 0 0 0 0 0 0 0 0 0 0 0 0 0 0 0 0 0 0 0 1 0 
0 0 0 0 0 0 0 0 0 0 0 0 0 0 0 0 0 0 0 0 1 0 0 1 0 0 0 2 0 0 0 0 0 0 0 0 0 0 0 0 
0 0 0 0 0 0 0 0 0 0 0 0 0 0 0 0 0 0 1 0 1 0 1 0 0 0 0 0 0 0 0 0 0 0 0 0 0 0 0 0 
0 0 0 0 0 0 0 0 0 0 0 0 0 0 0 0 0 0 1 0 0 1 0 1 1 0 0 0 1 0 0 0 0 0 0 0 0 0 0 0 
0 0 0 0 0 0 0 0 0 0 0 0 0 0 0 1 0 0 0 0 0 0 1 0 1 0 1 2 0 0 0 0 0 0 1 0 0 0 0 0 
0 0 0 0 0 0 0 0 0 0 0 0 0 1 0 0 0 1 0 0 0 0 0 0 0 0 0 0 0 0 1 0 0 0 0 0 0 0 0 0 
0 0 0 0 1 0 0 0 0 0 0 0 1 0 0 0 1 1 1 0 0 0 0 1 0 0 0 0 1 0 0 0 0 0 0 0 0 0 0 0 
0 0 0 0 0 0 1 0 0 0 0 0 0 1 0 0 0 1 2 1 1 1 0 0 0 1 1 0 0 0 0 0 0 0 0 0 0 0 0 0 
0 0 0 0 0 0 0 0 0 0 0 0 0 0 0 1 1 0 1 0 1 1 0 0 0 0 1 0 0 2 0 0 0 0 1 0 0 0 0 0 
0 0 0 0 0 0 0 0 0 0 0 0 0 0 0 2 1 0 0 0 2 0 1 1 1 0 0 0 0 0 0 0 0 0 0 0 0 0 0 0 
0 0 0 0 0 0 0 0 0 0 0 0 0 0 0 0 0 0 1 1 0 0 0 0 0 0 1 0 0 0 0 0 0 0 0 0 0 0 0 0 
0 0 0 0 0 0 0 0 0 1 0 0 0 0 1 0 0 0 0 2 0 1 1 0 1 0 0 1 0 0 0 0 0 0 0 0 0 0 0 0 
0 0 0 0 0 0 0 0 0 0 0 0 0 0 0 1 0 0 0 0 2 0 0 0 1 0 0 0 0 0 0 0 0 0 0 0 0 0 0 0 
0 0 0 0 0 0 0 0 0 0 0 0 0 1 0 0 1 0 1 1 1 0 1 1 1 0 1 0 0 0 0 0 0 0 0 0 0 0 0 0 
0 0 0 0 0 0 0 0 0 0 0 0 0 0 0 0 0 0 0 0 0 1 0 1 0 1 1 1 0 0 0 0 0 0 0 0 0 0 0 0 
0 0 0 0 0 0 0 0 0 1 0 0 0 0 0 0 0 1 0 1 0 0 0 0 4 0 0 0 0 0 0 0 0 0 1 0 0 0 0 0 
0 0 0 0 0 1 0 0 0 0 0 0 0 0 0 0 1 1 1 3 1 0 1 2 1 0 1 1 0 0 0 0 0 0 0 0 0 0 0 0 
0 0 0 0 0 1 0 0 0 0 0 0 0 1 0 0 0 0 0 1 1 1 0 0 1 0 0 1 0 0 0 0 0 0 0 0 0 0 0 0 
0 0 0 0 0 0 0 0 1 1 1 1 0 0 0 0 0 2 0 1 0 2 2 0 0 2 0 0 1 0 3 0 0 0 0 0 0 0 0 0 
0 1 0 0 0 0 0 0 0 0 0 1 0 0 0 0 1 0 2 2 1 1 0 0 0 1 0 0 0 0 2 0 1 0 0 0 0 0 0 0 
0 0 0 0 0 0 0 0 0 0 1 0 0 0 1 3 1 2 2 0 2 2 3 1 2 1 2 0 2 0 0 0 0 0 0 0 0 0 0 0 

0 0 0 0 0 0 0 0 0 0 0 0 0 0 0 0 1 0 0 0 0 1 0 0 0 0 0 0 1 0 0 0 0 0 0 0 0 0 0 0 
0 0 0 0 0 0 1 0 0 0 0 0 0 0 0 0 1 0 0 0 0 0 0 0 0 0 0 0 1 0 0 0 0 0 0 0 0 1 0 0 
0 0 0 0 0 0 0 0 0 0 0 0 0 0 0 0 0 0 0 0 0 0 1 0 0 0 1 0 0 0 0 0 0 0 0 0 0 0 0 0 
0 0 0 0 0 0 0 0 0 0 0 0 0 0 0 0 1 1 0 0 0 0 0 1 0 1 0 0 0 0 1 0 1 0 0 0 0 0 0 0 
0 0 0 0 0 0 0 0 0 0 0 0 0 0 0 0 1 0 0 0 1 0 0 0 0 1 0 0 0 0 0 1 0 0 0 0 0 0 0 0 
0 0 0 0 0 1 0 0 0 0 0 0 0 0 0 0 0 0 1 1 1 0 1 2 2 0 0 0 0 0 0 0 0 0 0 0 0 0 0 0 
0 0 0 0 0 0 0 0 0 0 0 0 0 0 0 0 1 1 1 2 2 0 1 0 0 0 0 0 0 0 0 0 0 1 0 0 0 0 0 0 
0 0 0 0 0 0 0 0 0 0 1 0 0 0 1 0 0 0 0 0 0 1 1 1 0 0 1 2 0 0 0 0 0 0 0 0 0 0 0 0 
0 0 0 0 0 0 0 0 0 1 0 0 0 0 0 0 0 0 0 0 0 0 0 0 1 1 0 0 0 0 0 0 0 0 0 0 0 0 0 0 
0 0 0 0 0 0 0 0 0 0 0 0 0 0 0 0 1 0 0 0 0 0 0 0 0 0 1 0 0 0 0 0 0 0 0 0 0 0 0 0 
0 0 0 0 0 0 0 2 0 0 0 0 0 0 1 0 2 1 2 0 1 0 0 0 1 0 0 0 0 0 2 0 0 0 0 0 0 0 0 0 
0 0 0 0 0 0 0 0 0 0 0 0 0 0 0 0 0 1 0 1 0 0 1 1 0 0 0 0 0 0 0 0 0 0 1 0 0 0 0 0 
0 0 0 0 0 0 0 0 0 0 0 0 0 3 1 0 0 1 1 0 0 1 1 0 0 1 0 1 0 0 0 0 0 0 0 0 0 0 0 0 
0 0 0 0 0 0 0 0 0 0 0 0 0 1 0 0 1 0 0 0 1 1 1 1 1 0 0 0 0 0 0 0 0 1 0 0 0 0 0 0 
0 0 0 0 0 0 0 0 0 0 0 0 0 1 0 0 0 0 0 0 0 0 0 0 0 0 0 1 0 0 0 0 0 0 0 0 0 0 0 0 
1 0 0 0 0 0 0 0 0 0 0 0 0 0 1 0 0 1 0 1 1 1 0 0 0 0 0 0 0 0 0 0 0 0 0 0 0 0 0 0 
0 0 0 0 0 0 0 0 0 0 0 0 0 0 0 1 0 1 1 1 0 1 0 0 0 2 0 0 0 0 0 0 0 0 0 0 0 0 0 1 
0 0 0 0 0 0 0 0 0 0 0 0 0 0 0 0 0 0 0 0 0 1 1 0 1 0 0 2 0 0 0 1 1 0 0 0 0 0 0 0 
0 0 0 0 0 0 0 0 0 0 0 1 0 0 0 0 0 0 0 0 1 0 1 0 1 0 0 0 0 0 0 0 1 0 0 0 0 0 0 0 
0 0 0 0 0 0 1 0 0 0 0 0 0 0 0 0 2 1 2 1 0 1 1 1 0 1 0 0 0 0 0 0 0 0 0 0 0 0 0 0 
0 0 0 0 0 0 0 0 0 0 0 0 0 0 0 0 0 0 0 0 0 0 0 0 0 0 0 0 0 0 0 0 0 0 0 0 0 0 0 0 
0 0 0 0 0 0 0 0 0 0 0 0 0 0 0 0 0 1 3 1 0 0 2 0 1 0 2 0 0 0 0 0 0 0 0 0 0 0 0 0 
0 0 0 0 0 0 0 0 0 0 2 0 0 0 1 0 0 1 1 0 1 3 0 0 0 0 2 0 0 1 0 0 0 1 0 0 0 0 0 0 
0 0 0 0 0 0 0 0 1 0 0 0 0 0 0 1 0 0 0 1 2 0 0 0 0 1 0 0 0 0 0 0 0 1 0 0 0 0 0 0 

0 0 0 0 0 0 0 0 0 0 0 0 0 1 0 0 0 1 0 0 0 0 0 0 0 0 0 0 0 0 0 0 0 0 0 0 0 0 0 0 
0 0 0 0 0 0 0 0 0 0 0 0 0 0 0 0 0 0 0 1 0 0 0 0 0 1 0 1 1 1 0 0 0 0 0 0 0 0 0 0 
0 0 0 0 1 0 0 0 0 0 0 0 0 1 0 1 0 0 0 0 0 0 0 0 0 0 1 1 0 0 1 0 0 0 0 0 0 1 0 0 
0 0 0 0 0 0 0 0 0 0 0 0 0 0 0 0 0 0 0 0 0 0 0 1 0 0 0 0 0 0 0 0 0 0 0 0 0 0 0 0 
0 0 0 0 0 0 0 0 0 0 0 0 0 1 0 0 0 0 0 0 0 1 1 0 1 0 0 0 1 0 1 0 0 0 0 0 0 0 0 0 
0 0 0 0 0 0 0 0 0 0 0 0 0 0 0 0 0 1 0 0 0 0 0 0 1 0 0 0 0 0 0 0 0 0 0 0 0 0 0 0 
0 0 0 0 0 0 0 0 0 0 0 0 0 0 0 0 0 0 0 0 1 0 0 0 0 0 0 0 0 0 0 0 0 0 0 0 0 0 0 0 
0 0 0 0 0 0 0 0 0 0 0 0 0 0 0 0 0 0 0 1 0 0 0 0 0 0 0 0 0 0 0 0 0 0 0 0 0 0 0 0 
0 0 0 0 0 0 0 0 0 0 0 0 0 0 0 0 0 0 0 0 1 0 0 0 0 0 0 0 0 0 0 0 0 0 0 0 0 0 0 0 
0 0 0 0 0 0 0 0 0 0 0 0 0 0 0 0 0 0 0 1 0 0 0 0 0 0 2 0 0 0 0 0 0 0 0 0 0 0 0 0 
0 0 0 1 1 0 0 0 0 0 0 0 0 0 0 0 0 1 1 0 0 1 0 0 0 0 0 0 0 0 0 0 0 0 0 0 0 0 0 0 
0 0 0 0 0 0 0 0 0 0 0 0 0 0 0 0 1 0 0 1 0 0 1 0 1 0 0 0 0 0 0 0 0 0 0 0 0 0 0 0 
0 0 0 0 0 0 1 0 0 0 0 0 0 0 0 0 0 0 0 0 0 1 0 0 0 0 0 0 0 0 0 0 0 0 0 0 0 0 0 0 
0 0 0 0 0 0 0 0 0 0 0 0 0 1 0 0 0 1 0 2 0 0 1 1 0 1 0 0 0 1 0 0 0 0 0 0 0 0 0 0 
0 0 0 0 0 0 0 0 0 0 0 0 0 0 0 0 0 0 1 0 0 0 0 1 1 0 1 0 1 0 0 0 0 0 0 0 0 0 0 0 
0 0 0 0 0 0 0 0 0 0 0 0 0 0 0 0 0 0 1 0 0 0 0 1 2 0 1 0 0 0 0 0 1 0 0 0 0 0 0 0 
0 0 0 0 0 0 0 0 0 0 0 0 0 1 0 1 0 2 0 1 0 0 1 0 0 0 0 0 0 1 0 0 0 0 0 0 0 0 0 0 
0 0 0 0 0 0 0 0 0 0 0 0 0 0 0 0 0 0 1 0 0 0 0 1 0 0 0 0 0 0 0 0 0 0 0 0 0 0 0 0 
0 0 0 0 0 0 0 0 0 1 0 0 0 1 0 0 0 0 0 0 0 0 0 0 0 0 0 0 0 0 0 0 0 0 0 0 0 0 0 0 
0 0 0 0 1 0 0 0 0 0 0 0 0 0 0 0 0 3 0 0 0 0 0 2 0 0 0 0 0 1 0 0 0 0 0 0 1 0 0 0 
0 0 0 0 0 0 0 0 0 0 0 0 1 0 0 1 0 0 0 0 1 1 1 0 0 1 0 0 0 0 1 0 0 0 0 0 0 0 0 0 
0 0 0 0 0 1 0 0 0 0 0 0 0 0 0 1 0 0 1 1 0 1 1 0 1 0 0 0 0 0 0 0 0 0 0 0 0 0 0 0 
0 0 0 0 0 0 0 0 0 0 0 0 0 0 0 1 0 0 1 2 1 0 1 0 0 0 0 0 0 0 0 0 0 0 0 0 0 0 0 0 
0 0 0 0 0 0 0 1 0 0 0 0 1 0 0 0 1 0 0 1 0 1 1 0 3 0 0 0 0 0 0 1 0 0 0 0 0 0 0 0 

0 0 0 0 0 0 0 0 0 1 0 0 0 1 0 0 0 0 0 0 0 0 1 0 0 0 0 0 0 0 0 0 0 0 0 0 0 0 0 0 
0 0 0 0 0 0 0 0 0 0 0 0 0 0 0 0 0 0 0 0 0 0 0 0 0 0 0 0 0 0 0 0 0 0 0 0 0 0 0 0 
0 0 0 0 0 0 0 0 0 0 0 0 0 0 0 0 0 0 1 1 0 0 0 0 0 0 0 0 0 0 1 0 0 0 0 0 0 0 0 0 
0 0 0 0 0 0 0 0 0 0 0 0 0 0 0 0 0 1 0 0 0 0 1 0 0 0 0 0 1 0 0 0 0 0 0 0 0 0 0 0 
0 0 0 0 0 0 0 0 0 0 0 0 1 0 1 0 0 0 0 0 0 0 0 0 0 0 0 0 0 0 0 0 0 0 0 0 1 0 0 0 
0 0 0 0 0 0 0 0 0 0 0 0 0 0 1 0 1 1 0 0 0 0 0 0 0 0 0 0 1 0 0 0 0 0 0 0 0 0 0 0 
0 0 0 0 0 0 0 0 0 0 0 0 0 0 0 0 0 2 0 0 0 1 0 0 1 0 0 0 0 0 0 0 0 0 0 0 0 0 0 0 
0 1 0 0 0 0 0 0 0 0 0 0 0 0 0 1 0 1 1 0 0 0 0 0 0 0 1 1 0 0 0 0 1 0 0 0 0 0 0 0 
0 0 0 0 0 0 0 0 0 0 0 0 0 0 0 0 0 0 1 0 0 0 0 0 0 0 0 0 0 0 0 0 0 0 0 0 0 0 0 0 
0 0 0 0 0 0 0 0 0 0 0 0 0 0 0 0 0 0 1 0 0 1 0 0 0 0 0 0 0 0 1 0 0 0 0 0 0 0 0 0 
0 0 0 0 0 0 0 0 0 0 0 0 0 0 0 0 1 2 1 0 0 1 1 0 1 0 1 0 0 0 0 0 0 0 0 0 0 0 0 0 
0 0 0 0 0 0 0 0 0 0 0 0 0 0 0 0 0 1 1 1 0 0 1 0 0 0 0 0 1 0 0 0 0 0 0 0 0 0 0 0 
0 0 0 0 0 0 0 0 0 0 0 0 0 0 0 1 0 0 0 0 0 0 0 0 0 0 0 1 0 0 0 0 0 0 0 0 0 0 0 0 
0 0 0 0 0 0 0 0 0 0 0 0 0 0 0 0 0 1 1 1 1 0 0 1 0 0 0 0 0 1 0 0 1 0 0 0 0 0 0 0 
0 0 0 1 0 0 0 0 0 0 0 0 0 0 0 1 1 0 1 0 0 0 0 0 0 2 1 0 0 0 0 0 0 0 0 0 0 0 0 0 
0 0 0 0 0 0 0 0 0 0 0 0 0 0 0 0 0 0 1 1 1 0 0 0 0 0 2 0 0 0 0 0 0 0 0 0 0 0 0 0 
0 0 0 0 0 0 0 0 0 0 0 0 0 1 1 0 0 0 0 2 1 0 0 1 0 0 0 0 0 0 0 0 1 0 0 0 0 0 0 0 
0 0 0 0 0 0 0 0 0 0 0 0 0 0 0 0 0 0 0 0 0 0 0 0 0 0 0 0 0 0 0 0 0 0 0 0 0 0 0 0 
0 0 0 0 0 0 0 0 0 0 0 0 0 0 0 0 0 0 0 1 0 0 0 0 1 0 0 0 0 0 0 0 0 0 0 0 0 0 0 0 
0 0 0 0 0 0 0 0 0 0 0 0 0 0 0 0 0 0 1 0 1 0 0 1 0 0 0 0 0 0 0 0 0 0 0 0 0 0 0 0 
0 0 0 0 0 0 0 0 0 0 0 0 0 0 0 1 1 0 0 0 0 0 0 0 0 0 0 0 0 0 0 0 0 0 0 0 0 0 0 0 
0 0 0 0 0 0 0 0 0 0 0 0 0 0 1 0 0 0 0 0 1 0 0 0 2 0 2 0 0 0 0 0 1 0 0 0 0 0 0 0 
0 0 0 0 0 0 0 0 0 0 0 0 0 0 0 0 1 0 3 1 0 1 0 0 1 0 0 0 0 0 0 0 0 0 0 0 0 0 0 0 
0 0 0 0 0 0 0 0 0 0 0 0 0 0 0 0 0 0 1 0 0 1 0 1 0 0 0 0 0 0 0 0 0 0 0 0 0 0 0 0 

0 0 0 0 0 0 0 0 0 0 0 0 0 0 0 0 0 0 0 0 0 1 0 0 0 0 0 0 0 0 0 0 0 0 0 0 0 0 0 0 
0 0 0 0 0 0 0 0 0 0 0 0 0 0 0 0 0 0 0 0 0 0 0 0 0 0 0 1 0 0 0 0 0 0 0 0 0 0 0 0 
0 0 0 0 0 0 0 0 0 0 0 0 0 0 0 0 0 0 0 0 0 0 1 0 0 0 0 0 0 0 0 0 0 0 0 0 0 0 0 0 
0 0 0 0 0 0 0 0 0 0 0 0 0 0 0 0 0 0 0 1 0 0 0 0 0 0 1 0 0 0 0 0 0 0 0 0 0 0 0 0 
0 0 0 0 0 0 0 0 0 0 0 0 0 0 0 1 0 0 0 0 0 0 0 0 0 0 0 0 0 0 0 0 0 0 0 0 0 0 0 0 
0 0 0 0 0 0 0 0 0 0 0 0 0 0 0 0 0 0 0 0 0 0 0 0 0 1 0 0 0 0 0 0 0 0 0 0 0 0 0 0 
0 0 0 0 0 0 0 0 0 0 0 0 1 0 0 0 1 0 0 0 0 0 0 0 0 0 0 0 0 0 0 0 0 0 0 0 0 0 0 0 
0 0 0 0 0 0 0 0 0 0 0 0 0 0 0 0 1 1 0 0 1 0 0 0 0 0 0 0 0 0 0 0 0 0 0 0 0 0 0 0 
0 0 0 0 0 0 0 0 0 0 0 0 0 0 0 0 0 0 1 0 0 0 0 0 0 0 0 0 0 0 0 0 0 0 0 0 0 0 0 0 
0 0 0 0 0 0 0 0 0 0 0 0 0 0 1 0 1 0 0 0 0 0 0 0 0 1 0 0 0 0 0 0 0 0 0 0 0 0 0 0 
0 0 0 0 0 0 0 0 0 0 0 0 0 0 0 0 0 0 0 0 1 0 0 0 2 1 0 1 0 0 0 0 0 0 0 0 0 0 0 0 
0 0 0 0 0 0 0 0 0 0 0 0 0 0 0 0 0 0 0 0 0 0 0 0 0 0 1 0 0 0 0 0 0 0 0 0 0 0 0 0 
0 0 0 0 0 0 0 0 0 0 0 0 0 0 1 0 0 0 0 0 0 0 0 1 0 0 0 0 0 0 0 0 0 0 0 0 0 0 0 0 
0 0 0 0 0 0 0 0 0 0 0 0 0 0 0 0 0 0 0 0 0 0 0 0 0 0 0 0 0 0 0 0 0 0 0 0 0 0 0 0 
0 0 0 0 0 0 0 0 0 0 0 0 0 0 0 0 0 0 0 0 0 0 0 0 0 0 0 0 0 0 0 0 0 0 0 0 0 0 0 0 
0 0 0 0 0 0 0 0 0 0 0 0 1 0 0 0 0 1 0 0 0 0 0 0 0 0 0 0 0 0 0 0 0 0 1 0 0 0 0 0 
0 0 0 0 0 0 0 0 0 0 0 0 0 0 0 0 1 0 0 1 0 1 0 0 0 0 0 0 0 0 0 0 0 0 0 0 0 0 0 1 
0 0 0 1 0 0 0 0 0 0 1 0 0 1 0 0 1 1 0 0 0 0 0 0 0 0 0 0 0 0 0 0 0 0 0 0 0 0 0 0 
0 0 0 0 0 0 0 0 0 0 0 0 0 0 0 1 0 0 0 1 0 0 0 0 0 0 0 0 0 0 0 0 0 0 0 0 0 0 0 0 
0 0 0 0 0 0 0 0 0 0 0 0 0 0 0 0 0 1 0 0 0 2 0 0 0 0 0 0 0 0 0 0 0 0 0 0 0 0 0 0 
0 0 0 0 0 0 0 0 0 0 0 0 0 0 0 0 0 0 0 0 0 0 0 0 1 0 0 0 0 0 0 0 0 0 0 0 0 0 0 0 
0 0 0 0 0 0 0 0 0 0 0 0 0 0 1 0 0 0 1 1 0 0 0 0 2 1 0 0 0 0 0 0 0 1 0 0 0 0 0 0 
0 0 0 0 0 0 0 0 0 0 0 0 0 0 0 0 0 0 1 1 1 1 0 0 0 0 0 0 0 0 0 0 0 0 0 0 0 0 0 0 
0 0 0 0 0 0 0 0 0 0 0 0 0 0 0 0 0 1 0 1 0 2 0 0 1 0 0 0 0 0 0 0 0 0 0 0 0 0 0 0 

0 0 0 0 0 0 0 0 0 0 0 0 0 0 0 0 0 0 0 0 0 0 0 0 0 1 0 0 0 0 0 0 0 0 0 0 0 0 0 0 
0 0 0 0 0 0 0 0 0 1 0 0 0 0 0 0 0 0 0 0 0 0 0 0 0 0 0 0 0 0 0 0 0 0 0 0 0 0 0 0 
0 0 0 0 0 0 0 0 0 0 0 0 0 0 0 0 1 0 0 0 0 0 0 0 0 0 0 0 0 0 0 0 0 0 0 0 0 0 0 0 
0 0 0 0 0 0 0 0 0 0 0 0 0 0 0 0 0 0 0 0 0 0 0 0 1 0 0 0 0 0 0 0 0 0 0 0 0 0 0 0 
0 0 0 0 0 0 0 0 0 0 0 0 0 0 0 1 0 0 0 1 0 1 0 0 0 0 0 0 0 0 0 0 0 0 0 0 0 0 0 0 
0 0 0 0 0 0 0 0 0 0 0 0 0 0 0 0 0 0 0 0 0 0 1 0 1 0 0 0 2 0 1 0 0 0 0 0 0 0 0 0 
0 0 0 0 0 0 0 0 0 0 0 0 0 0 0 0 2 2 0 0 0 0 0 0 0 0 1 0 0 0 0 0 0 0 0 0 0 0 0 0 
0 0 0 0 0 0 0 0 0 0 1 0 0 0 0 1 1 0 0 0 0 0 1 0 0 1 0 0 0 0 0 0 0 1 0 0 0 0 0 0 
0 0 0 0 0 0 0 0 0 0 0 0 0 0 0 0 0 0 0 0 0 0 0 0 0 0 1 1 0 0 0 0 0 0 0 0 0 0 0 0 
0 0 0 0 0 0 0 0 0 0 0 0 0 0 0 0 1 0 0 0 0 0 0 0 0 0 1 0 0 0 0 0 0 0 0 0 0 0 0 0 
0 0 0 0 0 0 0 0 0 0 0 0 0 0 0 0 2 0 1 0 0 0 0 0 0 0 0 0 0 0 0 0 0 0 0 0 0 0 0 0 
0 0 0 0 0 0 0 0 0 0 0 0 0 0 0 0 0 0 0 0 0 0 0 0 0 0 0 0 0 0 0 0 0 0 0 0 0 0 0 0 
0 0 0 0 0 0 0 0 0 0 0 0 0 0 0 0 0 0 0 0 1 0 0 0 0 0 0 0 0 0 0 0 0 0 0 0 0 0 0 0 
0 0 0 0 0 0 0 0 0 0 0 0 0 0 0 0 1 1 1 1 0 1 0 0 0 0 0 0 0 0 0 0 0 0 0 0 0 0 0 0 
0 0 0 0 0 0 0 0 0 0 0 0 0 0 0 0 0 0 0 0 0 0 0 0 0 0 0 0 0 0 0 0 0 0 0 0 0 0 0 0 
0 0 0 0 0 0 0 0 0 0 0 0 0 0 0 0 0 0 0 0 0 0 1 0 0 0 0 0 0 0 0 0 0 0 0 0 0 0 0 0 
0 0 0 0 0 0 0 0 0 0 0 0 0 0 0 0 0 0 0 0 0 0 1 0 0 0 0 0 0 0 0 0 0 0 0 0 0 0 0 0 
0 0 0 0 0 0 0 0 0 0 0 0 0 0 0 0 0 0 1 1 0 0 1 0 0 0 0 0 0 0 0 0 0 0 0 0 0 0 0 0 
0 0 0 0 0 0 0 0 0 1 0 0 0 0 0 1 0 0 0 0 0 0 2 0 0 1 0 0 0 0 0 0 0 0 0 0 0 0 0 0 
0 0 0 0 0 0 0 0 1 0 0 0 0 0 1 1 0 0 0 0 1 0 1 0 2 1 0 0 0 0 0 0 0 0 0 0 0 0 0 0 
0 0 0 0 0 0 0 0 0 0 0 0 0 0 1 0 0 0 0 0 0 0 0 0 0 0 0 0 0 0 0 0 0 0 1 1 0 1 0 0 
0 0 0 0 0 0 0 0 0 0 0 0 0 0 0 0 0 0 0 1 0 0 0 1 0 0 0 0 0 0 0 0 0 0 0 0 0 0 0 0 
0 0 0 0 0 0 0 0 0 0 0 0 0 0 0 0 1 0 1 1 0 1 1 1 0 0 0 0 0 0 0 0 0 0 0 0 0 0 0 0 
0 0 0 0 0 0 0 0 0 0 0 0 0 0 0 0 0 0 1 0 0 0 0 0 0 0 0 0 0 1 0 0 0 0 0 0 0 0 0 0 

0 0 0 0 0 0 0 0 0 0 0 0 0 0 0 0 0 0 0 0 0 0 0 0 0 0 0 1 1 0 0 0 0 0 0 0 0 0 0 0 
0 0 0 0 0 0 0 0 0 0 1 0 0 0 0 0 0 0 2 0 0 0 0 0 0 0 1 0 0 0 0 0 0 0 0 0 0 0 0 1 
0 0 0 0 0 0 0 0 0 0 0 0 0 0 0 0 0 0 0 0 0 0 1 0 0 0 0 0 0 0 0 0 0 0 0 0 0 0 0 0 
0 0 0 0 0 0 0 0 0 0 0 0 0 0 0 0 1 0 0 0 0 0 0 0 0 0 0 0 0 0 0 0 0 0 0 0 0 0 0 0 
0 0 0 0 0 1 0 0 0 0 0 0 0 0 0 0 0 0 0 0 0 0 1 0 0 0 0 1 0 0 0 0 0 0 0 0 0 0 0 0 
0 0 0 0 0 0 0 0 0 0 0 0 0 0 0 0 0 0 0 0 0 0 0 0 0 0 0 0 0 0 0 1 0 0 0 0 0 0 0 0 
0 0 0 0 0 0 0 0 0 0 0 0 0 1 0 0 0 0 0 1 0 0 1 0 0 1 1 0 0 0 0 0 0 0 0 0 0 0 0 0 
1 0 0 0 0 0 0 0 0 0 0 0 0 0 0 0 0 0 0 0 0 0 0 1 0 0 0 0 0 0 0 0 0 0 0 0 0 0 0 0 
0 0 0 0 0 0 0 0 0 0 0 0 0 0 0 1 0 0 0 0 0 0 0 0 0 0 0 0 0 0 0 0 0 0 0 0 0 0 0 0 
0 0 0 0 0 0 0 0 0 0 0 0 0 0 0 0 0 0 0 0 0 0 0 0 0 0 0 0 0 0 1 0 0 0 0 0 0 0 0 0 
0 0 0 0 0 0 0 0 0 0 0 0 0 0 1 0 1 0 1 0 0 0 0 0 0 0 0 0 0 0 0 0 0 0 0 0 0 0 0 0 
0 0 0 0 0 0 0 0 1 0 0 0 0 0 0 0 0 0 0 0 0 0 0 0 0 0 0 0 0 0 0 0 0 0 0 0 0 0 0 0 
0 0 0 0 0 0 0 0 0 0 0 0 0 0 0 0 0 0 0 0 0 0 1 0 0 0 0 0 0 0 0 0 0 0 1 0 0 0 0 0 
0 0 0 0 0 0 0 0 0 1 0 0 0 0 0 0 1 0 1 0 0 0 0 0 0 0 0 0 0 0 0 0 0 0 0 0 0 0 0 0 
0 0 0 0 0 0 0 0 0 0 0 0 0 0 0 0 0 0 0 0 0 1 2 1 0 0 0 0 0 0 0 0 0 0 0 0 0 0 0 0 
0 0 0 0 0 0 0 0 0 0 0 0 1 0 0 0 0 0 0 0 0 0 0 0 0 0 0 0 0 0 1 0 0 0 0 0 0 0 0 0 
0 0 0 0 0 0 0 0 0 0 0 0 0 0 0 0 0 0 1 0 0 0 0 0 0 0 0 0 0 0 0 0 0 0 0 0 0 0 0 0 
0 0 0 0 0 0 0 0 0 0 0 1 0 0 0 1 0 0 0 0 0 0 0 0 0 0 0 0 0 0 0 0 0 0 0 0 0 0 0 0 
0 0 0 0 0 0 0 0 0 0 0 0 0 0 0 0 0 0 0 1 1 0 0 0 0 0 0 0 0 1 0 0 0 0 0 0 0 0 0 0 
0 0 0 0 0 0 0 0 0 1 0 0 0 0 0 0 0 0 0 1 1 1 0 1 0 0 0 0 0 0 0 0 0 0 0 0 1 0 0 0 
0 0 0 0 0 0 0 0 0 0 0 0 0 0 0 0 0 1 1 0 0 0 0 0 0 0 0 0 0 0 0 0 0 0 0 0 0 0 0 0 
1 0 0 0 0 0 0 0 0 0 0 0 0 0 0 0 0 0 0 0 1 1 0 1 0 0 0 0 0 0 0 0 0 0 0 0 0 0 0 0 
0 0 0 0 0 0 0 0 0 0 0 0 0 0 0 0 0 0 1 1 1 1 0 0 0 1 0 0 0 0 0 0 0 0 0 0 0 0 0 0 
0 0 0 0 0 0 0 0 0 0 0 0 0 0 0 0 0 0 0 0 0 0 0 2 0 0 0 0 0 0 0 0 0 0 0 0 0 0 0 0 

0 0 0 0 0 0 0 0 0 0 0 0 0 0 0 0 0 0 0 0 0 0 0 0 0 0 0 0 0 0 0 0 0 0 0 0 0 0 0 0 
0 0 0 0 0 0 0 0 0 0 0 0 0 0 0 1 0 0 0 0 0 0 0 0 0 0 0 0 0 0 0 0 0 0 0 0 0 0 0 0 
0 0 0 0 0 0 0 0 0 0 1 0 0 0 0 0 0 0 0 0 0 0 1 0 0 0 0 0 0 0 0 0 0 0 0 0 0 0 0 0 
0 0 0 0 0 0 0 0 0 0 0 0 0 0 0 0 0 0 0 0 0 0 0 0 0 0 0 0 0 0 0 0 0 0 0 0 0 0 0 0 
0 0 0 0 0 0 0 0 0 0 0 0 0 0 0 0 0 0 0 0 0 0 0 0 0 0 0 1 0 0 0 0 0 0 0 0 0 0 0 0 
0 0 0 0 0 0 0 0 0 0 0 0 0 0 0 0 0 0 0 0 0 0 0 0 0 0 0 0 0 0 0 0 0 0 0 0 0 0 0 0 
0 0 0 0 0 0 0 0 0 0 0 0 0 0 0 0 0 0 0 0 0 0 0 0 0 0 0 0 0 0 0 0 0 1 0 0 0 0 0 0 
0 0 0 0 0 0 0 0 0 0 0 0 0 0 0 0 1 0 0 1 0 0 1 0 0 0 0 0 0 0 0 0 0 0 0 0 0 0 0 0 
0 0 0 0 0 0 0 0 0 0 0 0 0 0 0 0 0 0 0 0 0 0 0 0 0 0 0 0 0 0 0 0 0 0 0 0 0 0 0 0 
0 0 0 0 0 0 0 0 0 0 0 0 0 0 0 0 0 0 0 0 0 0 0 0 0 0 0 0 0 0 0 0 0 0 0 0 0 0 0 0 
0 0 0 0 0 0 0 0 0 0 0 0 0 0 0 0 1 0 1 0 0 0 0 0 0 0 1 0 0 0 1 0 0 0 0 0 0 0 0 0 
0 1 0 0 0 0 0 0 0 0 0 0 0 0 0 1 0 0 0 0 0 0 0 0 0 0 0 0 0 0 0 0 0 0 0 0 0 0 0 0 
0 0 0 0 0 0 0 0 0 0 0 0 0 0 0 0 0 0 0 0 0 0 0 0 0 0 0 0 0 0 0 0 0 0 0 0 0 0 0 0 
0 0 0 0 0 0 0 0 0 0 0 0 0 0 0 0 0 0 1 1 1 0 1 1 0 0 0 0 0 0 0 0 0 0 0 0 0 0 0 0 
0 0 0 0 0 0 0 0 0 0 0 0 0 0 0 0 1 0 0 0 0 0 0 0 0 0 0 0 0 0 0 0 0 0 0 0 0 0 0 0 
0 0 0 0 0 0 0 0 0 0 0 0 0 0 0 0 0 0 0 0 0 0 1 0 1 0 0 0 1 0 0 0 0 0 0 0 0 0 0 0 
0 0 0 0 0 0 0 0 0 0 0 0 0 0 1 0 1 2 1 0 0 0 0 0 0 0 0 0 0 0 0 0 0 0 0 0 0 0 1 0 
0 0 0 0 0 0 0 0 0 0 0 0 0 0 0 0 0 0 0 0 0 0 0 0 0 0 0 0 0 0 0 0 0 0 0 0 0 0 0 0 
0 0 0 0 0 0 0 0 0 0 0 0 0 0 0 0 0 1 0 0 2 0 0 0 0 0 0 0 0 0 0 0 0 0 0 0 0 0 0 0 
0 0 0 0 0 0 0 0 0 0 0 0 0 0 0 1 0 0 0 0 0 0 0 1 0 0 0 0 0 0 0 0 0 1 0 0 0 0 0 0 
0 0 0 0 0 0 0 0 0 0 0 0 0 0 0 0 0 0 0 0 0 0 0 0 0 1 0 0 0 0 0 0 0 0 0 0 0 0 0 0 
0 0 0 0 0 0 0 0 0 1 0 0 0 0 0 0 0 0 0 0 0 0 0 0 0 0 0 0 0 0 0 0 0 0 0 0 0 0 0 0 
0 0 0 0 0 0 0 0 0 0 0 0 0 0 1 0 0 0 1 1 0 0 0 0 0 0 0 0 0 0 0 0 0 0 0 0 0 1 0 0 
0 0 0 0 0 0 0 0 0 0 0 0 0 0 0 0 0 0 0 0 0 0 0 1 0 0 0 0 0 0 0 0 0 0 0 0 0 0 0 0 

0 0 0 0 0 0 0 0 0 0 0 0 0 0 0 0 0 0 0 0 0 0 0 0 0 1 0 0 0 0 0 0 0 0 0 0 0 0 0 0 
0 0 0 0 0 0 0 0 0 0 0 0 0 0 0 0 0 0 0 0 0 0 0 0 0 0 0 0 0 0 0 0 0 0 0 0 0 0 0 0 
0 0 0 0 0 0 0 0 0 0 0 0 0 0 0 1 0 0 0 0 0 0 0 0 0 0 0 0 0 0 0 0 0 0 0 0 0 0 0 0 
0 0 0 0 0 0 0 0 0 0 0 1 0 0 0 0 0 1 0 0 0 0 0 2 0 1 0 0 0 0 0 0 0 0 0 0 0 0 0 0 
0 0 0 0 0 0 0 0 0 0 0 0 0 0 0 0 0 0 0 0 0 0 0 0 0 0 0 1 0 0 0 0 0 0 0 0 0 0 0 0 
0 0 0 0 0 0 0 0 0 0 0 0 0 1 0 0 0 0 1 0 0 0 0 0 0 0 0 0 0 0 0 0 0 0 0 0 0 0 0 0 
0 0 0 0 0 0 0 0 0 0 0 0 0 0 0 0 0 0 0 0 1 0 0 0 0 0 0 0 0 0 0 0 0 0 0 0 0 0 0 0 
0 0 0 0 0 0 0 0 0 0 0 0 0 0 0 0 0 0 0 0 0 0 0 0 0 0 0 1 0 0 0 0 0 0 0 0 0 0 0 0 
0 0 0 0 0 0 0 0 0 0 0 0 0 0 0 0 0 0 0 0 0 0 0 0 0 0 0 0 0 0 0 1 0 0 0 0 0 0 0 0 
0 0 0 0 0 0 0 0 0 0 0 0 0 0 0 0 0 0 0 0 0 0 0 0 0 0 0 0 0 0 0 0 0 0 0 0 0 0 0 0 
0 0 0 0 0 0 0 0 0 0 0 0 0 0 0 0 0 0 1 1 0 0 0 0 0 0 0 0 0 0 0 0 0 0 0 0 0 0 0 0 
0 0 0 0 0 0 0 0 0 0 0 0 0 0 0 0 0 0 0 0 0 0 0 0 0 0 0 0 0 0 0 0 0 0 0 0 0 0 0 0 
0 0 0 0 0 0 0 0 0 0 0 0 0 0 0 0 0 0 1 0 0 0 0 0 0 0 1 0 0 0 0 0 0 0 0 0 0 0 0 0 
0 0 0 0 0 0 0 0 0 0 0 0 0 0 0 0 0 0 0 0 0 1 0 0 0 0 0 0 0 0 0 0 1 0 0 0 0 0 0 0 
0 0 0 0 0 0 0 0 0 0 0 0 0 0 0 0 0 0 0 0 0 0 0 0 0 0 0 0 0 0 0 1 0 0 0 0 0 0 0 0 
0 0 0 0 0 0 0 0 0 0 0 0 0 0 0 0 0 0 0 0 0 1 0 0 0 0 0 0 0 0 0 0 0 0 0 0 0 0 0 0 
0 0 0 0 0 0 0 0 0 0 0 0 0 0 0 0 0 0 0 0 0 0 1 0 0 0 0 0 0 0 0 0 0 0 0 0 0 0 0 0 
0 0 0 1 0 0 0 0 0 0 0 0 0 1 0 0 0 0 0 0 0 0 0 0 0 0 0 0 0 0 0 0 0 0 0 0 0 0 0 0 
0 0 0 0 0 0 0 0 0 0 0 0 0 0 0 0 0 0 0 1 0 0 0 0 0 0 1 0 0 0 0 0 0 0 0 0 0 0 0 0 
0 0 0 0 0 0 0 0 0 0 0 0 1 0 0 0 0 0 1 0 0 0 0 0 1 1 0 0 0 0 0 0 0 1 0 0 0 0 0 0 
0 0 0 0 0 0 0 0 0 0 0 0 0 0 0 0 0 0 1 1 0 0 0 0 0 0 0 0 0 0 0 0 0 0 0 0 0 0 0 0 
1 0 0 0 0 0 0 0 0 0 0 0 0 0 0 0 0 0 0 0 1 0 1 1 0 0 0 0 0 0 0 0 0 0 0 0 0 0 0 0 
0 0 0 0 0 0 0 0 0 0 0 0 0 0 1 0 0 0 1 1 0 0 1 1 0 0 0 0 0 0 0 0 0 0 0 0 0 0 0 0 
0 0 0 0 0 0 0 0 0 0 0 0 0 0 0 0 0 0 0 0 0 0 0 0 0 0 0 0 0 0 0 0 0 0 0 0 0 0 0 0 

0 0 0 0 0 0 0 0 0 0 0 0 0 0 0 0 0 0 0 0 0 0 0 0 0 0 0 0 0 0 0 0 0 0 0 0 0 0 0 0 
0 0 0 0 0 0 0 0 1 0 0 0 0 0 0 0 0 0 0 0 0 0 1 0 0 0 0 0 0 0 0 0 0 0 0 0 0 0 0 0 
0 0 0 0 0 0 0 0 0 0 0 0 0 0 0 0 0 0 0 0 1 0 0 0 0 0 0 0 0 1 0 0 0 0 0 0 0 0 0 0 
0 0 0 0 0 0 0 0 0 0 0 0 0 0 0 0 1 0 0 0 0 0 0 1 0 0 0 0 0 0 0 0 0 0 0 0 0 0 0 0 
0 0 0 0 0 0 0 0 0 0 0 0 0 0 0 0 1 0 0 0 0 0 0 0 0 0 0 1 0 0 0 0 0 0 0 0 0 0 0 0 
0 0 0 0 0 0 0 0 0 0 0 0 0 1 0 0 0 0 0 0 0 1 0 0 0 0 0 0 0 0 0 0 0 0 0 0 0 0 0 0 
0 0 0 0 0 0 0 0 0 0 0 0 0 0 0 0 0 0 0 0 0 0 0 0 0 0 0 0 0 0 0 0 0 0 0 0 0 0 0 0 
0 0 0 0 0 0 0 0 0 0 0 0 0 0 0 0 0 0 0 0 0 0 0 0 0 0 0 0 0 0 0 0 0 0 0 0 0 0 0 0 
0 0 0 0 0 0 0 0 0 0 0 0 0 0 0 0 0 0 0 0 0 0 0 0 0 1 0 0 0 0 0 0 0 0 0 0 0 0 0 0 
0 0 0 0 0 0 0 0 0 0 0 0 0 0 0 0 0 1 1 0 0 0 0 0 0 1 0 1 0 0 0 0 0 0 0 0 0 0 0 0 
0 0 0 0 0 0 0 0 0 0 0 0 0 0 1 0 0 0 0 0 0 0 0 1 0 1 0 0 0 0 0 0 0 0 0 0 0 0 0 0 
0 0 0 0 0 0 0 0 0 0 0 0 0 0 1 0 0 0 0 0 0 0 0 1 0 1 0 0 0 0 0 0 0 0 0 0 0 0 0 0 
0 0 0 0 0 0 0 0 0 0 0 0 0 0 0 0 0 0 1 0 0 0 0 0 0 1 0 0 0 0 0 0 0 0 0 0 0 0 0 0 
0 0 0 0 0 0 0 0 0 0 0 0 0 0 0 0 0 0 1 0 0 0 0 0 0 0 0 0 0 0 0 0 0 0 1 0 0 0 0 0 
0 0 0 0 0 0 0 0 0 0 0 0 0 0 0 0 0 0 1 0 0 0 0 0 0 0 0 0 0 0 0 0 0 0 0 0 0 0 0 0 
0 0 0 0 0 0 0 0 0 0 0 0 0 0 0 0 0 0 0 0 0 0 0 0 0 0 0 0 0 0 0 0 0 0 0 0 0 0 0 0 
0 0 0 0 0 0 0 0 0 0 0 0 0 0 0 1 0 0 2 0 0 0 0 0 0 1 0 0 0 0 0 0 0 0 1 0 0 0 0 0 
0 1 0 0 0 0 0 0 0 1 0 0 0 0 0 0 0 0 0 0 0 0 0 0 0 0 0 1 0 0 0 0 0 0 0 0 0 0 0 0 
0 0 0 0 0 0 0 0 0 0 0 0 0 0 0 0 0 0 0 0 0 1 0 1 0 0 1 0 0 0 0 0 0 1 0 0 0 0 0 0 
0 0 0 0 0 0 0 0 0 0 0 1 0 0 0 1 0 0 1 0 0 0 0 0 0 1 0 0 0 0 0 0 0 0 0 0 0 0 0 0 
0 0 1 0 0 0 0 0 0 0 0 0 0 0 0 0 0 0 0 0 0 0 0 0 0 0 0 0 0 0 0 1 0 0 0 0 0 0 0 0 
0 0 0 0 0 0 0 0 0 0 0 0 0 0 0 0 0 0 0 0 1 0 0 0 0 0 0 0 0 0 0 0 0 0 0 0 0 0 0 0 
0 0 0 0 0 0 0 0 0 0 0 0 0 0 0 0 0 0 0 2 0 0 1 0 0 0 0 0 0 0 0 0 0 0 0 0 0 0 0 0 
0 0 0 0 0 0 0 0 0 0 0 0 0 0 0 0 0 0 0 0 0 1 0 0 0 0 0 0 0 0 0 0 0 0 0 0 0 0 0 0 

0 0 0 0 0 0 0 0 0 0 0 0 0 0 0 0 0 0 0 0 0 0 0 0 0 0 0 2 0 0 0 0 0 0 0 0 0 0 0 0 
0 0 0 0 0 0 0 0 0 0 0 0 0 0 0 0 0 0 0 0 0 0 0 0 0 0 0 0 0 0 0 0 0 0 0 0 0 0 0 0 
0 0 0 0 0 0 0 0 0 0 0 0 0 0 0 0 0 0 0 0 0 0 0 0 0 0 0 0 0 0 0 0 0 0 0 0 0 0 0 0 
0 0 0 0 0 0 0 0 0 0 0 0 0 0 0 0 0 0 0 0 0 0 0 0 0 0 0 0 0 0 0 0 0 0 0 0 0 0 0 0 
0 0 0 0 0 0 0 0 0 0 0 0 0 0 0 1 0 0 0 0 0 0 0 0 0 0 0 0 0 0 0 0 0 0 0 0 0 0 0 0 
0 0 0 0 0 0 0 0 0 0 0 0 0 0 0 0 0 0 0 0 0 0 0 0 0 0 0 0 0 0 0 0 0 0 0 0 0 0 0 0 
0 0 0 0 0 0 0 0 0 0 0 0 0 0 0 0 0 1 0 0 0 0 0 0 0 0 0 1 0 0 0 0 0 0 0 0 0 0 0 0 
0 0 0 0 0 0 0 0 0 0 0 0 0 0 0 0 0 0 0 0 0 0 0 0 0 1 0 0 0 0 1 0 0 0 0 0 0 0 0 0 
0 0 0 0 0 0 0 0 0 0 0 0 0 0 0 0 0 0 0 1 0 0 0 0 0 0 0 0 0 0 0 0 0 0 0 0 0 0 0 0 
0 0 0 0 0 0 0 0 0 0 0 0 0 0 0 0 0 3 1 0 0 0 1 0 0 0 0 0 0 0 0 0 0 0 0 0 0 0 0 0 
0 0 0 1 0 0 0 0 0 0 0 0 0 0 0 0 0 0 0 0 0 2 0 0 0 0 0 0 0 0 0 0 0 0 0 0 0 0 0 0 
0 0 0 0 0 0 0 0 0 0 0 1 0 0 0 0 0 0 0 0 0 0 0 0 0 0 0 0 0 0 0 0 0 0 0 0 0 0 0 0 
0 0 0 0 0 0 0 0 0 0 0 0 0 0 1 1 0 0 1 0 0 0 0 1 0 0 0 0 0 0 0 0 0 0 0 0 0 0 0 0 
0 0 0 0 0 0 0 0 0 0 0 1 0 0 0 0 0 0 0 1 0 0 0 0 0 0 0 0 0 0 0 0 0 0 0 0 0 0 0 0 
0 0 0 0 0 0 0 0 0 0 0 0 0 0 0 0 0 0 0 0 0 0 0 0 0 0 0 0 0 0 0 0 0 0 0 0 0 0 0 0 
0 0 0 0 0 0 0 0 0 0 0 0 0 0 0 0 0 0 0 0 0 2 0 0 0 0 0 0 0 0 0 0 0 0 0 0 0 0 0 0 
0 0 0 0 0 0 0 0 0 0 0 0 0 0 0 0 0 0 1 0 0 0 0 1 0 0 0 0 0 0 0 0 1 0 0 0 0 0 0 0 
0 0 0 0 0 0 0 0 0 0 0 0 0 0 0 0 0 0 0 0 0 0 0 0 1 0 0 0 0 0 0 0 0 0 0 0 0 0 0 0 
0 0 0 0 0 0 0 0 0 0 0 0 0 0 0 0 0 0 0 0 0 0 0 0 0 0 0 0 0 0 0 0 0 0 0 0 0 0 0 0 
0 0 0 0 0 0 0 0 0 0 0 0 0 0 0 1 0 0 0 1 1 0 1 0 0 0 0 0 0 0 0 0 0 0 0 0 0 0 0 0 
0 0 0 0 0 0 0 0 0 0 0 0 0 0 0 0 0 0 0 0 1 0 0 0 0 0 0 0 0 0 0 0 0 0 0 0 1 0 0 0 
0 0 0 0 0 0 0 0 0 0 0 0 0 0 0 0 0 0 0 1 0 0 0 0 0 0 0 0 0 0 0 0 0 0 0 0 0 0 0 0 
0 0 0 0 0 0 0 0 0 0 0 0 0 0 0 0 0 0 0 0 0 1 0 0 0 0 0 0 0 0 0 0 0 0 0 0 0 0 0 0 
0 0 0 0 0 0 0 0 0 0 0 0 0 0 0 0 0 0 0 0 0 1 0 0 0 0 0 0 0 0 0 0 0 0 0 0 0 0 0 0 

0 0 0 0 0 0 0 0 0 0 0 0 0 0 0 0 0 0 0 0 0 0 0 0 1 0 0 0 0 0 0 0 0 0 0 0 0 0 0 0 
0 0 0 0 0 0 0 0 0 0 0 0 0 0 0 0 0 0 0 0 0 0 0 0 0 1 0 0 0 0 0 0 0 0 0 0 0 0 0 0 
0 0 0 0 0 0 0 0 0 0 0 0 0 0 0 0 0 0 0 0 0 0 0 0 0 0 0 0 0 0 0 0 0 0 0 0 0 0 0 0 
0 0 0 0 0 0 0 0 0 0 0 0 0 0 0 0 1 0 0 0 0 1 0 0 0 1 0 0 2 0 0 0 0 0 0 0 0 0 0 0 
0 0 1 0 0 0 0 0 0 0 0 0 0 0 0 0 1 0 0 0 0 0 0 0 0 0 0 0 0 0 0 0 0 0 0 0 0 0 0 0 
0 0 0 0 0 0 0 0 0 0 0 0 0 0 0 0 0 0 0 0 0 0 0 0 0 0 0 0 0 0 0 0 0 0 0 0 0 0 0 0 
0 0 0 0 0 0 0 0 0 0 0 0 0 0 0 0 0 0 0 0 0 0 0 0 0 0 0 0 0 0 0 0 0 0 0 0 0 0 0 0 
0 0 0 0 0 0 0 1 0 0 0 0 0 0 0 1 0 0 0 0 0 0 0 0 0 0 0 0 0 0 0 0 0 0 0 0 0 0 0 0 
0 0 0 0 0 0 0 0 0 0 0 0 0 1 0 0 0 0 0 0 0 0 0 0 0 0 0 0 0 0 0 0 0 0 0 0 0 0 0 0 
0 0 0 0 0 0 0 0 0 0 0 0 0 0 0 0 0 1 0 0 0 0 0 0 0 1 0 0 0 0 0 0 0 0 0 0 0 0 0 0 
0 0 0 0 0 0 0 0 0 0 0 0 0 0 0 0 0 0 0 0 0 0 0 0 0 0 0 0 0 0 0 0 0 0 0 0 0 0 0 0 
0 0 0 0 0 0 0 0 0 0 0 0 0 0 0 0 0 0 0 0 0 0 0 0 0 0 0 0 0 0 0 0 0 0 0 0 0 0 0 0 
0 0 0 0 0 0 0 0 0 0 1 0 0 0 0 0 0 0 0 0 0 1 0 0 0 0 0 0 0 0 0 0 0 0 0 0 0 0 0 0 
0 0 0 0 0 0 0 0 0 0 0 0 0 0 1 0 0 0 1 0 0 0 0 0 0 0 0 0 0 0 0 0 0 0 0 0 0 0 0 0 
0 0 0 0 0 0 0 0 0 0 0 0 0 0 0 0 0 0 0 0 0 0 0 0 0 0 0 0 0 0 0 0 0 0 0 0 0 0 0 0 
0 0 0 0 0 0 0 0 0 0 0 0 0 0 0 1 0 1 1 1 0 1 0 0 0 0 0 0 0 0 0 0 0 0 0 0 0 0 0 0 
0 0 0 0 0 0 0 0 0 0 0 0 0 0 0 1 1 0 0 0 0 0 0 1 0 0 0 0 0 0 0 0 0 0 0 0 0 0 0 0 
0 0 0 0 0 0 0 0 0 0 0 0 0 0 0 0 0 0 1 0 0 0 0 1 0 0 0 0 0 0 0 0 0 0 0 0 0 0 0 0 
0 0 0 0 0 1 0 0 0 0 0 0 0 0 0 0 0 0 1 0 2 0 0 0 0 0 0 0 0 0 0 0 0 0 0 0 0 0 0 0 
0 0 0 0 0 0 0 0 0 0 0 0 1 0 0 0 1 0 1 0 0 0 1 1 0 0 0 0 0 0 0 0 0 0 0 0 0 0 0 0 
0 0 0 0 0 0 0 0 0 0 0 0 0 1 0 0 0 0 0 0 0 0 0 0 0 0 0 0 0 0 0 0 0 0 0 0 0 0 0 0 
0 0 0 0 0 0 0 0 0 0 0 0 0 0 0 0 0 0 0 0 0 0 0 0 0 0 0 0 0 0 0 0 0 0 0 0 0 0 0 0 
0 0 0 0 0 0 0 0 0 0 0 0 0 0 0 0 1 0 2 0 1 0 0 0 0 0 0 0 0 0 0 0 0 0 0 0 0 0 0 0 
0 0 0 0 0 0 0 0 0 0 0 0 0 0 0 0 0 0 0 0 1 0 0 0 0 0 0 0 0 0 0 0 0 0 0 0 0 0 0 0 

0 0 0 0 0 0 0 0 0 0 0 0 0 0 0 1 0 0 0 0 0 2 0 0 0 1 1 0 0 0 0 0 0 0 0 0 0 0 0 0 
0 0 0 0 0 0 0 0 0 0 0 0 0 0 0 0 1 0 0 0 0 0 0 1 0 0 0 0 0 0 0 0 0 0 0 0 0 0 0 0 
0 0 0 0 0 0 0 0 0 0 0 0 0 0 0 0 0 0 0 1 0 1 0 0 0 0 1 1 1 0 0 0 0 0 0 0 0 0 0 0 
0 0 0 0 0 0 0 0 0 0 0 0 0 0 0 0 0 1 0 0 0 0 0 0 0 0 0 1 0 0 0 0 0 0 0 0 0 0 0 0 
0 0 0 0 0 0 0 0 0 0 0 0 0 0 0 1 0 0 0 1 1 0 0 0 0 0 1 0 0 0 0 0 0 0 0 0 0 0 0 0 
0 0 0 0 0 1 0 0 0 0 0 0 0 0 0 1 0 0 0 1 0 0 0 0 0 1 0 0 0 0 0 0 0 0 0 1 0 0 0 0 
0 0 0 0 0 0 0 0 0 0 0 0 0 0 0 1 0 1 0 0 0 0 0 0 0 0 0 0 0 0 0 0 0 0 0 0 0 0 0 0 
0 0 0 0 0 0 0 0 0 0 0 0 0 0 0 0 0 0 1 0 0 0 1 0 0 0 1 0 0 0 0 0 0 0 0 0 0 0 0 0 
0 0 0 0 0 0 0 0 0 0 0 0 0 0 0 0 0 1 1 0 0 0 3 0 0 1 0 0 0 0 0 0 0 0 0 0 0 0 0 0 
0 0 0 0 0 0 0 0 0 0 0 0 0 0 0 0 0 0 0 1 0 0 0 0 0 1 0 0 0 0 0 0 0 0 0 0 0 0 0 0 
0 0 0 0 0 0 0 0 0 0 0 0 0 0 0 0 2 1 1 0 0 0 1 0 0 0 1 1 0 0 0 0 0 1 0 0 0 0 0 0 
0 0 0 0 0 0 0 1 0 0 1 0 0 0 0 0 0 0 1 0 0 0 1 0 0 0 0 0 0 0 0 0 0 0 0 0 1 0 0 0 
0 0 0 0 0 0 0 0 0 0 0 0 0 0 0 0 0 0 0 1 0 0 0 0 0 0 0 0 0 0 0 0 0 0 0 0 0 0 0 0 
0 0 0 0 0 0 0 0 0 0 0 0 0 1 0 0 0 0 0 0 0 0 0 0 0 0 0 0 0 0 0 0 0 0 0 0 0 0 0 0 
0 0 0 0 0 0 0 0 0 0 0 0 0 0 1 0 0 0 0 0 0 1 0 0 0 0 0 0 0 0 0 0 0 0 0 0 0 0 0 0 
0 0 0 0 0 0 0 0 0 0 0 0 0 0 0 0 0 2 0 0 1 0 0 0 0 0 0 0 0 0 0 0 0 0 0 0 0 0 0 0 
0 0 0 0 0 0 0 0 0 0 0 0 0 0 0 0 1 0 0 0 0 0 1 1 0 0 0 0 0 0 0 0 0 0 0 0 0 0 0 0 
0 0 0 0 0 0 0 0 0 0 0 0 0 0 0 0 0 0 1 0 0 0 2 0 0 0 0 1 0 0 0 0 0 0 0 0 0 0 0 0 
0 0 0 0 0 0 0 0 0 0 0 0 0 0 0 0 0 0 0 0 0 0 0 0 0 0 0 0 0 0 0 0 0 0 0 0 0 0 0 0 
0 0 0 0 0 0 0 0 0 0 0 0 0 0 1 1 0 0 0 1 0 0 0 0 0 0 0 0 0 0 0 0 0 0 0 0 0 0 0 0 
0 0 0 0 0 0 0 0 0 0 0 0 0 0 0 0 0 0 0 0 0 2 1 1 0 0 1 0 0 0 0 0 0 0 0 0 0 0 0 0 
0 0 0 0 0 0 0 0 0 0 1 0 0 0 1 0 0 0 0 2 0 0 0 0 0 2 0 0 0 0 0 0 0 0 0 0 0 0 0 0 
0 0 0 0 0 0 0 0 0 0 0 0 0 0 0 0 1 0 0 0 0 0 0 0 0 0 0 0 0 0 0 0 0 0 0 0 0 0 0 0 
0 0 0 0 0 0 0 0 0 0 0 0 0 0 0 0 0 0 0 0 0 0 0 0 0 0 0 0 0 0 0 0 0 0 0 0 0 0 0 0 

