#################################### 
# Matrix Size= (40,1,4)
# Resol      = (20,4,1)
# VoxelSize  = (2,0.25,4)
# nbVal      = 80
#################################### 
52 76 129 200 350 494 827 1326 1790 1954 2039 1811 1353 859 517 338 238 163 104 67 
40 65 94 158 271 408 639 1136 1506 1673 1677 1527 1062 598 372 276 177 133 75 33 
30 71 110 155 233 401 638 1083 1543 1627 1629 1481 1129 640 394 257 178 142 74 49 
53 89 141 217 326 508 804 1356 1704 1967 1943 1724 1361 821 523 367 247 165 107 70 
