# First line is two numbers 
#     First value is '2', it means 'histogram mode'
#     Second value is 'Emin' of the histogram
# Other lines : 2 columns. 1) energy 2) probability (nb divided by NbEvent)
# Number of bins = 2000
# Content below the first bin: 0
# Content above the last  bin: 396.295
# Content above the last  bin: 396.295
# Number of events: 100
2 2e-06
2.0015e-06 0
2.003e-06 0
2.0045e-06 0
2.006e-06 0
2.0075e-06 0
2.009e-06 0
2.0105e-06 0
2.012e-06 0
2.0135e-06 0
2.015e-06 0
2.0165e-06 0
2.018e-06 0
2.0195e-06 0
2.021e-06 0
2.0225e-06 0
2.024e-06 0
2.0255e-06 0
2.027e-06 0
2.0285e-06 0
2.03e-06 0
2.0315e-06 0
2.033e-06 0
2.0345e-06 0
2.036e-06 0
2.0375e-06 0
2.039e-06 0
2.0405e-06 0
2.042e-06 0
2.0435e-06 0
2.045e-06 0
2.0465e-06 0
2.048e-06 0
2.0495e-06 0
2.051e-06 0
2.0525e-06 0
2.054e-06 0
2.0555e-06 0
2.057e-06 0
2.0585e-06 0
2.06e-06 0
2.0615e-06 0
2.063e-06 0
2.0645e-06 0
2.066e-06 0
2.0675e-06 0
2.069e-06 0
2.0705e-06 0
2.072e-06 0
2.0735e-06 0
2.075e-06 0
2.0765e-06 0
2.078e-06 0
2.0795e-06 0
2.081e-06 0
2.0825e-06 0
2.084e-06 0
2.0855e-06 0
2.087e-06 0
2.0885e-06 0
2.09e-06 0
2.0915e-06 0
2.093e-06 0
2.0945e-06 0
2.096e-06 0
2.0975e-06 0
2.099e-06 0
2.1005e-06 0
2.102e-06 0
2.1035e-06 0
2.105e-06 0
2.1065e-06 0
2.108e-06 0
2.1095e-06 0
2.111e-06 0
2.1125e-06 0
2.114e-06 0
2.1155e-06 0
2.117e-06 0
2.1185e-06 0
2.12e-06 0
2.1215e-06 0
2.123e-06 0
2.1245e-06 0
2.126e-06 0
2.1275e-06 0
2.129e-06 0
2.1305e-06 0
2.132e-06 0
2.1335e-06 0
2.135e-06 0
2.1365e-06 0
2.138e-06 0
2.1395e-06 0
2.141e-06 0
2.1425e-06 0
2.144e-06 0
2.1455e-06 0
2.147e-06 0
2.1485e-06 0
2.15e-06 0
2.1515e-06 0
2.153e-06 0
2.1545e-06 0
2.156e-06 0
2.1575e-06 0
2.159e-06 0
2.1605e-06 0
2.162e-06 0
2.1635e-06 0
2.165e-06 0
2.1665e-06 0
2.168e-06 0
2.1695e-06 0
2.171e-06 0
2.1725e-06 0
2.174e-06 0
2.1755e-06 0
2.177e-06 0
2.1785e-06 0
2.18e-06 0
2.1815e-06 0
2.183e-06 0
2.1845e-06 0
2.186e-06 0
2.1875e-06 0
2.189e-06 0
2.1905e-06 0
2.192e-06 0
2.1935e-06 0
2.195e-06 0
2.1965e-06 0
2.198e-06 0
2.1995e-06 0
2.201e-06 0
2.2025e-06 0
2.204e-06 0
2.2055e-06 0
2.207e-06 0
2.2085e-06 0
2.21e-06 0
2.2115e-06 0
2.213e-06 0
2.2145e-06 0
2.216e-06 0
2.2175e-06 0
2.219e-06 0
2.2205e-06 0
2.222e-06 0
2.2235e-06 0
2.225e-06 0
2.2265e-06 0
2.228e-06 0
2.2295e-06 0
2.231e-06 0
2.2325e-06 0
2.234e-06 0
2.2355e-06 0
2.237e-06 0
2.2385e-06 0
2.24e-06 0
2.2415e-06 0
2.243e-06 0
2.2445e-06 0
2.246e-06 0
2.2475e-06 0
2.249e-06 0
2.2505e-06 0
2.252e-06 0
2.2535e-06 0
2.255e-06 0
2.2565e-06 0
2.258e-06 0
2.2595e-06 0
2.261e-06 0
2.2625e-06 0
2.264e-06 0
2.2655e-06 0
2.267e-06 0
2.2685e-06 0
2.27e-06 0
2.2715e-06 0
2.273e-06 0
2.2745e-06 0
2.276e-06 0
2.2775e-06 0
2.279e-06 0
2.2805e-06 0
2.282e-06 0
2.2835e-06 0
2.285e-06 0
2.2865e-06 0
2.288e-06 0
2.2895e-06 0
2.291e-06 0
2.2925e-06 0
2.294e-06 0
2.2955e-06 0
2.297e-06 0
2.2985e-06 0
2.3e-06 0
2.3015e-06 0
2.303e-06 0
2.3045e-06 0
2.306e-06 0
2.3075e-06 0
2.309e-06 0
2.3105e-06 0
2.312e-06 0
2.3135e-06 0
2.315e-06 0
2.3165e-06 0
2.318e-06 0
2.3195e-06 0
2.321e-06 0
2.3225e-06 0
2.324e-06 0
2.3255e-06 0
2.327e-06 0
2.3285e-06 0
2.33e-06 0
2.3315e-06 0
2.333e-06 0
2.3345e-06 0
2.336e-06 0
2.3375e-06 0
2.339e-06 0
2.3405e-06 0
2.342e-06 0
2.3435e-06 0
2.345e-06 0
2.3465e-06 0
2.348e-06 0
2.3495e-06 0
2.351e-06 0
2.3525e-06 0
2.354e-06 0
2.3555e-06 0
2.357e-06 0
2.3585e-06 0
2.36e-06 0
2.3615e-06 0
2.363e-06 0
2.3645e-06 0
2.366e-06 0
2.3675e-06 0
2.369e-06 0
2.3705e-06 0
2.372e-06 0
2.3735e-06 0
2.375e-06 0
2.3765e-06 0
2.378e-06 0
2.3795e-06 0
2.381e-06 0
2.3825e-06 0
2.384e-06 0
2.3855e-06 0
2.387e-06 0
2.3885e-06 0
2.39e-06 0
2.3915e-06 0
2.393e-06 0
2.3945e-06 0
2.396e-06 0
2.3975e-06 0
2.399e-06 16.3357
2.4005e-06 23.9315
2.402e-06 14.0002
2.4035e-06 31.6793
2.405e-06 12.7298
2.4065e-06 27.7628
2.408e-06 12.9136
2.4095e-06 12.1
2.411e-06 10.1173
2.4125e-06 16.8002
2.414e-06 23.9097
2.4155e-06 0.414446
2.417e-06 10.603
2.4185e-06 27.0665
2.42e-06 9.38204
2.4215e-06 16.6914
2.423e-06 16.4994
2.4245e-06 4.51984
2.426e-06 22.7155
2.4275e-06 5.79073
2.429e-06 26.7001
2.4305e-06 14.5717
2.432e-06 20.5751
2.4335e-06 2.01936
2.435e-06 28.6473
2.4365e-06 6.96591
2.438e-06 9.77806
2.4395e-06 5.12451
2.441e-06 6.50761
2.4425e-06 16.2026
2.444e-06 27.2237
2.4455e-06 10.7398
2.447e-06 29.1228
2.4485e-06 10.4044
2.45e-06 20.2124
2.4515e-06 16.6006
2.453e-06 9.83165
2.4545e-06 27.6061
2.456e-06 19.6057
2.4575e-06 17.9721
2.459e-06 17.3111
2.4605e-06 22.8082
2.462e-06 20.3065
2.4635e-06 6.30247
2.465e-06 18.0875
2.4665e-06 16.9595
2.468e-06 6.21355
2.4695e-06 30.3188
2.471e-06 21.9501
2.4725e-06 26.781
2.474e-06 17.3512
2.4755e-06 15.2467
2.477e-06 26.2911
2.4785e-06 31.1382
2.48e-06 27.8795
2.4815e-06 31.2299
2.483e-06 16.4616
2.4845e-06 21.3062
2.486e-06 26.7008
2.4875e-06 26.3815
2.489e-06 23.6552
2.4905e-06 26.0932
2.492e-06 33.8534
2.4935e-06 12.5515
2.495e-06 40.5766
2.4965e-06 23.1562
2.498e-06 24.0839
2.4995e-06 21.6608
2.501e-06 26.1149
2.5025e-06 37.6153
2.504e-06 22.8172
2.5055e-06 33.1228
2.507e-06 11.8537
2.5085e-06 43.9151
2.51e-06 52.7248
2.5115e-06 34.6109
2.513e-06 25.9843
2.5145e-06 33.1412
2.516e-06 44.4709
2.5175e-06 47.9331
2.519e-06 51.4299
2.5205e-06 44.1924
2.522e-06 29.07
2.5235e-06 31.2396
2.525e-06 30.7415
2.5265e-06 47.7
2.528e-06 23.0028
2.5295e-06 37.1671
2.531e-06 36.3331
2.5325e-06 69.8847
2.534e-06 63.474
2.5355e-06 34.3714
2.537e-06 36.5351
2.5385e-06 38.5318
2.54e-06 48.8525
2.5415e-06 28.9061
2.543e-06 28.7807
2.5445e-06 67.3205
2.546e-06 63.9427
2.5475e-06 46.6186
2.549e-06 33.1173
2.5505e-06 47.8464
2.552e-06 18.4989
2.5535e-06 55.4937
2.555e-06 70.2278
2.5565e-06 75.5291
2.558e-06 48.6127
2.5595e-06 53.2722
2.561e-06 51.263
2.5625e-06 70.8523
2.564e-06 50.5355
2.5655e-06 58.5292
2.567e-06 24.2778
2.5685e-06 93.2535
2.57e-06 52.7825
2.5715e-06 45.7166
2.573e-06 42.619
2.5745e-06 51.1633
2.576e-06 39.5443
2.5775e-06 30.5979
2.579e-06 61.3141
2.5805e-06 54.7596
2.582e-06 54.7489
2.5835e-06 36.7822
2.585e-06 53.2332
2.5865e-06 82.1167
2.588e-06 61.5962
2.5895e-06 57.6771
2.591e-06 49.8587
2.5925e-06 47.1559
2.594e-06 44.9853
2.5955e-06 32.7035
2.597e-06 63.2378
2.5985e-06 67.7624
2.6e-06 62.4457
2.6015e-06 71.1806
2.603e-06 47.7029
2.6045e-06 74.2563
2.606e-06 41.6094
2.6075e-06 73.1807
2.609e-06 92.4989
2.6105e-06 83.6378
2.612e-06 44.7089
2.6135e-06 59.0519
2.615e-06 80.2317
2.6165e-06 99.8933
2.618e-06 74.2696
2.6195e-06 70.203
2.621e-06 85.6891
2.6225e-06 39.858
2.624e-06 102.956
2.6255e-06 82.6044
2.627e-06 72.6532
2.6285e-06 82.3766
2.63e-06 94.2581
2.6315e-06 82.7869
2.633e-06 60.4838
2.6345e-06 110.541
2.636e-06 86.5904
2.6375e-06 102.541
2.639e-06 56.3913
2.6405e-06 81.9608
2.642e-06 88.2343
2.6435e-06 74.8394
2.645e-06 92.9116
2.6465e-06 77.5936
2.648e-06 120.255
2.6495e-06 70.0075
2.651e-06 85.4375
2.6525e-06 82.8114
2.654e-06 85.5296
2.6555e-06 83.0433
2.657e-06 105.26
2.6585e-06 109.204
2.66e-06 107.006
2.6615e-06 65.9897
2.663e-06 100.935
2.6645e-06 116.197
2.666e-06 85.1286
2.6675e-06 81.1369
2.669e-06 105.471
2.6705e-06 93.1122
2.672e-06 97.9242
2.6735e-06 76.3118
2.675e-06 111.933
2.6765e-06 94.3945
2.678e-06 102.694
2.6795e-06 78.4918
2.681e-06 157.104
2.6825e-06 114.476
2.684e-06 127.912
2.6855e-06 113.203
2.687e-06 98.0507
2.6885e-06 134.253
2.69e-06 149.1
2.6915e-06 93.1971
2.693e-06 97.5105
2.6945e-06 108.847
2.696e-06 125.254
2.6975e-06 135.345
2.699e-06 132.674
2.7005e-06 114.021
2.702e-06 112.593
2.7035e-06 164.736
2.705e-06 138.762
2.7065e-06 143.995
2.708e-06 152.897
2.7095e-06 126.644
2.711e-06 161.366
2.7125e-06 121.343
2.714e-06 113.437
2.7155e-06 131.649
2.717e-06 138.505
2.7185e-06 135.056
2.72e-06 151.929
2.7215e-06 115.131
2.723e-06 175.231
2.7245e-06 113.827
2.726e-06 139.623
2.7275e-06 109.936
2.729e-06 141.212
2.7305e-06 125.319
2.732e-06 151.894
2.7335e-06 162.775
2.735e-06 171.687
2.7365e-06 109.737
2.738e-06 137.184
2.7395e-06 154.288
2.741e-06 123.436
2.7425e-06 199.935
2.744e-06 164.385
2.7455e-06 126.271
2.747e-06 173.51
2.7485e-06 137.076
2.75e-06 181.622
2.7515e-06 171.907
2.753e-06 179.41
2.7545e-06 146.943
2.756e-06 129.78
2.7575e-06 156.151
2.759e-06 153.661
2.7605e-06 191
2.762e-06 145.505
2.7635e-06 166.055
2.765e-06 130.67
2.7665e-06 182.276
2.768e-06 169.591
2.7695e-06 146.959
2.771e-06 158.47
2.7725e-06 143.297
2.774e-06 159.501
2.7755e-06 138.695
2.777e-06 124.577
2.7785e-06 165.019
2.78e-06 172.993
2.7815e-06 205.343
2.783e-06 170.151
2.7845e-06 153.693
2.786e-06 163.385
2.7875e-06 213.079
2.789e-06 187.122
2.7905e-06 179.979
2.792e-06 177.405
2.7935e-06 220.337
2.795e-06 166.323
2.7965e-06 186.742
2.798e-06 201.337
2.7995e-06 134.8
2.801e-06 191.819
2.8025e-06 137.989
2.804e-06 208.666
2.8055e-06 210.509
2.807e-06 207.101
2.8085e-06 170.658
2.81e-06 194.096
2.8115e-06 181.557
2.813e-06 178.849
2.8145e-06 177.756
2.816e-06 162.122
2.8175e-06 232.651
2.819e-06 159.321
2.8205e-06 193.493
2.822e-06 131.809
2.8235e-06 143.042
2.825e-06 209.844
2.8265e-06 223.477
2.828e-06 169.763
2.8295e-06 153.965
2.831e-06 180.728
2.8325e-06 199.237
2.834e-06 233.981
2.8355e-06 179.68
2.837e-06 167.408
2.8385e-06 165.66
2.84e-06 158.731
2.8415e-06 182.273
2.843e-06 159.669
2.8445e-06 206.409
2.846e-06 208.842
2.8475e-06 209.883
2.849e-06 156.041
2.8505e-06 182.21
2.852e-06 162.269
2.8535e-06 177.834
2.855e-06 154.452
2.8565e-06 258.002
2.858e-06 218.618
2.8595e-06 192.379
2.861e-06 271.185
2.8625e-06 232.15
2.864e-06 198.296
2.8655e-06 183.644
2.867e-06 236.898
2.8685e-06 266.349
2.87e-06 238.858
2.8715e-06 244.814
2.873e-06 246.437
2.8745e-06 226.916
2.876e-06 307.965
2.8775e-06 189.73
2.879e-06 239.252
2.8805e-06 251.707
2.882e-06 187.009
2.8835e-06 200.092
2.885e-06 299.417
2.8865e-06 203.964
2.888e-06 250.209
2.8895e-06 323.394
2.891e-06 271.586
2.8925e-06 304.387
2.894e-06 239.267
2.8955e-06 304.471
2.897e-06 325.621
2.8985e-06 237.69
2.9e-06 203.744
2.9015e-06 296.285
2.903e-06 246.939
2.9045e-06 234.094
2.906e-06 253.755
2.9075e-06 281.366
2.909e-06 314.648
2.9105e-06 283.003
2.912e-06 276.379
2.9135e-06 283.192
2.915e-06 362.365
2.9165e-06 325.165
2.918e-06 281.766
2.9195e-06 284.127
2.921e-06 244.935
2.9225e-06 368.696
2.924e-06 315.585
2.9255e-06 256.456
2.927e-06 353.735
2.9285e-06 321.222
2.93e-06 291.247
2.9315e-06 289.868
2.933e-06 277.826
2.9345e-06 356.283
2.936e-06 347.084
2.9375e-06 361.855
2.939e-06 378.665
2.9405e-06 389.908
2.942e-06 372.883
2.9435e-06 326.97
2.945e-06 383.341
2.9465e-06 397.964
2.948e-06 382.451
2.9495e-06 376.087
2.951e-06 415.679
2.9525e-06 367.624
2.954e-06 389.511
2.9555e-06 345.217
2.957e-06 379.012
2.9585e-06 397.631
2.96e-06 391.605
2.9615e-06 383.441
2.963e-06 376.832
2.9645e-06 330.831
2.966e-06 398.558
2.9675e-06 352.558
2.969e-06 301.899
2.9705e-06 346.588
2.972e-06 390.665
2.9735e-06 315.37
2.975e-06 373.836
2.9765e-06 391.572
2.978e-06 401.075
2.9795e-06 370.976
2.981e-06 340.054
2.9825e-06 303.831
2.984e-06 331.002
2.9855e-06 355.957
2.987e-06 374.654
2.9885e-06 405.972
2.99e-06 346.083
2.9915e-06 319.381
2.993e-06 359.539
2.9945e-06 312.695
2.996e-06 356.221
2.9975e-06 337.913
2.999e-06 388.095
3.0005e-06 371.765
3.002e-06 355.178
3.0035e-06 335.667
3.005e-06 378.864
3.0065e-06 332.417
3.008e-06 319.189
3.0095e-06 291.262
3.011e-06 324.447
3.0125e-06 324.231
3.014e-06 315.559
3.0155e-06 462.634
3.017e-06 393.351
3.0185e-06 325.909
3.02e-06 371.328
3.0215e-06 446.483
3.023e-06 375.7
3.0245e-06 410.728
3.026e-06 425.942
3.0275e-06 447.435
3.029e-06 423.093
3.0305e-06 436.034
3.032e-06 479.212
3.0335e-06 392.812
3.035e-06 484.431
3.0365e-06 427.96
3.038e-06 429.81
3.0395e-06 428.018
3.041e-06 457.8
3.0425e-06 380.857
3.044e-06 381.095
3.0455e-06 421.996
3.047e-06 406.82
3.0485e-06 477.37
3.05e-06 381.539
3.0515e-06 461.897
3.053e-06 390.149
3.0545e-06 404.794
3.056e-06 435.239
3.0575e-06 475.151
3.059e-06 324.941
3.0605e-06 465.29
3.062e-06 353.784
3.0635e-06 474.7
3.065e-06 373.545
3.0665e-06 474.277
3.068e-06 501.815
3.0695e-06 525.554
3.071e-06 494.561
3.0725e-06 576.814
3.074e-06 539.817
3.0755e-06 540.42
3.077e-06 562.844
3.0785e-06 531.334
3.08e-06 506.762
3.0815e-06 548.864
3.083e-06 575.851
3.0845e-06 528.648
3.086e-06 552.199
3.0875e-06 595.51
3.089e-06 564.724
3.0905e-06 520.482
3.092e-06 577.016
3.0935e-06 510.177
3.095e-06 575.891
3.0965e-06 521.974
3.098e-06 542.936
3.0995e-06 514.997
3.101e-06 543.164
3.1025e-06 487.094
3.104e-06 572.031
3.1055e-06 574.261
3.107e-06 618.189
3.1085e-06 777.646
3.11e-06 610.284
3.1115e-06 744
3.113e-06 752.961
3.1145e-06 731.691
3.116e-06 718.646
3.1175e-06 800.447
3.119e-06 745.719
3.1205e-06 733.54
3.122e-06 777.856
3.1235e-06 733.805
3.125e-06 702.765
3.1265e-06 721.076
3.128e-06 706.795
3.1295e-06 781.599
3.131e-06 769.226
3.1325e-06 776.261
3.134e-06 756.129
3.1355e-06 676.432
3.137e-06 757.442
3.1385e-06 735.026
3.14e-06 763.659
3.1415e-06 761.99
3.143e-06 709.681
3.1445e-06 702.267
3.146e-06 718.963
3.1475e-06 793.524
3.149e-06 720.072
3.1505e-06 725.364
3.152e-06 785.386
3.1535e-06 762.738
3.155e-06 678.431
3.1565e-06 689.714
3.158e-06 722.287
3.1595e-06 761.895
3.161e-06 738.361
3.1625e-06 643.167
3.164e-06 656.01
3.1655e-06 671.93
3.167e-06 713.428
3.1685e-06 620.5
3.17e-06 689.239
3.1715e-06 669.701
3.173e-06 647.726
3.1745e-06 581.83
3.176e-06 725.07
3.1775e-06 731.836
3.179e-06 804.958
3.1805e-06 587.481
3.182e-06 753.43
3.1835e-06 958.627
3.185e-06 919.853
3.1865e-06 920.802
3.188e-06 858.846
3.1895e-06 848.647
3.191e-06 843.292
3.1925e-06 932.466
3.194e-06 837.524
3.1955e-06 951.689
3.197e-06 829.152
3.1985e-06 807.993
3.2e-06 958.582
3.2015e-06 850.361
3.203e-06 857.896
3.2045e-06 880.538
3.206e-06 883.476
3.2075e-06 882.09
3.209e-06 828.924
3.2105e-06 921.275
3.212e-06 798.597
3.2135e-06 821.337
3.215e-06 963.02
3.2165e-06 788.905
3.218e-06 942.491
3.2195e-06 663.404
3.221e-06 736.024
3.2225e-06 755.862
3.224e-06 774.889
3.2255e-06 1017.05
3.227e-06 1013.15
3.2285e-06 905.842
3.23e-06 962.019
3.2315e-06 1817.9
3.233e-06 3536.87
3.2345e-06 3469.6
3.236e-06 3467.85
3.2375e-06 3350.17
3.239e-06 3314.93
3.2405e-06 3195.28
3.242e-06 3089.81
3.2435e-06 2965.1
3.245e-06 2887.63
3.2465e-06 2935.42
3.248e-06 2832.43
3.2495e-06 2966.37
3.251e-06 2801.46
3.2525e-06 2797.72
3.254e-06 2737.79
3.2555e-06 2865.2
3.257e-06 2879.32
3.2585e-06 2753.43
3.26e-06 2582.63
3.2615e-06 2416.6
3.263e-06 2628.36
3.2645e-06 2437.95
3.266e-06 2483.63
3.2675e-06 2465.44
3.269e-06 2257.67
3.2705e-06 2280.44
3.272e-06 2396.36
3.2735e-06 2364.35
3.275e-06 2221.32
3.2765e-06 2225.79
3.278e-06 2239.86
3.2795e-06 2333.02
3.281e-06 2115.6
3.2825e-06 2074.63
3.284e-06 2101.21
3.2855e-06 2357.07
3.287e-06 2305.62
3.2885e-06 2379.17
3.29e-06 2381.82
3.2915e-06 2258.49
3.293e-06 2342.91
3.2945e-06 2146.21
3.296e-06 2300.59
3.2975e-06 2159.73
3.299e-06 2368.3
3.3005e-06 2227.83
3.302e-06 2080.82
3.3035e-06 2308.36
3.305e-06 1987.88
3.3065e-06 2129.97
3.308e-06 2253.51
3.3095e-06 2110.95
3.311e-06 2039.72
3.3125e-06 2325.49
3.314e-06 2212.54
3.3155e-06 2014.69
3.317e-06 2048.06
3.3185e-06 2126.77
3.32e-06 2059.07
3.3215e-06 2168.68
3.323e-06 2167.57
3.3245e-06 2012.69
3.326e-06 1967.05
3.3275e-06 2317.38
3.329e-06 2268.05
3.3305e-06 2317.28
3.332e-06 2201.11
3.3335e-06 2233.84
3.335e-06 2235.2
3.3365e-06 2323.21
3.338e-06 2253.55
3.3395e-06 2338.63
3.341e-06 2247.7
3.3425e-06 2249.09
3.344e-06 2065.42
3.3455e-06 2221.06
3.347e-06 2159.3
3.3485e-06 2211.48
3.35e-06 2209.26
3.3515e-06 2055.91
3.353e-06 2385.52
3.3545e-06 2137.87
3.356e-06 2141.9
3.3575e-06 2173.92
3.359e-06 2354.19
3.3605e-06 2425.62
3.362e-06 2238.98
3.3635e-06 2463.27
3.365e-06 2355.11
3.3665e-06 2261.04
3.368e-06 2204.56
3.3695e-06 2361.4
3.371e-06 2397.4
3.3725e-06 2148.49
3.374e-06 2474.82
3.3755e-06 2186.68
3.377e-06 2283.16
3.3785e-06 2301.92
3.38e-06 2367.13
3.3815e-06 2319.89
3.383e-06 2294.03
3.3845e-06 2413.19
3.386e-06 2412.13
3.3875e-06 2643.97
3.389e-06 2510.1
3.3905e-06 2448.25
3.392e-06 2275.53
3.3935e-06 2274.72
3.395e-06 2402.65
3.3965e-06 2275.22
3.398e-06 2429.93
3.3995e-06 2440.65
3.401e-06 2395.93
3.4025e-06 2512.75
3.404e-06 2447.11
3.4055e-06 2323.93
3.407e-06 2298.9
3.4085e-06 2329.38
3.41e-06 2398.14
3.4115e-06 2404.28
3.413e-06 2337.05
3.4145e-06 2451.59
3.416e-06 2278.27
3.4175e-06 2394.06
3.419e-06 2538.49
3.4205e-06 2209.07
3.422e-06 2570.56
3.4235e-06 2389.15
3.425e-06 2532.94
3.4265e-06 2394.69
3.428e-06 2398.5
3.4295e-06 2663.14
3.431e-06 2319.11
3.4325e-06 2301.01
3.434e-06 2270.13
3.4355e-06 2283.63
3.437e-06 2344.71
3.4385e-06 2276.12
3.44e-06 2403.89
3.4415e-06 2218.97
3.443e-06 2295.36
3.4445e-06 2339.25
3.446e-06 2297.97
3.4475e-06 2367.35
3.449e-06 2315.7
3.4505e-06 2368.58
3.452e-06 2276.17
3.4535e-06 2342.21
3.455e-06 2323.13
3.4565e-06 2260.72
3.458e-06 2199.6
3.4595e-06 2230.96
3.461e-06 2440.34
3.4625e-06 2157.78
3.464e-06 2302.73
3.4655e-06 2442.03
3.467e-06 2440.87
3.4685e-06 2279.13
3.47e-06 2359.98
3.4715e-06 2372.98
3.473e-06 2420.28
3.4745e-06 2213.26
3.476e-06 2371.98
3.4775e-06 2173.76
3.479e-06 2421.38
3.4805e-06 2382.96
3.482e-06 2286.35
3.4835e-06 2349.8
3.485e-06 2484.89
3.4865e-06 2447.04
3.488e-06 2521.69
3.4895e-06 2653.09
3.491e-06 2477.22
3.4925e-06 2387.41
3.494e-06 2443.62
3.4955e-06 2511.01
3.497e-06 2546.82
3.4985e-06 2236.66
3.5e-06 2542.06
3.5015e-06 2382.65
3.503e-06 2352.7
3.5045e-06 2398.7
3.506e-06 2534.65
3.5075e-06 2588.45
3.509e-06 2571.14
3.5105e-06 2542.34
3.512e-06 2598.95
3.5135e-06 2631.57
3.515e-06 2758.85
3.5165e-06 2659.68
3.518e-06 2673.69
3.5195e-06 2606.03
3.521e-06 2672.33
3.5225e-06 2727.88
3.524e-06 2512.54
3.5255e-06 2714.1
3.527e-06 2661.73
3.5285e-06 2775.94
3.53e-06 2546.71
3.5315e-06 2628.94
3.533e-06 2766.03
3.5345e-06 2770.8
3.536e-06 2809
3.5375e-06 2902.64
3.539e-06 2757.03
3.5405e-06 3067.57
3.542e-06 2842.66
3.5435e-06 2856.58
3.545e-06 2986.35
3.5465e-06 2797.13
3.548e-06 2785.7
3.5495e-06 2768.33
3.551e-06 2830.12
3.5525e-06 2680.41
3.554e-06 2756.57
3.5555e-06 2818.7
3.557e-06 2890.36
3.5585e-06 2804.97
3.56e-06 2916.71
3.5615e-06 2922.26
3.563e-06 2918.07
3.5645e-06 2849.76
3.566e-06 2931.92
3.5675e-06 2906.65
3.569e-06 2928.71
3.5705e-06 2956.73
3.572e-06 2865.89
3.5735e-06 3030.52
3.575e-06 2816.59
3.5765e-06 2877.14
3.578e-06 2898.2
3.5795e-06 2720.3
3.581e-06 2738.33
3.5825e-06 2717.02
3.584e-06 2843.41
3.5855e-06 2678.61
3.587e-06 2927.45
3.5885e-06 2927.95
3.59e-06 2811.81
3.5915e-06 2942.69
3.593e-06 2823.78
3.5945e-06 3007.25
3.596e-06 2909.09
3.5975e-06 2870.53
3.599e-06 2887.73
3.6005e-06 2736.15
3.602e-06 2668.75
3.6035e-06 2592.24
3.605e-06 2654.73
3.6065e-06 2679.8
3.608e-06 2528.28
3.6095e-06 2495.39
3.611e-06 2529.33
3.6125e-06 2567.65
3.614e-06 2605.06
3.6155e-06 2609.3
3.617e-06 2717.07
3.6185e-06 2660.64
3.62e-06 2639.54
3.6215e-06 2364.66
3.623e-06 2354.99
3.6245e-06 2349.94
3.626e-06 2459.13
3.6275e-06 2516.4
3.629e-06 2349.41
3.6305e-06 2444.66
3.632e-06 2460.34
3.6335e-06 2489.22
3.635e-06 2072.53
3.6365e-06 2194.48
3.638e-06 2303.37
3.6395e-06 2120.16
3.641e-06 2081.33
3.6425e-06 2227.71
3.644e-06 2354.43
3.6455e-06 2272.06
3.647e-06 2176.01
3.6485e-06 2026.57
3.65e-06 2138.76
3.6515e-06 2175.78
3.653e-06 2191.16
3.6545e-06 2228.56
3.656e-06 2142.82
3.6575e-06 2098.86
3.659e-06 2161.37
3.6605e-06 2148.56
3.662e-06 2069.43
3.6635e-06 2220.19
3.665e-06 2117.17
3.6665e-06 2117.82
3.668e-06 2096.5
3.6695e-06 2182.4
3.671e-06 2159.43
3.6725e-06 2253.38
3.674e-06 1994.22
3.6755e-06 2185.89
3.677e-06 2179.84
3.6785e-06 2361.04
3.68e-06 2200.95
3.6815e-06 2070.66
3.683e-06 2139.2
3.6845e-06 2207.88
3.686e-06 2352.44
3.6875e-06 2267.38
3.689e-06 2111.54
3.6905e-06 2163.35
3.692e-06 2199.48
3.6935e-06 2189.8
3.695e-06 2310.56
3.6965e-06 2202.84
3.698e-06 2353.1
3.6995e-06 2282.91
3.701e-06 2231.32
3.7025e-06 2268.54
3.704e-06 2208.83
3.7055e-06 2177
3.707e-06 2357.2
3.7085e-06 2254.05
3.71e-06 2316.39
3.7115e-06 2149.48
3.713e-06 2366.06
3.7145e-06 2405.77
3.716e-06 2319.29
3.7175e-06 2215.36
3.719e-06 2171.72
3.7205e-06 2435.74
3.722e-06 2313.74
3.7235e-06 2387.94
3.725e-06 2205.1
3.7265e-06 2301.64
3.728e-06 2387.5
3.7295e-06 2258.98
3.731e-06 2282.28
3.7325e-06 2298.42
3.734e-06 2291.64
3.7355e-06 2194.16
3.737e-06 2261.88
3.7385e-06 2290.82
3.74e-06 2345.76
3.7415e-06 2232.03
3.743e-06 2384.16
3.7445e-06 2348.57
3.746e-06 2172.57
3.7475e-06 2141.4
3.749e-06 2176.13
3.7505e-06 2169.3
3.752e-06 2258.37
3.7535e-06 2199.82
3.755e-06 1913.31
3.7565e-06 1714.52
3.758e-06 1775.8
3.7595e-06 1764.63
3.761e-06 1871.28
3.7625e-06 1683.11
3.764e-06 1823.82
3.7655e-06 1858.99
3.767e-06 1752.59
3.7685e-06 1809.49
3.77e-06 1805.67
3.7715e-06 1654.85
3.773e-06 1751
3.7745e-06 1685.19
3.776e-06 1860.05
3.7775e-06 1771.49
3.779e-06 1655.72
3.7805e-06 1789.59
3.782e-06 1801.03
3.7835e-06 1743.22
3.785e-06 1796.31
3.7865e-06 1953.59
3.788e-06 1932.19
3.7895e-06 1915.04
3.791e-06 1804.1
3.7925e-06 1706.55
3.794e-06 1925.89
3.7955e-06 1561.64
3.797e-06 1148.31
3.7985e-06 1069.5
3.8e-06 1145
3.8015e-06 1250.84
3.803e-06 1130.69
3.8045e-06 1154.61
3.806e-06 1185.81
3.8075e-06 1148.32
3.809e-06 1136.42
3.8105e-06 1159.23
3.812e-06 1064.77
3.8135e-06 1145.16
3.815e-06 1127.07
3.8165e-06 1189.41
3.818e-06 996.559
3.8195e-06 1204.95
3.821e-06 1041.87
3.8225e-06 1006.33
3.824e-06 1194.87
3.8255e-06 1226.47
3.827e-06 1142.57
3.8285e-06 642.97
3.83e-06 551.142
3.8315e-06 582.312
3.833e-06 571.373
3.8345e-06 545.664
3.836e-06 636.052
3.8375e-06 556.917
3.839e-06 684.408
3.8405e-06 633.582
3.842e-06 655.546
3.8435e-06 599.924
3.845e-06 584.459
3.8465e-06 699.208
3.848e-06 584.916
3.8495e-06 583.003
3.851e-06 560.904
3.8525e-06 642.181
3.854e-06 652.241
3.8555e-06 506.495
3.857e-06 235.33
3.8585e-06 221.175
3.86e-06 242.434
3.8615e-06 280.653
3.863e-06 244.337
3.8645e-06 223.484
3.866e-06 193.943
3.8675e-06 251.839
3.869e-06 209.082
3.8705e-06 239.543
3.872e-06 182.784
3.8735e-06 182.377
3.875e-06 229.107
3.8765e-06 271.207
3.878e-06 240.158
3.8795e-06 202.357
3.881e-06 196.105
3.8825e-06 202.851
3.884e-06 208.246
3.8855e-06 181.077
3.887e-06 222.915
3.8885e-06 190.596
3.89e-06 208.51
3.8915e-06 205.444
3.893e-06 210.963
3.8945e-06 255.433
3.896e-06 245.656
3.8975e-06 205.348
3.899e-06 84.5621
3.9005e-06 0
3.902e-06 0
3.9035e-06 0
3.905e-06 0
3.9065e-06 0
3.908e-06 0
3.9095e-06 0
3.911e-06 0
3.9125e-06 0
3.914e-06 0
3.9155e-06 0
3.917e-06 0
3.9185e-06 0
3.92e-06 0
3.9215e-06 0
3.923e-06 0
3.9245e-06 0
3.926e-06 0
3.9275e-06 0
3.929e-06 0
3.9305e-06 0
3.932e-06 0
3.9335e-06 0
3.935e-06 0
3.9365e-06 0
3.938e-06 0
3.9395e-06 0
3.941e-06 0
3.9425e-06 0
3.944e-06 0
3.9455e-06 0
3.947e-06 0
3.9485e-06 0
3.95e-06 0
3.9515e-06 0
3.953e-06 0
3.9545e-06 0
3.956e-06 0
3.9575e-06 0
3.959e-06 0
3.9605e-06 0
3.962e-06 0
3.9635e-06 0
3.965e-06 0
3.9665e-06 0
3.968e-06 0
3.9695e-06 0
3.971e-06 0
3.9725e-06 0
3.974e-06 0
3.9755e-06 0
3.977e-06 0
3.9785e-06 0
3.98e-06 0
3.9815e-06 0
3.983e-06 0
3.9845e-06 0
3.986e-06 0
3.9875e-06 0
3.989e-06 0
3.9905e-06 0
3.992e-06 0
3.9935e-06 0
3.995e-06 0
3.9965e-06 0
3.998e-06 0
3.9995e-06 0
4.001e-06 0
4.0025e-06 0
4.004e-06 0
4.0055e-06 0
4.007e-06 0
4.0085e-06 0
4.01e-06 0
4.0115e-06 0
4.013e-06 0
4.0145e-06 0
4.016e-06 0
4.0175e-06 0
4.019e-06 0
4.0205e-06 0
4.022e-06 0
4.0235e-06 0
4.025e-06 0
4.0265e-06 0
4.028e-06 0
4.0295e-06 0
4.031e-06 0
4.0325e-06 0
4.034e-06 0
4.0355e-06 0
4.037e-06 0
4.0385e-06 0
4.04e-06 0
4.0415e-06 0
4.043e-06 0
4.0445e-06 0
4.046e-06 0
4.0475e-06 0
4.049e-06 0
4.0505e-06 0
4.052e-06 0
4.0535e-06 0
4.055e-06 0
4.0565e-06 0
4.058e-06 0
4.0595e-06 0
4.061e-06 0
4.0625e-06 0
4.064e-06 0
4.0655e-06 0
4.067e-06 0
4.0685e-06 0
4.07e-06 0
4.0715e-06 0
4.073e-06 0
4.0745e-06 0
4.076e-06 0
4.0775e-06 0
4.079e-06 0
4.0805e-06 0
4.082e-06 0
4.0835e-06 0
4.085e-06 0
4.0865e-06 0
4.088e-06 0
4.0895e-06 0
4.091e-06 0
4.0925e-06 0
4.094e-06 0
4.0955e-06 0
4.097e-06 0
4.0985e-06 0
4.1e-06 0
4.1015e-06 0
4.103e-06 0
4.1045e-06 0
4.106e-06 0
4.1075e-06 0
4.109e-06 0
4.1105e-06 0
4.112e-06 0
4.1135e-06 0
4.115e-06 0
4.1165e-06 0
4.118e-06 0
4.1195e-06 0
4.121e-06 0
4.1225e-06 0
4.124e-06 0
4.1255e-06 0
4.127e-06 0
4.1285e-06 0
4.13e-06 0
4.1315e-06 0
4.133e-06 0
4.1345e-06 0
4.136e-06 0
4.1375e-06 0
4.139e-06 0
4.1405e-06 0
4.142e-06 0
4.1435e-06 0
4.145e-06 0
4.1465e-06 0
4.148e-06 0
4.1495e-06 0
4.151e-06 0
4.1525e-06 0
4.154e-06 0
4.1555e-06 0
4.157e-06 0
4.1585e-06 0
4.16e-06 0
4.1615e-06 0
4.163e-06 0
4.1645e-06 0
4.166e-06 0
4.1675e-06 0
4.169e-06 0
4.1705e-06 0
4.172e-06 0
4.1735e-06 0
4.175e-06 0
4.1765e-06 0
4.178e-06 0
4.1795e-06 0
4.181e-06 0
4.1825e-06 0
4.184e-06 0
4.1855e-06 0
4.187e-06 0
4.1885e-06 0
4.19e-06 0
4.1915e-06 0
4.193e-06 0
4.1945e-06 0
4.196e-06 0
4.1975e-06 0
4.199e-06 0
4.2005e-06 0
4.202e-06 0
4.2035e-06 0
4.205e-06 0
4.2065e-06 0
4.208e-06 0
4.2095e-06 0
4.211e-06 0
4.2125e-06 0
4.214e-06 0
4.2155e-06 0
4.217e-06 0
4.2185e-06 0
4.22e-06 0
4.2215e-06 0
4.223e-06 0
4.2245e-06 0
4.226e-06 0
4.2275e-06 0
4.229e-06 0
4.2305e-06 0
4.232e-06 0
4.2335e-06 0
4.235e-06 0
4.2365e-06 0
4.238e-06 0
4.2395e-06 0
4.241e-06 0
4.2425e-06 0
4.244e-06 0
4.2455e-06 0
4.247e-06 0
4.2485e-06 0
4.25e-06 0
4.2515e-06 0
4.253e-06 0
4.2545e-06 0
4.256e-06 0
4.2575e-06 0
4.259e-06 0
4.2605e-06 0
4.262e-06 0
4.2635e-06 0
4.265e-06 0
4.2665e-06 0
4.268e-06 0
4.2695e-06 0
4.271e-06 0
4.2725e-06 0
4.274e-06 0
4.2755e-06 0
4.277e-06 0
4.2785e-06 0
4.28e-06 0
4.2815e-06 0
4.283e-06 0
4.2845e-06 0
4.286e-06 0
4.2875e-06 0
4.289e-06 0
4.2905e-06 0
4.292e-06 0
4.2935e-06 0
4.295e-06 0
4.2965e-06 0
4.298e-06 0
4.2995e-06 0
4.301e-06 0
4.3025e-06 0
4.304e-06 0
4.3055e-06 0
4.307e-06 0
4.3085e-06 0
4.31e-06 0
4.3115e-06 0
4.313e-06 0
4.3145e-06 0
4.316e-06 0
4.3175e-06 0
4.319e-06 0
4.3205e-06 0
4.322e-06 0
4.3235e-06 0
4.325e-06 0
4.3265e-06 0
4.328e-06 0
4.3295e-06 0
4.331e-06 0
4.3325e-06 0
4.334e-06 0
4.3355e-06 0
4.337e-06 0
4.3385e-06 0
4.34e-06 0
4.3415e-06 0
4.343e-06 0
4.3445e-06 0
4.346e-06 0
4.3475e-06 0
4.349e-06 0
4.3505e-06 0
4.352e-06 0
4.3535e-06 0
4.355e-06 0
4.3565e-06 0
4.358e-06 0
4.3595e-06 0
4.361e-06 0
4.3625e-06 0
4.364e-06 0
4.3655e-06 0
4.367e-06 0
4.3685e-06 0
4.37e-06 0
4.3715e-06 0
4.373e-06 0
4.3745e-06 0
4.376e-06 0
4.3775e-06 0
4.379e-06 0
4.3805e-06 0
4.382e-06 0
4.3835e-06 0
4.385e-06 0
4.3865e-06 0
4.388e-06 0
4.3895e-06 0
4.391e-06 0
4.3925e-06 0
4.394e-06 0
4.3955e-06 0
4.397e-06 0
4.3985e-06 0
4.4e-06 0
4.4015e-06 0
4.403e-06 0
4.4045e-06 0
4.406e-06 0
4.4075e-06 0
4.409e-06 0
4.4105e-06 0
4.412e-06 0
4.4135e-06 0
4.415e-06 0
4.4165e-06 0
4.418e-06 0
4.4195e-06 0
4.421e-06 0
4.4225e-06 0
4.424e-06 0
4.4255e-06 0
4.427e-06 0
4.4285e-06 0
4.43e-06 0
4.4315e-06 0
4.433e-06 0
4.4345e-06 0
4.436e-06 0
4.4375e-06 0
4.439e-06 0
4.4405e-06 0
4.442e-06 0
4.4435e-06 0
4.445e-06 0
4.4465e-06 0
4.448e-06 0
4.4495e-06 0
4.451e-06 0
4.4525e-06 0
4.454e-06 0
4.4555e-06 0
4.457e-06 0
4.4585e-06 0
4.46e-06 0
4.4615e-06 0
4.463e-06 0
4.4645e-06 0
4.466e-06 0
4.4675e-06 0
4.469e-06 0
4.4705e-06 0
4.472e-06 0
4.4735e-06 0
4.475e-06 0
4.4765e-06 0
4.478e-06 0
4.4795e-06 0
4.481e-06 0
4.4825e-06 0
4.484e-06 0
4.4855e-06 0
4.487e-06 0
4.4885e-06 0
4.49e-06 0
4.4915e-06 0
4.493e-06 0
4.4945e-06 0
4.496e-06 0
4.4975e-06 0
4.499e-06 0
4.5005e-06 0
4.502e-06 0
4.5035e-06 0
4.505e-06 0
4.5065e-06 0
4.508e-06 0
4.5095e-06 0
4.511e-06 0
4.5125e-06 0
4.514e-06 0
4.5155e-06 0
4.517e-06 0
4.5185e-06 0
4.52e-06 0
4.5215e-06 0
4.523e-06 0
4.5245e-06 0
4.526e-06 0
4.5275e-06 0
4.529e-06 0
4.5305e-06 0
4.532e-06 0
4.5335e-06 0
4.535e-06 0
4.5365e-06 0
4.538e-06 0
4.5395e-06 0
4.541e-06 0
4.5425e-06 0
4.544e-06 0
4.5455e-06 0
4.547e-06 0
4.5485e-06 0
4.55e-06 0
4.5515e-06 0
4.553e-06 0
4.5545e-06 0
4.556e-06 0
4.5575e-06 0
4.559e-06 0
4.5605e-06 0
4.562e-06 0
4.5635e-06 0
4.565e-06 0
4.5665e-06 0
4.568e-06 0
4.5695e-06 0
4.571e-06 0
4.5725e-06 0
4.574e-06 0
4.5755e-06 0
4.577e-06 0
4.5785e-06 0
4.58e-06 0
4.5815e-06 0
4.583e-06 0
4.5845e-06 0
4.586e-06 0
4.5875e-06 0
4.589e-06 0
4.5905e-06 0
4.592e-06 0
4.5935e-06 0
4.595e-06 0
4.5965e-06 0
4.598e-06 0
4.5995e-06 0
4.601e-06 0
4.6025e-06 0
4.604e-06 0
4.6055e-06 0
4.607e-06 0
4.6085e-06 0
4.61e-06 0
4.6115e-06 0
4.613e-06 0
4.6145e-06 0
4.616e-06 0
4.6175e-06 0
4.619e-06 0
4.6205e-06 0
4.622e-06 0
4.6235e-06 0
4.625e-06 0
4.6265e-06 0
4.628e-06 0
4.6295e-06 0
4.631e-06 0
4.6325e-06 0
4.634e-06 0
4.6355e-06 0
4.637e-06 0
4.6385e-06 0
4.64e-06 0
4.6415e-06 0
4.643e-06 0
4.6445e-06 0
4.646e-06 0
4.6475e-06 0
4.649e-06 0
4.6505e-06 0
4.652e-06 0
4.6535e-06 0
4.655e-06 0
4.6565e-06 0
4.658e-06 0
4.6595e-06 0
4.661e-06 0
4.6625e-06 0
4.664e-06 0
4.6655e-06 0
4.667e-06 0
4.6685e-06 0
4.67e-06 0
4.6715e-06 0
4.673e-06 0
4.6745e-06 0
4.676e-06 0
4.6775e-06 0
4.679e-06 0
4.6805e-06 0
4.682e-06 0
4.6835e-06 0
4.685e-06 0
4.6865e-06 0
4.688e-06 0
4.6895e-06 0
4.691e-06 0
4.6925e-06 0
4.694e-06 0
4.6955e-06 0
4.697e-06 0
4.6985e-06 0
4.7e-06 0
4.7015e-06 0
4.703e-06 0
4.7045e-06 0
4.706e-06 0
4.7075e-06 0
4.709e-06 0
4.7105e-06 0
4.712e-06 0
4.7135e-06 0
4.715e-06 0
4.7165e-06 0
4.718e-06 0
4.7195e-06 0
4.721e-06 0
4.7225e-06 0
4.724e-06 0
4.7255e-06 0
4.727e-06 0
4.7285e-06 0
4.73e-06 0
4.7315e-06 0
4.733e-06 0
4.7345e-06 0
4.736e-06 0
4.7375e-06 0
4.739e-06 0
4.7405e-06 0
4.742e-06 0
4.7435e-06 0
4.745e-06 0
4.7465e-06 0
4.748e-06 0
4.7495e-06 0
4.751e-06 0
4.7525e-06 0
4.754e-06 0
4.7555e-06 0
4.757e-06 0
4.7585e-06 0
4.76e-06 0
4.7615e-06 0
4.763e-06 0
4.7645e-06 0
4.766e-06 0
4.7675e-06 0
4.769e-06 0
4.7705e-06 0
4.772e-06 0
4.7735e-06 0
4.775e-06 0
4.7765e-06 0
4.778e-06 0
4.7795e-06 0
4.781e-06 0
4.7825e-06 0
4.784e-06 0
4.7855e-06 0
4.787e-06 0
4.7885e-06 0
4.79e-06 0
4.7915e-06 0
4.793e-06 0
4.7945e-06 0
4.796e-06 0
4.7975e-06 0
4.799e-06 0
4.8005e-06 0
4.802e-06 0
4.8035e-06 0
4.805e-06 0
4.8065e-06 0
4.808e-06 0
4.8095e-06 0
4.811e-06 0
4.8125e-06 0
4.814e-06 0
4.8155e-06 0
4.817e-06 0
4.8185e-06 0
4.82e-06 0
4.8215e-06 0
4.823e-06 0
4.8245e-06 0
4.826e-06 0
4.8275e-06 0
4.829e-06 0
4.8305e-06 0
4.832e-06 0
4.8335e-06 0
4.835e-06 0
4.8365e-06 0
4.838e-06 0
4.8395e-06 0
4.841e-06 0
4.8425e-06 0
4.844e-06 0
4.8455e-06 0
4.847e-06 0
4.8485e-06 0
4.85e-06 0
4.8515e-06 0
4.853e-06 0
4.8545e-06 0
4.856e-06 0
4.8575e-06 0
4.859e-06 0
4.8605e-06 0
4.862e-06 0
4.8635e-06 0
4.865e-06 0
4.8665e-06 0
4.868e-06 0
4.8695e-06 0
4.871e-06 0
4.8725e-06 0
4.874e-06 0
4.8755e-06 0
4.877e-06 0
4.8785e-06 0
4.88e-06 0
4.8815e-06 0
4.883e-06 0
4.8845e-06 0
4.886e-06 0
4.8875e-06 0
4.889e-06 0
4.8905e-06 0
4.892e-06 0
4.8935e-06 0
4.895e-06 0
4.8965e-06 0
4.898e-06 0
4.8995e-06 0
4.901e-06 0
4.9025e-06 0
4.904e-06 0
4.9055e-06 0
4.907e-06 0
4.9085e-06 0
4.91e-06 0
4.9115e-06 0
4.913e-06 0
4.9145e-06 0
4.916e-06 0
4.9175e-06 0
4.919e-06 0
4.9205e-06 0
4.922e-06 0
4.9235e-06 0
4.925e-06 0
4.9265e-06 0
4.928e-06 0
4.9295e-06 0
4.931e-06 0
4.9325e-06 0
4.934e-06 0
4.9355e-06 0
4.937e-06 0
4.9385e-06 0
4.94e-06 0
4.9415e-06 0
4.943e-06 0
4.9445e-06 0
4.946e-06 0
4.9475e-06 0
4.949e-06 0
4.9505e-06 0
4.952e-06 0
4.9535e-06 0
4.955e-06 0
4.9565e-06 0
4.958e-06 0
4.9595e-06 0
4.961e-06 0
4.9625e-06 0
4.964e-06 0
4.9655e-06 0
4.967e-06 0
4.9685e-06 0
4.97e-06 0
4.9715e-06 0
4.973e-06 0
4.9745e-06 0
4.976e-06 0
4.9775e-06 0
4.979e-06 0
4.9805e-06 0
4.982e-06 0
4.9835e-06 0
4.985e-06 0
4.9865e-06 0
4.988e-06 0
4.9895e-06 0
4.991e-06 0
4.9925e-06 0
4.994e-06 0
4.9955e-06 0
4.997e-06 0
4.9985e-06 0
5e-06 0
