#################################### 
# Matrix Size= (39.9997,23.9997,39.9995)
# Resol      = (40,24,40)
# VoxelSize  = (0.999993,0.999989,0.999989)
# nbVal      = 38400
#################################### 
0 0 0 0 0 0 0 0 0 0 0 0 0 0 0 5 1 0 0 0 0 1 2 1 0 1 0 0 0 0 0 0 0 0 0 0 0 0 0 0 
0 0 1 0 0 0 0 0 0 0 1 0 2 2 0 1 1 1 0 0 2 1 1 0 0 1 1 2 0 0 0 0 0 0 0 0 0 0 0 0 
0 0 0 0 0 0 0 0 0 0 0 0 0 0 0 1 1 1 0 0 1 1 1 1 0 0 0 0 0 0 0 0 0 0 0 0 0 0 0 0 
0 0 0 0 0 0 0 0 0 0 0 0 0 1 1 2 0 0 1 1 1 1 0 2 0 0 0 1 1 0 0 0 0 0 0 0 0 0 0 0 
0 0 0 0 0 0 0 0 0 0 0 0 2 0 0 2 1 1 0 2 0 3 1 0 0 0 0 1 0 0 0 0 0 0 0 0 0 0 0 0 
0 0 0 0 0 0 0 0 0 0 0 0 0 0 0 0 0 1 0 0 0 1 0 0 0 0 0 0 0 0 1 0 0 0 0 0 0 0 0 0 
0 0 0 0 0 0 0 0 0 0 0 0 0 0 0 2 1 0 1 0 2 0 1 0 0 0 0 0 0 0 0 0 0 0 0 0 0 0 0 0 
1 0 0 0 0 0 0 0 0 0 0 1 1 0 2 1 1 0 0 0 1 1 1 0 0 1 0 0 0 0 0 0 0 0 0 0 0 0 0 0 
0 0 0 0 0 0 0 0 0 0 0 0 0 0 0 0 0 0 0 0 1 1 0 1 0 0 0 0 1 0 0 0 0 0 0 0 0 0 0 0 
0 0 0 0 0 0 0 0 0 0 0 0 0 1 0 0 0 0 0 2 1 0 1 0 0 0 0 0 0 0 0 0 0 0 0 0 0 0 0 0 
0 0 0 0 0 0 1 0 0 0 0 1 1 0 0 1 0 1 0 3 0 1 1 0 0 0 1 0 0 1 0 0 0 0 0 0 0 0 0 0 
0 0 0 0 0 0 0 0 0 0 0 0 0 1 0 0 0 0 0 0 0 0 0 1 0 0 0 0 0 0 0 0 0 0 0 0 0 0 0 0 
0 0 0 0 0 0 0 0 0 0 0 0 0 0 0 1 0 2 0 2 0 0 1 0 1 0 1 0 0 0 0 0 0 0 0 0 0 0 0 0 
0 0 0 0 0 0 0 0 0 1 0 0 0 0 1 0 2 0 3 2 2 1 0 1 0 0 0 0 0 0 0 0 0 0 0 0 0 0 0 0 
0 0 0 0 0 0 0 0 0 0 0 0 0 0 0 0 0 0 0 1 0 1 0 0 0 0 0 0 0 0 0 0 0 0 0 0 0 0 0 0 
1 0 0 0 0 0 0 0 0 0 0 0 0 0 0 0 0 1 0 0 0 2 0 0 0 0 0 0 0 0 0 0 0 0 0 0 0 0 0 0 
0 0 0 0 0 0 0 0 0 0 0 0 1 0 0 0 2 0 0 2 0 0 1 0 0 1 0 0 0 0 0 0 0 0 0 0 0 0 0 0 
0 0 0 0 0 0 0 0 0 0 0 0 0 1 0 0 0 0 0 0 2 3 0 1 0 1 0 0 0 0 0 0 0 0 0 0 0 0 0 0 
0 0 0 0 0 0 0 0 0 0 0 0 0 0 0 0 0 0 0 1 0 0 0 2 0 0 0 0 0 0 0 0 0 0 0 0 0 0 0 0 
0 0 0 0 0 0 0 0 0 1 0 0 0 0 1 0 0 0 2 0 0 0 1 0 0 0 0 0 0 0 0 0 0 0 0 0 0 0 0 0 
0 0 0 0 0 0 0 0 0 0 0 0 1 1 0 1 0 0 0 0 1 0 1 0 0 0 1 0 0 0 0 0 0 0 0 0 0 0 0 0 
0 0 0 0 0 0 0 0 0 0 0 0 0 0 0 0 0 0 1 3 0 1 0 0 0 0 0 0 0 0 0 0 0 0 0 0 0 0 0 0 
0 0 0 0 0 0 0 0 0 0 0 1 1 0 0 0 2 2 1 0 1 0 0 2 0 0 0 0 0 0 0 0 0 0 0 0 0 0 0 0 
0 0 0 0 0 1 0 0 0 0 0 0 0 0 0 0 0 0 0 0 0 0 0 0 0 0 0 0 0 0 0 0 0 0 0 0 0 0 0 0 

0 0 0 0 0 0 0 0 0 0 0 0 0 0 1 2 0 0 0 0 0 2 1 0 1 3 1 0 0 0 0 0 0 0 0 0 0 0 0 0 
0 0 0 0 0 0 0 0 1 0 0 1 0 1 0 0 2 0 0 0 0 0 1 1 1 0 0 0 3 0 0 0 0 0 0 0 0 0 0 0 
0 0 0 0 0 0 0 0 0 0 0 0 0 0 0 0 0 1 1 0 0 0 1 0 2 0 0 1 0 0 0 0 0 0 0 0 0 0 0 0 
0 0 0 0 0 0 0 0 0 0 0 0 0 0 0 2 1 0 0 0 1 3 1 2 1 0 0 0 0 0 0 0 1 1 0 0 0 0 0 0 
0 0 0 0 0 0 1 0 0 1 0 0 0 2 1 4 2 0 0 2 1 4 1 0 0 1 0 0 0 0 0 0 0 0 0 0 0 0 0 0 
0 0 0 0 0 0 0 0 0 0 0 0 0 0 1 0 0 0 0 0 1 0 0 0 0 0 0 0 0 0 0 0 0 0 0 0 0 0 0 0 
0 0 0 0 0 1 0 0 0 0 1 0 0 1 0 0 0 0 2 0 2 1 0 0 0 0 1 0 0 0 1 0 0 0 0 0 0 0 0 1 
0 0 0 0 0 0 0 0 0 0 1 0 0 1 0 0 1 1 1 0 0 1 0 0 0 0 0 0 0 0 0 0 0 0 0 0 0 0 0 0 
0 0 0 0 0 0 0 0 0 0 0 0 0 0 0 1 0 1 1 0 0 0 0 1 1 1 0 0 0 0 0 0 1 0 0 0 0 0 0 0 
0 0 0 0 0 0 0 0 0 0 0 0 2 0 1 1 1 1 1 0 0 0 0 1 0 0 0 0 0 0 0 0 0 1 0 0 0 0 0 0 
0 0 0 0 0 0 0 0 0 0 0 0 0 1 0 1 2 1 0 1 0 1 1 0 0 0 0 0 0 0 0 0 0 0 0 0 0 0 0 0 
0 0 0 0 0 0 0 0 0 0 0 0 0 0 1 0 1 0 1 2 1 0 1 0 0 0 0 0 1 0 0 0 0 0 0 0 0 0 0 0 
0 0 0 0 0 0 0 0 0 1 0 0 0 0 0 0 0 0 0 1 0 1 0 0 0 0 0 0 0 0 0 0 0 0 0 0 0 0 0 0 
0 0 0 0 0 0 0 0 0 0 0 1 1 1 0 0 1 2 2 2 2 2 2 0 1 0 1 0 0 0 0 0 0 0 0 0 0 0 0 0 
0 0 0 0 0 0 0 0 0 0 0 0 0 0 0 0 1 2 0 0 0 0 0 1 0 0 0 0 0 0 0 0 0 0 0 0 0 0 0 0 
0 0 0 0 0 0 0 0 0 0 0 0 0 0 1 1 0 2 1 0 0 0 0 0 0 0 0 0 0 0 0 0 0 0 0 0 0 0 0 0 
0 0 0 0 0 0 0 0 0 0 0 1 0 0 1 1 0 3 1 3 0 0 0 0 0 0 0 0 0 0 0 0 0 0 0 0 0 0 0 0 
0 0 0 0 0 0 0 0 0 0 0 0 0 0 0 0 0 0 0 0 1 1 0 0 1 0 0 0 0 0 0 0 0 0 0 0 0 0 0 0 
0 0 0 0 0 0 0 0 0 0 0 0 0 1 0 0 0 0 0 0 1 1 0 1 0 0 0 0 0 0 0 0 0 0 0 0 0 0 0 0 
0 0 0 0 0 0 0 0 0 0 0 0 0 0 0 1 1 0 2 1 0 0 0 0 0 0 0 0 0 0 0 0 0 0 0 0 0 0 0 0 
0 0 0 0 0 0 0 0 0 0 0 0 0 0 0 0 0 0 0 0 0 0 0 0 0 0 0 0 0 0 0 0 0 0 0 0 0 0 0 0 
0 0 0 0 0 0 0 0 0 0 0 0 0 0 0 0 0 1 0 0 2 0 0 0 0 1 0 0 0 0 0 0 0 0 0 0 0 0 0 0 
0 0 0 0 0 0 1 0 0 0 0 0 0 0 0 0 0 1 3 1 1 2 0 0 0 0 0 1 0 0 0 0 0 0 0 0 0 0 0 0 
0 0 0 0 0 0 0 0 0 0 0 0 0 0 0 0 0 0 0 0 0 0 0 0 0 0 0 0 0 0 0 0 0 0 0 0 0 0 0 0 

0 0 0 0 0 0 0 0 0 0 0 0 0 2 1 2 0 0 1 0 1 6 2 0 1 2 2 2 0 0 1 0 0 0 0 0 0 0 0 0 
0 0 0 0 0 0 1 0 0 0 0 0 0 1 0 2 2 1 1 2 1 0 1 1 1 3 1 1 1 0 0 0 0 0 0 0 0 0 0 0 
0 0 0 0 0 0 0 0 0 0 0 0 0 0 0 1 0 0 1 1 1 0 4 1 0 0 1 1 0 0 1 0 0 0 0 0 0 0 0 0 
0 0 0 0 0 0 0 0 0 0 0 0 1 0 0 2 0 2 1 1 0 2 3 2 1 0 1 0 0 1 0 0 1 0 0 0 0 0 0 0 
0 0 0 0 0 0 0 0 0 1 0 1 0 2 2 1 1 0 0 2 0 2 2 1 0 0 0 0 0 0 0 0 0 0 0 0 0 0 0 0 
0 0 0 0 0 0 0 0 0 0 0 0 0 0 0 1 0 1 0 1 0 0 0 0 0 1 0 0 0 0 0 0 0 0 0 0 0 0 0 0 
1 0 0 0 0 0 0 0 0 0 1 0 0 0 0 0 1 0 1 0 1 1 2 1 0 0 0 0 0 0 0 0 0 0 0 0 0 0 0 0 
0 0 0 0 0 0 0 0 0 0 0 0 0 0 0 2 0 0 0 0 1 1 0 1 0 0 0 0 0 1 0 0 0 0 0 0 0 0 0 0 
0 0 0 0 0 0 0 0 0 0 0 0 0 0 0 0 0 0 0 0 0 0 0 1 2 0 0 0 0 0 0 0 0 0 0 0 0 0 0 0 
0 0 0 0 0 0 0 0 0 0 0 1 0 0 0 1 0 0 0 1 0 3 1 0 0 0 0 0 0 0 0 0 0 0 0 0 0 0 0 0 
0 0 0 0 0 0 0 1 0 0 0 0 0 0 0 0 1 3 0 1 1 1 0 0 0 0 0 0 0 0 0 0 0 0 0 0 0 0 0 0 
0 0 0 1 0 0 0 0 0 0 0 0 0 0 0 0 0 1 0 0 0 0 1 1 0 0 0 0 0 0 0 0 0 0 0 0 0 0 0 0 
0 0 0 0 0 0 0 0 0 0 0 0 0 0 0 0 0 0 0 0 0 1 1 0 0 0 0 0 0 0 0 0 0 0 0 0 0 0 0 0 
0 0 0 0 0 0 0 0 0 0 0 0 0 1 0 0 0 0 0 0 2 1 0 0 0 0 0 0 0 0 0 0 0 1 0 0 0 0 1 0 
0 0 0 0 0 0 0 0 0 0 0 0 0 1 0 0 0 0 1 0 0 1 0 1 0 0 0 1 0 0 0 0 0 0 0 0 0 0 0 0 
0 0 0 0 0 0 0 0 0 0 0 0 0 0 0 1 0 0 1 0 0 1 0 0 0 0 0 0 0 0 0 1 0 0 0 0 0 0 0 0 
0 0 0 0 0 0 0 0 0 0 0 0 1 0 0 0 2 2 0 0 2 0 1 1 0 0 0 0 0 0 0 0 0 0 0 0 0 0 0 0 
0 0 0 0 0 0 0 0 0 0 0 0 0 0 0 0 0 1 0 0 0 1 0 0 0 1 0 0 0 0 0 0 0 0 0 0 0 0 0 0 
0 0 0 0 0 0 0 0 0 0 0 0 0 1 0 0 0 0 1 0 1 1 0 1 0 0 0 0 0 0 0 0 0 0 0 0 0 0 0 0 
0 0 0 0 0 0 0 0 0 0 0 1 0 1 0 0 0 1 0 0 0 0 0 1 0 0 0 0 0 0 0 0 0 0 0 0 0 0 0 0 
0 0 0 0 0 0 0 0 0 0 0 0 0 0 0 0 1 0 0 1 0 0 0 0 0 1 0 0 0 0 0 0 0 0 0 0 0 0 0 0 
0 0 0 0 0 0 0 0 0 0 0 0 0 0 0 1 0 0 0 1 0 0 0 0 0 0 0 0 0 0 0 0 0 0 0 0 0 1 0 0 
0 0 0 0 0 0 0 0 0 0 0 1 0 0 0 0 0 0 2 0 1 0 0 0 0 0 0 0 1 0 0 0 0 0 0 0 0 0 0 0 
0 0 0 0 0 0 0 0 0 0 0 0 0 0 0 0 0 0 0 0 0 0 0 0 0 0 0 0 0 0 0 0 0 0 0 0 0 0 0 0 

0 0 0 0 0 0 0 0 0 0 1 0 1 2 0 2 3 0 0 2 0 7 1 1 0 3 3 0 1 0 1 0 0 0 0 0 0 0 0 0 
0 0 1 0 0 0 0 0 0 0 0 0 0 0 3 0 0 2 0 1 1 1 3 1 1 4 5 3 1 0 0 0 0 0 0 0 0 0 1 0 
0 0 0 0 0 1 0 0 0 0 0 0 0 0 0 1 1 3 0 0 1 2 2 1 0 1 0 0 0 0 0 0 0 1 0 0 0 0 0 0 
0 0 0 0 0 0 0 0 0 0 0 0 0 1 1 3 0 1 3 1 0 4 1 1 0 0 1 0 0 0 0 0 0 0 0 1 0 0 0 0 
0 0 0 0 0 0 0 0 0 1 1 1 0 1 0 3 0 1 1 1 4 2 4 2 3 0 1 0 0 0 0 0 0 0 0 0 0 0 0 0 
0 0 0 0 0 0 0 0 0 0 0 0 1 0 0 1 0 1 0 0 1 0 1 0 0 0 0 0 0 0 0 1 0 0 0 0 0 0 0 0 
0 0 0 0 0 0 0 0 0 0 0 0 0 0 0 0 1 1 1 2 0 0 1 0 0 0 0 0 0 0 0 0 0 0 0 0 0 0 0 0 
0 0 0 0 0 0 0 0 0 1 0 0 1 0 1 1 0 2 0 0 0 1 1 1 0 0 1 0 0 0 0 0 0 0 0 0 0 0 0 0 
0 0 0 0 0 0 0 0 0 0 1 0 0 1 1 0 0 1 0 0 0 1 0 0 1 1 0 0 0 0 0 0 1 0 0 0 0 0 0 0 
0 0 0 0 0 0 0 0 0 0 0 0 0 0 0 1 0 1 0 0 0 0 0 0 0 2 0 0 0 0 0 0 0 0 0 0 0 0 0 0 
1 0 0 0 0 0 0 0 0 0 0 0 0 1 0 1 0 2 3 1 2 1 2 0 1 0 0 0 1 0 0 0 0 0 0 1 0 0 0 0 
0 0 0 0 0 0 0 0 0 0 0 0 1 0 0 0 0 0 0 1 1 0 0 0 0 0 0 0 0 0 0 0 0 0 0 1 0 0 0 0 
0 1 0 0 0 0 0 0 0 0 0 0 0 0 0 1 0 2 0 0 2 0 1 0 0 0 0 0 0 0 0 0 0 0 0 0 0 0 0 0 
0 1 0 0 0 0 0 0 0 0 0 0 0 1 2 1 2 1 3 3 2 0 1 0 0 1 1 0 0 0 1 0 0 0 1 0 0 1 0 0 
0 0 0 0 0 0 0 0 0 0 0 0 0 0 0 0 1 0 2 0 1 0 0 1 0 0 1 0 0 0 0 0 0 0 0 0 0 0 0 0 
0 0 0 0 0 0 0 0 0 0 0 0 0 0 0 0 0 0 0 0 0 0 1 0 0 0 0 0 0 0 0 0 0 0 0 0 0 0 0 0 
0 0 0 0 0 0 0 0 0 0 1 0 0 0 0 0 1 4 1 1 2 2 0 0 0 0 0 0 0 0 0 0 0 0 0 0 0 0 0 0 
0 0 0 0 0 0 0 0 0 1 0 0 0 0 0 0 0 0 0 0 0 2 0 0 0 0 0 0 0 0 0 0 0 0 0 0 0 0 0 0 
0 0 0 0 0 0 0 0 0 0 0 0 0 0 0 0 0 1 0 0 0 1 0 0 0 0 0 0 0 0 0 0 0 0 0 0 0 0 0 0 
0 0 0 0 0 0 0 1 0 0 0 0 0 0 0 2 1 1 0 0 0 0 1 1 0 0 0 0 0 0 0 0 1 0 0 0 0 0 0 0 
0 0 0 0 0 0 0 0 0 0 1 0 0 0 0 0 0 0 0 0 0 0 0 0 0 0 0 0 0 0 0 0 0 0 0 0 0 0 0 0 
1 0 0 0 0 0 0 0 0 0 0 0 0 0 0 1 0 0 0 1 1 0 1 0 0 0 0 0 0 0 0 0 0 0 0 0 0 1 0 0 
0 0 0 0 0 0 0 0 0 0 0 0 0 0 0 0 0 0 2 1 1 0 0 0 0 1 0 0 0 0 0 0 0 0 0 0 0 0 0 0 
0 0 0 0 0 0 0 0 0 0 0 0 0 0 1 0 0 0 0 0 0 0 0 0 0 0 0 0 0 0 0 0 0 0 0 0 0 0 0 0 

0 0 0 0 0 0 0 0 0 0 0 1 0 2 1 3 2 2 0 0 0 5 4 2 3 2 3 0 0 0 0 0 0 0 0 0 0 0 0 0 
0 0 0 0 0 0 0 0 0 0 1 0 0 2 0 0 0 3 3 0 3 3 1 2 2 5 1 0 0 0 0 0 0 0 0 0 0 0 0 0 
0 0 0 0 0 0 0 0 0 0 0 0 1 0 1 0 0 0 1 0 0 1 0 1 3 0 0 1 0 0 0 1 0 0 0 0 0 0 0 0 
0 0 0 0 0 0 0 0 0 0 0 0 0 1 1 2 2 0 1 1 0 1 2 0 0 1 0 0 1 0 0 0 0 0 0 0 0 0 0 0 
0 0 0 1 0 0 0 0 0 1 0 1 2 1 0 2 2 0 1 5 2 3 2 2 2 1 1 0 0 0 0 1 0 0 0 0 0 0 0 0 
0 0 0 0 0 0 0 0 0 0 0 0 0 0 0 0 0 1 0 1 0 1 0 2 0 0 0 0 0 0 0 0 0 0 0 0 0 0 0 0 
0 0 0 0 0 0 0 0 0 1 0 1 1 0 1 1 0 2 1 1 2 2 0 1 0 1 0 0 0 0 0 0 0 0 0 0 0 0 0 0 
0 0 0 0 1 0 0 0 0 0 0 0 0 0 0 2 2 1 2 1 1 3 2 1 0 0 0 0 0 0 0 0 0 1 0 0 0 0 0 0 
0 0 0 0 0 0 0 0 0 1 0 0 0 0 0 0 0 0 1 0 0 0 0 0 0 0 0 0 0 0 0 0 0 0 0 0 0 0 0 0 
0 0 0 0 0 0 0 0 0 0 0 0 1 0 1 0 1 0 0 0 0 2 0 1 0 0 0 0 0 0 0 0 0 0 0 0 0 0 0 0 
0 0 0 0 0 0 0 0 1 0 0 0 0 0 2 1 1 3 4 1 3 1 1 0 0 0 1 0 0 0 0 0 1 0 0 0 0 0 0 0 
0 0 0 0 0 0 0 0 0 0 0 0 1 0 0 0 0 0 1 3 0 0 1 0 0 0 0 0 0 0 1 0 0 0 0 0 0 0 0 0 
0 0 0 0 0 0 0 0 0 0 0 1 0 0 0 0 1 0 0 0 0 0 0 0 2 0 1 1 0 0 0 0 0 0 0 0 1 0 0 0 
0 0 0 0 0 0 0 0 0 0 1 0 0 3 1 1 0 0 2 2 3 1 1 0 0 0 0 0 0 0 0 0 0 1 0 0 0 0 0 0 
0 0 0 0 0 0 0 0 0 0 0 0 0 1 1 0 0 0 0 0 2 1 0 0 0 0 0 1 0 0 0 0 0 0 0 0 0 0 0 0 
0 0 0 0 0 0 0 0 0 0 0 0 0 0 0 0 0 1 0 0 0 0 0 0 0 0 0 0 0 0 0 0 0 0 0 0 0 0 0 0 
0 0 0 0 0 0 0 0 0 0 0 0 0 1 0 0 1 3 0 0 2 0 0 0 0 0 1 0 0 0 0 0 0 0 0 0 0 0 0 0 
0 0 0 0 0 0 0 0 0 0 0 0 0 1 0 1 0 0 0 0 1 0 0 0 0 0 0 0 0 0 0 0 0 0 0 0 0 0 0 0 
0 0 0 1 0 0 0 0 0 0 0 0 0 0 0 1 0 0 0 1 2 0 0 0 0 0 0 0 0 0 0 0 0 0 0 0 0 0 0 0 
0 0 0 0 0 0 0 0 1 0 0 0 0 0 1 0 0 0 1 2 0 0 0 0 0 0 0 0 0 0 0 0 0 0 0 0 0 0 0 0 
0 0 0 0 0 0 0 0 0 0 0 0 0 0 0 0 0 0 0 1 2 0 0 0 0 0 0 0 0 0 0 0 0 0 0 0 0 0 0 0 
0 0 0 0 0 0 0 0 0 0 0 0 0 0 0 1 1 0 1 1 0 1 0 0 0 0 1 0 0 0 0 0 0 0 0 0 0 0 0 0 
0 0 0 0 0 0 1 0 0 0 0 0 0 0 1 0 2 0 2 1 1 0 0 1 0 0 0 0 0 0 0 0 0 0 0 0 0 0 0 0 
0 0 0 0 0 0 0 0 0 0 0 0 0 0 0 0 0 0 0 0 0 0 0 0 0 0 0 0 0 0 0 0 0 0 0 0 0 0 0 0 

0 0 0 0 0 0 0 1 0 0 1 0 0 2 6 4 2 3 0 3 2 4 4 2 2 5 2 1 0 0 0 0 0 0 0 0 0 0 0 0 
0 0 0 0 0 0 1 0 0 0 0 2 1 1 3 3 2 1 0 3 0 7 4 7 3 6 4 0 1 0 0 1 1 0 0 0 0 0 0 0 
0 0 0 0 0 0 0 0 0 0 0 0 1 1 3 1 1 3 0 1 2 2 7 4 3 1 1 0 0 0 2 0 0 0 0 0 0 0 1 0 
0 0 0 0 0 0 0 0 1 0 0 0 0 1 3 3 1 1 0 3 3 7 2 3 2 1 0 1 1 0 0 0 0 0 0 0 0 0 0 0 
1 0 0 0 1 0 0 0 0 1 0 0 1 2 0 4 0 0 2 2 3 11 3 2 5 2 2 2 1 0 0 0 0 0 0 0 0 0 0 0 
0 0 0 0 0 0 0 0 0 0 1 0 0 0 0 0 2 2 0 3 1 2 2 3 1 0 1 1 0 0 0 0 0 0 0 0 0 0 0 0 
0 0 0 0 0 0 0 2 0 0 0 0 0 1 1 3 0 4 3 0 1 2 1 1 0 1 1 0 0 0 0 0 0 0 0 0 0 0 0 0 
0 0 0 0 0 0 0 0 1 0 0 0 1 3 3 1 3 1 2 2 3 3 2 2 2 2 0 0 1 0 0 1 0 0 0 0 0 0 0 0 
0 0 0 0 0 0 0 0 0 0 1 1 1 0 0 1 0 1 1 0 0 2 0 2 0 1 0 1 0 0 0 1 0 0 0 0 0 0 0 0 
0 0 0 0 0 0 0 0 0 0 0 0 0 1 0 1 1 2 2 0 1 0 0 2 0 0 1 0 0 0 0 0 0 0 0 0 0 0 0 0 
0 0 0 0 0 0 0 0 1 0 0 0 1 0 2 2 2 3 2 3 1 6 2 0 1 0 0 0 0 0 0 0 0 0 0 0 0 0 0 0 
0 0 0 0 0 0 0 0 0 0 0 0 1 0 0 1 2 0 0 0 0 1 1 0 0 1 0 1 0 0 0 0 0 0 0 0 0 0 0 0 
0 0 0 0 0 0 0 0 0 0 0 0 0 0 0 0 0 4 1 2 3 3 1 0 1 0 0 0 0 0 0 0 0 0 0 0 0 0 0 0 
0 0 0 0 0 0 0 0 0 0 1 1 0 1 0 1 2 2 4 3 1 3 2 0 1 0 0 0 0 0 0 0 0 0 0 0 0 0 0 0 
0 0 0 0 0 0 0 0 0 0 0 0 0 0 2 0 1 0 1 1 0 0 0 0 2 0 2 0 0 0 1 0 1 0 0 0 0 0 0 0 
0 0 0 0 0 0 0 0 0 0 0 0 0 0 0 0 0 0 0 1 1 1 0 0 0 1 0 0 0 0 0 0 0 0 0 0 0 0 0 0 
0 0 0 0 0 0 1 0 0 0 0 0 0 0 1 2 0 1 5 2 0 0 1 0 0 0 0 0 0 0 0 0 0 0 0 0 0 0 0 0 
0 0 0 0 0 1 0 0 0 0 0 0 1 1 0 0 0 0 2 0 0 0 1 0 0 0 0 0 0 0 0 0 0 0 0 0 0 0 0 0 
0 0 0 0 0 0 0 0 0 0 0 1 0 0 1 0 0 0 1 3 1 0 1 0 0 1 0 0 0 0 0 0 0 0 0 0 0 0 0 0 
0 0 0 0 0 0 0 0 0 0 0 0 0 1 0 1 1 1 4 1 0 0 0 0 0 2 0 0 0 0 0 1 0 0 0 0 0 0 1 0 
0 0 0 0 0 0 0 0 0 0 1 0 0 0 0 0 0 0 0 0 0 0 0 0 0 0 0 0 1 0 0 0 0 0 0 0 0 0 0 0 
0 0 0 0 0 0 0 0 0 0 1 0 0 1 0 0 1 0 0 1 0 1 0 0 0 0 0 0 0 0 0 0 0 0 0 0 0 0 0 0 
0 0 0 0 0 0 0 0 0 0 0 0 0 0 0 0 2 2 2 4 3 1 0 0 0 1 0 0 0 0 0 0 0 0 0 0 0 0 0 0 
1 0 0 0 0 0 0 0 0 0 0 0 0 1 0 0 0 0 0 0 0 0 0 0 0 0 0 0 0 0 0 0 0 0 0 0 0 0 0 0 

0 0 0 0 0 0 0 1 0 1 1 0 0 3 4 10 12 1 0 2 1 4 7 5 3 8 6 1 3 0 0 0 0 0 0 0 0 0 0 0 
1 0 0 0 0 0 0 0 0 0 0 1 2 2 2 8 2 4 2 3 1 10 3 1 3 4 5 9 0 1 0 0 1 0 0 1 0 0 0 0 
0 0 0 0 0 0 0 1 0 0 0 1 2 4 0 2 1 0 0 1 0 3 4 4 2 3 1 1 0 0 0 0 0 0 0 0 0 0 0 0 
0 0 1 1 0 1 0 0 2 0 0 0 0 2 1 2 4 3 2 6 1 5 7 1 2 2 4 0 1 0 0 0 0 0 0 0 0 0 0 0 
0 0 0 0 0 0 0 0 0 0 2 1 3 2 2 6 3 1 6 7 4 12 9 6 1 2 1 0 1 0 0 0 0 0 0 0 0 0 0 0 
0 0 1 0 0 0 0 0 0 0 1 0 0 0 2 3 0 1 1 1 0 0 1 1 1 0 1 1 0 0 1 0 0 0 0 0 0 0 0 0 
0 0 0 0 0 0 0 0 0 0 0 0 0 1 0 4 0 0 4 2 0 3 7 1 2 0 1 0 0 0 0 0 0 0 0 0 0 0 0 0 
0 0 0 0 0 0 0 0 0 0 1 2 1 0 3 5 1 2 7 6 2 9 2 1 1 0 2 0 1 0 0 0 0 0 0 0 0 0 0 0 
0 0 0 0 0 0 0 0 0 0 0 0 0 1 0 1 0 0 0 3 1 0 0 1 1 0 1 0 0 0 0 0 0 0 0 0 0 0 0 0 
0 0 0 0 0 0 0 0 0 1 0 1 0 0 0 1 0 2 0 2 1 0 3 1 1 0 3 2 0 2 0 0 0 0 0 0 0 0 0 0 
0 0 0 0 0 0 0 0 0 0 1 1 0 2 2 2 3 3 2 3 3 2 0 0 1 0 1 0 0 0 0 0 0 0 0 0 0 0 0 0 
0 0 0 0 0 0 0 0 0 0 0 0 0 0 0 0 3 0 1 2 0 1 0 1 0 1 0 1 0 0 1 0 0 0 0 0 0 0 0 0 
0 0 0 0 0 0 0 0 0 0 0 0 0 0 0 1 0 4 3 0 3 0 0 1 0 0 0 0 0 0 0 0 2 0 0 0 0 0 0 0 
0 0 0 0 0 0 0 0 2 0 0 1 0 1 1 1 1 4 3 1 4 3 1 3 0 0 0 1 0 1 0 0 0 0 0 0 0 0 0 0 
0 0 0 0 0 0 0 1 0 0 0 0 0 1 0 0 0 0 0 0 2 4 0 0 1 0 0 0 0 0 0 0 0 0 0 0 0 0 0 0 
0 0 0 0 0 0 0 0 0 1 0 0 0 1 0 0 1 0 0 1 0 1 1 1 1 0 1 0 0 0 0 0 0 0 0 0 0 0 0 0 
0 0 0 1 0 0 0 0 0 0 0 0 0 1 0 2 1 2 1 0 0 1 0 2 1 0 0 0 0 0 0 0 0 0 0 0 0 0 0 0 
0 0 0 0 0 1 0 0 0 0 1 1 2 0 0 0 1 0 0 0 0 2 0 1 0 0 0 0 0 0 0 1 0 0 0 0 0 0 0 0 
0 0 0 0 0 0 0 0 0 0 0 0 0 0 0 0 0 1 2 0 0 0 1 0 0 0 0 0 0 0 0 0 0 0 0 0 0 0 0 0 
1 0 0 0 0 0 0 0 0 0 0 0 1 0 3 1 1 1 5 3 1 1 1 0 0 0 0 0 0 0 0 0 0 0 0 0 0 0 0 0 
0 0 0 0 1 0 0 0 0 0 1 0 0 0 1 0 0 1 1 0 1 0 0 0 0 0 0 0 0 0 0 0 0 0 0 0 0 0 0 0 
0 0 0 0 0 0 0 0 0 0 0 0 0 0 0 0 1 1 2 0 1 0 0 1 1 0 0 1 0 0 0 0 0 0 0 0 0 0 0 0 
0 0 0 0 0 1 0 0 0 0 0 0 0 0 0 2 2 3 1 3 0 0 0 0 0 0 0 0 0 0 0 0 0 0 0 0 0 0 0 0 
0 0 0 0 0 0 0 0 0 0 0 1 0 0 0 1 1 0 0 0 0 0 0 0 0 0 0 0 0 0 0 0 0 0 0 0 0 0 0 0 

0 0 0 0 0 0 0 1 0 2 3 3 1 6 5 20 13 6 3 8 3 13 9 6 11 12 7 6 3 2 0 0 1 0 0 0 0 0 0 0 
0 0 0 0 0 0 1 0 0 1 0 0 2 1 3 13 8 3 8 2 1 12 6 4 5 7 11 3 2 5 0 0 1 1 0 0 2 0 0 0 
0 0 0 0 0 0 0 0 0 0 0 0 2 1 8 4 9 3 2 0 3 6 6 10 6 10 2 4 1 1 0 1 0 1 0 0 0 0 0 0 
1 0 0 0 0 0 0 0 0 0 0 1 1 4 0 2 6 6 3 3 2 10 11 5 6 1 2 2 0 1 0 0 1 0 0 0 0 0 0 0 
0 0 0 0 0 0 0 0 0 2 1 1 3 2 7 13 4 6 3 8 10 13 14 15 7 2 5 1 0 1 0 0 0 1 0 0 0 0 0 0 
0 0 0 0 0 0 0 0 0 0 0 1 0 0 4 2 0 2 3 3 1 4 8 6 6 4 4 1 1 0 0 0 1 0 0 0 0 0 0 0 
0 0 0 0 0 0 0 0 0 0 1 0 4 2 2 4 4 1 7 3 3 3 6 2 1 0 0 1 0 0 0 0 0 0 0 0 0 0 0 0 
0 0 0 0 0 0 1 0 1 1 4 1 3 2 2 5 7 4 6 8 7 11 8 5 3 3 3 0 0 1 0 0 0 0 0 0 0 0 0 0 
0 0 1 0 0 0 0 1 0 1 0 0 0 0 0 5 4 2 3 3 3 2 2 1 2 3 3 0 0 0 0 0 0 0 0 0 0 0 0 0 
0 0 0 0 0 0 0 0 0 0 0 0 0 0 0 1 1 4 0 1 2 2 3 1 2 0 1 0 0 0 2 0 0 0 0 0 0 0 0 0 
0 0 0 0 1 0 0 0 1 1 2 2 0 0 2 3 3 4 3 4 3 7 2 3 1 5 1 1 2 0 0 0 0 0 0 0 0 0 0 0 
0 0 1 0 0 0 0 0 0 0 0 1 0 1 0 2 1 3 3 2 0 3 1 2 0 0 2 0 2 0 0 0 0 0 0 0 0 0 0 0 
0 1 0 0 0 0 0 0 0 0 0 1 0 0 0 2 0 7 0 1 1 3 2 0 1 0 0 1 0 0 0 0 0 0 0 0 0 0 0 0 
0 0 1 0 0 0 0 0 0 0 2 1 0 2 0 2 2 4 7 5 6 5 2 1 0 0 0 1 1 2 1 1 0 0 0 0 0 0 0 0 
0 0 0 0 0 0 0 0 0 0 0 0 0 0 0 0 1 0 1 3 2 3 1 2 1 1 0 0 0 0 0 0 0 0 0 0 0 0 0 0 
0 0 0 0 0 0 0 0 0 0 0 0 0 0 0 0 0 1 1 5 2 0 1 0 0 0 1 0 0 0 0 0 0 0 0 0 0 0 0 0 
0 0 0 0 0 0 0 0 0 0 0 0 1 2 3 2 2 5 6 5 1 2 3 3 0 1 1 0 1 0 0 0 0 0 0 0 0 1 0 0 
0 0 0 0 0 0 0 0 0 0 0 0 0 0 0 1 0 1 1 2 2 1 1 0 0 1 0 0 0 0 0 0 1 0 0 0 0 0 0 0 
0 0 0 0 0 0 0 0 0 0 0 0 1 0 0 0 0 1 1 4 1 1 2 0 0 0 0 0 0 0 0 0 0 0 0 0 0 0 1 0 
0 1 0 0 0 0 0 0 0 0 0 0 0 0 3 0 1 0 4 4 3 2 1 7 0 0 0 0 0 0 0 0 0 0 0 0 0 0 0 0 
0 0 0 0 1 0 0 1 0 0 0 0 0 0 0 2 1 1 4 1 2 1 1 3 0 0 0 0 0 0 0 0 0 0 0 0 0 0 0 0 
0 0 0 0 0 0 0 0 0 0 0 0 0 0 0 0 0 0 1 2 1 0 0 1 0 0 0 0 0 0 0 0 0 0 1 0 0 0 0 0 
0 0 0 1 0 0 0 0 0 0 1 0 0 0 1 1 5 2 5 3 4 2 2 1 2 0 1 0 0 0 0 0 0 0 0 0 0 0 0 0 
0 0 0 0 0 0 0 0 0 0 1 0 0 0 0 0 0 0 1 1 0 0 0 0 0 0 0 0 0 0 0 0 0 0 0 0 0 0 0 0 

0 0 0 0 0 0 1 1 0 1 0 2 2 13 163 50 25 6 2 6 3 30 20 20 9 20 14 9 7 1 0 0 0 0 0 0 0 0 0 0 
0 0 0 0 0 0 0 0 0 0 0 1 2 4 7 9 8 6 2 5 4 16 8 5 8 17 10 6 3 1 2 0 2 0 0 0 0 1 1 1 
0 0 0 0 0 0 0 0 0 2 1 1 0 1 4 4 5 1 4 3 4 6 5 10 4 5 3 1 0 1 1 1 0 0 0 0 0 0 0 0 
0 0 0 0 0 0 0 0 0 0 0 2 2 6 5 9 9 4 3 5 9 12 16 11 10 4 4 2 1 3 4 0 0 0 0 1 0 0 0 0 
0 0 0 0 0 0 0 1 0 0 0 1 3 4 3 16 5 5 5 3 8 21 22 17 8 2 3 0 0 0 0 0 0 0 0 0 0 0 0 0 
0 0 1 0 0 1 0 0 1 1 0 0 1 1 3 3 4 3 1 1 4 7 2 1 4 3 3 2 1 0 0 0 0 1 0 0 0 0 0 0 
0 0 1 0 0 0 1 0 0 0 1 0 1 1 2 3 2 3 4 1 1 9 10 1 1 1 2 0 0 0 0 1 0 0 0 0 0 0 0 0 
0 0 0 0 1 0 0 1 1 0 0 3 1 3 2 5 5 7 8 7 6 5 10 1 2 1 1 1 1 0 0 0 0 0 0 0 0 0 0 0 
0 0 0 0 0 0 0 0 0 1 0 1 1 0 0 0 2 4 3 5 5 1 4 1 1 1 0 0 1 0 0 0 0 0 0 0 0 0 0 0 
0 0 0 0 0 0 0 0 0 0 1 1 0 0 1 1 4 5 9 2 2 2 2 1 3 2 2 0 1 0 0 1 0 0 0 0 0 0 0 0 
0 0 0 1 0 0 0 1 0 0 1 0 2 4 3 1 8 8 5 2 6 7 3 2 3 3 0 0 1 0 0 0 0 0 0 0 0 0 0 0 
0 0 0 0 0 0 0 0 0 0 1 1 0 1 1 1 3 1 1 1 1 1 4 1 1 0 0 2 0 1 0 0 1 0 0 0 1 0 0 0 
0 0 0 0 0 0 0 0 0 0 0 1 1 1 0 2 1 6 2 6 5 4 6 0 3 0 0 0 0 1 0 0 0 0 0 0 0 0 0 0 
0 0 0 1 0 0 0 0 0 0 0 2 1 2 1 3 4 4 6 9 5 3 2 2 1 0 2 0 0 0 0 0 0 0 0 0 0 0 0 0 
0 0 0 0 0 0 0 0 0 0 1 0 0 0 0 1 0 3 1 1 1 1 1 4 0 0 0 2 0 0 0 0 0 0 0 0 0 0 0 0 
0 0 0 0 0 0 0 1 0 0 0 0 0 0 1 1 1 0 3 1 4 1 1 1 0 0 0 1 1 0 1 0 0 0 0 0 0 0 0 0 
0 0 0 0 1 1 0 0 0 0 1 1 0 2 2 4 6 6 4 4 0 1 3 5 1 2 2 1 0 1 0 0 0 1 0 0 1 0 0 0 
0 0 0 0 0 0 0 0 0 0 0 0 0 0 0 0 0 1 2 1 0 0 1 0 2 0 0 0 1 0 0 0 0 0 0 0 0 0 0 0 
0 0 0 0 0 0 0 0 0 0 0 0 0 1 0 0 0 2 0 1 0 1 1 0 1 0 1 0 0 0 0 0 0 0 0 0 0 0 0 0 
0 0 0 0 0 0 0 0 0 0 0 0 0 0 0 1 2 3 4 5 1 1 2 1 1 0 0 0 1 0 0 0 0 0 0 0 0 0 0 0 
0 0 0 0 0 0 0 0 1 0 0 1 0 0 1 0 1 1 0 1 2 0 2 1 0 0 0 0 0 0 0 0 0 0 0 0 0 1 0 0 
1 0 0 0 0 0 0 0 0 0 0 0 1 1 0 0 0 1 0 2 1 0 3 1 0 1 0 0 0 0 0 0 0 0 0 0 0 0 0 0 
0 0 0 0 0 0 0 1 0 0 1 0 0 0 2 1 0 5 7 6 3 2 0 1 2 1 0 0 0 0 0 0 0 0 2 0 0 0 0 0 
0 0 0 0 0 0 0 0 0 0 0 0 0 0 1 0 0 0 0 0 0 0 0 0 0 0 0 0 0 0 0 0 0 0 0 0 0 0 0 0 

0 0 0 1 0 0 1 1 0 1 0 3 3 21 183 129 47 9 6 10 8 41 49 38 16 75 49 15 6 0 0 0 0 1 1 0 0 0 0 0 
0 0 0 0 0 0 0 0 0 0 2 0 7 12 41 62 43 12 5 12 8 31 36 26 47 56 25 9 11 3 2 2 3 2 1 0 0 1 1 0 
1 0 2 0 0 0 1 0 0 0 2 2 3 19 39 34 25 16 12 18 13 33 53 47 42 32 18 12 4 4 3 2 2 0 1 1 0 1 0 0 
0 0 0 0 0 0 1 0 0 1 2 4 2 4 6 14 19 5 7 7 10 26 30 20 36 12 7 8 9 3 2 0 1 1 0 0 0 0 0 0 
1 1 1 0 1 0 0 3 2 0 2 2 10 6 10 22 17 15 13 21 19 41 34 32 17 12 4 4 6 1 2 0 1 0 0 0 0 0 0 0 
0 0 0 0 1 0 0 0 0 0 1 2 1 1 1 6 4 3 3 4 7 13 15 14 4 1 5 4 1 0 1 0 0 0 0 0 0 0 0 0 
0 0 0 0 0 0 0 0 0 0 0 2 2 3 1 5 1 3 9 4 7 8 5 5 9 4 5 2 0 0 0 0 0 0 0 0 0 0 0 1 
0 0 0 0 0 0 1 1 3 0 0 1 4 7 11 8 9 6 10 7 17 26 18 12 7 2 2 0 1 0 0 0 0 0 1 0 0 0 0 0 
0 0 0 0 0 0 0 0 0 0 0 2 1 1 0 5 7 4 3 9 4 12 11 8 8 2 2 0 1 1 0 0 0 1 0 0 0 0 0 0 
0 1 0 0 0 0 0 1 1 0 0 1 0 1 1 3 3 5 2 6 5 2 5 0 2 2 2 0 2 1 0 0 0 0 0 0 0 1 0 0 
1 0 0 0 0 0 2 0 0 1 0 2 1 2 7 6 8 11 12 14 16 9 6 4 5 7 2 1 1 1 0 0 0 0 1 0 0 0 0 0 
0 0 0 0 0 0 0 0 1 0 0 1 2 0 0 2 3 3 6 4 5 7 4 4 4 3 1 2 0 0 0 1 0 0 0 0 0 0 0 0 
0 0 0 0 0 0 0 0 0 0 0 0 1 0 0 2 2 1 4 4 6 4 7 3 0 1 1 2 0 1 0 0 0 0 0 0 0 0 0 0 
0 0 0 0 0 0 0 1 0 1 1 2 3 5 5 4 6 10 9 13 14 6 13 4 3 2 3 0 0 0 0 0 0 0 0 0 1 0 0 0 
0 0 0 0 0 0 0 0 0 0 0 0 2 2 3 0 3 5 6 2 5 7 6 2 2 1 4 0 0 0 0 0 0 0 1 0 0 0 0 0 
0 0 0 0 0 0 0 1 0 0 0 1 0 2 1 1 1 3 1 1 2 1 7 0 0 0 0 0 0 1 0 0 0 0 1 0 0 0 0 0 
0 0 0 0 0 0 0 0 0 0 0 1 1 4 6 3 6 11 7 6 1 2 5 2 4 2 1 1 0 0 0 1 0 0 0 0 0 0 0 0 
0 0 0 0 0 0 0 1 0 0 0 0 1 0 1 1 3 1 1 2 5 1 1 2 3 0 1 0 0 0 0 0 0 1 0 0 0 0 0 0 
0 0 0 0 0 0 0 0 0 1 0 0 1 0 0 1 1 3 3 4 5 0 1 2 0 1 0 0 1 0 0 0 0 0 0 0 1 0 0 0 
0 0 0 0 0 0 0 2 0 0 0 0 1 1 3 2 1 6 10 7 3 1 2 2 1 0 1 0 1 1 0 0 0 0 0 0 0 0 0 0 
0 0 0 0 0 0 0 0 0 0 0 0 0 1 3 3 6 5 1 2 1 3 2 4 1 0 1 0 0 0 0 0 0 0 0 0 0 0 0 0 
0 0 0 0 0 0 0 0 0 1 0 0 0 0 0 0 1 2 1 3 0 1 0 0 0 0 1 0 0 0 0 0 0 0 0 0 0 0 0 0 
0 0 0 0 0 0 0 1 0 0 0 1 0 2 2 3 2 2 4 4 2 5 3 1 1 1 0 0 0 0 0 1 0 0 0 0 0 0 0 0 
0 0 0 0 0 0 0 0 1 1 0 0 1 0 0 1 0 1 0 0 0 0 0 1 0 0 0 0 0 0 0 0 0 1 0 0 0 0 0 0 

2 0 0 0 0 1 0 0 0 1 2 3 4 27 21 95 37 7 8 13 14 529 137 51 43 428 291 20 10 6 2 1 1 0 1 0 0 1 0 0 
0 0 1 0 0 0 0 0 0 1 1 0 1 9 282 67 29 9 5 10 16 77 86 65 309 88 32 13 10 5 4 4 0 2 0 1 0 1 1 1 
0 1 2 0 2 1 1 3 3 2 5 5 6 10 45 65 40 17 12 8 15 42 68 86 67 50 24 13 8 5 3 2 3 0 0 2 0 1 0 0 
1 0 0 0 0 0 1 1 2 1 1 0 2 7 19 35 42 15 9 13 12 42 73 39 51 13 18 5 11 6 5 0 1 1 2 0 1 0 1 0 
0 0 0 0 0 0 0 0 0 0 1 0 7 5 12 34 17 14 16 8 16 34 42 25 25 13 8 2 2 2 1 0 0 1 1 0 3 0 0 0 
1 0 0 0 0 0 0 0 0 0 2 1 0 1 3 4 5 8 4 7 11 17 20 8 9 3 2 1 2 1 1 1 1 0 0 0 0 0 1 0 
0 0 0 0 0 1 0 1 2 2 0 4 2 2 4 9 8 6 10 8 10 20 26 9 15 9 8 2 9 3 1 1 2 0 1 0 0 0 0 0 
0 0 0 0 0 0 0 0 0 0 0 1 4 7 9 16 9 10 8 13 18 26 14 12 6 1 2 0 1 0 0 0 0 0 0 0 0 0 0 0 
0 0 0 1 0 0 0 0 0 0 1 1 3 3 0 3 4 2 5 4 6 12 10 2 5 6 3 1 4 0 0 0 1 0 0 0 0 0 0 0 
0 0 0 1 0 0 0 0 2 2 0 0 0 1 3 1 5 6 6 2 5 16 14 3 7 2 2 3 2 1 1 0 0 0 0 0 0 0 0 0 
0 0 0 0 0 0 0 0 0 0 2 1 3 3 4 8 10 21 12 9 6 21 4 5 1 6 3 2 2 0 1 1 0 1 0 0 0 0 0 0 
0 1 0 0 0 0 0 0 0 0 0 0 1 3 0 1 3 3 5 4 6 8 8 5 1 2 1 0 0 2 0 0 0 1 0 0 1 0 0 0 
0 0 0 0 0 1 0 0 0 0 0 1 1 2 2 3 3 3 5 4 13 8 10 5 4 2 5 1 0 0 0 0 0 0 0 0 0 0 0 0 
0 0 0 0 0 0 0 0 0 1 0 0 0 4 3 1 8 11 16 24 12 9 11 3 2 1 0 0 0 0 0 0 0 0 2 0 0 0 0 0 
0 0 0 0 0 0 0 0 0 0 1 1 2 0 0 3 0 3 2 3 6 3 3 2 2 2 2 1 0 0 0 0 0 0 0 0 0 0 0 0 
0 0 0 0 0 0 0 0 1 0 0 1 0 0 0 4 2 3 6 3 6 5 2 2 1 0 1 1 1 0 1 0 0 0 1 0 0 0 0 0 
0 0 0 0 0 0 0 0 0 0 1 0 1 3 6 1 8 4 10 11 9 6 3 3 4 0 0 1 0 0 0 0 0 0 0 0 0 0 0 0 
0 0 0 0 1 0 0 0 0 1 0 1 0 0 1 1 2 0 1 3 1 0 2 1 1 1 1 0 0 1 1 0 0 0 0 0 0 0 0 0 
0 0 0 0 0 0 0 0 0 0 0 0 0 0 1 1 1 1 1 4 3 2 1 0 0 1 0 0 0 0 0 0 0 0 0 0 0 0 0 0 
0 0 0 0 0 0 0 0 0 0 0 1 3 1 2 1 5 7 5 11 2 3 3 1 0 0 0 0 1 0 0 1 0 0 0 0 0 0 0 0 
1 0 0 0 1 0 0 2 1 0 0 0 0 1 2 0 1 3 2 2 3 2 3 3 1 0 2 0 0 0 0 0 0 0 0 0 0 0 0 0 
0 0 0 0 0 0 0 0 0 0 0 1 0 0 0 1 2 3 1 5 3 1 1 1 1 0 1 0 0 0 0 0 0 0 0 0 0 0 0 1 
0 0 0 0 0 0 0 0 0 1 0 0 0 2 1 3 4 2 4 4 1 4 0 3 1 0 0 0 0 0 0 0 1 0 0 0 0 1 0 0 
0 0 0 0 0 0 0 0 0 0 0 0 0 0 0 0 0 1 1 1 0 0 0 1 0 0 0 0 0 1 0 0 0 0 0 0 0 0 0 0 

0 0 0 0 0 2 1 1 0 1 1 3 1 19 4 56 35 24 13 25 10 457 218 56 46 143 68 21 23 3 4 0 0 0 0 0 0 0 0 0 
1 0 0 0 0 0 0 0 0 1 0 3 0 6 23 21 20 14 8 11 36 588 204 51 94 60 36 27 18 6 3 3 2 3 0 1 0 1 0 0 
0 1 0 0 1 0 2 0 1 0 5 2 2 5 34 372 24 22 16 19 45 565 497 97 39 35 28 13 12 8 4 3 3 0 1 5 1 2 0 0 
0 1 0 1 0 0 1 1 0 1 1 3 3 10 17 231 59 9 8 16 25 163 386 54 34 16 16 3 5 3 4 1 1 1 1 0 0 1 1 0 
0 0 0 0 0 0 0 0 1 2 3 4 8 16 30 93 53 18 20 17 53 139 156 57 26 23 10 11 4 3 2 4 1 0 2 0 0 0 1 1 
0 0 1 0 0 2 1 0 0 0 3 4 4 11 12 32 29 22 11 25 45 101 92 57 24 17 9 9 4 0 4 1 1 2 2 0 0 1 1 0 
0 0 0 0 0 0 0 1 1 1 2 3 5 9 12 18 24 18 20 16 24 35 58 20 35 8 10 9 5 2 4 0 1 1 1 1 0 0 0 0 
0 0 0 0 0 1 0 2 1 1 5 4 12 13 10 32 21 15 23 17 25 76 43 14 22 14 3 3 1 0 2 0 1 0 0 0 0 0 0 0 
1 0 1 0 0 0 0 0 0 0 1 1 2 1 5 11 9 8 9 14 23 26 29 20 7 12 3 1 1 0 1 2 0 0 0 0 0 0 0 0 
0 0 0 0 1 0 0 0 0 1 0 0 1 3 3 14 8 14 9 10 18 18 31 10 6 3 5 4 2 1 2 0 1 0 0 0 0 0 0 0 
0 2 0 0 0 1 0 0 2 1 1 2 4 5 14 17 20 34 30 31 18 44 27 11 4 4 6 4 2 3 0 1 1 0 1 1 0 0 0 0 
2 0 0 0 0 0 1 0 0 1 3 1 1 0 5 2 6 3 13 13 23 22 14 9 3 3 3 0 0 2 0 0 1 0 0 0 0 0 0 0 
1 0 0 0 0 0 1 0 0 1 0 1 1 4 4 3 2 15 10 12 18 11 17 5 6 0 7 0 0 0 0 1 0 0 0 0 0 0 1 1 
0 0 0 0 0 0 5 0 0 0 0 2 9 5 14 9 13 15 38 22 18 18 25 10 3 6 2 2 3 5 2 0 0 0 0 0 0 0 0 0 
0 0 0 0 0 0 0 0 0 0 0 3 3 3 1 6 4 11 13 13 12 10 3 7 2 4 4 2 0 0 0 0 0 0 0 0 0 0 0 0 
0 0 0 0 0 0 0 0 0 0 0 0 1 0 3 5 4 8 10 14 11 8 8 1 5 3 1 1 1 0 2 2 0 0 0 0 0 0 0 0 
0 0 0 1 0 0 1 2 1 2 0 2 4 12 4 16 21 16 19 27 12 10 5 8 5 1 0 0 1 0 0 0 0 0 0 0 0 0 0 1 
0 0 0 0 0 0 0 0 1 1 3 0 4 3 1 4 5 8 12 11 7 2 5 8 1 1 0 3 0 0 1 0 0 1 0 0 0 0 0 0 
1 0 0 0 0 0 0 0 1 0 1 0 0 0 2 2 5 6 4 5 5 1 1 0 4 1 3 1 1 0 0 0 0 0 0 1 0 0 0 0 
0 0 0 0 1 0 0 0 0 1 2 2 3 5 6 8 12 10 11 18 9 10 2 4 4 0 4 1 0 0 0 0 0 0 0 0 1 0 0 1 
0 0 0 0 0 0 0 1 1 0 0 0 0 1 3 2 4 1 7 6 3 2 1 2 4 4 1 1 1 0 0 0 0 0 1 0 0 0 0 0 
1 0 0 0 1 1 0 0 0 1 0 1 1 2 1 1 2 4 4 2 3 3 4 1 3 0 0 0 0 0 0 0 1 0 0 0 0 0 0 0 
0 0 0 0 0 0 1 2 3 1 1 0 1 4 6 6 6 9 9 12 14 5 1 4 1 0 0 0 0 2 1 0 0 0 0 0 0 0 0 0 
0 0 0 0 0 0 1 0 0 0 0 0 0 0 0 0 3 2 1 2 5 2 2 1 2 0 0 0 1 0 0 0 0 0 0 0 0 0 0 0 

1 0 0 0 0 1 0 1 0 2 2 3 1 19 5 29 14 22 17 21 17 77 65 31 24 59 48 54 35 6 0 1 0 0 0 1 0 0 0 0 
0 0 0 0 0 0 0 0 0 1 2 3 4 11 21 20 22 18 14 5 28 43 104 41 52 43 41 43 30 16 3 2 7 1 1 1 4 2 0 0 
1 1 0 0 0 2 0 1 1 2 2 0 4 2 12 25 15 14 14 17 20 92 105 38 61 26 30 12 18 13 5 2 2 2 3 1 0 1 0 5 
0 0 0 0 0 0 0 0 0 0 2 2 1 6 3 146 75 14 14 14 28 221 334 106 141 36 34 7 10 5 8 1 3 0 4 0 0 0 0 1 
0 2 0 1 0 1 0 0 2 1 0 1 4 6 27 162 52 11 15 16 37 214 298 117 50 21 22 8 6 0 4 4 2 0 2 0 0 2 0 1 
0 0 0 0 0 0 1 0 2 2 1 4 5 7 15 44 61 32 19 32 58 164 226 54 35 25 10 4 3 2 1 4 1 0 1 0 1 0 0 0 
2 1 0 1 1 1 0 1 0 2 1 8 6 6 12 31 43 30 36 27 40 117 180 42 42 13 21 10 6 7 6 1 1 2 0 0 0 0 1 0 
0 0 0 0 1 0 1 0 0 2 4 2 4 8 13 19 20 16 28 15 46 80 67 19 11 6 9 0 3 1 0 1 0 0 0 1 2 0 1 0 
0 0 0 1 0 0 0 1 1 0 2 2 1 0 1 10 11 10 13 8 21 28 41 13 8 5 6 1 2 0 1 0 0 0 1 0 0 0 1 0 
1 0 0 0 1 1 1 3 0 1 1 2 4 4 4 12 17 17 21 21 18 45 58 9 12 5 13 4 3 2 0 0 1 0 0 0 0 0 0 0 
1 0 0 0 0 1 0 1 2 3 2 4 6 6 9 10 21 33 30 19 34 50 33 9 11 6 3 2 1 1 0 0 2 0 0 1 0 0 0 0 
0 0 0 0 0 0 0 0 0 1 2 1 3 2 5 3 7 9 13 17 26 21 20 13 5 2 3 2 1 0 0 2 0 1 0 0 0 0 0 1 
1 0 0 0 0 0 0 3 0 1 2 1 1 0 2 7 5 10 20 22 34 25 22 14 10 3 4 4 0 1 1 0 1 0 0 0 0 0 0 2 
1 1 0 0 0 0 1 0 1 2 1 2 1 5 4 9 9 23 29 25 16 24 14 13 7 5 1 4 0 0 0 2 0 2 2 1 0 0 0 1 
0 0 0 0 0 0 0 1 0 0 0 0 1 2 3 4 3 6 13 10 9 7 7 3 6 0 2 0 0 1 0 0 1 0 0 0 0 0 0 0 
0 0 0 0 0 1 0 0 0 0 1 2 0 4 0 7 3 7 8 15 17 17 12 12 10 4 8 2 1 0 1 0 0 0 0 0 0 0 0 0 
1 1 0 1 0 0 0 0 1 0 1 0 0 5 7 6 18 20 29 23 17 17 11 8 6 2 2 1 0 2 0 0 0 0 0 0 0 0 1 0 
0 0 0 1 1 0 1 0 2 0 1 0 0 2 0 5 6 4 6 10 8 4 4 1 1 4 1 0 0 0 1 0 0 0 0 0 0 0 0 0 
0 0 0 0 0 0 0 1 0 0 0 1 0 0 2 0 1 7 7 6 4 7 10 1 7 3 2 1 2 1 1 0 0 0 0 1 0 0 0 0 
0 0 0 0 0 1 0 0 2 0 1 1 2 6 9 8 8 14 15 23 15 3 4 8 5 1 2 0 0 0 1 1 0 0 0 0 0 0 0 0 
1 0 0 0 0 1 0 0 0 0 0 1 0 0 2 3 1 8 5 3 4 3 1 2 2 4 0 1 0 1 0 0 0 0 0 0 0 0 0 0 
0 0 0 0 0 0 1 0 0 0 0 0 0 0 0 4 1 0 1 8 7 3 2 3 3 3 2 0 5 0 2 0 1 0 0 0 0 0 0 0 
0 0 0 0 1 0 0 1 0 2 2 2 2 1 0 6 5 14 10 18 18 4 4 1 0 2 0 0 0 1 0 0 0 0 0 1 0 0 0 0 
0 0 0 0 0 0 0 0 0 0 0 1 0 0 0 0 0 2 1 1 4 0 0 0 0 0 1 0 0 0 0 0 0 0 0 1 0 0 0 0 

0 0 0 0 0 0 0 1 0 2 2 2 3 12 8 24 10 19 14 15 16 54 36 28 15 57 270 113 60 6 2 0 1 1 1 0 0 1 0 0 
2 0 0 0 0 0 0 1 0 0 4 1 2 2 12 12 11 9 11 8 11 20 24 9 33 108 307 82 26 13 9 3 3 2 3 3 1 0 1 1 
0 0 0 1 0 0 0 1 0 2 0 0 3 5 5 20 19 16 16 5 9 16 28 74 411 471 56 21 21 10 7 4 3 3 2 2 1 0 0 1 
2 0 0 1 1 1 0 1 0 2 1 3 1 3 6 30 39 16 10 8 11 18 48 115 438 88 40 6 10 7 4 3 2 1 0 0 0 0 2 1 
0 1 1 0 0 0 1 0 0 0 1 5 3 13 15 85 53 20 23 8 20 33 125 77 42 32 23 9 10 4 4 1 0 1 2 0 1 0 0 0 
1 1 0 0 0 1 1 1 0 2 1 3 7 2 18 140 289 26 20 12 21 74 53 25 16 8 9 6 5 2 0 0 2 2 0 3 0 2 0 0 
1 0 1 0 0 0 1 0 2 0 3 3 1 8 9 27 85 29 30 23 25 193 182 26 23 8 9 5 7 3 0 1 0 0 0 1 1 1 1 1 
1 0 1 1 2 1 3 0 0 1 3 3 12 8 19 42 45 44 34 32 71 519 175 31 20 16 5 3 8 7 4 5 1 0 0 3 0 2 0 0 
0 0 0 0 0 0 0 0 0 4 2 3 3 11 14 22 42 31 30 46 93 759 104 31 17 16 8 4 5 2 3 1 1 1 0 0 1 0 0 0 
0 0 0 0 1 0 0 2 0 1 0 5 3 14 5 12 17 33 38 32 42 253 113 18 16 9 7 5 5 1 1 0 4 1 1 1 0 0 0 0 
1 0 2 1 0 2 0 1 2 2 2 4 8 4 19 29 28 64 53 40 134 205 86 26 21 10 8 2 3 7 0 2 0 0 0 1 1 0 2 2 
0 1 0 0 0 1 2 0 0 2 2 1 0 6 10 15 25 23 39 99 254 162 73 26 16 12 12 2 3 1 4 2 0 3 0 0 1 2 0 0 
0 0 0 0 0 1 0 1 0 1 2 3 1 6 4 8 6 17 15 55 110 84 86 17 24 2 10 5 4 0 5 0 1 0 2 2 0 0 0 1 
0 0 0 0 0 3 0 4 1 4 4 4 10 10 20 15 24 45 55 74 99 93 42 8 10 6 3 6 2 2 0 0 0 0 0 0 0 0 0 0 
0 0 0 0 0 0 0 0 1 0 0 1 3 6 7 14 19 21 40 60 79 64 45 18 9 15 4 3 1 0 1 2 1 0 1 0 1 0 0 0 
0 0 0 1 0 0 0 1 1 2 2 4 1 1 6 3 10 16 17 42 60 33 49 18 13 5 3 6 4 3 1 0 1 0 1 0 0 0 0 0 
0 0 0 1 0 0 1 2 1 1 2 2 3 3 17 13 37 39 64 56 51 33 28 16 12 5 0 2 2 2 0 0 0 0 0 0 0 0 0 1 
1 0 0 0 0 0 0 0 2 1 3 4 1 5 5 4 14 18 21 20 29 15 21 8 4 4 3 0 0 0 1 1 0 2 0 0 0 0 0 0 
1 0 0 1 0 0 0 0 0 1 0 3 2 1 4 6 0 11 15 19 19 11 13 3 6 1 1 0 3 1 0 1 0 0 0 1 0 0 0 0 
0 0 0 0 0 1 1 2 1 1 1 2 4 3 13 10 25 26 31 32 22 17 16 11 5 4 0 1 1 1 0 0 0 0 0 0 0 0 0 0 
0 0 1 1 0 1 0 0 0 2 2 7 2 3 5 8 15 4 16 17 7 13 3 6 4 3 1 0 0 2 1 0 1 0 0 0 0 0 0 0 
0 0 1 0 1 0 1 0 1 2 1 0 0 5 5 2 1 6 7 14 16 5 3 4 3 1 0 1 1 2 0 0 0 0 0 0 0 0 0 1 
0 0 0 1 0 1 0 0 0 1 1 0 2 0 7 9 12 22 29 33 16 20 7 6 3 1 6 2 0 0 0 1 0 0 0 0 0 0 0 0 
0 0 0 0 0 0 1 2 0 0 2 1 3 3 3 0 4 6 13 8 12 8 4 2 4 1 2 1 0 0 0 0 1 0 0 0 0 0 0 0 

0 0 0 0 0 0 1 0 1 3 0 4 0 13 7 28 9 17 14 11 8 26 20 23 21 65 93 97 48 4 4 1 3 1 0 0 0 0 1 0 
1 0 1 0 0 0 0 0 1 0 1 1 4 5 4 5 11 10 22 8 6 18 25 12 32 30 50 45 24 13 6 2 1 1 1 0 0 3 1 2 
0 0 1 0 0 1 0 0 2 2 1 0 1 2 4 9 11 6 13 7 3 27 22 16 25 26 37 18 18 19 5 5 4 0 4 3 2 1 1 2 
0 0 0 0 0 0 1 0 0 1 2 3 0 8 5 20 19 16 14 18 15 15 24 17 29 18 30 17 24 6 7 1 9 4 2 0 0 0 0 1 
0 0 0 0 1 0 1 1 0 2 0 5 4 2 11 30 34 25 22 13 16 24 25 18 16 17 13 16 7 4 2 1 1 1 0 0 1 0 0 1 
1 1 0 0 0 0 2 1 0 1 5 1 4 12 12 22 65 25 17 14 20 21 27 20 23 10 18 11 14 4 4 3 2 0 0 0 0 0 0 0 
1 0 0 0 0 1 0 1 1 3 0 3 2 10 6 49 238 46 51 12 27 38 49 9 28 11 17 5 8 4 3 1 3 3 1 0 0 2 0 0 
2 1 0 0 0 0 0 1 3 0 1 4 3 8 22 23 82 65 35 24 21 57 50 33 20 10 16 5 5 1 3 5 1 0 1 0 0 1 1 3 
0 0 1 0 0 0 3 0 5 0 3 4 7 6 13 35 58 52 33 25 50 101 67 29 18 20 10 5 5 4 2 1 4 1 0 0 0 0 0 1 
1 0 0 0 0 0 0 0 1 6 1 2 4 9 10 23 36 62 58 29 35 220 151 16 16 14 16 3 2 6 3 2 5 0 1 2 0 0 2 0 
3 0 0 0 1 2 0 0 1 1 0 3 3 5 15 23 36 76 50 41 162 243 80 22 14 13 6 4 7 2 2 2 1 2 0 0 0 2 0 1 
2 1 0 0 1 0 0 1 1 1 4 5 8 4 12 12 22 39 33 82 835 270 76 40 17 15 13 5 4 2 2 0 1 1 0 1 0 0 0 1 
1 1 2 1 1 0 1 0 3 2 4 4 5 6 4 12 16 45 59 97 895 230 98 24 29 6 14 5 6 2 4 2 1 1 0 0 1 0 1 0 
2 0 0 0 0 0 1 1 1 0 2 6 5 4 13 12 35 63 47 62 304 100 46 22 7 6 6 2 2 1 0 0 1 3 0 0 0 0 1 1 
1 0 0 0 2 0 2 2 2 0 0 3 3 6 2 12 13 35 49 106 174 84 66 32 16 5 5 1 4 3 1 1 0 0 1 1 2 0 0 0 
0 0 0 1 1 1 0 1 0 1 2 2 3 4 7 19 17 44 40 70 162 69 45 13 22 9 10 5 6 1 4 1 2 0 0 0 0 0 0 0 
0 0 0 0 1 1 1 0 0 2 3 3 6 4 9 22 29 40 40 70 64 52 25 12 9 6 4 3 0 2 1 1 0 0 0 0 1 1 0 0 
0 0 0 2 1 0 2 0 0 1 1 1 3 4 4 8 6 16 19 27 29 16 15 5 4 9 0 2 1 2 0 0 0 1 0 0 0 2 0 0 
2 0 0 0 0 0 0 0 0 1 1 1 1 1 5 9 10 17 27 42 37 17 13 9 10 5 9 0 1 2 1 0 1 1 0 0 0 0 0 0 
4 0 0 0 0 0 1 1 1 1 3 3 8 5 4 12 15 21 40 49 35 27 14 8 5 1 2 3 2 0 0 0 0 0 0 0 1 0 0 0 
0 0 0 0 0 1 0 0 0 2 1 0 1 3 2 1 6 10 9 16 8 8 4 4 3 1 1 2 1 1 1 1 0 0 0 1 1 1 0 0 
1 0 0 0 2 1 1 0 1 1 0 1 1 0 2 4 3 15 12 19 25 13 7 5 5 3 4 3 5 0 1 0 1 0 0 0 0 1 1 0 
0 0 0 1 0 1 0 0 1 2 2 3 0 3 12 5 18 31 35 38 21 6 9 4 2 6 1 0 1 0 0 0 0 0 2 1 0 0 0 0 
1 0 0 0 1 1 0 0 0 0 0 1 2 2 5 3 5 5 14 14 11 5 5 1 1 0 0 1 0 0 0 1 0 0 0 0 0 0 0 0 

0 0 0 0 0 0 0 1 1 4 0 2 2 15 8 16 5 53 31 19 12 16 10 22 11 33 21 51 42 4 6 0 0 0 0 0 0 0 0 0 
0 0 0 0 0 0 0 2 0 0 1 3 2 6 12 9 14 36 58 16 11 8 14 7 13 5 23 25 15 7 8 3 0 1 0 1 1 0 2 0 
0 0 0 0 0 0 0 1 0 1 0 2 4 12 9 25 27 30 43 21 17 14 5 7 8 12 8 15 11 10 3 3 0 1 0 0 0 0 0 0 
0 0 0 1 0 0 1 1 0 1 1 2 0 5 6 19 22 31 31 13 12 13 17 6 9 9 13 11 17 3 9 1 4 1 0 0 0 1 0 1 
0 0 0 0 0 0 0 1 1 1 1 4 6 4 21 31 34 32 29 15 15 22 12 5 7 8 11 13 8 3 3 3 1 0 0 0 0 0 0 1 
0 0 0 1 0 0 1 1 1 1 0 2 5 3 12 20 38 33 37 21 20 15 15 13 10 11 14 8 11 8 4 1 0 0 2 0 0 0 0 0 
2 1 0 1 1 1 0 0 1 2 0 2 1 4 4 30 47 61 43 19 16 19 25 15 22 5 19 10 6 1 4 0 1 0 0 0 1 0 0 0 
2 0 0 2 0 4 0 1 4 2 1 0 3 15 28 36 310 100 73 24 17 18 23 13 12 22 15 4 6 5 5 3 3 1 0 0 1 0 0 0 
0 2 0 1 0 0 0 0 1 4 3 7 9 17 19 38 215 73 65 31 28 20 18 14 14 8 10 8 5 0 3 0 0 0 0 0 1 0 0 0 
0 0 0 0 0 2 2 1 1 1 0 4 7 8 11 29 234 87 82 28 24 42 53 13 19 10 15 8 7 2 3 1 0 0 0 1 0 0 0 0 
0 0 0 0 1 0 0 1 1 3 2 2 9 10 28 58 181 159 81 42 37 43 34 13 15 21 7 2 6 1 3 0 1 0 0 0 1 0 0 0 
0 0 0 0 0 1 1 1 2 2 2 2 5 13 17 37 194 104 61 47 67 35 38 20 17 14 7 5 7 4 2 1 2 0 0 2 1 1 1 0 
2 0 0 1 1 1 1 0 1 1 0 2 6 8 9 24 52 81 69 46 144 96 79 26 22 10 20 10 8 4 2 0 1 1 1 2 0 0 0 0 
0 0 1 0 1 1 0 2 0 3 4 5 15 10 31 34 98 145 69 65 302 93 45 24 16 9 3 5 2 4 0 0 2 1 0 0 1 1 1 0 
0 1 0 0 2 2 0 0 2 1 4 5 5 8 14 24 85 118 76 92 263 53 28 22 14 9 7 5 2 2 4 1 3 0 0 0 1 0 1 0 
1 1 1 1 0 1 0 2 1 0 0 4 3 6 9 26 36 70 62 113 571 75 46 16 11 4 12 2 3 0 5 0 0 0 1 0 0 1 0 0 
1 0 0 0 0 1 2 2 0 2 2 2 7 10 25 39 88 96 95 259 353 87 39 16 8 11 5 5 3 3 0 2 0 0 1 2 0 0 0 1 
0 0 0 1 2 0 1 0 3 1 2 1 5 3 19 28 50 95 97 370 162 56 36 16 17 13 3 8 0 3 2 1 0 0 0 0 0 0 0 0 
1 1 0 0 1 0 0 0 2 2 1 2 3 6 8 21 22 43 49 201 128 25 24 12 23 5 8 0 4 2 2 2 2 1 0 0 1 1 0 1 
1 1 0 0 0 0 0 0 3 2 4 2 5 9 20 22 48 63 130 161 102 41 27 27 7 5 6 2 0 1 0 2 0 0 0 2 0 0 0 1 
1 0 1 0 0 2 1 1 0 0 1 5 0 8 15 19 36 54 90 107 92 42 20 16 12 4 6 1 2 1 2 0 0 0 0 0 0 0 0 0 
2 2 0 0 1 1 0 0 1 0 0 0 5 8 8 15 7 38 48 55 65 30 21 11 21 7 5 6 1 2 0 4 0 1 0 1 1 0 1 0 
2 0 0 1 0 1 1 1 0 1 4 2 5 6 15 15 25 65 96 103 69 31 21 9 7 8 8 1 1 1 0 0 1 0 0 0 0 1 0 0 
0 1 0 0 1 1 1 1 2 1 1 2 8 9 9 21 26 41 85 134 77 54 25 22 9 6 3 4 1 2 1 0 1 1 0 0 1 1 0 0 

1 0 0 1 0 1 0 0 0 0 2 3 5 23 14 21 10 160 270 8 6 18 13 8 7 14 21 60 33 7 8 0 2 0 0 0 0 0 0 0 
0 1 1 0 0 1 0 0 0 1 0 1 4 12 14 13 21 109 176 35 14 10 12 10 6 11 18 17 27 9 11 3 4 1 1 0 0 2 0 1 
1 1 0 0 0 0 1 0 0 1 2 2 3 4 15 21 16 66 59 22 17 11 13 5 9 9 6 8 12 13 2 6 2 1 0 0 0 2 0 1 
1 0 1 0 0 0 0 0 1 0 0 3 2 11 6 45 31 40 70 12 28 10 13 9 11 7 6 19 32 4 4 2 2 2 0 0 0 0 1 1 
0 1 0 0 0 0 1 0 0 1 2 1 3 4 12 30 43 29 46 20 18 13 19 10 10 12 14 36 13 6 3 2 1 0 1 1 0 0 0 1 
0 0 0 0 0 0 0 0 1 2 1 3 3 7 14 20 38 153 57 27 20 19 14 7 4 4 9 13 6 3 4 1 0 1 0 1 1 0 0 0 
2 0 0 0 1 1 0 1 1 3 0 2 3 10 4 24 73 143 107 24 18 16 20 13 13 19 22 8 6 5 3 1 0 1 0 1 0 0 0 0 
0 0 1 0 0 1 0 2 0 1 1 2 4 6 11 27 99 100 46 30 21 25 16 10 14 20 9 7 8 3 2 0 0 2 1 0 0 0 0 1 
0 0 0 1 1 3 2 1 1 5 2 4 4 11 16 36 76 76 58 26 29 24 16 12 9 15 8 8 6 5 3 1 1 1 0 0 0 0 0 1 
2 0 1 1 1 0 0 3 1 1 4 5 2 6 8 25 49 114 110 26 21 24 21 8 14 22 16 5 7 2 4 1 3 0 1 0 1 1 0 0 
0 0 0 0 1 0 0 2 0 1 7 5 1 8 25 25 136 176 82 43 23 33 19 14 14 24 16 3 9 0 3 3 1 0 0 0 0 2 0 1 
0 0 2 2 0 2 2 1 2 1 1 5 7 10 14 41 164 115 62 37 41 32 26 28 16 15 9 9 2 4 2 3 1 0 1 0 0 1 1 0 
0 1 0 0 1 2 0 3 2 3 3 4 7 6 4 35 172 186 103 39 45 33 34 19 18 8 10 4 5 5 2 0 4 0 4 0 0 0 1 0 
1 0 0 0 0 1 0 1 1 3 2 3 3 6 14 25 152 363 103 50 43 39 33 26 13 8 3 5 4 3 0 0 1 1 0 0 1 0 2 1 
2 2 0 2 0 1 1 1 0 4 4 3 10 24 18 33 265 236 148 52 55 40 34 19 13 6 12 7 6 3 1 2 2 0 0 2 0 0 1 1 
0 0 2 0 0 1 0 0 1 5 1 4 3 15 10 31 110 206 366 56 76 45 40 18 25 5 13 5 5 4 5 0 2 0 1 0 1 0 0 0 
0 0 1 0 0 0 0 0 1 0 6 5 3 5 20 32 122 408 259 107 183 70 25 17 14 8 4 2 2 1 0 1 0 2 0 0 0 0 1 0 
1 1 0 1 1 1 2 0 2 5 2 4 12 12 11 31 70 156 160 143 206 30 35 31 13 8 4 6 3 6 2 3 2 3 1 2 1 1 1 1 
0 0 0 1 0 2 0 0 0 1 1 5 5 12 6 20 33 151 212 515 550 53 50 25 23 11 8 4 6 3 4 3 2 1 1 0 1 1 0 0 
1 2 0 2 0 0 2 1 1 1 3 1 2 8 12 22 35 84 140 320 284 35 34 28 17 5 5 3 0 3 0 2 0 0 0 0 0 1 0 0 
0 0 1 1 0 1 0 2 1 2 5 8 7 5 10 29 44 98 123 335 165 41 33 26 8 7 9 2 4 2 0 1 1 1 0 0 0 0 2 2 
0 0 1 1 0 2 1 0 1 2 3 2 2 14 6 24 16 74 126 347 222 28 33 19 20 10 11 4 2 1 3 4 1 1 0 1 1 1 1 0 
2 1 0 2 0 0 1 0 2 0 4 2 5 3 7 12 23 63 175 218 109 29 20 16 14 3 4 6 2 0 1 1 1 0 0 1 0 0 0 1 
0 0 0 0 0 2 0 2 1 0 2 2 4 11 24 18 57 116 233 367 271 127 36 18 17 9 1 4 1 0 3 1 0 1 0 0 0 0 0 1 

0 0 0 0 0 1 0 0 0 3 2 6 1 50 344 45 7 54 61 7 7 9 4 10 3 19 8 413 130 7 4 0 8 1 1 0 0 0 0 0 
0 0 0 0 1 0 0 0 0 3 1 4 4 27 203 36 16 19 51 9 8 4 7 5 7 13 26 172 73 12 5 3 6 4 1 0 1 1 0 0 
0 0 0 0 0 0 0 1 0 3 3 2 3 12 138 190 31 101 71 11 10 7 9 12 13 22 58 137 54 28 8 5 2 2 1 1 0 3 1 1 
0 0 0 0 0 0 1 2 1 2 2 1 3 9 32 266 67 91 172 14 13 10 14 7 13 26 24 82 44 5 14 3 5 3 1 0 0 0 1 0 
1 0 0 1 1 2 3 1 1 2 3 4 5 14 26 315 111 105 134 14 9 14 10 14 25 30 46 84 27 9 9 2 3 5 0 1 1 2 0 0 
0 0 0 1 0 0 1 1 2 2 2 4 6 7 28 229 222 279 358 32 16 18 16 9 21 59 75 39 14 5 5 6 6 1 1 0 0 0 0 1 
0 1 0 0 1 1 2 1 1 3 2 2 3 17 7 51 444 335 274 28 22 9 14 12 9 40 49 16 14 5 8 4 1 1 1 1 0 0 1 0 
0 1 1 1 1 1 3 0 3 0 5 4 13 6 25 57 478 186 207 34 15 19 14 15 31 55 71 27 13 6 8 2 1 1 2 0 1 0 0 0 
1 0 2 0 0 0 1 1 4 1 3 3 7 14 15 43 223 116 147 52 25 22 13 25 31 57 44 19 13 6 1 0 3 1 0 2 0 0 0 0 
0 2 0 2 0 3 0 4 3 0 0 4 4 5 6 23 120 127 159 22 31 11 16 18 25 27 45 8 12 3 9 1 3 1 3 0 0 0 0 2 
0 0 0 0 0 0 1 3 1 1 4 1 8 12 24 24 210 464 136 45 23 21 15 26 31 64 24 7 8 4 2 1 2 0 0 0 0 2 0 1 
1 1 0 0 0 0 1 0 3 2 2 4 9 5 9 19 52 129 102 54 36 33 33 22 51 34 22 16 8 8 3 4 3 0 3 1 1 0 0 2 
1 1 0 0 0 0 0 1 1 2 1 6 2 10 3 20 22 327 104 32 40 30 36 23 25 17 29 7 3 2 5 3 1 0 0 0 0 1 0 0 
0 0 0 1 1 0 1 0 1 2 2 2 4 6 17 43 54 181 60 34 29 30 30 31 20 24 15 5 1 2 2 2 0 0 0 1 0 1 1 0 
0 2 0 1 1 0 1 1 4 1 4 6 6 11 7 25 47 76 82 51 32 18 39 47 46 22 13 8 5 2 6 0 1 1 1 1 0 0 0 1 
0 1 0 0 0 1 1 0 2 3 2 1 4 6 10 30 37 115 176 49 53 24 33 31 37 13 24 8 9 1 4 1 1 0 0 0 0 0 0 1 
0 0 1 2 0 1 1 1 3 3 6 8 5 10 23 36 86 141 100 49 45 23 33 39 39 14 5 2 3 3 0 0 0 1 0 0 1 0 0 1 
0 2 0 0 0 0 0 1 0 4 2 2 6 6 6 20 36 83 75 60 61 38 61 77 55 18 12 10 4 2 4 3 1 1 1 1 0 0 2 0 
1 0 0 0 1 0 0 1 0 2 2 3 4 4 4 15 25 332 271 69 82 23 52 46 52 14 13 7 13 4 5 3 1 0 0 1 0 0 0 0 
0 0 0 1 1 0 0 1 2 0 5 3 7 6 15 15 59 319 224 122 65 46 43 58 30 12 12 6 1 1 1 2 0 1 0 1 0 0 2 1 
1 0 0 2 0 2 2 1 3 2 2 0 5 8 12 9 18 293 86 119 75 46 40 44 25 10 11 5 6 3 4 1 1 1 0 0 0 1 0 2 
0 0 0 0 1 0 0 2 0 3 0 3 0 7 7 11 14 180 184 455 244 46 49 25 28 15 15 2 5 0 0 0 2 1 3 0 1 1 1 0 
0 0 0 0 0 1 1 3 2 1 2 2 6 6 12 21 45 250 422 799 360 38 18 21 17 13 5 2 4 0 0 2 1 0 2 0 0 0 1 0 
0 0 0 0 0 1 0 1 0 0 3 3 8 7 10 14 36 296 479 809 329 47 25 17 15 6 4 2 3 2 1 1 1 1 1 0 1 0 0 0 

0 0 0 1 0 1 0 0 0 0 2 4 5 36 330 32 14 31 25 9 1 9 4 8 9 18 19 239 118 11 3 2 4 1 0 0 0 0 0 1 
2 0 0 0 1 1 0 1 0 1 2 5 4 13 92 27 25 12 18 15 13 3 12 1 9 13 42 163 64 22 14 10 4 3 1 1 1 1 1 0 
0 0 0 0 1 0 2 1 1 1 3 3 5 19 37 30 22 21 14 9 11 11 10 5 12 15 30 191 58 18 10 5 5 3 3 0 3 1 1 0 
0 1 0 1 0 0 0 0 0 0 0 2 3 9 27 53 41 19 27 13 10 5 10 9 1 12 57 133 50 9 13 2 6 2 4 3 1 0 1 2 
1 0 2 0 0 0 0 1 0 0 1 3 4 8 21 35 46 30 52 16 15 17 11 4 11 18 243 91 27 17 14 6 5 2 1 3 1 4 1 0 
2 0 1 1 0 0 5 2 1 3 4 9 7 10 9 32 45 49 64 30 18 21 8 13 23 39 169 54 39 14 4 6 3 3 2 0 1 1 0 0 
0 0 0 1 1 0 2 1 2 4 1 5 4 13 11 45 60 54 172 25 26 8 12 5 22 79 402 27 24 7 7 3 1 1 1 1 1 0 1 1 
0 0 0 2 0 2 0 2 1 0 3 2 1 6 11 20 45 59 291 31 21 15 7 14 22 221 139 19 17 5 6 0 3 0 2 0 0 0 0 3 
3 1 2 2 0 0 0 2 2 0 3 7 8 19 10 26 59 82 216 51 28 16 20 22 42 142 73 26 13 7 5 7 4 1 1 1 1 0 2 0 
1 0 1 2 0 1 1 2 1 2 0 2 3 11 7 18 34 130 650 32 38 16 20 22 26 138 80 10 15 8 9 4 1 2 3 0 1 0 0 0 
0 0 0 0 1 0 0 1 1 1 3 3 13 6 13 13 75 151 587 60 32 18 19 11 37 102 26 5 4 1 4 2 0 0 0 0 0 1 0 2 
0 1 2 1 1 0 0 1 1 1 3 5 8 10 14 29 45 93 166 76 31 30 16 45 122 59 36 14 9 5 2 5 2 1 1 1 0 1 3 1 
1 0 1 0 0 1 1 1 0 2 0 1 4 10 16 24 27 82 145 56 55 21 36 35 114 37 25 9 22 4 3 4 1 1 0 1 1 0 0 0 
2 0 1 1 0 0 0 1 0 0 1 3 6 6 9 13 14 59 67 44 18 16 19 42 78 15 15 4 2 2 1 1 1 2 0 0 1 0 1 1 
1 0 1 0 0 1 1 1 2 3 1 3 6 9 16 19 24 54 120 76 41 30 42 46 87 41 18 12 2 5 0 4 2 0 2 0 0 1 0 2 
0 1 0 0 0 0 3 2 2 3 0 2 1 5 3 23 19 51 76 46 52 24 31 93 116 10 16 8 8 3 4 2 1 1 1 0 2 1 0 0 
0 0 0 0 1 1 1 0 3 2 1 2 3 4 8 14 39 47 65 57 33 26 45 83 30 11 5 4 2 2 2 2 1 0 0 1 1 0 0 1 
1 0 0 1 1 0 0 1 2 3 1 5 5 7 2 19 23 41 47 34 38 43 88 151 91 44 20 14 7 4 3 2 4 2 1 1 0 0 3 6 
1 0 1 0 1 2 1 2 1 2 1 2 1 8 7 15 11 32 41 37 41 34 43 104 87 24 21 11 7 4 3 2 2 0 1 1 1 0 0 0 
0 1 0 0 0 0 0 0 1 0 0 3 1 3 8 10 32 45 64 65 48 29 61 86 28 12 5 5 0 2 0 1 0 0 1 1 1 0 0 0 
0 0 2 0 2 0 1 1 3 1 2 1 4 6 8 14 19 44 47 43 47 52 93 67 38 18 6 6 2 3 0 3 1 0 0 1 1 0 0 1 
0 0 0 0 1 0 2 1 2 0 4 3 2 2 7 16 9 47 77 61 75 30 78 49 34 9 6 3 2 3 2 1 3 2 0 1 0 0 0 0 
1 0 0 1 1 1 0 2 2 1 2 2 0 5 7 13 36 79 129 107 47 32 40 32 14 4 2 2 2 0 0 0 1 0 0 0 1 0 1 0 
0 0 1 0 0 0 0 1 3 1 7 5 9 14 23 22 39 188 256 115 71 58 37 21 21 5 8 4 3 3 4 1 0 1 0 0 1 0 0 1 

0 0 0 0 0 0 0 0 0 2 1 2 1 16 14 19 11 14 7 4 4 4 5 5 7 13 5 41 31 3 3 2 0 0 1 0 0 0 0 0 
0 0 0 0 0 0 0 0 0 1 0 0 2 5 6 6 8 8 8 5 0 4 1 2 3 4 8 13 10 4 2 2 3 0 0 0 0 0 1 0 
0 0 0 0 0 0 0 0 1 1 0 0 0 6 6 10 12 6 9 3 4 4 1 4 8 2 5 15 17 5 2 3 0 0 0 0 0 0 2 0 
0 0 0 0 0 0 0 1 0 1 2 4 6 4 9 14 26 11 12 4 9 2 5 3 4 11 17 31 37 3 5 1 4 0 0 0 1 0 1 0 
0 0 0 1 1 0 0 1 0 0 3 2 5 11 6 14 16 16 10 6 2 9 6 5 9 7 22 30 19 5 4 1 1 1 0 2 1 0 0 0 
0 0 0 0 0 0 0 0 0 0 2 2 2 1 8 5 14 17 7 3 13 5 3 4 9 18 28 16 12 5 4 1 2 2 0 1 1 0 0 1 
1 0 0 0 0 1 0 0 1 1 3 5 6 10 6 14 18 21 33 7 16 5 10 8 5 25 81 8 10 3 4 1 3 0 1 0 0 0 0 0 
0 1 0 0 1 0 0 1 2 0 3 3 3 8 9 23 30 27 34 16 13 4 9 6 13 50 47 16 7 3 1 0 1 0 0 1 0 0 1 0 
0 0 0 0 0 1 2 1 3 2 4 4 4 8 22 30 65 77 44 32 16 15 4 7 8 38 17 8 3 2 2 3 2 1 0 0 1 0 0 0 
1 0 0 0 0 0 0 1 1 2 2 4 4 16 15 27 55 323 115 22 32 8 14 6 17 62 49 3 9 1 2 5 2 0 2 1 0 0 0 1 
1 0 0 0 0 1 1 1 2 1 1 5 10 11 22 26 63 124 96 29 8 9 12 8 75 95 20 5 5 2 1 1 0 1 0 0 1 0 0 0 
1 1 1 0 0 0 1 0 0 1 3 5 5 9 11 16 24 31 72 25 13 14 13 12 67 20 7 15 1 1 1 0 1 1 0 0 0 0 1 0 
0 0 0 0 0 1 0 0 0 2 1 3 1 5 2 13 26 32 197 46 39 13 17 24 365 25 19 4 5 1 2 0 2 0 2 0 0 0 0 0 
0 0 0 1 0 1 1 0 0 0 2 2 3 9 15 13 16 24 287 59 18 9 26 30 254 14 4 4 0 1 0 0 0 1 1 0 1 1 1 0 
2 0 0 0 1 0 0 0 1 2 0 3 3 4 4 10 19 31 157 48 31 16 15 40 35 13 9 4 3 8 5 0 0 1 0 1 0 1 1 0 
2 0 0 1 0 0 2 0 1 0 0 1 3 4 7 17 12 59 588 58 39 18 20 148 133 7 10 4 7 1 3 0 1 1 2 0 1 0 0 0 
0 0 1 0 1 0 0 3 1 0 2 3 4 4 11 11 17 52 369 98 26 15 30 252 66 11 6 5 2 1 0 0 0 0 0 1 0 0 0 0 
1 0 1 0 2 0 2 0 0 2 2 2 3 6 6 11 15 41 310 55 40 17 33 124 33 13 7 5 4 4 4 0 1 0 0 1 2 3 0 0 
1 0 0 1 0 0 0 2 1 3 2 3 3 8 5 20 15 33 330 64 44 29 51 291 76 11 15 4 3 3 2 0 4 0 2 0 0 1 0 0 
1 0 0 0 0 1 3 1 0 0 1 6 3 3 6 5 23 53 140 92 45 34 296 220 44 7 5 3 5 1 0 2 0 0 0 0 0 0 0 0 
1 0 0 0 0 0 1 3 0 2 1 5 4 1 4 15 22 36 151 75 40 54 636 109 26 12 3 10 8 3 1 1 1 3 1 0 0 0 1 1 
1 0 0 0 0 1 0 2 1 0 0 3 0 9 3 20 11 49 73 71 72 78 384 82 46 17 13 4 3 6 2 1 3 0 1 1 0 0 0 0 
0 0 1 1 1 0 0 0 0 0 2 2 7 2 10 12 43 47 125 112 53 49 152 80 26 10 5 2 0 2 0 1 1 0 0 0 0 0 0 0 
0 0 0 0 1 2 1 2 0 0 2 3 1 10 14 30 35 87 128 118 78 88 922 45 18 12 7 3 6 0 1 1 4 1 1 1 1 2 0 0 

0 0 0 0 0 0 0 1 0 1 0 5 1 6 7 8 3 8 6 1 2 3 3 1 4 5 3 16 11 2 2 0 0 1 0 1 0 0 0 0 
0 0 0 0 1 0 0 0 0 0 0 0 1 2 3 1 8 4 9 3 6 6 3 1 3 0 6 7 9 5 2 1 1 2 0 0 3 0 3 1 
0 0 0 0 0 0 0 0 1 1 0 2 1 4 4 5 6 4 10 6 1 4 4 3 3 3 3 5 5 5 1 7 4 3 1 0 1 1 0 0 
0 0 0 0 0 0 0 0 0 0 0 0 1 1 4 6 9 2 11 4 1 1 4 4 5 1 4 10 9 2 4 2 2 0 0 0 0 0 0 0 
0 0 0 1 0 0 0 0 0 0 0 2 4 2 1 12 7 5 5 5 3 7 6 2 4 1 5 11 7 3 3 0 0 0 2 0 1 0 0 0 
1 0 0 0 0 0 0 0 0 1 1 2 3 5 6 9 13 8 9 2 4 6 6 3 7 7 9 13 12 6 5 3 2 2 0 0 0 0 0 0 
1 0 0 0 0 0 0 0 1 0 1 1 3 1 4 11 6 14 14 7 12 2 3 4 6 5 13 5 12 1 6 2 1 1 0 1 1 0 0 1 
1 1 0 0 2 0 0 0 3 0 2 1 0 5 2 20 25 20 23 10 6 13 2 5 9 10 20 8 2 3 3 4 1 2 1 0 1 1 1 0 
1 0 1 1 0 2 2 1 3 4 2 6 6 12 31 56 149 50 25 13 12 7 9 6 8 10 18 6 5 6 1 0 2 1 1 0 2 0 2 0 
0 1 0 0 1 0 0 1 1 1 3 3 4 14 12 62 227 193 43 13 18 4 5 6 9 13 14 3 8 4 5 1 1 1 0 2 0 0 2 0 
0 1 0 1 0 0 1 0 0 0 2 1 7 6 13 20 29 37 12 14 7 6 12 7 13 24 2 4 1 2 1 0 1 0 1 0 0 1 0 0 
0 3 0 0 1 0 1 0 1 4 0 7 3 5 9 11 23 17 31 18 13 11 11 11 23 9 15 7 4 2 5 3 1 1 0 1 0 0 1 1 
0 0 0 0 1 2 0 1 1 1 1 2 3 5 6 9 9 23 28 27 26 8 10 18 16 7 9 1 6 4 0 1 0 0 1 3 1 0 0 1 
0 0 0 1 1 0 0 0 0 1 2 1 4 1 6 6 18 22 30 27 12 15 16 26 14 13 3 4 0 1 2 0 1 0 1 0 0 1 0 0 
1 0 0 0 0 1 1 0 1 0 3 3 2 2 8 4 7 23 25 14 22 13 14 19 14 12 7 4 3 5 3 2 1 0 1 1 0 0 1 0 
0 2 0 0 1 1 0 0 0 1 1 0 1 3 1 11 9 32 39 36 39 12 22 10 25 11 13 3 2 2 1 0 1 0 0 0 1 0 0 0 
2 0 0 1 1 0 0 1 2 0 2 1 4 3 5 13 16 30 45 40 16 13 24 18 16 2 7 4 2 0 0 1 0 0 0 0 0 1 0 1 
1 1 0 1 1 0 2 0 1 1 0 1 2 5 2 12 13 28 59 24 20 20 16 10 17 11 8 4 5 6 1 1 1 1 1 0 0 0 1 1 
0 0 0 0 1 0 1 2 1 1 0 3 2 9 4 13 10 33 66 57 37 29 27 26 21 8 7 6 4 2 1 0 3 1 0 0 1 0 1 0 
0 0 0 1 1 0 0 0 1 0 1 2 2 6 7 15 20 34 126 66 39 27 58 57 32 7 4 3 1 2 1 0 0 2 0 1 0 1 0 0 
1 0 1 0 0 0 0 0 1 2 5 1 4 5 6 14 10 34 160 67 30 43 308 64 30 14 13 9 4 2 1 1 3 1 1 1 1 1 0 3 
0 0 2 0 0 1 0 0 3 1 1 4 1 7 6 6 16 27 229 67 56 59 158 48 49 18 14 3 1 2 8 3 0 1 1 0 0 2 0 0 
0 0 0 0 0 0 0 1 0 0 0 1 4 5 6 7 19 39 146 129 57 39 28 43 34 8 3 2 2 0 0 0 0 0 0 0 0 0 1 0 
0 1 0 0 1 0 0 1 1 0 5 8 5 5 12 11 23 42 127 141 43 50 73 31 22 10 11 2 3 1 2 0 1 0 2 1 0 0 0 0 

0 0 0 0 0 0 0 0 0 0 1 1 0 4 2 4 2 7 3 7 0 1 0 2 2 4 2 5 4 3 4 1 0 0 0 0 0 0 0 0 
0 0 0 0 0 0 0 0 0 1 0 1 0 2 3 0 6 1 3 0 3 0 0 2 3 2 3 0 4 0 0 1 1 0 1 0 0 0 0 0 
0 0 0 1 0 0 0 0 0 0 0 1 2 1 1 1 1 1 4 4 0 1 4 2 0 4 3 8 3 1 3 0 2 0 0 0 1 0 0 0 
0 0 0 0 0 0 1 0 0 0 0 2 0 2 2 6 5 4 5 5 3 0 2 2 2 3 6 4 8 0 2 1 3 1 0 0 0 0 0 0 
0 0 0 0 0 0 0 0 0 0 0 0 1 6 1 4 4 4 3 1 2 2 0 2 4 1 2 1 3 2 0 1 0 0 1 0 0 1 0 0 
0 0 0 0 0 0 0 1 1 1 0 1 1 1 0 4 5 3 3 5 3 2 4 1 5 1 6 2 5 5 0 1 0 1 1 1 0 0 2 0 
0 0 0 0 0 0 1 0 1 2 1 1 2 5 5 9 9 10 16 7 3 4 3 4 3 3 5 2 4 0 3 5 3 1 0 2 1 0 0 0 
2 2 0 2 1 0 1 0 1 3 1 0 3 5 13 11 6 9 11 6 4 3 5 6 2 4 7 3 3 1 2 1 0 0 2 0 0 0 0 0 
0 0 0 0 0 2 1 1 2 0 4 5 9 18 68 160 103 12 16 12 5 3 9 7 3 3 6 0 4 4 3 2 0 0 0 0 2 0 1 1 
1 2 0 1 0 0 0 2 0 3 2 4 5 18 503 372 120 44 34 8 9 7 5 0 7 4 10 1 3 2 3 0 0 1 1 1 0 0 0 0 
0 1 0 0 0 2 1 0 0 0 2 2 6 4 14 37 32 14 11 3 5 4 4 3 5 7 2 1 1 0 2 1 0 0 0 0 0 0 0 0 
1 0 1 0 0 0 0 2 0 1 4 3 4 3 9 7 13 15 15 6 8 6 11 7 3 5 4 6 3 2 0 0 0 0 2 0 0 1 1 0 
0 0 0 0 0 0 0 0 0 0 3 0 2 7 1 13 13 14 29 13 13 6 4 5 11 8 6 0 10 5 2 0 0 0 1 0 0 0 1 0 
0 0 0 0 0 0 0 0 0 0 4 1 2 6 0 4 8 5 7 9 10 5 8 3 2 5 2 1 1 1 0 0 0 0 0 0 0 0 0 0 
0 0 0 1 0 0 0 1 2 0 0 2 2 2 5 7 7 8 10 7 9 8 6 9 7 2 3 2 1 2 3 0 1 1 1 1 0 1 2 0 
0 0 0 0 0 0 0 0 0 3 1 1 1 4 3 10 10 8 9 12 13 12 15 9 8 1 6 2 3 1 3 1 0 0 1 0 0 0 0 0 
1 0 0 0 0 0 0 0 1 1 0 3 0 3 2 8 8 11 9 12 9 7 10 5 8 3 2 1 1 1 0 1 0 0 0 1 0 0 0 0 
0 0 0 0 0 1 0 0 2 3 1 1 1 3 2 9 2 13 9 19 18 14 17 7 8 8 2 4 1 2 1 1 0 0 0 0 0 0 0 0 
0 0 0 0 0 1 0 0 0 1 1 3 1 5 2 8 10 17 20 24 27 8 16 15 27 5 7 3 4 0 1 0 0 1 0 0 0 0 0 0 
0 0 0 0 0 0 0 0 0 0 1 1 1 1 2 5 5 15 13 21 16 11 14 16 9 7 3 0 2 0 1 1 0 0 0 0 0 1 0 0 
0 0 1 0 1 0 1 0 1 1 1 0 4 1 1 8 6 12 19 15 12 16 27 20 6 10 6 3 2 4 0 0 0 1 1 1 2 2 0 0 
0 0 0 0 1 0 0 0 0 0 0 6 0 3 7 11 12 12 23 34 23 26 43 24 28 6 10 2 1 1 1 0 3 1 0 0 0 0 0 0 
0 0 0 0 0 1 3 0 1 0 1 0 2 4 4 5 8 17 22 37 24 16 14 17 8 11 2 3 1 1 1 1 0 0 1 0 0 0 0 0 
0 0 0 0 1 3 0 2 1 0 1 2 9 8 7 5 9 25 31 43 22 27 27 15 14 9 7 3 1 1 2 1 0 1 0 0 0 0 0 1 

0 0 0 0 0 0 0 0 1 1 0 1 0 3 0 5 0 3 4 1 0 0 0 1 2 0 3 3 5 2 1 0 0 0 0 0 0 0 0 0 
0 0 0 0 0 0 0 0 0 0 1 0 1 2 3 3 3 1 2 1 2 2 1 0 2 1 3 3 4 3 0 0 3 1 0 1 1 0 0 0 
0 0 0 0 0 0 1 0 0 0 0 0 0 2 0 3 3 7 1 1 0 1 1 3 3 1 3 2 1 3 1 1 2 0 0 0 0 0 1 1 
0 1 0 0 0 1 0 0 0 0 0 0 2 2 1 3 1 3 2 1 0 0 2 0 6 1 2 1 3 0 0 0 3 0 1 0 1 0 0 0 
0 0 0 0 0 0 1 0 0 0 1 0 0 0 0 1 0 4 2 3 6 3 0 3 0 0 2 2 2 1 1 0 0 0 0 0 0 0 0 0 
0 0 0 0 0 0 0 0 2 0 1 1 2 6 2 4 4 6 3 3 6 4 2 0 1 0 5 3 2 0 1 2 0 0 0 0 0 0 0 1 
1 0 0 0 0 0 0 1 1 0 1 3 1 3 7 7 7 4 9 7 2 3 5 1 2 1 3 1 0 2 2 0 1 1 0 0 0 0 0 0 
2 0 0 0 0 0 0 0 0 0 2 4 2 10 7 13 11 12 5 8 3 3 2 1 3 2 3 4 1 2 0 0 0 0 0 1 0 0 1 0 
2 0 0 0 0 2 0 0 1 1 5 4 4 8 10 22 26 14 17 17 11 5 4 4 7 5 1 3 1 2 2 0 2 1 0 0 0 0 0 2 
1 1 0 0 0 1 1 2 0 1 1 1 5 16 39 38 31 17 28 8 7 3 7 4 5 8 0 2 4 0 1 0 1 1 0 0 0 0 0 0 
0 0 1 0 0 0 1 1 0 0 3 1 7 5 11 12 14 21 8 4 6 2 8 1 3 6 5 0 1 0 3 0 1 0 0 0 0 0 0 0 
0 0 0 0 2 1 1 2 1 1 1 2 2 6 7 5 7 11 12 5 7 5 3 4 1 2 3 1 1 3 0 3 0 0 0 0 0 0 0 0 
1 0 0 0 0 0 0 0 1 0 0 1 2 0 5 6 9 10 6 3 9 2 7 3 9 1 2 2 1 0 0 0 0 2 0 0 0 0 0 0 
0 0 0 0 0 1 2 0 2 0 0 1 3 2 5 5 10 11 11 4 8 8 4 3 5 1 1 2 2 0 1 0 1 0 0 0 0 0 0 0 
0 0 0 0 0 1 1 0 0 0 0 2 0 3 2 4 6 4 8 3 4 6 4 6 11 4 0 0 2 1 0 0 0 1 0 0 1 0 1 0 
0 0 0 0 0 0 0 0 0 0 0 1 1 2 1 7 2 8 5 8 17 8 13 4 9 3 4 1 1 1 0 2 1 0 0 0 0 0 0 1 
0 0 0 0 1 0 0 0 0 0 1 1 1 0 4 7 8 8 8 9 12 7 9 6 1 2 0 1 2 1 1 0 0 0 0 0 0 0 0 0 
0 0 0 0 0 0 0 0 0 1 0 1 1 4 4 3 7 9 5 12 2 6 6 5 7 3 2 1 1 1 2 1 1 0 0 0 1 1 0 0 
0 0 0 0 0 0 2 0 0 1 1 2 0 2 2 6 4 10 9 5 7 11 10 5 15 0 3 0 7 1 2 0 1 0 1 0 0 0 0 2 
0 0 0 1 0 0 0 1 0 0 1 0 3 4 7 5 10 13 18 17 11 11 16 14 8 4 3 2 0 2 0 1 0 1 0 0 0 0 0 0 
0 0 1 0 0 1 0 0 0 1 1 4 0 4 2 6 1 5 4 6 12 7 8 9 7 4 4 2 1 0 0 0 2 0 1 1 0 1 0 0 
0 0 0 0 0 0 1 1 0 2 1 1 0 1 3 3 3 6 13 12 13 7 11 4 7 3 4 0 0 0 1 1 1 0 0 0 0 0 2 0 
0 0 0 0 1 0 0 2 0 1 3 0 2 3 5 8 4 11 15 31 22 10 14 10 11 1 2 2 0 1 0 0 0 0 0 0 1 0 0 0 
0 0 0 0 0 2 1 0 0 0 1 1 3 4 3 6 10 11 15 15 18 13 11 9 10 3 1 2 3 0 1 1 0 1 0 0 0 0 0 0 

0 0 0 0 0 0 0 0 0 0 0 1 0 4 1 1 2 3 3 1 0 0 1 4 2 3 0 5 4 0 0 0 0 0 0 0 0 0 0 0 
0 0 0 0 0 0 0 0 0 0 0 0 0 0 0 4 1 1 2 2 0 1 1 0 0 1 2 0 2 3 0 0 0 0 1 0 0 0 1 0 
0 0 0 0 0 0 0 0 0 0 0 0 0 0 0 2 2 1 0 1 1 0 1 0 0 1 2 2 3 0 1 2 1 0 0 0 0 1 0 0 
0 0 0 0 0 0 0 0 0 1 0 1 0 0 1 3 0 0 2 1 0 5 1 0 1 1 1 3 1 1 1 0 1 0 0 0 0 0 0 0 
0 0 0 0 0 0 0 0 0 0 2 1 0 1 1 2 3 1 4 1 0 3 2 1 0 2 1 1 0 1 0 1 0 0 0 0 0 0 0 0 
0 0 0 0 0 0 0 0 0 0 0 0 0 0 0 3 2 1 3 2 0 0 1 1 1 3 0 1 2 0 1 0 0 0 0 0 0 0 0 0 
0 0 0 0 0 0 0 0 0 0 0 3 0 4 2 3 4 3 2 0 1 1 0 1 0 4 4 3 1 0 2 0 1 0 0 0 0 1 0 0 
0 0 0 0 0 0 0 0 0 0 0 3 1 1 2 1 1 5 4 1 4 2 0 0 1 1 3 3 0 1 0 0 0 1 0 0 0 0 0 0 
0 2 0 0 1 0 1 0 1 1 0 1 2 3 3 3 1 5 5 2 3 4 5 4 3 5 1 2 0 0 0 1 0 0 0 0 0 1 0 1 
0 1 0 0 0 1 1 1 0 3 0 1 2 9 9 11 14 10 7 0 6 1 3 2 0 1 3 3 2 1 2 0 1 0 0 0 0 0 0 0 
0 0 0 0 0 0 1 0 0 0 0 1 3 6 4 7 6 11 3 4 1 2 0 2 0 1 1 0 2 1 0 0 0 0 0 0 0 0 0 0 
0 0 0 0 0 0 0 0 0 0 0 0 1 4 1 5 7 7 12 3 5 4 5 1 4 3 3 1 1 2 0 1 0 1 0 0 0 0 0 0 
0 0 0 0 0 0 0 0 0 0 0 2 0 2 1 8 8 5 7 3 6 0 5 1 3 3 2 2 1 0 0 0 0 0 1 0 0 0 0 0 
0 0 1 0 0 0 0 0 2 0 1 0 3 0 3 4 4 2 2 2 3 0 3 1 2 2 1 0 1 0 0 0 0 0 0 0 0 0 0 0 
0 0 0 0 2 0 0 0 0 0 0 0 0 4 7 3 3 4 6 1 6 6 6 5 0 0 2 0 1 1 1 1 0 2 0 0 0 0 0 0 
0 0 0 0 0 0 0 0 0 1 0 1 1 1 2 8 5 7 6 7 6 5 6 3 3 2 1 1 0 1 0 1 1 0 0 0 0 0 0 0 
0 0 0 0 0 1 0 0 0 0 1 0 0 3 1 4 1 1 2 5 3 1 3 1 4 1 3 1 0 1 0 0 0 0 0 0 0 0 0 0 
0 0 2 0 1 0 0 1 0 0 1 0 1 0 2 3 4 3 1 3 3 7 4 2 3 3 2 0 0 2 2 1 0 0 0 0 0 0 0 0 
0 0 0 0 0 0 0 0 0 0 0 0 0 2 3 2 3 8 8 3 8 10 6 4 3 2 2 0 1 0 0 0 0 0 0 0 0 0 0 0 
0 0 0 0 1 0 0 0 0 0 0 1 4 1 1 4 2 4 6 9 8 5 2 8 3 1 1 0 1 1 0 0 0 0 0 0 0 1 0 0 
0 0 0 0 0 0 0 0 0 0 0 0 1 2 1 1 1 7 2 5 7 3 7 5 7 4 4 1 0 0 0 0 0 1 0 0 2 0 0 0 
0 1 1 0 0 1 0 1 0 2 1 0 2 3 2 9 7 8 6 11 9 7 8 6 12 4 8 1 1 1 0 0 0 0 1 0 0 0 0 0 
0 0 0 0 0 0 2 0 1 0 1 0 0 0 2 1 3 5 6 9 8 3 3 5 3 6 1 1 2 0 0 0 0 0 0 0 0 0 0 0 
0 0 1 0 0 0 0 0 0 1 0 2 1 2 0 8 12 12 22 25 21 21 13 13 8 11 9 2 2 0 0 0 0 2 0 0 0 0 0 0 

0 0 0 0 0 0 0 1 0 0 0 0 0 1 1 2 1 3 1 0 0 1 2 0 0 1 0 1 1 1 0 0 0 0 0 0 0 0 0 0 
0 0 0 0 0 0 0 0 0 0 0 0 0 0 1 0 1 0 0 0 0 0 1 0 1 2 0 1 0 3 1 0 0 0 0 0 0 0 0 0 
0 0 0 0 0 0 0 0 0 0 1 2 1 0 1 2 1 0 1 0 0 0 0 1 1 1 2 0 1 2 1 0 1 0 0 1 0 0 0 0 
0 0 0 0 0 1 0 0 0 0 0 0 0 1 1 2 1 2 1 1 1 2 3 1 0 2 0 0 3 0 1 0 0 0 0 0 0 0 0 0 
0 0 0 0 0 0 0 0 0 0 0 0 0 0 1 0 1 0 2 1 2 4 1 1 1 0 2 1 1 0 0 0 1 0 0 0 0 0 0 0 
0 0 0 0 0 0 0 0 0 0 0 0 1 1 1 0 2 0 3 2 2 1 3 1 1 0 2 5 1 0 0 2 0 0 0 0 0 0 0 0 
0 0 0 0 0 0 0 0 0 1 0 0 0 0 2 1 3 2 2 1 2 1 1 0 2 3 1 1 1 0 2 0 0 0 1 0 0 0 0 0 
0 0 0 0 0 0 0 0 0 1 0 0 1 2 2 1 3 1 1 2 0 0 1 0 0 3 2 2 0 0 1 0 0 0 0 0 0 0 1 0 
0 0 0 0 0 1 0 1 0 0 0 1 1 1 3 3 3 3 9 5 2 3 2 3 3 2 0 1 0 2 1 0 0 0 0 0 0 0 0 0 
0 0 0 0 0 0 0 0 0 1 0 1 5 1 2 1 6 3 1 1 1 2 0 0 3 2 3 0 1 0 2 0 0 0 0 0 1 0 0 0 
0 0 0 0 0 0 0 0 0 0 0 1 2 2 4 4 5 6 4 2 3 1 2 2 1 0 4 1 2 1 0 0 1 0 0 0 0 0 0 0 
0 0 0 0 0 0 0 0 0 0 0 0 3 2 5 1 2 4 2 2 3 2 1 1 2 0 3 0 1 1 1 0 0 0 0 0 0 0 0 1 
0 1 0 0 0 1 0 0 0 0 1 2 0 1 4 2 2 6 4 2 6 2 0 2 5 0 1 3 2 3 0 0 1 0 0 0 0 0 0 0 
0 0 0 0 0 0 0 0 0 0 0 0 0 1 1 5 2 1 0 3 5 1 2 1 2 0 2 1 1 0 1 1 0 0 0 0 0 0 0 0 
0 0 0 0 0 0 0 0 1 0 0 0 1 0 0 1 3 1 2 1 3 2 2 3 2 3 1 2 0 0 0 0 0 0 0 0 0 0 0 0 
0 1 0 0 0 0 0 0 0 2 0 1 2 0 1 0 1 3 2 7 4 2 3 0 3 1 0 0 0 2 1 0 0 0 0 0 0 0 0 0 
0 0 0 0 0 0 1 1 0 1 0 1 0 1 2 3 8 7 5 1 7 5 6 5 5 1 0 0 0 0 0 0 0 0 0 0 0 0 0 0 
0 1 0 0 0 1 0 0 0 1 0 1 0 0 1 1 3 3 2 4 4 1 0 5 2 1 1 0 0 1 1 2 1 0 0 0 0 0 0 0 
0 0 0 0 0 0 1 1 0 0 0 1 1 1 1 0 0 0 5 2 4 2 3 0 2 3 2 4 3 0 2 1 0 0 0 0 0 0 0 0 
0 0 0 0 0 0 0 0 0 0 1 0 3 0 1 3 2 5 6 8 6 2 1 1 4 2 0 0 0 1 0 0 0 0 0 0 0 0 0 1 
0 0 0 0 0 0 2 1 0 0 0 0 0 1 0 1 1 2 1 1 4 4 4 0 4 1 1 1 1 1 0 1 0 0 0 0 0 0 0 1 
0 0 0 0 0 0 0 0 0 0 0 0 0 0 0 0 1 6 2 4 4 3 7 5 6 0 2 2 1 0 0 0 2 0 0 0 0 0 0 0 
0 0 0 0 0 1 0 0 1 1 1 0 0 1 3 1 3 7 12 8 9 5 6 6 4 2 0 0 0 0 0 0 0 0 0 0 0 0 0 0 
0 0 0 0 0 0 1 0 2 0 0 0 2 1 2 1 1 3 6 4 6 3 3 3 2 2 0 2 1 0 1 3 0 0 0 0 0 0 0 0 

0 0 0 1 0 0 0 0 0 0 0 0 0 0 0 1 0 1 0 0 0 0 0 0 1 0 0 1 1 0 0 0 0 0 0 0 0 0 0 0 
0 0 0 0 0 0 0 0 0 1 0 0 0 0 0 0 0 1 0 1 0 0 1 0 0 2 0 2 1 0 0 0 0 0 0 0 0 0 0 0 
0 0 0 0 0 0 0 0 0 0 0 0 0 1 0 1 1 0 0 1 0 0 0 0 1 2 0 0 0 0 1 1 1 0 0 0 0 0 0 0 
0 0 0 0 0 0 0 0 0 0 0 1 0 1 0 0 1 0 0 0 0 0 0 1 1 0 1 0 0 0 0 0 0 0 0 0 0 0 0 0 
0 0 0 0 0 0 0 0 0 0 0 0 0 0 1 3 3 0 0 1 0 1 0 0 1 0 0 0 2 0 1 0 0 0 0 0 0 0 0 0 
0 0 0 0 0 0 0 0 1 0 0 1 0 0 0 1 1 2 0 1 0 3 2 1 0 0 1 0 0 1 1 1 0 0 0 0 1 0 0 0 
0 0 0 0 0 0 0 0 0 0 0 0 0 0 1 0 1 1 4 0 1 1 0 2 0 2 0 1 1 0 1 0 0 0 0 0 0 0 0 0 
0 0 0 0 0 0 0 0 0 0 0 0 0 0 0 3 2 3 4 0 0 0 0 2 0 0 1 0 0 0 0 0 0 0 0 0 0 0 1 1 
2 1 0 0 0 0 1 0 1 1 0 1 0 2 1 0 0 1 2 2 1 1 1 1 0 0 1 3 1 1 0 0 1 0 1 0 0 0 0 0 
0 0 0 0 0 0 0 0 0 2 0 0 1 0 3 3 3 3 4 0 1 1 1 0 1 0 2 0 0 0 0 0 1 0 0 0 0 0 0 0 
0 0 0 0 0 0 0 0 0 1 0 0 0 0 0 0 2 4 2 0 3 5 1 1 1 0 1 0 0 0 0 0 0 0 0 0 0 0 0 0 
0 0 0 0 0 0 0 0 0 1 0 0 1 0 2 2 1 2 1 2 4 1 2 0 0 1 2 1 1 1 1 0 1 0 2 0 0 0 0 0 
0 0 0 0 0 0 0 0 0 1 0 1 1 0 1 1 4 3 1 3 2 1 1 1 1 0 2 0 2 0 0 0 0 0 0 0 0 0 0 0 
0 0 1 0 0 0 0 1 0 1 0 0 1 1 0 2 2 3 0 2 2 1 1 1 0 0 0 1 0 0 0 0 0 0 0 0 0 0 0 0 
0 1 0 0 0 0 0 0 0 0 0 0 0 1 2 1 0 0 2 1 4 2 2 0 2 1 0 0 1 0 0 0 0 0 0 0 0 0 0 0 
0 0 0 0 0 1 0 0 0 0 0 1 0 0 0 3 0 1 2 3 3 2 2 0 2 5 3 0 1 0 0 0 1 0 0 0 0 0 0 0 
0 0 0 0 0 0 0 0 0 0 0 0 0 0 1 4 2 3 1 1 1 3 4 4 1 1 0 0 0 0 0 0 0 0 0 0 0 0 0 0 
0 0 0 0 0 0 0 0 1 0 0 2 1 2 0 0 2 2 1 2 0 1 0 2 1 1 2 0 0 0 0 0 0 0 0 0 0 0 0 0 
0 0 0 0 0 0 0 1 0 1 0 1 1 2 1 1 2 2 3 1 2 2 4 2 5 2 2 0 0 0 2 0 0 0 0 0 0 0 0 0 
0 0 0 0 0 0 0 0 0 1 2 0 1 0 0 2 2 3 4 1 2 1 2 3 0 1 2 0 2 0 0 0 0 0 0 1 0 0 0 0 
0 0 0 1 0 0 0 0 1 0 1 0 0 1 0 1 1 2 2 2 2 0 5 2 2 1 0 1 0 0 1 0 0 0 0 0 0 0 0 0 
0 0 0 0 0 0 0 0 0 0 1 1 1 1 0 2 2 3 5 5 6 0 2 2 5 2 2 0 1 0 0 0 1 1 0 0 0 0 0 0 
0 0 0 0 0 0 1 0 0 1 0 0 0 1 2 2 1 4 3 5 5 4 1 2 3 1 2 0 1 0 0 0 0 0 0 0 0 0 0 0 
0 0 0 0 0 0 0 1 0 1 1 0 1 2 6 4 2 7 6 5 13 17 8 7 4 0 0 4 1 0 0 0 0 0 1 0 0 0 0 0 

0 0 0 0 0 1 0 0 1 0 0 0 0 0 0 1 0 1 0 0 1 0 0 0 0 0 0 0 2 0 0 0 0 0 0 0 0 0 0 0 
0 0 0 0 0 0 0 0 0 0 0 0 1 0 0 0 1 1 1 1 0 0 0 0 0 1 0 0 4 0 0 0 0 1 0 0 0 0 0 0 
0 0 0 0 0 0 0 0 0 0 0 0 0 0 0 0 0 0 1 0 0 2 1 1 0 0 0 1 1 1 1 1 0 0 0 0 0 0 0 0 
0 0 0 0 0 0 0 0 0 0 0 1 0 0 0 0 0 0 0 0 1 1 1 2 0 1 0 0 0 0 0 0 1 0 0 0 0 1 0 1 
0 0 0 0 0 0 0 0 0 0 1 0 0 0 1 1 1 0 0 0 0 2 0 1 0 2 1 1 1 0 0 1 0 0 0 0 0 0 0 0 
0 0 0 0 0 0 0 0 0 1 0 0 0 0 0 1 0 1 1 0 1 0 0 0 0 0 0 2 1 0 0 1 0 0 0 0 0 0 0 0 
0 1 0 0 1 0 0 0 0 1 0 0 1 0 0 0 1 3 0 0 1 0 1 0 0 0 0 0 0 0 0 0 0 0 0 0 0 0 0 0 
0 0 0 0 0 0 0 1 0 0 1 1 0 0 0 1 1 1 0 1 1 0 0 0 1 0 0 0 0 0 0 0 0 0 0 0 0 0 0 1 
1 0 0 0 0 0 0 0 0 1 0 0 0 0 2 2 1 0 2 0 4 1 3 0 1 0 0 2 2 0 1 0 0 0 0 0 1 0 0 0 
0 0 0 0 0 0 0 0 0 0 0 1 0 2 0 2 1 0 1 0 2 0 0 1 0 2 0 2 0 0 0 0 0 0 0 0 0 1 0 0 
0 0 0 0 0 0 0 0 0 1 0 0 1 3 2 1 4 5 1 0 0 2 0 1 0 3 1 0 0 0 0 0 0 0 1 0 0 0 0 0 
0 0 0 0 0 0 0 0 1 0 0 0 0 1 0 0 1 1 1 0 0 0 3 0 0 0 2 2 0 1 0 0 0 0 0 0 0 0 0 0 
0 0 0 0 1 0 0 0 0 0 0 0 1 0 1 0 0 2 1 2 4 0 4 1 0 0 0 0 0 0 0 0 0 0 1 0 0 0 0 0 
0 0 0 0 0 0 0 0 0 0 1 0 0 0 1 3 0 3 1 2 0 0 2 2 0 2 0 0 0 0 0 0 0 1 0 0 0 0 0 0 
0 0 0 0 0 0 0 0 0 0 0 1 0 1 0 0 0 1 1 0 1 0 0 1 1 1 0 0 0 0 0 0 0 0 0 0 0 0 0 0 
1 0 0 0 0 0 0 0 0 0 0 0 0 0 0 0 1 1 2 1 5 1 2 1 0 0 2 0 1 0 0 0 0 0 0 0 0 0 0 0 
0 0 0 0 0 0 1 0 0 0 2 0 0 2 0 2 2 4 0 1 2 2 3 2 0 0 1 0 0 0 0 0 0 0 0 0 0 0 0 0 
1 0 0 0 0 1 0 0 0 1 2 0 0 1 0 1 2 1 0 0 2 0 1 1 0 0 5 0 0 0 0 0 0 0 0 0 0 0 0 0 
0 0 1 0 0 0 0 0 1 0 0 2 0 0 0 1 1 2 0 1 1 0 1 0 0 0 0 0 0 0 0 1 0 0 0 0 0 0 0 0 
1 0 0 0 0 0 1 0 0 0 0 1 1 1 1 2 1 2 4 5 4 2 2 3 3 1 1 0 1 0 0 0 0 0 1 1 0 0 0 0 
0 0 0 0 0 0 0 0 1 1 1 1 0 0 0 3 1 3 2 1 4 1 3 1 1 0 0 0 1 0 0 0 0 0 0 0 0 0 0 0 
0 0 0 0 0 0 0 0 1 0 1 1 1 2 1 2 2 4 0 2 4 1 5 0 1 2 1 0 1 0 0 0 0 0 0 0 0 0 0 0 
0 0 0 0 0 0 0 0 0 1 0 0 0 0 0 2 0 2 5 7 5 1 0 4 1 2 2 0 0 0 0 0 0 0 1 1 0 0 0 0 
0 0 0 0 0 0 0 0 0 0 0 0 0 1 0 2 1 2 6 2 1 4 0 1 2 0 0 0 0 0 0 0 1 0 0 0 0 0 0 0 

0 0 0 0 0 0 0 0 0 1 0 0 1 3 1 2 0 1 0 0 0 0 0 3 0 3 1 1 0 0 0 0 0 0 0 0 0 0 0 0 
0 0 0 0 0 0 0 0 0 0 0 1 0 0 0 0 0 1 1 0 0 0 0 1 1 0 0 0 0 0 0 0 0 0 1 0 0 0 0 0 
0 0 0 0 0 0 0 0 0 0 0 0 0 0 0 0 0 0 1 1 0 0 1 0 0 0 0 0 1 1 0 0 0 0 0 0 0 0 0 0 
0 0 0 0 0 1 0 0 0 0 0 0 0 0 0 0 0 2 0 0 0 0 0 0 0 0 0 0 0 0 0 0 0 0 0 0 0 0 1 0 
0 0 0 0 0 0 0 0 0 0 0 0 0 0 0 0 0 0 0 0 1 0 0 2 0 0 0 2 0 0 0 0 0 0 0 0 0 0 0 0 
0 0 0 0 0 0 0 0 0 0 0 0 0 0 0 0 0 0 1 0 1 0 1 0 0 0 0 0 0 0 0 0 0 0 0 0 0 0 0 0 
0 0 0 0 0 0 0 0 0 0 0 0 0 0 1 0 1 0 2 0 0 1 0 1 1 0 0 0 1 0 0 0 0 0 0 0 0 0 0 0 
0 0 0 0 0 0 0 0 0 0 0 0 0 0 0 2 0 0 0 0 0 0 1 0 1 0 1 2 0 0 0 0 0 0 1 0 0 0 0 0 
0 0 0 0 0 0 0 0 1 0 0 0 0 1 1 0 0 1 1 0 1 0 0 0 0 0 0 0 0 0 1 0 0 0 0 0 0 0 0 0 
0 0 0 0 1 0 0 0 0 0 0 2 2 0 0 1 1 2 3 1 1 0 1 2 1 0 0 0 1 0 0 0 0 0 0 0 0 0 0 0 
0 0 0 1 0 0 2 0 0 0 0 1 0 1 2 2 1 2 2 1 1 2 0 0 0 1 1 0 0 0 0 0 0 0 0 0 0 0 0 0 
0 0 0 0 0 0 0 0 0 0 0 0 0 0 0 1 1 1 3 1 1 1 0 0 0 0 1 0 0 2 0 0 0 0 1 0 0 0 0 0 
0 0 0 0 0 0 0 1 0 0 0 0 0 0 1 2 1 0 1 1 2 0 1 1 1 0 0 0 0 0 0 0 0 0 0 0 0 0 0 0 
0 0 0 0 0 0 0 0 0 0 0 0 1 0 0 1 0 0 4 3 0 1 0 0 0 0 1 0 0 0 0 0 0 0 0 0 0 0 0 0 
0 0 0 0 0 0 0 0 0 1 0 0 0 0 2 0 0 1 1 3 1 1 2 0 1 0 0 1 0 0 0 0 0 0 0 0 0 0 0 0 
0 0 0 0 0 0 0 0 0 0 0 0 0 0 0 1 1 1 1 0 2 1 0 0 1 0 0 0 0 0 0 0 0 0 0 0 0 0 0 0 
0 0 0 0 0 0 0 0 0 0 0 0 0 1 0 0 1 1 1 2 1 0 2 1 2 3 1 0 0 0 0 0 0 0 0 0 0 0 0 0 
0 0 0 0 0 0 0 0 0 0 0 0 0 1 0 0 0 1 1 0 0 1 0 2 0 1 1 1 0 0 0 0 0 0 0 0 0 0 0 0 
0 0 0 0 0 0 0 0 0 1 0 0 0 0 0 1 0 2 0 2 0 0 1 0 4 0 0 0 1 0 0 0 0 0 1 0 0 0 0 0 
0 0 0 0 0 1 0 0 0 0 0 0 0 0 1 0 3 1 1 5 2 0 3 3 1 0 1 1 0 0 1 0 0 0 0 0 0 0 0 0 
0 0 0 0 0 1 0 0 0 1 0 0 0 2 0 0 0 4 0 1 1 3 1 1 1 0 0 1 0 0 0 0 0 0 0 0 0 0 0 0 
0 0 0 0 0 0 0 0 1 1 1 1 1 1 1 1 1 2 1 2 1 4 4 0 1 2 0 0 1 0 3 0 0 0 0 0 0 0 0 0 
0 1 0 0 0 0 0 0 0 0 0 1 0 0 0 1 2 1 2 2 1 2 0 0 0 1 0 0 0 0 2 0 1 0 0 0 0 0 0 0 
0 0 0 0 0 1 0 0 0 0 1 0 0 0 2 3 4 3 2 1 2 2 3 1 2 1 2 0 2 0 0 0 0 0 0 0 0 0 0 0 

0 0 0 0 0 0 0 0 0 0 0 0 0 0 0 0 1 1 0 0 0 1 0 0 0 0 0 0 1 0 0 0 0 0 0 0 0 0 0 0 
0 0 0 0 0 0 1 0 0 0 0 0 0 0 0 0 1 0 0 0 0 0 0 0 0 0 0 0 1 0 0 0 0 0 0 0 0 1 0 0 
0 0 0 0 0 0 0 0 0 0 0 0 1 0 0 0 0 0 0 0 0 0 1 0 0 0 1 0 0 0 0 0 0 0 0 0 0 0 0 0 
0 0 0 1 0 0 0 0 0 0 0 0 0 0 0 0 1 1 0 0 0 0 0 1 0 1 0 0 0 0 1 0 1 0 0 0 0 0 0 0 
0 0 0 0 0 0 0 0 0 0 0 0 0 0 0 0 1 0 1 0 1 1 0 0 0 1 0 0 0 0 0 1 0 0 0 0 0 0 0 0 
0 0 0 0 0 1 0 0 0 0 0 0 0 0 0 0 0 0 1 2 1 0 1 2 2 0 0 0 0 0 0 0 0 0 0 0 0 0 0 0 
0 0 0 0 0 0 0 0 0 0 0 0 0 0 0 0 1 2 2 2 2 0 1 0 0 0 0 0 0 0 0 0 0 1 0 0 0 0 0 0 
0 0 0 0 0 0 0 0 0 0 1 0 0 0 2 0 0 1 0 0 0 1 1 1 0 0 1 2 0 0 0 0 0 0 0 0 0 0 0 0 
0 1 0 0 0 0 0 0 0 2 0 0 0 1 0 0 0 1 0 0 0 2 0 1 1 1 0 0 0 0 0 0 0 0 0 0 0 0 0 0 
0 0 0 0 0 0 0 0 0 0 0 0 0 0 1 0 1 0 0 0 1 0 0 0 0 0 1 0 1 0 0 0 0 0 0 0 0 0 0 0 
1 0 0 0 0 0 0 2 0 0 0 0 0 0 4 1 2 1 3 0 1 0 0 0 1 0 0 0 0 0 2 0 0 0 0 0 0 0 0 0 
0 0 0 0 0 0 0 0 1 0 0 0 1 0 1 0 1 1 0 1 0 1 1 1 0 0 0 0 0 0 0 0 0 0 1 0 0 0 0 0 
0 0 0 0 0 0 0 0 0 0 0 0 0 3 1 1 0 2 1 0 2 1 1 0 0 1 0 1 0 0 0 0 0 0 0 0 0 0 0 0 
0 0 1 0 0 0 0 0 0 0 0 0 0 1 0 0 1 0 1 0 1 2 1 1 1 0 0 0 0 0 0 0 0 1 0 0 0 0 0 0 
0 0 0 0 0 0 0 0 0 0 0 0 0 1 0 0 0 1 0 1 0 1 0 0 0 0 0 1 0 0 0 0 0 0 0 0 0 0 0 0 
1 0 0 0 0 0 0 0 0 0 0 0 0 0 1 0 0 1 0 1 1 1 0 0 0 0 0 0 0 0 0 0 0 0 0 0 0 0 0 1 
0 0 0 0 0 0 1 0 0 1 0 0 0 0 0 1 1 1 1 2 1 1 0 0 0 2 0 0 0 0 0 0 0 0 0 0 0 0 0 1 
0 0 0 0 0 0 0 0 0 0 0 0 0 0 0 0 0 0 0 2 1 1 1 0 1 0 0 3 0 0 0 1 1 0 0 0 0 0 0 0 
0 0 0 0 0 0 0 0 0 0 0 1 0 0 0 0 0 1 1 1 1 0 1 0 1 0 0 0 0 0 0 0 1 0 0 0 0 0 0 0 
0 0 0 0 0 0 2 0 0 1 0 0 0 0 2 0 2 1 2 1 1 1 1 2 0 1 0 0 0 0 0 0 0 0 0 0 0 0 0 0 
0 0 0 0 0 0 0 1 0 0 0 0 0 0 0 0 0 0 1 0 0 0 0 0 0 0 0 0 0 0 0 0 0 0 0 0 0 0 0 0 
0 0 0 0 0 0 0 0 0 0 0 0 0 1 0 1 0 1 4 1 3 0 2 0 2 0 2 0 0 0 0 0 0 0 0 0 0 0 0 0 
0 0 0 0 0 0 0 0 0 1 2 0 0 0 1 1 0 2 2 1 1 4 0 0 0 0 2 0 0 1 1 0 0 1 0 0 0 0 0 0 
0 0 0 0 0 0 0 0 1 0 0 0 0 0 0 2 0 1 0 1 3 0 0 0 0 1 0 0 0 0 0 0 0 1 0 0 0 0 0 0 

0 0 0 0 0 0 0 0 0 0 0 0 0 1 0 0 0 1 0 0 0 0 0 0 0 0 0 0 0 0 0 0 0 0 0 0 0 0 0 0 
0 0 0 0 0 0 0 0 0 0 0 0 0 0 0 0 0 0 0 1 0 0 0 0 0 1 0 1 1 1 0 0 0 0 0 0 0 0 0 0 
0 0 0 0 1 0 0 0 0 0 0 0 0 1 0 1 0 0 0 0 0 0 0 0 0 0 1 1 0 0 1 0 0 0 0 0 0 1 0 0 
0 0 0 0 0 0 0 0 0 0 0 0 0 0 0 0 0 0 0 0 0 0 0 1 0 0 0 0 0 0 0 0 0 0 0 0 0 0 0 0 
0 0 0 0 0 0 0 0 0 0 0 1 0 1 0 0 0 0 0 0 0 1 1 0 1 0 0 0 1 0 1 0 0 0 0 0 0 0 0 0 
0 0 0 0 0 0 0 0 0 0 0 0 0 0 0 0 0 1 0 0 0 0 0 0 1 0 0 0 0 0 0 0 0 0 0 0 0 0 0 0 
0 0 0 0 0 0 0 0 0 0 0 0 0 0 0 0 0 1 0 0 1 0 0 0 0 0 0 0 0 0 0 0 0 0 0 0 0 0 0 0 
0 0 0 0 0 0 0 0 0 0 0 0 0 0 0 0 0 0 0 1 0 0 0 0 0 0 0 0 0 0 0 0 0 0 1 0 0 0 0 0 
0 0 0 0 0 0 0 0 0 0 0 0 0 0 0 0 0 1 1 0 1 0 0 0 0 0 0 0 0 0 0 0 0 0 0 0 0 0 0 0 
0 0 0 0 0 0 0 1 0 0 0 0 1 0 0 0 0 0 0 1 0 0 0 0 0 0 2 0 0 0 0 0 0 0 0 0 0 0 0 0 
0 0 1 1 1 0 0 0 0 0 0 0 0 1 0 0 2 2 2 0 0 2 0 0 0 0 0 0 0 0 0 0 0 0 0 0 0 0 1 0 
0 0 0 0 0 0 0 0 0 0 0 0 0 1 0 0 1 0 0 1 0 0 1 0 1 0 0 0 0 0 0 0 0 0 0 0 0 0 0 0 
0 0 0 0 0 0 1 0 0 0 0 0 0 0 0 0 0 0 1 0 2 1 0 0 0 0 0 0 0 0 0 0 0 0 0 0 0 0 0 0 
0 0 0 0 0 0 0 0 0 0 0 0 0 1 0 0 0 2 0 2 0 0 1 1 0 1 0 0 0 1 0 0 0 0 0 0 0 0 0 0 
0 0 0 0 0 0 0 0 0 0 0 0 0 0 1 1 1 0 1 1 0 2 0 1 1 0 1 0 1 0 0 0 0 0 0 0 0 0 0 0 
0 0 0 0 0 0 0 0 1 0 0 0 0 0 0 0 1 0 1 0 0 0 0 1 2 0 1 0 0 0 0 0 1 0 0 0 0 0 0 0 
0 0 0 0 0 0 0 0 1 0 0 0 0 3 0 1 1 3 1 1 0 0 1 0 0 0 0 0 0 1 0 0 0 0 0 0 0 0 0 0 
0 0 0 0 0 0 0 0 0 0 0 0 0 0 0 0 0 1 1 0 0 0 0 2 0 0 0 0 0 0 0 0 0 0 0 0 0 0 0 0 
0 0 0 0 0 0 0 0 0 1 0 0 0 1 1 0 0 1 0 0 0 1 0 0 0 0 0 0 0 0 0 0 0 0 0 0 0 0 0 0 
0 0 0 0 1 0 0 0 0 0 0 0 0 0 0 0 0 3 1 0 0 0 0 2 0 0 0 0 0 1 0 0 0 0 0 0 1 0 0 0 
0 0 0 0 0 0 0 0 0 0 0 0 1 0 0 1 1 1 0 0 1 2 1 0 0 1 0 0 0 0 1 0 0 0 0 0 0 0 0 0 
0 0 0 0 1 1 0 0 0 0 0 0 0 0 0 1 0 0 2 1 0 1 1 0 1 0 0 0 0 0 0 0 0 0 0 0 0 0 0 0 
0 0 0 0 0 0 0 0 0 0 0 0 0 0 0 1 0 0 1 2 1 0 2 0 0 0 0 0 0 0 0 0 1 0 0 0 0 0 0 0 
0 0 0 0 0 0 0 1 0 0 0 0 1 0 0 0 1 1 0 1 0 2 1 0 3 1 0 0 0 0 0 1 0 1 0 0 0 0 0 0 

0 0 0 0 0 0 0 0 0 1 0 0 0 1 0 0 1 0 0 0 0 0 1 0 0 0 0 0 0 0 0 0 0 0 0 0 0 0 0 0 
0 0 0 0 0 0 0 0 0 0 0 0 0 0 0 0 0 0 0 0 0 0 0 0 0 0 0 0 0 0 0 0 0 0 0 0 0 0 0 0 
0 0 0 0 0 0 0 0 0 0 0 0 0 0 0 0 0 0 1 1 0 0 0 0 0 0 0 0 0 0 1 0 0 0 0 0 0 0 0 0 
0 0 0 0 0 0 0 0 0 0 0 0 0 0 0 0 0 1 0 0 0 0 1 0 0 0 0 0 1 0 0 0 0 0 0 0 0 0 0 0 
0 0 0 0 0 0 0 0 0 0 0 0 1 0 1 0 0 0 1 0 0 0 0 0 0 0 0 0 0 0 0 0 0 0 0 0 1 0 0 0 
0 0 0 0 0 0 0 0 0 0 0 0 0 0 1 0 1 1 0 1 0 0 0 0 0 0 0 0 1 0 0 0 0 0 0 0 0 0 0 0 
0 0 0 0 0 0 0 0 0 0 0 0 0 0 0 0 0 2 0 0 0 1 0 0 1 0 0 0 0 0 0 0 0 0 0 0 0 0 0 0 
0 1 0 0 0 0 0 0 0 0 0 0 0 0 0 1 0 1 1 0 0 0 0 0 0 0 1 1 0 0 0 0 1 0 0 0 0 0 0 0 
0 0 0 0 0 0 0 0 0 0 0 0 0 0 0 1 0 0 2 0 0 0 0 0 0 0 0 0 0 0 0 0 0 0 0 0 0 0 0 0 
0 0 0 0 0 0 0 1 1 0 0 0 0 0 0 2 1 0 1 0 0 2 1 0 0 0 0 0 1 0 1 0 0 0 0 0 0 0 0 0 
0 0 0 0 0 0 0 0 0 0 0 0 0 2 1 0 1 2 1 1 0 1 1 0 1 0 1 0 0 0 0 0 0 0 0 0 0 0 0 0 
0 0 0 0 0 0 0 0 0 0 0 0 0 0 0 0 0 1 1 1 0 0 1 0 0 0 0 0 1 0 0 0 1 0 0 0 0 0 0 0 
0 0 0 0 0 0 0 0 0 0 0 0 0 0 0 1 0 0 0 0 0 0 0 0 0 0 1 1 0 0 0 0 0 0 0 0 0 0 0 0 
0 0 0 0 0 0 0 0 0 0 0 0 0 0 0 0 0 1 1 1 1 0 0 1 0 0 0 0 0 1 0 0 1 0 0 0 0 0 0 0 
0 1 0 1 0 0 0 0 0 0 0 0 0 0 0 1 1 0 1 0 0 0 0 0 0 2 1 0 0 0 0 0 0 0 0 0 0 0 0 0 
0 0 0 0 0 0 0 0 0 0 0 0 0 0 0 1 0 0 1 1 1 1 0 0 0 0 2 0 0 0 0 0 0 0 0 0 0 0 0 0 
0 0 0 0 0 0 0 0 0 0 0 0 0 1 1 0 0 0 1 3 1 0 0 1 0 0 0 0 0 0 0 0 1 0 0 0 0 0 0 0 
0 0 0 0 0 0 0 0 0 0 0 0 0 0 0 0 0 0 0 0 0 0 0 0 0 0 0 0 0 0 0 0 0 0 0 0 0 0 0 0 
0 0 0 0 0 1 0 0 0 0 0 0 0 0 0 0 0 0 0 1 0 0 0 0 2 0 0 0 0 0 0 0 0 0 0 0 0 0 0 0 
0 0 0 0 0 0 0 0 0 0 0 0 0 0 0 0 0 1 2 0 1 1 0 3 0 0 0 0 0 0 0 0 0 0 0 0 0 0 0 0 
0 0 0 0 0 0 0 0 0 0 0 0 0 0 0 1 1 0 0 0 0 0 0 0 0 0 0 0 0 0 0 0 0 0 0 0 0 0 0 0 
0 0 0 0 0 0 0 0 1 0 0 0 0 0 1 0 0 0 0 0 1 0 0 0 2 0 2 0 0 0 0 0 1 0 0 0 0 0 0 0 
0 0 0 0 0 0 0 0 0 0 0 0 0 0 0 1 2 2 4 1 0 2 0 0 1 0 0 0 0 0 0 0 0 0 0 0 0 0 0 0 
0 0 0 0 0 0 0 0 0 0 0 0 0 0 1 0 0 0 1 0 0 1 0 1 0 0 0 0 0 0 0 0 0 0 0 0 0 0 0 0 

0 0 0 0 0 0 0 0 0 0 0 0 0 0 0 0 0 0 1 0 0 1 0 0 0 0 0 0 0 0 0 0 0 0 0 0 0 0 0 0 
0 0 0 0 0 0 0 0 0 0 0 0 0 0 0 0 0 0 0 0 0 0 0 1 0 0 0 1 0 0 0 0 0 0 0 0 0 0 0 0 
0 0 0 0 0 0 0 0 0 0 0 0 0 0 0 0 0 0 0 0 0 0 1 0 0 0 0 0 0 0 0 0 0 0 0 0 0 0 0 0 
0 0 0 0 0 0 0 0 0 0 0 0 0 0 0 0 0 0 0 1 0 0 0 0 0 0 1 0 0 0 0 0 0 0 0 0 0 0 0 0 
0 0 0 0 0 0 0 0 0 0 0 0 0 0 0 1 0 0 0 0 0 0 0 0 0 0 0 0 0 0 0 0 0 0 0 0 0 0 0 0 
0 0 0 0 0 0 0 0 0 0 0 0 0 0 0 0 0 0 0 0 0 0 0 0 0 1 0 0 0 0 0 0 0 0 0 0 0 0 0 0 
0 0 0 0 0 0 0 0 0 0 0 0 1 0 0 0 1 0 0 0 0 0 0 0 0 0 0 0 0 0 0 0 0 0 0 0 0 0 0 0 
0 0 0 0 0 0 0 0 0 0 0 0 0 0 0 0 1 1 0 0 2 0 0 0 0 0 0 0 0 0 0 0 0 0 0 0 0 0 0 0 
0 0 0 0 0 0 0 1 0 0 0 0 0 0 0 0 1 0 1 0 0 0 0 0 0 0 0 0 0 0 0 0 0 0 0 0 0 0 0 0 
0 0 0 0 0 0 0 0 0 0 0 0 0 0 1 0 2 0 0 1 0 0 0 0 0 1 0 0 0 0 0 0 0 0 0 0 0 0 0 0 
0 0 0 0 0 0 0 0 0 0 0 0 0 0 1 0 1 1 0 0 1 0 0 0 2 1 0 1 0 0 0 0 0 0 0 0 0 0 0 0 
0 0 0 0 0 0 0 0 0 0 0 0 0 0 0 0 0 0 1 0 0 0 0 0 0 0 1 0 0 0 0 0 0 0 0 0 0 0 0 0 
0 0 0 0 0 0 0 0 0 0 0 0 0 0 1 0 0 0 0 0 0 0 0 1 0 0 0 0 0 0 0 0 0 0 0 0 0 0 0 0 
0 0 0 0 0 0 0 0 0 0 0 0 0 0 0 0 0 0 0 1 1 0 0 0 0 0 0 0 0 0 0 0 0 0 0 0 0 0 0 0 
0 0 0 0 0 0 0 0 0 0 0 0 0 0 0 0 0 0 0 0 0 0 0 0 0 0 0 0 0 0 0 0 0 0 0 0 0 0 0 0 
0 0 0 0 0 1 0 0 0 0 0 0 1 0 0 0 0 1 0 1 0 0 0 0 0 0 0 0 0 0 0 0 0 0 1 0 0 0 0 0 
0 0 0 0 0 0 0 0 0 0 0 0 0 0 1 0 2 2 1 1 0 1 0 0 0 0 0 0 0 0 0 0 0 0 0 0 0 0 0 1 
0 0 0 1 0 0 0 0 0 0 1 0 0 1 0 0 2 2 1 0 0 1 0 0 0 0 0 0 0 0 0 0 0 0 0 0 0 0 0 0 
0 0 0 0 0 0 0 1 0 0 0 0 0 0 0 1 0 0 0 1 0 0 0 0 0 0 0 0 0 0 0 0 0 0 0 0 0 0 0 0 
0 0 0 0 0 0 0 0 0 0 0 0 0 0 0 0 0 1 0 0 0 2 0 0 0 0 0 0 0 0 0 0 0 0 0 0 0 0 0 0 
0 0 0 0 0 0 0 0 0 0 0 0 0 0 0 0 0 0 1 0 1 0 0 0 1 0 0 0 0 0 0 0 0 0 0 0 0 0 0 0 
0 0 0 0 0 0 0 1 0 0 0 1 0 0 1 0 0 0 1 1 0 0 0 0 3 1 0 0 0 0 0 0 0 1 0 0 0 0 0 0 
0 0 0 0 0 0 0 0 0 0 0 0 0 0 0 0 0 0 1 1 1 2 0 0 0 0 0 0 0 0 0 0 0 0 0 0 0 0 0 0 
0 0 0 0 0 0 0 0 0 0 0 0 0 0 1 0 0 1 0 1 0 3 0 0 1 1 0 0 0 0 0 0 0 0 0 0 0 0 0 0 

0 0 0 0 0 0 0 0 0 0 0 0 0 0 0 0 0 1 0 0 0 0 0 0 0 1 0 0 0 0 0 0 0 0 0 0 0 0 0 0 
0 0 0 0 0 0 0 0 0 1 0 0 0 0 0 0 0 0 0 0 0 0 0 0 0 0 0 0 0 0 0 0 0 0 0 0 0 0 0 0 
0 0 0 0 0 0 0 0 0 0 0 0 1 0 0 0 1 0 0 0 0 0 0 0 0 0 0 0 0 0 0 0 0 0 0 0 0 0 0 0 
0 0 0 0 0 0 0 0 0 0 0 0 0 0 0 0 0 0 0 0 0 0 0 0 1 0 0 0 0 0 0 0 0 0 0 0 0 0 0 0 
0 0 0 0 0 0 0 0 0 0 0 0 0 0 0 1 0 0 0 1 0 1 0 0 0 0 0 0 0 0 0 0 0 0 0 0 0 0 0 0 
0 0 0 0 0 0 0 0 0 0 0 0 0 0 0 0 0 0 0 0 0 0 1 0 1 0 0 0 2 0 1 0 0 0 0 0 0 0 0 0 
0 0 0 0 0 0 0 0 0 0 0 0 0 0 0 0 2 3 0 0 0 0 0 0 0 0 1 0 0 0 0 0 0 0 0 0 0 0 0 0 
0 0 0 0 0 0 0 0 0 0 1 0 0 0 0 1 1 0 0 0 0 0 1 0 0 1 0 0 0 0 0 0 0 1 0 0 0 0 0 0 
0 0 0 0 0 0 0 1 0 0 0 0 0 0 0 0 0 1 0 0 0 1 0 0 0 0 1 1 0 0 0 0 0 0 0 0 0 0 0 0 
0 0 0 0 0 0 0 0 0 0 0 0 0 0 0 0 1 0 0 0 0 0 0 0 0 0 1 0 0 0 0 0 0 0 0 0 0 0 0 0 
0 0 0 0 0 0 0 0 0 0 0 0 0 0 0 0 3 0 1 0 0 0 0 0 0 0 0 0 0 0 0 0 0 0 0 0 0 0 0 0 
0 0 0 0 0 0 0 0 0 0 0 0 0 0 0 0 0 0 0 0 0 0 0 0 0 0 0 0 0 0 0 0 0 0 0 0 0 0 0 0 
0 0 0 0 0 0 0 0 0 0 1 0 0 0 0 0 0 0 0 0 1 0 0 0 0 0 0 0 0 0 0 0 0 0 0 0 0 0 0 0 
0 0 0 0 0 0 0 0 0 0 0 0 0 0 0 0 1 1 1 2 0 1 0 0 0 0 0 0 0 0 0 0 0 0 0 0 0 0 0 0 
0 0 0 0 0 0 0 0 0 0 0 0 0 0 0 0 0 0 0 0 0 0 0 0 0 0 0 0 0 0 0 0 0 0 0 0 0 0 0 0 
0 0 0 0 0 0 0 0 0 0 0 0 0 0 0 0 0 0 0 0 1 0 1 0 0 1 0 0 0 0 0 0 0 0 0 0 0 0 0 0 
0 0 0 0 0 0 0 0 0 0 0 0 0 0 0 0 0 0 0 0 1 0 1 0 0 0 0 0 0 0 0 0 0 0 0 0 0 0 0 0 
0 0 0 0 0 0 0 0 0 1 0 0 0 0 0 0 0 1 1 1 0 0 1 0 0 0 0 0 0 0 0 0 0 0 0 0 0 0 0 0 
0 0 0 0 0 0 0 0 0 1 0 0 0 0 0 1 0 0 0 0 0 0 2 0 0 1 0 0 0 0 0 0 0 0 0 0 0 0 0 0 
0 0 0 0 0 0 0 0 1 0 0 0 0 0 1 1 0 0 0 0 1 0 1 0 2 1 0 0 0 0 0 0 0 0 0 0 0 0 0 0 
0 0 0 0 0 0 0 0 0 1 0 0 0 0 1 0 0 0 0 0 0 0 0 0 0 0 0 0 0 0 0 0 0 0 1 1 0 1 0 0 
0 0 0 0 0 0 0 0 0 0 0 0 0 0 0 0 0 0 0 1 0 0 0 2 0 0 0 0 0 0 0 0 0 0 0 0 0 0 0 0 
0 0 0 0 0 0 0 0 0 0 0 0 0 0 0 0 1 0 1 1 0 1 1 1 0 0 0 0 0 0 0 0 0 0 0 0 0 0 0 0 
0 0 0 0 0 0 0 0 0 0 0 0 0 0 1 0 0 0 1 0 0 0 0 0 0 0 0 1 0 1 0 0 0 0 0 0 0 0 0 0 

0 0 0 0 0 0 0 0 0 0 0 0 0 0 0 0 0 0 0 0 0 0 0 0 0 0 0 1 1 0 0 0 0 0 0 0 0 0 0 0 
0 0 0 0 0 0 0 0 0 0 1 0 0 0 0 0 0 0 2 0 0 0 0 0 0 0 1 0 0 0 0 0 0 0 0 0 0 0 0 1 
0 0 0 0 0 0 0 0 0 0 0 0 0 0 0 0 0 0 0 0 0 0 1 0 0 0 0 0 0 0 0 0 0 0 0 0 0 0 0 0 
0 0 0 0 0 0 0 0 0 0 0 0 0 0 0 0 1 0 0 0 0 0 0 0 0 0 0 0 0 0 0 0 0 0 0 0 0 0 0 0 
0 0 0 0 0 1 0 0 0 0 0 0 0 0 0 0 0 0 0 0 0 0 1 0 0 0 0 1 0 0 0 0 0 0 0 0 0 0 0 0 
0 0 0 0 0 0 0 0 0 0 0 0 0 0 0 0 0 0 0 0 0 0 0 0 0 0 0 0 0 0 0 1 0 0 0 0 0 0 0 0 
0 0 0 0 0 0 0 0 0 0 0 0 1 1 0 0 0 0 0 1 0 0 1 0 0 1 1 0 0 0 0 0 0 0 0 0 0 0 0 0 
1 0 0 0 0 0 0 0 0 0 0 0 0 0 0 0 0 0 0 0 0 0 0 1 0 0 0 0 0 0 0 0 0 0 0 0 0 0 0 0 
0 0 0 0 0 0 0 0 0 0 1 0 0 1 0 1 0 0 0 0 0 0 0 0 0 0 0 0 0 0 0 0 0 0 0 0 0 0 0 0 
0 0 0 0 0 0 0 0 0 0 0 0 0 0 0 1 0 0 0 0 1 0 0 0 0 0 0 0 0 0 1 0 0 0 0 0 0 0 0 0 
0 0 0 0 0 0 0 0 0 0 0 0 0 1 1 0 1 0 2 0 0 0 0 0 0 0 0 0 0 0 0 0 0 0 0 0 0 0 0 0 
0 0 0 0 0 0 0 0 1 0 0 0 0 0 0 0 0 0 0 0 0 0 0 0 0 0 0 0 0 0 0 0 0 0 0 0 0 0 0 0 
0 0 0 0 0 0 0 0 0 0 0 0 0 0 0 0 0 0 1 0 0 0 1 0 0 0 0 0 0 0 0 0 0 0 1 0 0 0 0 0 
0 0 0 0 0 0 0 0 0 1 0 0 0 0 0 0 1 0 1 0 0 0 0 0 0 0 0 0 0 0 0 0 0 1 0 0 0 0 0 0 
0 0 0 0 0 0 0 0 0 0 0 0 0 0 0 0 0 0 0 0 0 1 2 1 0 0 0 0 0 0 0 0 0 0 0 0 0 0 0 0 
0 0 0 0 0 0 0 0 0 0 0 0 1 0 0 0 0 0 0 1 0 0 0 0 0 0 0 0 0 0 1 0 0 0 0 0 0 0 0 0 
0 0 0 0 0 0 0 0 0 0 0 0 0 0 0 0 0 0 1 0 0 1 0 0 0 0 0 0 0 0 0 0 0 0 0 0 0 0 0 0 
0 0 0 0 0 0 0 0 0 0 0 1 0 0 0 1 0 0 0 0 0 1 0 0 0 0 0 0 0 0 0 0 0 0 0 0 0 0 0 0 
0 0 0 0 0 0 0 0 0 0 0 0 0 0 0 0 0 0 0 1 1 0 0 0 0 0 0 0 0 1 0 0 0 0 0 0 0 0 0 0 
0 0 0 0 0 0 0 0 0 1 0 0 0 0 0 0 0 1 0 1 1 1 0 1 1 0 0 0 0 0 0 0 0 0 0 0 1 0 0 0 
0 0 0 0 0 0 0 0 0 0 0 0 0 0 0 0 0 1 1 0 0 0 0 0 0 0 0 0 0 0 0 0 0 0 0 0 0 0 0 0 
1 0 0 0 0 0 0 0 0 0 0 0 0 0 0 0 0 0 0 0 1 1 0 1 0 0 0 0 1 0 0 0 0 0 0 0 0 0 0 0 
0 0 0 0 0 0 0 0 0 0 0 0 0 0 0 0 0 0 1 2 1 1 0 0 0 1 0 0 0 0 0 0 0 0 0 0 0 0 0 0 
0 0 0 0 0 0 0 0 0 0 0 0 0 0 0 0 0 0 0 0 1 0 1 2 0 0 0 0 0 0 0 0 0 0 0 0 0 0 0 0 

0 0 0 0 0 0 0 0 0 0 0 0 0 0 0 0 0 1 0 0 0 0 0 0 0 0 0 0 0 0 0 0 0 0 0 0 0 0 0 0 
0 0 0 0 0 0 0 0 0 0 0 0 0 0 0 1 0 0 0 0 0 0 0 0 0 0 0 0 0 0 0 0 0 0 0 0 0 0 0 0 
0 0 0 0 0 0 0 0 0 0 1 0 0 0 0 0 0 0 0 0 0 0 1 0 0 0 0 0 0 0 0 0 0 0 0 0 0 0 0 0 
0 0 0 0 0 0 0 0 0 0 0 0 0 0 0 0 0 0 0 0 0 0 0 0 0 0 0 0 0 0 0 0 0 0 0 0 0 0 0 0 
0 0 0 0 0 0 0 0 0 0 0 0 0 0 0 0 0 0 0 0 0 0 0 0 0 0 0 1 0 0 0 0 0 0 0 0 0 0 0 0 
0 0 0 0 0 0 0 1 0 0 0 0 0 0 0 0 0 0 0 0 0 0 0 0 0 0 0 0 0 0 0 0 0 0 0 0 0 0 0 0 
0 0 0 1 0 0 0 0 0 0 0 0 0 0 0 0 0 0 0 0 0 0 0 0 0 0 0 0 0 0 0 0 0 1 0 0 0 0 0 0 
0 0 0 0 0 0 0 0 0 0 0 0 0 0 0 0 1 0 0 1 0 0 1 0 0 0 0 0 0 0 0 0 0 0 0 0 0 0 0 0 
0 0 0 0 0 0 0 0 0 0 0 0 0 0 0 0 0 0 0 0 0 0 0 1 0 0 0 0 0 0 0 0 0 0 0 0 0 0 0 0 
0 0 0 0 0 0 0 0 0 0 0 0 0 0 0 0 0 0 0 0 0 0 0 0 0 0 0 0 0 0 0 0 0 0 0 0 0 0 0 0 
0 0 0 0 0 0 0 0 0 0 0 0 0 0 1 0 1 0 1 0 0 0 0 0 0 0 1 0 0 0 1 0 0 0 0 0 0 0 0 0 
0 1 0 0 0 0 0 0 0 0 0 0 0 0 0 1 0 0 0 0 0 0 0 0 0 0 0 0 0 0 0 0 0 0 0 0 0 0 0 0 
0 0 0 0 0 0 0 0 0 0 0 0 0 0 0 0 0 0 0 0 0 0 0 0 0 0 0 0 0 0 0 0 0 0 0 0 0 0 0 0 
0 0 0 0 0 0 0 0 0 0 0 0 0 0 0 0 0 0 1 1 1 0 1 1 0 0 0 0 0 0 0 0 0 0 0 0 0 0 0 0 
0 0 0 0 0 0 0 0 0 0 0 0 0 0 0 0 1 0 0 0 0 0 0 0 1 0 0 0 0 0 0 0 0 0 0 0 0 0 0 0 
0 0 0 0 0 0 0 0 0 0 0 0 0 0 0 0 0 0 0 0 0 0 1 0 1 0 0 0 1 0 0 0 0 0 0 0 0 0 0 1 
0 0 0 0 0 0 0 0 0 0 0 0 0 0 1 0 1 2 1 0 0 0 0 0 0 0 0 0 0 0 0 0 0 0 0 0 0 0 1 0 
1 0 0 0 0 0 0 0 0 0 0 0 0 0 0 0 0 0 0 0 0 0 0 0 0 0 0 0 0 0 0 0 0 0 0 0 0 0 0 0 
0 0 0 0 0 0 0 0 0 0 0 0 0 0 0 0 0 1 0 1 2 1 0 0 0 0 0 0 0 0 0 0 0 0 0 0 0 0 0 0 
1 0 0 0 0 0 0 0 0 0 0 0 0 0 0 2 0 0 2 0 0 0 0 1 0 0 0 0 0 0 0 0 0 1 0 0 0 0 0 0 
0 0 0 0 0 0 0 0 0 0 0 0 0 0 0 0 0 0 0 0 0 0 0 0 0 1 0 0 0 0 0 0 0 0 0 0 0 0 0 0 
0 0 0 0 0 0 0 0 0 1 0 0 0 0 0 0 0 0 0 0 0 0 0 0 0 0 0 0 0 0 0 0 0 0 0 0 0 0 0 0 
0 0 0 0 0 0 0 0 0 0 0 0 0 0 1 0 0 0 1 2 0 0 0 0 0 0 0 0 0 0 0 0 0 0 0 0 0 1 0 0 
0 0 0 0 0 0 0 0 0 0 0 0 0 0 0 0 0 0 0 0 0 0 0 1 0 0 0 0 0 0 0 0 0 0 0 0 0 0 0 0 

0 0 0 0 0 0 0 0 0 0 0 0 0 0 0 0 0 0 0 0 0 0 0 0 0 1 0 0 0 0 0 0 0 0 0 0 0 0 0 0 
0 0 0 0 0 0 0 0 0 0 0 0 0 0 0 0 0 0 1 0 0 0 0 0 0 0 0 0 0 0 0 0 0 0 0 0 0 0 0 0 
0 0 0 0 0 0 0 0 0 0 0 0 0 0 0 1 0 0 0 0 0 0 0 0 0 0 0 0 0 0 0 0 0 0 0 0 0 0 0 0 
0 0 0 0 0 0 0 0 0 0 0 1 0 0 0 0 0 1 0 0 0 0 0 2 0 1 0 0 0 0 0 0 0 0 0 0 0 0 0 0 
0 0 0 0 0 0 0 0 0 0 0 0 0 0 0 0 0 0 0 0 0 0 0 0 0 0 0 1 0 0 0 0 0 0 0 0 0 0 0 0 
0 0 0 0 0 0 0 0 0 0 0 0 0 1 0 0 1 0 1 0 0 0 0 0 0 0 0 0 0 0 0 0 0 0 0 0 0 0 0 0 
0 0 0 0 0 0 0 0 0 0 0 0 0 0 0 0 0 0 0 0 1 0 0 0 0 0 0 0 0 0 0 0 0 0 0 0 0 0 0 0 
0 0 0 0 0 0 0 0 0 0 0 0 0 1 0 0 0 0 0 0 0 0 0 0 0 0 0 1 0 0 0 0 0 0 0 0 0 0 0 0 
0 0 0 0 0 0 0 0 0 0 1 0 0 0 0 0 0 0 0 0 0 0 0 0 0 0 0 0 0 0 0 1 0 0 0 0 0 0 0 0 
0 0 0 0 0 0 0 0 0 0 0 0 0 0 0 1 0 0 0 0 0 0 0 0 0 0 0 0 0 0 0 0 0 0 0 0 0 0 0 0 
0 0 0 0 0 0 0 0 0 0 0 0 0 0 1 0 0 0 1 1 0 0 0 0 0 0 0 0 0 0 0 0 0 0 0 0 0 0 0 0 
0 0 0 0 0 0 0 0 0 0 0 0 0 0 0 0 0 0 1 0 0 0 0 0 0 0 0 0 0 0 0 0 0 0 0 0 0 0 0 0 
0 0 0 0 0 0 0 0 0 0 0 0 0 0 0 0 0 0 1 0 1 0 0 0 0 0 1 0 0 0 0 0 0 0 0 0 0 0 0 0 
0 0 0 0 0 0 0 0 0 0 0 0 0 0 0 0 0 0 0 0 0 1 0 0 0 0 0 0 0 0 0 0 1 0 0 0 0 0 0 0 
0 0 0 0 0 0 0 0 0 0 0 0 0 0 0 0 0 0 0 0 0 0 0 0 0 0 0 0 0 0 0 1 0 0 0 0 0 0 0 0 
0 0 0 0 0 0 0 0 0 0 0 0 0 0 0 0 0 2 0 0 0 1 0 0 0 0 0 0 0 0 0 0 0 0 0 0 0 0 0 0 
1 0 0 0 0 0 0 0 0 0 0 0 0 0 0 0 1 0 0 1 0 0 1 0 0 0 0 0 0 0 1 0 0 0 0 0 0 0 0 0 
0 0 0 1 0 0 0 0 0 0 0 0 0 1 0 0 0 0 0 0 0 0 0 0 0 0 0 0 0 0 0 0 0 0 0 0 0 0 0 0 
0 0 0 0 0 0 0 0 0 0 0 0 0 0 0 0 0 1 0 1 0 0 0 0 0 0 1 0 0 0 0 0 0 0 0 0 0 0 0 0 
0 0 0 0 0 0 0 0 0 0 0 0 1 0 0 0 0 0 1 0 0 0 0 0 1 1 0 0 0 0 0 0 0 1 0 0 0 0 0 0 
0 0 0 0 0 0 0 0 0 0 0 0 0 0 0 0 0 0 1 1 0 0 0 0 0 0 0 0 0 0 0 0 0 0 0 0 0 0 0 0 
1 0 0 0 0 0 0 0 0 0 0 0 0 0 0 0 0 0 0 0 1 0 1 1 0 0 0 0 0 0 0 0 0 0 0 0 0 0 0 0 
0 0 0 0 0 0 0 0 0 0 0 0 0 0 1 1 0 0 1 1 0 0 1 1 0 0 0 0 0 0 0 0 0 0 0 0 0 0 0 0 
0 0 0 0 0 0 0 0 0 0 0 0 0 0 0 0 0 0 0 0 0 0 0 0 0 0 0 0 0 0 0 0 0 0 0 0 0 0 0 0 

0 0 0 0 0 0 0 0 0 0 0 0 0 0 0 0 0 0 0 0 0 0 0 0 0 0 0 0 0 0 0 0 0 0 0 0 0 0 0 0 
0 0 0 0 0 0 0 0 1 0 0 0 0 0 0 0 0 0 0 0 0 0 1 0 0 0 0 0 0 0 0 0 0 0 0 0 0 0 0 0 
0 0 0 0 0 0 0 0 0 0 0 0 0 0 0 0 0 0 0 0 1 0 0 0 0 0 0 0 0 1 0 0 0 0 0 0 0 0 0 0 
0 0 0 0 0 0 0 0 0 0 0 0 0 0 0 0 1 0 0 0 0 0 0 1 0 0 0 0 0 0 0 0 0 0 0 0 0 0 0 0 
0 0 0 0 0 0 0 0 0 0 0 0 0 0 0 0 1 0 0 0 0 0 0 0 0 0 0 1 0 0 0 0 0 0 0 0 0 0 0 0 
0 0 0 0 0 0 0 0 0 0 0 0 0 1 0 0 0 0 0 0 0 1 0 0 0 0 0 0 0 0 0 0 0 0 0 0 0 0 0 0 
0 0 0 0 0 0 0 0 0 0 0 0 0 0 0 0 0 0 0 0 0 0 0 0 0 0 0 0 0 0 0 0 0 0 0 0 0 0 0 0 
0 0 0 0 0 0 0 0 0 0 0 0 0 0 0 0 0 0 0 0 0 0 0 0 0 0 0 0 0 0 0 0 0 0 0 0 0 0 0 0 
0 0 0 0 1 0 0 0 0 0 0 1 0 0 0 0 0 0 0 0 0 0 0 0 0 1 0 0 0 0 0 0 0 0 0 1 0 0 0 0 
0 0 0 0 0 0 0 0 0 0 0 0 0 1 0 0 0 1 3 0 0 0 0 0 0 1 0 1 0 0 0 0 0 0 0 0 0 0 0 0 
0 0 0 0 0 0 0 0 0 0 0 0 0 0 1 0 0 0 0 0 0 0 0 1 0 1 0 0 0 0 0 0 0 0 0 0 0 0 0 0 
0 0 0 0 0 0 0 0 0 0 0 0 0 0 1 0 0 0 0 0 0 0 0 1 0 1 0 0 0 0 0 0 0 0 0 0 0 0 0 0 
0 0 0 0 0 0 0 0 0 0 0 0 0 0 0 0 0 0 1 0 0 0 1 0 0 1 0 0 0 0 0 0 0 0 0 0 0 0 0 0 
0 0 0 0 0 0 0 0 0 0 0 0 0 1 0 0 0 0 1 0 0 0 0 0 0 0 0 0 0 0 0 0 0 0 1 0 0 0 0 0 
0 0 0 0 0 0 0 0 0 0 0 0 0 0 0 0 0 0 1 0 0 0 0 0 0 0 0 0 0 0 0 0 0 0 0 0 0 0 0 0 
0 0 0 0 0 0 0 0 0 0 0 0 0 0 0 0 0 0 0 1 0 0 0 0 0 0 0 0 0 0 0 0 0 0 0 0 0 0 0 0 
0 0 0 0 0 0 0 0 0 0 0 0 0 1 0 1 0 0 2 1 0 1 0 0 0 1 0 0 0 0 0 0 0 0 1 0 0 0 0 0 
0 1 0 0 0 0 0 0 0 1 0 0 0 0 0 0 0 0 0 0 0 0 0 0 0 0 0 2 0 0 0 0 0 0 0 0 0 0 0 0 
0 0 0 0 0 0 0 0 0 0 0 0 0 0 0 0 0 0 0 0 0 1 0 1 0 0 1 0 0 0 0 0 0 1 0 0 0 0 0 0 
0 0 0 0 0 0 0 0 0 0 0 1 0 0 0 1 0 0 2 0 0 0 1 0 0 1 0 0 0 0 0 0 0 0 0 0 0 0 0 0 
0 0 1 0 0 0 0 0 0 0 0 0 0 0 0 0 0 0 0 0 0 1 0 0 0 0 0 0 0 0 0 1 0 0 0 0 0 0 0 0 
0 0 0 0 0 0 0 0 0 0 0 0 0 0 0 0 0 0 0 0 1 0 0 0 0 0 0 0 0 0 0 0 0 0 0 0 0 0 0 0 
0 0 0 0 0 0 0 0 0 0 0 0 0 0 0 1 0 0 0 2 0 0 1 0 0 0 0 0 0 0 0 0 0 0 0 0 0 0 0 0 
0 0 0 0 0 0 0 0 0 0 0 0 0 0 0 0 0 0 0 0 0 1 0 0 0 0 0 0 0 0 0 0 0 0 0 0 0 0 0 0 

0 0 0 0 0 0 0 0 0 0 0 0 0 0 0 0 0 0 0 0 0 0 0 0 0 0 0 2 0 0 0 0 0 0 0 0 0 0 0 0 
0 0 0 0 0 0 0 0 0 0 0 0 0 0 0 0 0 0 0 0 0 0 0 0 0 0 0 0 0 0 0 0 0 0 0 0 0 0 0 0 
0 0 0 0 0 0 0 0 0 0 0 0 0 0 0 0 0 0 0 0 0 0 0 0 0 0 0 0 0 0 0 0 0 0 0 0 0 0 0 0 
0 0 0 0 0 0 0 0 0 0 0 0 0 0 0 0 0 0 0 0 0 0 0 0 0 0 0 0 0 0 0 0 0 0 0 0 0 0 0 0 
0 0 0 0 0 0 0 0 0 0 0 0 0 0 0 1 0 0 0 0 0 0 0 0 0 0 0 0 0 0 0 0 0 0 0 0 0 0 0 0 
0 0 0 0 0 0 0 0 0 0 0 0 0 0 0 0 0 0 0 0 0 0 0 0 0 0 0 0 0 0 0 0 0 0 0 0 0 0 0 0 
0 0 0 0 0 0 0 0 0 0 0 0 0 0 0 0 0 1 0 0 0 0 0 0 0 0 0 1 0 0 0 0 0 0 0 0 0 0 0 0 
0 0 0 0 0 0 0 0 0 0 0 0 0 0 0 0 1 0 0 0 0 0 0 0 0 1 0 0 0 0 1 0 0 0 0 0 0 0 0 0 
0 0 0 0 0 0 0 0 0 0 0 0 0 0 0 0 0 0 0 1 0 0 0 0 0 0 0 0 0 0 0 0 0 0 0 0 0 0 0 0 
0 0 0 0 0 0 0 0 0 0 0 0 0 0 0 1 1 3 1 0 0 0 1 0 0 0 0 0 0 0 0 0 0 0 0 0 0 0 0 0 
0 0 0 1 0 0 0 0 0 0 0 0 0 0 0 0 0 0 0 0 0 2 0 0 0 0 0 0 0 0 0 0 0 0 0 0 0 0 0 0 
0 0 0 0 0 0 0 0 0 0 0 1 0 0 0 0 0 0 0 0 0 0 0 0 0 0 0 0 0 0 0 0 0 0 0 0 0 0 0 0 
0 0 0 0 0 0 0 0 0 0 0 0 0 0 1 1 0 0 1 0 0 0 0 1 0 0 0 0 0 0 0 0 0 0 0 0 0 0 0 0 
0 0 0 0 0 0 0 0 0 0 0 1 0 0 0 0 0 0 0 1 0 0 0 0 0 0 0 0 0 0 0 0 0 0 0 0 0 0 0 0 
0 0 0 0 0 0 0 0 0 0 0 0 0 1 0 0 0 0 0 1 0 0 0 0 0 0 0 0 0 0 0 0 0 0 0 0 0 0 0 0 
0 0 0 0 0 0 0 0 0 0 0 0 0 0 0 0 0 0 0 1 0 2 0 0 0 0 0 0 0 0 0 0 0 0 0 0 0 0 0 0 
0 0 0 0 0 0 0 0 0 0 0 0 0 0 0 0 0 0 1 0 0 0 0 1 0 0 0 0 0 0 0 0 1 0 0 0 0 0 0 0 
0 0 0 0 0 0 0 0 0 0 0 0 0 0 0 0 0 0 0 0 0 1 0 0 1 0 0 0 0 0 0 0 0 0 0 0 0 0 0 0 
0 0 0 0 0 0 0 0 0 0 0 0 0 0 0 0 0 1 0 0 0 0 0 0 0 0 0 0 0 0 0 0 0 0 0 0 0 0 0 0 
0 0 0 0 0 0 0 0 0 0 0 1 0 0 0 1 0 0 0 1 1 0 1 0 0 0 0 0 0 0 0 0 0 0 0 0 0 0 0 0 
0 0 0 0 0 0 0 0 0 0 0 0 0 0 0 0 0 0 0 0 1 0 0 0 0 0 0 0 0 0 0 0 0 0 0 0 1 0 0 0 
0 0 0 0 0 0 0 0 0 0 0 0 0 0 0 0 0 0 0 1 0 0 0 0 0 0 0 0 0 0 0 0 0 0 0 0 0 0 0 0 
0 0 0 0 0 0 0 0 0 0 0 0 0 0 0 0 0 0 0 0 0 1 0 0 0 0 0 0 0 0 0 0 0 0 0 0 0 0 0 0 
0 0 0 0 0 0 0 0 0 0 0 0 0 0 0 0 0 0 0 0 0 2 0 0 0 0 0 0 0 0 0 0 0 0 0 0 0 0 0 0 

0 0 0 0 0 0 0 0 0 0 0 0 0 0 0 0 0 0 0 0 0 0 0 0 1 0 0 0 0 0 0 0 0 0 0 0 0 0 0 0 
0 0 0 0 0 0 0 0 0 0 0 0 0 0 0 0 0 0 0 0 0 0 0 0 0 1 0 0 0 0 0 0 0 0 0 0 0 0 0 0 
0 0 0 0 0 0 0 0 0 0 0 0 0 0 0 0 0 0 0 0 0 0 0 0 0 0 0 0 0 0 0 0 0 0 0 0 0 0 0 0 
0 0 0 0 0 0 0 0 0 0 0 0 0 0 0 0 1 0 0 0 0 1 0 0 0 1 0 0 2 0 0 0 0 0 0 0 0 0 0 0 
0 0 1 0 0 0 0 0 0 0 0 0 0 0 0 0 1 0 0 0 0 0 0 0 0 0 0 0 0 0 0 0 0 0 0 0 0 0 0 0 
0 0 0 0 0 0 0 0 0 0 0 0 0 0 0 0 0 0 0 0 0 0 0 0 0 0 0 0 0 0 0 0 0 0 0 0 0 0 0 0 
0 0 0 0 0 0 0 0 0 0 0 0 0 0 0 0 0 0 0 0 0 0 0 0 0 0 0 0 0 0 0 0 0 0 0 0 0 0 0 0 
0 0 0 0 0 0 0 1 0 0 0 0 0 0 0 1 0 0 0 0 0 0 0 0 0 0 0 0 0 0 0 0 0 0 0 0 0 0 0 0 
0 0 0 0 0 0 0 0 0 0 0 0 0 1 0 0 0 0 0 1 0 0 0 0 0 0 0 0 0 0 0 0 0 0 0 0 0 0 0 0 
0 0 0 0 0 0 0 0 0 0 0 0 0 0 0 0 0 1 0 0 0 0 0 0 0 1 0 0 0 0 0 0 0 0 0 0 0 0 0 0 
0 0 0 0 0 0 0 0 0 0 0 0 0 0 0 0 1 0 1 0 0 0 0 0 0 0 0 0 0 0 0 0 0 0 0 0 0 0 0 0 
0 0 0 0 0 0 0 0 0 0 0 0 0 0 0 0 0 0 0 0 0 0 0 0 0 0 0 0 0 0 0 0 0 0 0 0 0 0 0 0 
0 0 0 0 0 0 0 0 0 0 1 0 0 0 0 0 0 0 0 0 0 1 0 0 0 0 0 0 0 0 0 0 0 0 0 0 0 0 0 0 
0 0 0 0 0 0 0 0 0 0 0 0 0 0 1 0 0 0 1 0 0 0 0 0 0 0 0 0 0 0 0 0 0 0 0 0 0 0 0 0 
0 0 0 0 0 0 0 0 0 0 0 0 0 0 0 0 0 0 0 0 0 0 0 0 0 0 0 0 0 0 0 0 0 0 0 0 0 0 0 0 
0 0 0 0 0 0 0 0 0 0 0 0 0 0 0 1 0 1 1 1 0 1 0 0 0 0 0 0 0 0 0 0 0 0 0 0 0 0 0 0 
0 0 0 0 0 0 0 0 0 0 0 0 0 0 0 1 1 0 0 0 0 0 0 1 0 0 0 0 0 0 0 0 0 0 0 0 0 0 0 0 
0 0 0 0 0 0 0 0 0 0 0 0 0 0 0 0 0 0 1 0 0 0 0 1 0 0 0 0 0 0 0 0 0 0 0 0 0 0 0 0 
0 0 0 0 0 1 0 0 0 0 0 0 0 0 0 0 0 0 1 0 2 0 0 0 0 0 0 0 0 0 0 0 0 0 0 0 0 0 0 0 
0 0 0 0 0 0 0 0 0 0 0 0 1 0 0 0 1 0 1 0 0 0 1 1 0 0 0 0 0 0 0 0 0 0 0 0 0 0 0 0 
0 0 0 0 0 0 0 0 0 0 0 0 0 1 0 0 0 0 0 0 0 0 0 0 0 0 0 0 0 0 0 0 0 0 0 0 0 0 0 0 
0 0 0 0 0 0 0 0 0 0 0 0 0 0 0 0 0 0 0 0 0 0 1 0 0 0 0 0 0 0 0 0 0 0 0 0 0 0 0 0 
0 0 0 0 0 0 0 0 0 0 0 0 0 1 0 0 1 0 2 0 1 0 0 0 0 0 0 0 0 0 0 0 0 0 0 0 0 1 0 0 
0 0 0 0 0 0 0 0 0 0 0 0 0 0 0 0 0 0 0 0 1 0 0 0 0 0 0 0 0 0 0 0 0 0 0 0 0 1 0 0 

0 0 0 0 0 0 0 0 0 0 0 0 0 0 0 1 1 0 0 0 0 2 0 0 0 1 1 0 0 0 0 0 0 0 0 0 0 0 0 0 
0 0 0 0 0 0 0 0 0 0 0 0 0 0 0 0 1 0 0 0 0 0 0 1 0 0 0 0 0 0 0 0 0 0 0 0 0 0 0 0 
0 0 0 0 0 0 0 0 0 0 0 0 0 0 0 0 0 1 0 1 0 1 0 0 0 0 1 1 1 0 0 0 0 0 0 0 0 0 0 0 
0 0 0 0 0 0 0 0 0 0 0 0 0 0 0 0 0 1 0 0 0 0 0 0 0 0 0 1 0 0 0 0 0 0 0 0 0 0 0 0 
0 0 0 0 0 0 0 0 0 0 0 0 0 0 0 1 0 0 0 1 1 0 0 0 0 0 1 0 0 0 0 0 0 0 0 0 0 0 0 0 
0 0 0 0 0 1 0 0 0 0 0 0 0 1 0 1 0 0 0 1 0 0 0 0 0 1 0 0 0 0 0 0 0 0 0 1 0 0 0 0 
0 0 0 0 0 0 0 0 0 0 0 0 0 0 0 1 0 1 0 0 0 0 0 0 0 0 0 0 0 0 0 0 0 0 0 0 0 0 0 0 
0 0 0 0 0 0 0 0 1 0 0 0 0 0 0 0 0 0 1 0 0 0 1 0 0 0 1 0 0 0 0 0 0 0 0 0 0 0 0 0 
0 0 0 0 0 0 0 0 0 0 0 1 0 1 0 0 0 1 1 1 1 1 3 0 0 1 1 2 0 0 0 0 0 0 0 0 0 0 0 0 
0 0 0 0 0 0 0 0 0 0 0 0 0 0 0 0 0 1 0 1 0 0 0 0 0 1 0 0 0 0 0 0 0 0 0 0 0 0 0 0 
0 0 0 0 0 0 0 0 0 0 0 0 0 0 0 0 2 1 1 0 0 0 1 0 0 0 1 1 0 0 0 0 0 1 0 0 0 0 0 0 
0 0 0 0 0 0 0 1 0 0 1 0 0 0 0 0 0 0 1 0 1 0 1 0 0 0 0 0 0 0 0 0 0 0 0 0 1 0 0 0 
0 0 0 0 0 0 0 0 0 0 0 0 0 0 0 0 0 0 0 1 0 0 0 0 0 0 0 0 0 0 0 0 0 0 0 0 0 0 0 0 
0 0 0 0 0 0 0 0 0 0 0 0 0 1 0 1 0 1 0 0 0 0 0 0 0 0 0 0 0 0 0 1 0 0 0 0 0 0 0 0 
0 0 0 0 0 0 0 0 0 0 0 0 0 0 1 0 0 0 0 0 0 1 0 0 0 0 0 0 0 0 0 0 0 0 0 0 0 0 0 0 
0 0 0 0 0 0 0 0 0 0 0 0 0 0 0 0 0 3 0 0 1 0 0 0 0 0 0 0 0 0 0 0 0 0 0 0 0 0 0 0 
0 0 0 0 0 0 0 0 0 0 0 0 0 0 0 0 1 0 0 2 0 0 1 1 0 0 0 0 0 0 0 0 0 0 0 0 0 0 0 0 
0 0 0 0 0 1 0 0 0 0 0 0 0 0 0 0 0 0 1 0 0 0 3 0 0 0 0 1 0 0 0 0 0 0 0 0 0 0 0 0 
0 0 0 0 0 0 0 0 0 0 0 0 0 0 0 0 0 0 0 0 0 0 0 0 0 0 0 0 0 0 0 0 0 0 0 0 0 0 0 0 
0 0 0 0 0 0 0 0 0 0 0 0 0 0 1 1 0 0 0 1 0 0 0 0 0 0 0 0 0 0 0 0 0 0 0 0 0 0 0 0 
0 0 0 0 0 0 0 0 0 0 0 0 0 0 0 0 0 0 0 0 0 2 1 1 0 0 1 0 0 0 0 0 0 0 0 0 0 0 0 0 
0 0 0 0 0 0 0 0 0 0 1 0 0 0 1 0 0 0 0 3 1 0 0 0 0 2 1 0 0 0 0 0 0 0 0 0 0 0 0 0 
0 0 0 0 0 0 0 0 0 0 0 0 0 0 0 0 1 0 1 1 0 0 0 0 0 0 0 0 0 0 0 0 0 0 0 0 0 0 0 0 
0 0 0 0 0 0 0 0 0 0 0 0 0 0 0 0 0 0 0 0 0 0 0 0 0 0 0 0 0 0 0 0 0 0 0 0 0 0 0 0 

