#################################### 
# Matrix Size= (4,1,40)
# Resol      = (1,8,20)
# VoxelSize  = (4,0.125,2)
# nbVal      = 160
#################################### 
0 0 0 0 0 0 0 0 
0 0 0 0 0 0 0 0 
0 0 0 0 0 0 0 0 
0 0 0 0 0 0 0 0 
0 0 0 0 0 0 0 0 
0 0 0 0 0 0 0 0 
0 2 0 0 2 0 0 0 
2 3 0 1 1 1 1 0 
4 2 11 5 2 3 0 4 
6 4 3 3 2 1 6 2 
0 0 1 1 2 1 0 4 
1 2 0 1 0 1 0 1 
2 2 2 0 2 2 3 2 
1 1 0 1 0 1 0 1 
0 2 1 0 1 0 0 1 
0 0 0 0 0 0 0 0 
0 0 0 1 0 0 0 0 
0 0 0 0 0 0 0 0 
0 0 0 0 0 0 0 0 
0 0 0 0 0 0 0 0 
