#################################### 
# Matrix Size= (39.9997,23.9997,39.9995)
# Resol      = (40,24,40)
# VoxelSize  = (0.999993,0.999989,0.999989)
# nbVal      = 38400
#################################### 
0 0 0 0 0 0 0 0 0 0 0 0 0 2 0 0 0 0 0 1 0 1 1 0 0 0 0 0 0 0 0 0 0 0 0 0 0 0 0 0 
1 0 0 0 0 0 0 0 0 0 0 0 0 0 0 1 0 0 0 0 0 0 0 0 0 0 0 0 0 0 0 0 0 0 0 0 0 0 0 0 
0 0 0 0 0 0 0 0 0 0 1 0 0 1 0 0 0 0 0 0 0 0 0 0 0 0 0 0 0 0 0 0 0 0 0 0 0 0 0 0 
0 0 0 0 0 0 0 0 0 0 0 0 0 0 0 1 0 0 0 0 0 0 1 0 0 0 0 0 0 0 0 0 0 0 0 0 0 0 0 0 
0 0 1 0 0 0 0 0 0 0 0 1 0 0 0 0 0 0 0 0 0 0 0 0 0 0 0 0 0 0 1 0 0 0 1 0 0 0 0 0 
0 0 0 0 0 0 0 0 0 0 0 0 0 0 0 0 0 0 0 0 0 0 0 0 0 0 0 0 0 0 0 0 0 0 0 0 0 0 0 0 
0 0 0 0 0 0 0 0 0 0 0 0 0 1 0 1 0 1 0 0 0 0 0 0 1 1 0 0 0 0 0 0 0 0 0 0 0 0 0 0 
0 0 0 0 1 0 0 0 0 0 0 0 0 0 0 1 0 0 0 0 0 0 1 0 0 0 0 0 0 0 0 0 0 0 0 0 0 0 0 0 
1 0 0 0 0 0 0 0 0 0 0 0 0 0 0 0 0 0 0 0 0 0 0 0 0 0 0 2 0 1 2 0 0 0 0 0 0 0 0 0 
0 0 0 0 0 0 0 0 0 0 0 0 0 0 0 2 0 0 0 0 1 0 0 0 0 1 0 0 0 0 0 0 0 0 0 0 0 0 0 0 
0 0 0 0 0 0 0 0 0 0 0 0 0 0 0 0 0 0 0 0 0 0 1 1 0 0 0 0 0 0 0 0 0 0 0 0 0 0 0 0 
0 0 0 0 0 0 0 0 0 0 0 0 0 0 0 0 0 0 0 0 0 0 0 0 0 0 0 0 0 0 0 0 0 0 0 0 0 0 0 0 
0 0 0 0 0 0 0 0 0 0 0 0 0 0 0 0 0 0 0 1 0 0 0 0 1 0 0 0 0 0 0 0 0 0 0 0 0 0 0 0 
0 0 0 0 0 0 0 0 1 0 0 0 1 0 0 1 0 0 1 2 0 0 1 1 0 0 0 0 0 0 0 0 0 0 0 0 0 0 0 0 
0 0 0 0 0 0 0 0 0 0 0 0 0 0 0 0 0 0 0 0 0 0 0 0 0 0 0 0 0 0 0 0 0 0 0 0 0 0 0 0 
0 0 0 0 0 0 0 0 0 0 0 0 0 0 0 0 0 0 1 0 0 0 0 0 0 1 0 0 0 0 1 0 0 0 0 0 0 0 0 0 
0 0 0 1 0 0 0 0 0 0 0 0 0 0 0 1 0 0 0 0 0 0 0 0 0 0 0 0 0 0 0 0 0 0 0 0 0 0 0 0 
0 0 0 0 0 0 0 0 0 0 0 0 0 0 0 0 0 0 0 1 0 0 0 1 0 0 0 0 0 0 0 0 0 0 0 0 0 0 0 0 
0 0 0 0 0 0 0 0 0 0 0 0 0 0 0 0 0 0 0 0 0 0 0 1 0 0 0 0 0 0 0 0 0 0 0 0 0 0 0 0 
0 0 0 0 0 0 0 0 0 0 0 0 0 0 0 0 1 0 0 0 0 0 1 0 0 0 0 0 0 0 0 0 0 0 0 0 0 0 0 0 
0 0 0 0 0 0 0 0 0 0 0 0 0 0 0 0 0 0 0 0 1 0 0 1 1 0 0 0 0 0 0 0 0 0 0 0 0 0 0 0 
0 0 0 0 0 0 0 0 0 0 0 0 0 0 0 1 0 0 0 0 1 0 1 0 0 0 0 0 0 0 0 0 0 0 0 0 0 0 0 0 
0 0 0 0 0 0 0 0 0 1 0 1 0 0 0 1 2 1 0 1 0 0 1 0 0 0 0 0 0 0 0 0 0 0 0 0 0 0 0 0 
0 0 0 0 0 0 0 0 0 0 0 0 0 0 0 0 0 0 0 0 0 0 0 0 0 0 0 0 0 0 0 0 0 0 0 0 0 0 0 0 

0 0 0 0 0 0 0 0 0 0 0 0 1 0 0 0 0 0 0 0 0 0 0 0 0 0 0 0 0 0 0 0 0 0 0 0 0 0 0 0 
0 0 0 0 0 0 0 0 0 0 1 0 0 1 0 0 0 0 0 1 0 1 0 0 0 0 0 0 0 0 0 0 0 0 0 0 0 0 0 0 
0 0 0 0 0 0 0 0 0 0 0 0 0 0 0 1 0 0 0 0 0 0 1 0 0 0 0 0 0 0 0 0 0 0 0 0 0 0 0 0 
0 0 0 0 0 0 0 0 0 0 0 0 0 0 0 0 1 0 0 0 0 0 0 0 0 0 0 0 0 0 0 0 0 0 0 0 0 0 0 0 
0 0 0 0 0 0 0 0 0 0 0 0 0 1 0 0 0 0 0 0 0 0 0 0 1 0 0 0 0 0 0 0 0 0 0 0 0 0 0 0 
0 0 0 0 0 0 0 0 0 0 0 0 0 0 0 0 0 0 0 0 0 0 0 0 0 1 0 0 0 0 0 0 0 0 0 0 0 0 0 0 
1 0 0 0 0 0 0 0 0 0 0 0 0 0 0 0 0 0 0 0 0 0 0 0 0 0 0 0 0 0 0 0 0 0 0 0 0 0 0 0 
0 0 0 0 0 0 0 1 0 0 0 0 0 0 0 0 0 0 1 0 0 0 0 0 0 0 1 0 0 0 0 0 0 0 0 0 0 0 0 0 
0 0 0 0 0 0 0 0 0 0 0 0 0 0 0 0 1 0 0 0 0 0 0 0 1 1 0 0 0 0 0 0 0 0 0 0 0 0 0 0 
0 0 0 0 0 0 0 0 0 0 0 0 0 0 0 0 0 1 0 0 0 0 0 0 0 0 1 0 0 0 0 0 0 0 0 0 0 0 0 0 
0 0 0 0 0 0 0 0 0 0 0 0 0 0 0 1 0 0 0 0 0 0 0 0 0 0 0 0 0 1 0 0 0 0 0 0 0 0 0 0 
0 0 0 0 0 0 0 0 0 0 0 0 0 0 0 0 0 0 0 0 0 0 0 0 0 0 0 0 0 0 0 0 0 0 0 0 0 0 0 0 
0 0 0 0 0 0 0 0 0 0 0 0 0 0 0 1 0 0 0 0 0 0 1 0 0 0 0 0 0 0 0 0 0 0 0 0 0 0 0 0 
0 0 0 0 0 0 0 0 0 0 0 0 1 0 0 0 0 0 0 0 0 0 0 0 0 0 0 0 0 0 0 0 0 0 0 0 0 0 0 0 
0 0 0 0 0 0 0 0 0 1 0 0 0 0 0 0 0 0 0 0 0 0 0 1 0 0 1 0 0 0 0 0 0 0 0 0 0 0 0 0 
0 0 0 0 0 0 0 0 0 0 0 0 0 0 0 0 0 0 0 0 0 0 0 0 0 0 0 0 0 0 0 0 0 0 0 0 0 0 0 0 
0 0 0 0 0 0 0 0 0 0 0 0 0 0 0 0 0 0 1 0 0 1 0 0 0 1 0 0 0 0 0 0 0 0 0 0 0 0 0 0 
0 0 0 0 0 0 0 0 0 0 0 0 0 0 0 0 1 0 0 0 0 0 0 1 1 0 0 0 0 0 0 0 0 0 0 0 0 0 0 0 
0 0 0 0 0 0 0 0 0 0 0 0 0 0 0 0 1 0 0 0 0 1 0 0 1 0 0 0 0 0 0 0 0 0 0 0 0 0 0 0 
0 0 0 0 0 0 0 0 0 0 0 0 0 0 1 0 1 0 1 1 0 0 0 0 0 0 0 0 0 0 0 0 0 0 0 0 0 0 0 0 
0 0 0 0 0 0 0 0 0 0 0 0 0 0 0 0 0 0 0 0 1 0 0 0 0 0 0 0 0 0 0 0 0 0 0 1 0 0 0 0 
0 0 0 0 0 0 0 0 0 0 0 0 0 0 0 0 0 1 1 0 0 0 0 0 0 0 0 0 0 0 0 0 0 0 0 0 1 0 0 0 
0 0 0 0 0 0 0 0 0 0 0 0 0 0 1 0 0 0 0 0 0 0 0 0 0 0 0 0 0 0 0 0 0 0 0 0 0 0 0 0 
0 0 0 0 0 0 0 0 0 0 0 0 0 0 0 0 0 0 0 0 0 0 0 0 0 0 0 0 0 0 0 0 0 0 0 0 0 0 0 0 

0 0 0 0 0 0 0 0 0 0 0 0 0 1 0 0 0 0 0 0 0 0 0 0 0 0 0 0 0 0 1 0 0 0 0 0 0 0 0 0 
0 0 0 0 0 1 0 0 0 0 0 0 0 1 1 0 0 0 0 0 1 0 0 0 0 0 0 0 0 0 0 0 0 0 0 0 0 0 0 0 
0 0 0 0 0 0 0 0 0 0 0 0 0 0 0 0 0 0 0 0 0 0 0 0 0 1 0 0 0 0 0 0 0 0 0 0 0 0 0 0 
0 0 0 0 0 0 0 0 0 0 1 0 0 0 0 0 0 0 0 0 0 0 0 0 0 0 0 1 0 0 0 0 0 0 0 0 0 0 0 0 
0 0 0 0 0 0 0 0 0 0 0 0 2 0 2 0 1 0 0 1 0 0 0 0 0 0 0 0 0 0 0 0 0 0 0 0 0 0 0 0 
0 0 0 0 0 0 0 0 0 0 0 0 0 0 0 0 0 1 0 0 1 0 0 0 0 0 0 0 0 1 0 0 0 0 0 0 0 0 0 0 
0 0 0 1 0 0 0 0 0 0 0 0 0 0 0 0 0 0 0 0 0 0 0 0 0 0 0 0 0 0 0 1 0 0 0 0 0 0 0 0 
0 0 0 0 0 0 0 0 0 0 0 0 0 0 0 0 0 0 1 1 0 0 0 1 0 0 0 0 0 0 0 0 0 0 0 0 0 0 0 0 
0 0 0 0 0 0 0 0 0 0 0 0 0 0 0 0 0 0 0 0 0 0 0 0 0 0 0 0 0 0 0 0 0 0 0 0 0 0 0 0 
0 0 0 0 0 0 0 0 0 0 0 0 0 1 0 0 1 0 0 0 0 0 0 0 0 0 0 0 0 0 0 0 0 0 0 0 0 0 0 0 
1 0 0 0 0 0 0 0 0 0 0 1 0 0 0 1 0 0 0 0 0 0 1 0 0 0 1 0 0 0 0 0 0 0 0 0 0 0 0 0 
0 0 0 0 0 0 0 0 0 0 0 0 0 0 0 0 0 0 0 0 0 0 0 0 0 0 0 0 0 0 0 0 0 0 0 0 0 0 0 0 
0 0 0 0 0 0 0 0 0 0 0 0 0 0 0 0 0 0 0 0 0 1 0 0 0 0 0 0 0 0 0 0 0 0 0 0 0 0 0 0 
0 0 0 0 0 0 0 0 0 0 0 0 0 0 2 1 0 0 0 0 0 0 0 0 0 0 0 0 0 0 0 0 0 0 0 0 0 0 0 0 
0 0 0 0 0 0 0 0 0 0 0 0 0 0 0 0 0 1 0 0 0 0 0 0 0 1 1 0 0 0 0 0 0 0 0 0 0 0 0 0 
0 0 0 0 0 0 0 0 0 0 0 0 0 0 0 0 0 0 0 0 0 0 0 0 0 0 0 0 0 0 0 0 0 0 0 0 0 0 0 0 
0 0 0 0 0 0 0 0 0 0 0 1 0 0 0 0 1 0 0 0 1 0 1 0 0 0 0 0 0 0 0 0 0 0 0 0 0 0 0 0 
0 0 0 0 0 0 0 0 0 0 0 0 0 0 0 0 0 0 0 0 1 0 0 1 0 0 0 0 0 0 0 0 0 0 0 0 0 0 0 0 
0 0 0 0 0 0 0 0 0 0 0 0 0 0 0 0 0 0 1 0 0 0 0 0 1 0 0 0 0 0 0 0 0 0 0 0 0 0 0 0 
0 0 0 0 0 0 0 0 0 0 0 0 0 0 0 0 0 0 1 0 0 1 0 0 0 0 0 0 0 0 0 0 0 0 0 0 0 0 0 0 
0 0 0 0 0 0 0 0 0 1 0 0 0 0 0 0 0 0 0 0 0 0 1 1 0 0 0 1 0 0 0 0 0 0 0 0 0 0 0 0 
0 0 0 0 0 0 0 0 0 0 0 0 0 0 0 0 0 0 0 0 0 0 1 0 0 0 0 0 0 0 0 0 0 0 0 0 0 0 0 0 
0 0 0 0 0 0 0 0 0 0 0 0 0 0 0 0 0 0 0 0 0 0 0 0 0 0 0 0 0 0 0 0 0 0 0 0 0 0 0 0 
0 0 0 0 0 0 0 0 0 0 0 0 0 0 0 0 0 0 0 1 0 0 0 0 0 0 0 0 0 0 0 0 0 0 0 0 0 0 0 0 

0 0 0 0 0 0 0 0 0 0 0 1 0 0 0 1 0 0 0 0 0 0 0 0 0 0 0 0 0 0 0 0 0 0 0 0 0 0 0 0 
0 0 0 0 1 0 0 0 0 0 0 0 0 2 0 0 0 1 1 0 0 0 1 0 0 0 0 0 0 0 0 0 0 0 0 0 0 0 0 0 
0 0 0 0 0 0 0 0 0 0 0 0 0 0 0 0 0 1 0 0 0 0 0 0 0 0 0 0 0 0 0 0 0 0 0 0 0 0 0 0 
0 0 0 0 0 0 0 0 0 0 0 1 0 2 0 0 1 0 0 2 0 0 0 1 0 0 0 0 0 0 0 0 0 0 0 0 0 0 0 0 
0 0 0 0 0 0 0 0 0 0 0 0 1 0 0 0 0 0 0 0 1 1 0 0 0 0 0 0 1 0 0 0 0 0 0 0 0 0 0 1 
0 0 0 0 0 0 0 0 0 0 0 0 0 0 0 0 0 0 0 0 0 0 0 0 0 0 0 0 0 0 0 0 0 0 0 0 0 0 0 0 
0 0 0 0 0 0 0 0 0 0 0 0 0 0 0 0 1 0 1 0 0 0 0 0 0 0 0 0 0 0 0 0 0 0 0 0 0 0 0 0 
0 0 0 0 0 0 0 1 0 0 0 0 0 0 0 0 0 0 0 0 2 1 0 3 0 0 2 0 0 0 0 0 0 0 0 0 0 0 0 0 
0 0 0 0 0 0 0 0 0 0 0 0 0 0 0 0 0 0 0 0 0 0 0 0 0 0 0 0 0 0 0 0 0 0 0 0 0 0 0 0 
0 0 0 0 0 0 0 0 0 0 0 0 0 0 0 0 0 0 0 0 0 0 0 0 0 0 0 0 0 0 0 0 0 0 0 0 0 0 0 0 
1 0 0 0 0 0 0 0 0 0 0 1 0 0 0 0 0 0 0 0 0 0 0 0 1 1 0 0 0 0 0 0 0 0 0 0 0 0 0 0 
0 0 0 0 0 0 0 0 0 0 0 0 1 0 0 0 0 0 0 0 0 0 0 0 0 0 0 0 0 1 0 0 0 0 0 0 0 0 0 0 
0 0 0 0 0 0 0 0 0 0 0 0 0 0 0 1 0 0 0 0 0 0 0 0 0 0 0 0 0 0 0 0 0 0 0 0 0 0 0 0 
0 0 0 0 0 0 0 0 0 0 0 0 0 0 1 0 0 0 0 0 0 1 1 1 0 0 0 0 0 0 0 0 0 0 0 0 0 0 0 0 
0 0 0 0 0 0 0 0 0 0 0 0 0 0 0 0 2 0 0 0 0 0 0 1 1 1 0 0 0 0 0 0 0 0 0 0 0 0 0 0 
0 0 0 0 0 0 0 0 0 0 0 1 0 0 0 0 0 0 0 0 0 0 0 1 0 0 0 0 0 0 0 0 0 0 0 0 0 0 0 0 
0 0 0 0 0 0 0 0 0 0 0 0 0 0 0 0 2 0 1 0 0 0 0 0 0 2 0 0 0 0 0 0 0 0 0 0 0 0 0 1 
0 0 0 0 0 0 0 0 0 0 0 0 0 0 0 1 0 0 0 0 0 1 0 0 1 1 0 0 0 0 0 0 0 0 0 0 0 0 0 0 
0 0 0 0 0 0 0 0 0 0 0 0 0 0 0 2 0 0 0 0 0 0 1 0 1 0 0 0 0 0 0 0 0 0 0 0 0 0 0 0 
0 0 0 0 0 0 0 0 0 1 0 0 1 0 0 1 1 0 0 0 0 0 2 0 0 0 0 0 0 0 0 0 0 0 0 0 0 0 0 0 
0 0 0 0 0 0 0 0 0 0 0 0 0 0 0 0 0 0 1 0 0 0 0 0 0 0 0 0 0 0 0 0 0 0 0 0 0 0 0 0 
0 0 0 0 0 0 0 0 0 0 0 0 0 0 0 1 0 0 0 0 1 0 1 0 0 0 0 0 0 0 0 0 0 0 0 0 0 0 0 0 
0 0 0 0 0 0 0 0 0 0 0 1 0 0 0 1 0 1 0 0 1 0 0 0 0 0 0 0 0 0 0 0 0 0 0 0 0 0 0 0 
0 0 0 0 0 0 0 0 0 0 0 0 0 0 0 0 0 0 0 0 0 0 0 0 0 0 0 0 0 0 0 0 0 0 0 0 0 0 0 0 

0 0 0 0 0 0 0 0 0 0 0 2 0 0 1 0 0 0 0 0 1 0 0 0 0 0 0 1 0 0 0 0 0 0 0 0 0 0 0 0 
0 0 0 0 0 0 0 0 0 0 0 1 1 2 0 1 1 0 1 0 0 1 0 0 0 0 0 0 0 1 0 0 0 0 0 0 0 0 0 0 
0 0 0 0 0 0 0 0 0 0 0 0 0 1 0 0 0 0 0 0 0 0 0 0 0 0 0 1 0 0 0 0 0 0 0 0 0 0 0 0 
0 0 0 0 0 0 0 0 0 0 0 0 0 0 0 0 0 0 1 0 0 0 0 0 0 0 0 0 0 0 0 0 0 0 0 0 0 0 0 0 
1 0 0 0 0 0 0 0 0 0 0 0 0 0 0 0 0 0 0 0 0 0 1 0 0 0 0 0 0 0 0 0 0 0 1 0 0 0 0 0 
0 0 0 0 0 0 0 0 0 0 0 0 0 0 0 0 0 1 0 0 0 0 0 0 0 0 0 0 0 0 0 0 0 0 0 0 0 0 0 0 
0 0 0 0 0 0 0 0 0 0 0 0 0 0 0 1 1 0 0 0 1 1 0 0 0 0 0 1 0 0 0 0 0 0 0 0 0 0 0 0 
0 0 0 0 0 0 0 0 0 0 0 0 0 0 0 0 1 0 0 1 0 1 0 0 1 0 0 0 0 0 0 1 0 0 0 0 0 0 0 0 
0 0 0 0 0 0 0 0 0 0 0 0 1 0 0 0 0 0 0 0 0 0 0 2 0 0 0 0 1 0 0 0 0 0 0 0 0 0 0 0 
0 0 0 0 0 0 0 0 0 0 0 0 0 0 0 0 0 0 0 0 0 0 0 1 0 0 0 0 0 0 0 0 0 0 0 0 0 0 0 0 
0 0 0 0 0 0 0 0 0 0 0 1 0 0 2 0 0 0 0 0 0 0 0 0 0 2 0 0 0 0 0 0 0 0 0 0 0 0 0 0 
0 0 0 0 0 0 0 0 0 0 0 0 0 0 0 0 0 0 0 0 0 0 0 0 0 0 0 1 0 0 0 0 0 0 0 0 0 0 0 0 
0 0 0 0 0 0 0 0 0 0 0 0 0 0 0 0 0 0 0 1 0 0 0 1 0 1 0 0 1 0 0 0 0 0 0 0 0 0 0 0 
0 0 0 0 0 0 0 0 0 0 1 0 1 0 0 0 0 0 2 0 0 0 0 0 1 0 1 1 0 0 0 0 0 0 0 0 0 0 0 0 
0 0 0 0 0 0 0 0 0 0 0 0 0 0 0 2 0 0 0 0 0 0 0 0 0 0 0 0 0 0 0 0 0 0 0 0 0 0 0 0 
0 0 0 0 0 0 0 0 0 0 0 0 0 0 0 0 0 0 0 0 0 0 0 0 0 0 1 0 0 0 0 0 0 0 0 0 0 0 0 0 
0 0 0 0 1 0 0 0 0 0 0 1 0 0 0 0 0 0 0 1 1 0 0 0 1 0 0 0 0 0 0 0 0 0 0 0 0 0 0 0 
0 0 0 0 0 0 0 0 0 0 0 0 1 0 0 1 0 0 0 0 0 0 0 0 0 0 0 0 0 0 0 0 0 0 0 0 0 0 0 0 
0 0 0 0 0 0 0 0 0 0 0 0 0 0 0 0 0 0 0 0 0 0 0 0 0 0 1 0 0 0 0 0 0 0 0 0 0 0 0 0 
0 0 0 0 0 0 1 0 0 1 0 1 0 0 1 0 1 0 0 0 1 0 1 1 0 1 0 0 0 0 0 0 0 0 0 0 0 0 0 0 
0 0 0 0 0 0 0 0 0 0 0 0 0 0 0 0 0 0 0 0 0 0 1 0 0 0 0 0 0 0 0 0 0 0 0 0 0 0 0 0 
0 0 0 0 0 0 0 0 0 0 0 0 0 0 0 0 0 0 0 0 1 0 0 1 0 0 0 0 0 0 0 0 0 0 0 0 0 0 0 0 
0 0 0 0 0 0 0 0 0 0 0 0 1 0 0 0 0 0 3 0 0 0 0 0 0 0 0 0 0 0 0 0 0 0 0 0 0 0 0 0 
0 0 0 0 0 0 0 0 0 0 0 0 0 0 0 0 0 1 0 0 0 0 0 0 0 0 0 0 0 0 0 0 0 0 0 0 0 0 0 0 

0 0 0 1 0 0 0 0 0 1 0 0 0 1 1 0 0 0 0 2 0 0 0 0 0 0 0 0 0 0 1 0 0 0 0 0 0 0 0 0 
0 0 0 0 0 0 0 1 0 0 2 0 1 1 1 1 0 0 1 1 0 0 1 0 0 0 0 0 0 0 0 0 0 0 0 0 0 0 0 0 
0 0 0 0 0 0 0 0 0 0 0 0 0 0 0 1 1 0 0 0 0 0 0 0 0 0 0 1 0 0 0 0 0 0 0 0 0 0 0 0 
0 0 0 0 0 0 0 0 0 0 0 0 0 0 1 1 1 0 0 0 0 0 0 0 0 1 0 0 0 0 0 0 0 0 0 0 0 0 0 0 
0 0 0 0 0 0 0 0 0 0 0 0 0 1 0 1 0 0 0 0 2 1 0 0 0 0 0 0 1 0 0 0 0 0 0 0 0 0 0 0 
0 0 0 0 0 0 0 0 0 0 0 0 0 0 1 0 0 0 0 1 0 1 1 1 0 0 0 0 0 0 0 0 0 0 0 0 0 0 0 0 
0 1 0 0 0 0 0 0 0 0 0 0 0 0 0 2 1 0 0 0 0 0 0 0 0 0 0 0 0 0 0 0 0 0 0 0 0 0 0 0 
0 0 0 0 0 0 0 0 0 0 1 0 0 1 0 2 1 0 0 1 0 1 0 0 0 1 0 1 0 0 0 0 0 0 0 0 0 0 0 0 
0 0 0 0 0 0 0 0 0 0 0 0 0 0 0 0 1 0 0 0 0 1 0 0 1 0 0 0 0 0 0 0 0 0 0 0 0 0 0 0 
0 0 0 0 0 0 0 0 0 0 0 0 0 0 0 0 0 0 0 0 0 0 0 0 0 0 0 0 0 0 0 0 0 0 0 0 0 0 0 0 
0 0 0 0 0 0 0 0 0 0 0 0 0 1 1 1 1 0 0 0 0 0 0 1 1 0 0 0 0 0 0 0 1 0 0 0 0 0 0 0 
0 0 0 0 0 0 0 0 0 0 0 0 0 0 0 0 1 0 0 1 0 0 0 1 0 0 0 0 0 0 0 0 0 0 0 0 0 0 0 0 
0 0 0 0 1 0 0 0 0 0 0 0 0 0 0 0 0 0 0 0 0 0 0 0 0 0 0 0 0 0 0 0 0 0 0 0 0 0 0 0 
0 0 0 0 0 0 0 1 0 0 0 0 0 0 1 3 2 0 0 0 1 2 1 0 0 2 0 0 0 0 0 0 0 0 0 0 0 0 0 0 
0 0 0 0 0 0 0 0 1 0 0 0 0 0 0 0 0 0 0 0 0 1 0 0 0 0 1 0 0 0 0 0 0 0 0 0 0 0 0 0 
0 0 0 0 0 0 0 0 0 0 0 0 1 0 0 0 0 1 0 0 0 0 0 0 0 0 0 0 0 0 0 0 0 0 0 0 0 0 0 0 
0 0 0 0 0 0 0 0 0 0 0 0 0 0 0 0 2 0 0 0 0 1 0 2 2 0 0 0 0 0 0 0 0 0 0 0 0 0 0 0 
0 0 0 0 0 0 0 0 0 0 0 0 0 0 0 0 0 0 1 0 0 0 0 0 0 0 0 0 0 0 0 0 0 0 0 0 0 0 0 0 
0 0 0 0 0 0 0 0 0 0 0 0 0 0 0 0 1 1 0 0 0 0 0 0 0 0 0 0 0 0 0 0 0 0 0 0 0 0 0 0 
0 0 0 0 0 0 0 0 0 0 0 0 0 0 0 0 0 1 0 0 0 0 0 0 0 0 0 0 0 0 0 0 0 0 0 0 0 0 0 0 
0 0 0 0 0 0 0 0 1 0 0 0 0 0 0 0 0 0 1 0 0 0 0 0 0 0 0 0 0 0 0 0 0 0 0 0 0 0 0 0 
0 0 0 0 0 0 0 0 0 0 0 1 0 0 0 0 0 0 0 0 0 0 0 0 0 0 0 0 0 0 0 0 0 0 0 0 0 0 0 0 
0 0 0 0 0 1 0 1 0 0 0 0 1 0 1 0 0 1 2 0 1 1 0 2 0 0 0 0 0 0 0 0 0 0 0 0 0 0 0 0 
0 0 0 0 0 0 0 0 0 0 0 0 0 0 0 0 0 0 0 0 0 0 0 0 0 0 0 0 0 0 0 0 0 0 0 0 0 0 0 0 

1 0 0 0 0 0 0 0 1 0 0 2 0 3 0 0 0 0 0 0 0 0 0 0 0 0 0 0 0 0 1 0 0 0 0 0 0 0 0 0 
0 0 0 0 0 0 0 0 1 0 0 0 1 3 0 0 1 1 1 1 1 0 1 0 0 0 0 0 0 0 0 1 0 0 0 0 0 0 0 0 
0 0 0 0 0 0 0 0 0 0 0 0 0 0 0 0 0 0 0 0 0 0 0 0 0 0 0 0 0 0 1 0 0 0 0 0 0 0 0 0 
1 0 0 0 0 1 0 0 0 0 0 0 0 0 0 0 0 0 0 0 0 0 0 0 0 0 0 0 0 0 0 0 0 0 0 0 0 0 0 0 
0 0 0 0 0 0 0 0 0 0 2 0 0 0 0 1 2 0 0 0 0 0 0 0 1 0 0 1 0 0 0 0 0 0 0 0 0 0 0 0 
0 0 0 0 0 0 0 0 0 0 0 0 0 0 0 0 0 0 0 0 0 0 0 0 1 0 0 0 0 0 0 1 0 0 1 0 0 0 0 0 
0 0 0 0 0 0 0 0 0 0 0 0 0 0 0 0 0 1 0 0 0 0 0 0 0 0 0 0 0 0 0 0 0 1 0 0 0 0 0 0 
0 0 0 0 0 0 0 0 0 1 0 0 0 0 1 1 0 0 1 0 0 0 0 0 0 1 0 1 0 0 0 0 0 0 0 0 0 0 0 0 
0 0 0 0 0 0 0 0 0 0 0 0 0 0 0 0 1 0 0 0 0 1 0 0 0 1 0 0 0 0 0 0 0 0 1 0 0 0 0 0 
0 0 0 0 0 0 0 0 0 0 0 0 0 0 0 0 0 0 1 0 0 0 0 0 0 0 0 0 0 0 0 0 0 0 0 0 0 0 0 0 
0 0 0 0 0 0 0 0 0 0 0 0 1 1 0 2 0 0 1 2 1 0 1 1 1 0 0 0 1 0 0 0 0 0 0 0 0 0 0 0 
0 1 0 0 0 0 0 0 0 0 0 0 0 0 0 1 1 0 0 0 0 0 0 0 0 0 0 0 0 0 0 0 0 0 0 0 0 0 0 0 
0 0 0 0 0 0 0 0 0 0 0 0 0 0 0 1 0 1 0 0 0 0 0 0 0 1 0 0 0 0 0 0 0 0 0 0 0 0 0 0 
0 0 0 0 0 0 0 0 0 0 0 0 0 0 1 0 0 1 0 1 0 1 3 1 1 1 0 0 0 0 0 0 0 0 0 0 0 0 0 0 
0 0 0 0 0 0 0 0 1 0 0 0 0 0 0 0 0 0 0 0 0 0 0 1 0 0 0 0 0 1 0 0 0 0 0 0 0 0 0 0 
0 0 0 0 0 0 0 0 0 0 0 0 0 0 0 0 0 0 0 0 3 0 0 0 0 0 0 0 1 0 0 0 0 0 0 0 0 0 0 0 
1 0 0 0 0 0 0 0 0 0 0 1 0 0 0 0 1 0 0 0 0 0 0 0 1 0 1 0 0 0 0 0 0 0 0 0 0 0 0 0 
0 0 0 0 0 0 0 0 0 0 1 0 0 0 0 0 0 0 0 0 0 0 0 0 0 0 0 0 0 0 0 0 0 0 0 0 0 0 0 0 
0 0 0 0 0 0 0 0 0 0 0 0 0 0 0 0 0 0 0 0 0 0 0 0 0 0 0 0 0 0 0 0 0 0 0 0 0 0 0 0 
0 0 0 0 0 0 0 0 0 0 0 1 0 0 0 0 0 0 1 0 0 0 0 0 0 0 0 0 0 0 0 0 0 0 0 0 0 0 0 0 
0 0 0 0 0 0 0 0 0 0 0 0 0 0 0 0 0 1 0 0 0 0 0 0 0 1 0 0 0 0 0 0 0 0 0 0 0 0 0 0 
0 0 0 0 0 0 0 0 0 0 0 0 0 0 0 0 0 0 0 0 0 0 0 0 0 0 0 0 0 0 0 0 0 0 0 0 0 0 0 0 
0 0 0 0 0 0 0 0 0 0 0 1 0 0 1 0 1 0 0 0 1 1 0 0 0 0 0 0 0 0 0 0 0 0 0 0 0 0 0 0 
0 0 1 0 0 0 0 0 0 0 0 0 0 0 0 0 0 0 0 0 0 0 0 0 0 1 0 0 0 0 0 0 0 0 0 0 0 0 0 0 

0 0 0 1 0 0 0 1 0 0 1 1 0 5 5 1 0 0 0 1 0 1 0 0 0 0 0 1 0 0 0 0 0 0 0 0 0 0 0 0 
0 0 0 0 0 0 0 0 0 0 0 1 1 3 1 2 1 1 0 1 0 1 0 0 1 1 0 0 1 0 0 0 0 0 0 0 0 0 0 0 
0 0 0 0 0 0 0 0 0 0 0 0 0 0 0 0 0 1 0 0 0 1 1 0 0 0 0 0 0 0 0 0 0 0 0 0 0 0 0 0 
0 0 0 0 0 0 0 0 1 1 0 0 0 1 0 0 0 1 0 0 0 1 1 0 1 1 0 1 0 0 0 0 0 0 0 0 0 0 0 0 
0 0 0 1 0 0 2 0 0 0 0 1 0 2 0 0 1 0 0 0 1 0 0 0 0 0 0 0 1 0 0 0 0 0 0 0 0 0 0 1 
0 0 0 0 0 0 0 0 0 0 0 0 0 0 0 0 1 0 0 0 0 0 0 0 0 0 0 0 0 0 0 0 0 0 0 0 0 0 0 0 
0 0 0 0 0 0 0 0 0 0 0 0 0 0 0 0 0 0 0 0 0 0 0 0 0 0 0 0 0 1 0 0 0 0 0 0 0 0 0 0 
0 0 0 0 0 0 0 0 0 0 0 0 0 0 1 2 1 0 1 1 1 1 1 0 0 0 0 0 0 0 0 0 0 0 0 0 0 0 0 0 
0 0 0 0 0 0 0 0 0 0 0 0 0 0 0 0 0 0 0 0 2 0 1 1 0 0 1 0 0 0 0 1 0 0 0 0 0 0 0 0 
0 0 0 0 0 0 0 0 0 0 0 0 0 0 0 0 1 0 0 0 0 0 1 1 0 0 1 0 0 0 0 0 1 0 0 0 0 0 0 0 
0 0 0 0 1 0 0 1 0 0 0 0 0 0 0 2 0 1 1 0 0 0 0 1 0 1 0 0 0 0 0 0 0 0 0 0 0 0 0 0 
0 0 0 0 0 0 0 0 0 0 1 0 0 1 0 0 0 0 0 0 0 0 0 0 0 0 0 0 0 0 0 0 0 0 0 0 0 0 0 0 
0 0 0 0 0 0 0 0 0 0 0 0 0 0 0 1 0 0 0 0 0 0 1 0 0 0 0 0 0 1 1 0 0 0 0 0 0 0 0 0 
0 0 0 0 0 0 0 0 0 2 0 0 0 1 0 2 0 0 0 1 0 0 0 2 1 2 2 0 0 0 0 0 0 0 0 0 0 0 0 0 
0 0 0 0 0 0 0 0 0 0 0 0 1 0 0 1 0 0 0 0 2 0 1 0 0 0 0 0 0 0 0 1 0 0 0 0 0 0 0 0 
0 0 0 0 0 0 0 0 0 0 0 0 0 0 0 2 2 0 0 0 0 0 0 0 0 0 0 0 0 0 0 0 0 0 0 0 0 0 0 0 
0 0 0 0 0 0 0 0 1 0 0 0 0 1 1 0 2 0 0 0 1 0 0 0 0 1 0 1 0 0 0 0 0 0 0 0 0 0 0 0 
0 0 0 0 0 0 0 0 0 0 0 0 0 0 0 1 0 0 1 0 0 0 1 0 0 0 0 0 0 0 0 0 0 0 0 0 0 0 0 0 
0 0 0 1 0 0 0 0 0 0 0 0 0 0 0 0 0 0 0 1 0 0 0 1 0 0 0 1 0 0 0 0 0 0 0 0 0 0 0 0 
0 0 0 0 0 0 1 0 0 0 0 0 0 0 0 2 1 1 0 1 0 0 1 2 0 1 0 0 0 0 0 0 0 0 0 0 0 0 0 0 
0 0 0 0 0 0 1 0 0 0 0 0 0 0 1 0 0 0 1 0 1 0 0 0 0 0 0 0 0 0 0 0 0 0 0 0 0 0 0 0 
0 0 0 0 0 0 0 0 0 0 0 0 0 1 0 0 0 0 1 0 0 0 0 0 0 0 0 0 0 0 0 0 0 0 0 0 0 0 0 0 
0 0 0 0 0 0 0 0 0 0 0 0 0 0 1 2 1 1 1 2 1 0 1 1 0 0 0 0 0 0 0 0 0 0 0 0 0 0 0 0 
0 0 0 0 0 0 0 0 0 0 0 0 1 1 0 0 2 0 0 0 0 0 0 0 0 0 0 0 0 0 0 0 0 0 0 0 0 0 0 0 

0 0 0 0 0 0 0 0 0 0 1 0 1 2 2 4 0 0 0 1 0 1 0 0 0 0 0 1 0 0 0 0 0 0 0 0 0 0 0 0 
0 0 0 0 0 0 0 0 0 2 0 2 0 3 3 1 1 0 1 1 0 0 0 0 0 0 0 0 0 1 0 0 0 0 0 0 0 0 0 0 
0 0 0 0 0 0 0 0 0 0 0 0 1 0 0 0 3 0 1 0 0 0 0 0 0 1 0 0 0 0 0 0 0 0 0 0 0 0 0 0 
0 0 0 0 0 0 0 0 0 0 0 1 0 0 1 0 0 0 0 1 0 0 0 0 0 0 0 0 0 1 0 0 0 0 0 0 0 0 0 0 
0 0 0 0 0 1 0 0 0 1 0 0 1 0 0 1 3 0 0 1 1 0 0 0 0 0 1 1 0 0 0 0 0 0 0 0 0 0 0 0 
0 0 0 0 0 0 0 0 0 0 0 0 0 0 0 0 0 0 0 0 0 0 0 0 0 0 0 0 0 0 0 0 0 1 0 0 0 0 0 0 
0 0 0 0 0 0 0 1 0 0 0 0 1 0 0 0 2 0 0 1 0 0 1 2 0 0 0 0 1 0 0 0 0 0 0 0 0 0 0 0 
0 0 0 0 0 0 0 0 0 0 0 1 0 2 0 3 1 1 0 0 1 0 1 0 0 0 1 0 0 0 0 0 0 0 0 0 0 0 0 0 
0 0 0 0 0 0 0 0 0 0 0 0 0 0 0 1 0 0 0 1 0 0 1 1 0 0 0 1 0 0 0 0 0 0 0 0 0 0 0 0 
0 0 0 0 0 0 0 0 0 0 0 0 0 0 2 2 3 0 1 0 0 0 0 2 1 0 0 0 0 0 0 0 0 1 0 0 0 0 0 0 
0 0 0 0 0 0 0 0 0 0 0 0 0 0 0 2 4 1 1 1 0 0 0 1 0 1 0 0 0 0 0 0 0 0 0 0 0 0 0 0 
0 0 0 0 0 0 0 0 0 0 0 1 0 0 0 0 0 0 0 0 0 0 1 0 1 0 0 0 0 0 0 0 0 0 0 0 0 0 0 0 
0 0 0 0 0 0 0 0 0 0 0 0 1 0 0 0 1 0 0 0 0 0 0 0 1 0 2 0 0 0 0 0 0 1 0 0 0 0 0 0 
0 0 0 0 0 0 0 0 0 2 0 3 0 0 1 1 0 2 2 1 0 2 3 2 1 0 1 0 0 0 0 0 0 0 0 0 0 0 0 0 
0 0 0 0 0 0 0 0 0 0 0 0 0 1 0 2 1 0 0 0 0 0 0 0 1 0 0 0 1 0 0 0 0 0 0 1 0 0 0 0 
0 0 0 0 0 0 0 0 0 0 0 0 0 2 0 0 1 0 1 0 0 0 0 0 0 0 0 0 0 0 0 0 0 0 0 0 0 0 0 0 
0 0 0 0 0 0 0 0 0 1 0 1 0 0 0 1 0 1 1 0 1 1 1 0 1 1 0 0 0 0 0 0 0 0 0 0 0 0 0 0 
0 0 0 0 0 0 0 0 0 0 0 0 0 0 0 0 0 0 0 0 0 0 0 1 0 0 0 0 0 0 0 0 0 0 0 0 0 0 0 0 
0 0 0 0 0 0 0 0 0 0 0 0 0 1 0 0 0 1 0 0 0 0 0 0 0 2 0 1 0 0 0 0 1 0 0 0 0 0 0 0 
0 0 0 0 0 0 0 0 1 1 0 0 1 1 1 0 0 0 0 2 1 0 0 0 0 0 0 0 0 0 0 0 0 0 0 0 0 0 0 0 
0 0 0 0 0 0 0 0 0 0 0 0 0 0 2 0 0 0 0 0 0 0 0 0 2 0 0 0 0 0 0 0 0 0 0 0 0 0 0 0 
0 0 0 0 0 0 0 0 0 0 0 0 0 0 0 0 0 0 1 0 0 0 1 0 0 0 0 0 0 0 0 0 0 0 0 0 0 0 0 0 
0 0 0 0 0 0 0 0 0 0 0 1 1 0 1 1 1 3 0 0 0 0 1 0 0 1 0 0 0 0 0 0 0 0 0 0 0 0 0 0 
0 0 0 0 0 0 0 0 0 0 0 0 0 0 0 1 0 0 0 0 0 0 0 0 0 0 0 0 0 0 0 0 0 0 0 0 0 0 0 0 

0 0 0 0 1 0 0 1 0 2 0 4 2 7 8 2 2 0 1 0 0 0 0 0 0 0 0 0 0 1 0 0 0 0 0 0 0 0 0 0 
0 0 0 0 0 0 0 0 1 1 1 2 0 5 2 2 1 1 1 2 0 0 0 0 0 0 0 1 0 0 0 0 1 0 0 0 0 0 0 1 
0 0 0 0 0 0 0 0 0 0 0 0 0 1 0 1 2 0 1 0 0 0 0 0 0 0 0 1 0 0 0 0 0 0 0 0 0 0 0 0 
0 0 0 0 0 0 0 0 0 3 0 1 3 0 1 2 2 0 0 0 0 1 1 1 0 0 0 0 0 0 0 0 0 0 0 0 0 0 0 0 
0 1 0 0 0 0 1 0 0 0 1 2 2 4 1 3 5 0 0 1 0 0 2 0 0 1 0 0 0 0 0 0 0 0 0 0 0 0 0 0 
0 0 0 0 0 0 0 0 0 0 0 0 0 0 1 1 1 0 0 0 0 1 2 0 0 1 0 1 0 0 0 0 0 0 0 1 0 0 0 0 
0 0 0 0 0 0 0 0 0 0 0 0 0 0 1 1 4 0 1 0 0 1 0 1 1 1 0 0 0 0 0 0 0 0 0 0 0 0 0 0 
0 0 0 0 1 0 0 0 2 0 0 1 0 2 1 3 4 0 1 1 0 4 1 0 1 0 2 0 0 0 0 1 0 0 0 0 0 0 0 0 
0 0 0 1 0 0 0 1 0 0 0 0 0 2 1 3 0 0 0 0 0 0 1 0 0 0 0 0 1 0 0 0 0 0 0 0 0 0 0 0 
0 0 0 0 0 0 0 0 0 0 0 1 0 0 2 0 0 1 0 0 0 0 1 0 0 0 1 0 0 0 0 0 0 0 0 0 0 0 0 0 
0 0 0 1 0 0 0 0 0 0 0 0 0 2 1 10 3 1 0 2 0 0 1 0 0 1 0 0 0 1 0 0 0 0 0 0 0 1 0 0 
0 0 0 0 0 0 0 0 0 0 0 0 0 0 0 2 1 1 0 0 1 1 0 0 0 1 2 1 0 0 0 0 0 0 0 0 0 0 1 0 
1 0 0 0 0 0 0 0 0 0 0 0 1 0 0 0 1 2 2 0 2 2 0 0 2 0 0 0 0 0 0 0 0 0 0 0 0 0 0 0 
0 2 0 0 0 0 0 2 0 1 1 0 1 2 2 1 0 0 0 0 0 1 0 2 1 0 0 1 0 0 0 0 0 0 0 0 0 0 0 0 
0 0 0 0 0 0 0 0 0 1 0 0 1 1 1 1 1 0 1 1 2 1 1 0 0 0 0 0 0 0 0 0 0 0 0 0 0 0 0 0 
0 0 0 0 0 0 0 0 0 0 0 0 0 0 0 0 1 1 0 1 0 2 1 0 0 0 1 0 0 0 0 0 0 0 0 0 0 0 0 0 
0 0 0 0 0 0 0 0 0 0 1 1 1 1 1 5 2 2 0 1 0 1 0 1 1 1 0 0 1 0 0 0 0 0 0 0 0 0 0 0 
0 0 0 0 0 0 0 1 0 0 0 0 1 0 0 1 0 0 1 2 0 1 0 1 0 0 0 0 0 0 0 0 0 0 0 0 0 0 0 0 
0 0 0 0 0 0 0 0 0 0 0 0 0 0 0 1 2 0 1 1 0 0 2 1 0 0 0 0 0 0 0 0 0 0 0 0 0 0 0 0 
0 0 0 0 0 1 0 0 0 1 0 1 1 0 1 1 1 2 2 0 2 1 4 1 1 0 0 1 0 0 0 0 0 0 0 0 0 0 0 0 
0 0 0 0 0 0 0 0 0 0 0 0 0 0 0 1 2 1 0 2 3 0 1 0 2 1 0 0 1 0 0 0 0 0 0 0 0 0 0 0 
0 0 0 0 0 0 0 0 0 0 0 0 0 1 1 1 0 1 0 1 0 0 0 0 0 0 0 0 0 0 0 0 0 0 1 0 0 0 0 0 
0 0 0 0 0 0 0 0 0 0 0 1 0 0 1 2 1 1 2 1 2 0 0 0 0 1 0 0 0 0 0 0 0 0 0 0 0 0 0 0 
0 0 0 0 0 0 0 0 0 0 0 0 0 0 1 0 0 1 0 0 0 0 1 0 0 0 0 0 0 0 0 0 0 0 0 0 0 0 0 0 

1 0 0 0 0 0 0 2 0 0 2 4 1 16 5 4 0 0 0 0 1 0 0 0 0 0 0 0 0 1 0 0 0 0 0 0 0 0 0 0 
0 0 0 0 0 1 0 0 0 1 0 1 2 15 8 5 2 3 0 2 0 2 0 1 0 0 0 0 0 1 0 0 0 0 0 0 0 0 0 0 
0 0 0 0 0 0 0 0 0 0 0 1 0 2 3 3 2 0 0 0 0 0 0 0 0 0 0 0 0 0 0 0 0 0 0 0 0 0 0 0 
0 0 1 0 0 0 0 0 0 1 1 0 0 1 0 3 1 2 0 1 0 0 2 0 0 1 0 0 1 0 0 0 0 0 0 0 0 0 0 0 
0 0 0 2 0 0 0 0 0 1 0 1 0 4 1 7 3 0 1 2 2 2 3 1 0 2 0 0 0 0 0 0 0 0 0 0 0 0 0 0 
0 0 0 0 0 0 0 0 1 0 2 1 0 0 1 1 1 0 1 0 1 0 0 0 0 1 1 0 0 0 0 0 0 0 0 0 0 0 0 0 
0 0 0 0 0 0 0 0 0 1 0 2 1 2 0 2 3 0 1 0 1 1 0 0 1 1 1 0 1 0 0 0 0 0 0 0 0 0 0 0 
0 0 1 0 0 0 0 0 0 1 0 2 1 0 0 1 4 0 1 0 1 3 1 0 0 0 2 0 1 0 0 0 0 0 0 1 0 0 0 0 
1 0 0 0 0 0 0 0 0 0 0 0 1 1 1 1 2 0 1 0 0 0 0 0 0 0 0 0 0 0 0 0 0 0 0 0 0 0 0 0 
0 0 0 0 0 0 0 0 0 1 0 0 0 1 0 2 2 1 0 2 0 3 1 2 0 0 0 0 0 0 1 0 0 0 0 0 0 0 0 0 
0 0 1 0 1 0 0 0 0 1 0 2 0 0 7 5 1 1 1 0 0 0 2 0 1 1 0 0 0 0 0 0 1 0 0 0 0 0 0 0 
0 0 0 0 0 0 0 0 0 0 0 0 0 0 0 1 0 0 1 1 1 0 0 0 0 0 0 0 1 0 0 0 0 0 0 0 0 0 0 0 
0 0 0 0 0 0 0 0 0 0 0 1 0 1 1 2 3 0 1 1 0 3 2 0 1 1 1 1 0 0 0 0 0 0 0 0 0 0 0 0 
0 0 0 0 0 0 0 0 0 1 1 0 1 0 1 2 3 0 1 0 1 1 0 0 2 0 0 0 0 1 1 0 0 0 0 0 0 0 0 0 
0 0 0 0 0 0 0 0 0 0 0 0 0 0 1 1 1 1 2 2 0 1 1 0 0 1 2 0 0 0 0 0 0 0 0 0 0 0 0 0 
0 0 0 0 0 0 0 0 0 0 0 0 0 1 0 0 0 0 2 2 0 0 2 2 1 1 0 0 0 1 0 0 0 0 0 0 0 0 0 0 
0 0 0 0 0 0 0 0 1 0 0 4 2 1 2 1 1 2 1 0 0 2 1 3 2 0 0 0 0 0 0 0 0 0 0 0 0 0 0 0 
0 0 0 0 0 0 0 0 0 0 0 0 0 0 1 1 0 0 0 0 0 0 0 0 0 1 0 0 0 0 0 0 0 0 0 0 0 0 0 0 
0 0 0 0 0 0 0 1 0 0 0 0 0 0 0 0 0 0 1 0 0 1 0 0 1 0 0 0 0 0 0 1 0 0 0 0 1 0 0 0 
0 0 0 0 0 0 0 0 0 1 1 0 1 1 3 1 1 1 0 0 1 2 0 3 1 2 1 0 1 2 0 0 0 0 0 0 0 0 0 0 
0 0 0 0 0 0 0 0 1 0 0 0 0 0 0 1 0 1 0 0 2 0 0 0 0 0 0 2 0 0 0 0 0 0 0 0 0 0 0 0 
0 0 0 0 0 0 0 0 0 0 0 0 0 0 0 2 1 0 2 0 0 2 0 0 0 0 0 0 0 0 0 0 0 0 0 0 0 0 0 0 
0 0 0 1 0 0 0 0 0 0 0 1 1 1 3 2 4 3 5 0 3 1 0 1 2 0 0 0 1 0 0 0 0 0 0 0 0 0 0 0 
0 0 0 0 0 0 0 0 0 0 0 0 1 0 1 0 0 0 0 1 1 0 0 0 0 0 0 0 0 0 0 0 0 0 0 0 0 0 0 0 

0 0 0 0 1 1 1 0 0 2 2 7 7 14 12 5 5 2 0 1 0 0 2 0 0 0 0 0 3 1 0 0 0 0 0 0 0 0 0 0 
0 0 0 0 0 0 1 0 0 1 1 5 7 10 12 9 5 1 1 1 0 3 1 1 2 0 1 0 0 0 0 0 0 0 0 1 0 0 0 0 
0 0 0 0 2 0 0 1 0 0 2 0 1 1 1 2 1 2 1 0 1 3 2 2 1 0 0 0 0 0 0 0 0 0 0 0 0 0 0 0 
0 0 0 0 0 0 0 1 0 0 0 3 1 1 3 4 5 2 1 2 2 1 0 0 0 0 1 0 0 0 0 0 0 0 0 0 0 0 0 0 
0 0 0 0 0 1 0 0 1 0 10 3 4 3 7 6 10 6 4 1 3 3 1 0 1 0 1 0 0 0 0 0 0 0 0 0 0 0 0 0 
0 0 0 0 0 0 0 1 0 0 0 1 0 0 2 4 1 1 2 0 2 1 0 1 0 0 0 0 0 0 0 0 0 0 0 0 1 0 0 0 
3 0 0 0 1 0 1 0 0 0 0 0 0 2 3 3 1 0 0 0 2 1 0 0 0 0 0 0 0 0 1 0 0 0 0 0 0 0 0 0 
1 0 0 0 0 0 0 0 1 3 5 3 4 2 2 7 6 2 6 1 6 3 1 3 1 0 0 0 1 0 0 0 0 0 0 0 0 0 0 0 
0 0 0 0 0 0 0 0 0 0 1 2 0 1 2 5 2 3 1 1 0 2 1 3 3 2 0 1 0 0 1 0 0 0 0 0 0 0 0 0 
0 0 0 0 0 0 0 0 0 0 0 0 1 0 1 5 3 2 2 0 1 2 1 0 3 1 0 0 0 0 0 0 0 0 0 0 0 0 0 0 
1 0 0 0 0 0 0 0 0 1 0 2 3 5 4 8 4 3 1 2 0 1 2 5 2 3 1 0 0 0 1 0 0 0 0 0 0 0 0 0 
0 0 0 0 0 0 0 0 0 1 0 1 0 0 1 2 5 3 0 0 1 1 1 0 1 1 0 0 0 0 0 1 0 0 0 0 0 0 0 0 
0 0 0 0 0 0 1 1 0 2 1 1 1 3 0 2 5 0 0 1 1 2 1 1 3 1 0 0 0 1 0 0 0 0 0 0 0 0 0 0 
0 0 0 0 0 0 0 0 1 2 0 0 2 3 6 7 5 1 0 1 1 1 1 1 1 1 0 1 0 0 0 0 0 0 0 0 0 0 0 0 
0 0 0 0 1 0 0 0 0 0 2 0 0 1 3 3 1 0 0 0 0 1 1 1 0 0 0 2 1 0 0 0 0 0 0 0 0 0 0 0 
0 0 0 0 0 0 1 0 0 0 0 0 2 2 0 1 2 2 1 2 0 1 1 2 0 0 0 0 0 0 0 0 0 0 0 0 0 0 0 0 
0 0 0 0 0 0 0 1 1 1 0 2 4 4 2 4 6 4 1 2 1 5 1 3 0 1 1 1 0 0 0 0 0 0 0 0 0 1 0 0 
1 0 0 0 0 0 0 0 0 1 0 1 1 2 4 2 4 1 0 1 2 4 3 1 1 1 0 0 0 0 0 0 0 0 0 0 0 0 0 0 
0 0 0 0 0 0 1 0 0 0 0 0 1 2 0 1 3 2 2 0 0 0 1 0 0 0 0 0 0 0 0 0 0 0 0 0 0 0 0 0 
0 0 0 0 0 0 0 0 0 0 0 1 5 2 8 5 7 4 2 4 1 2 1 2 1 2 0 0 0 0 0 0 0 0 0 0 0 0 0 0 
0 0 0 0 0 0 0 0 0 0 0 0 0 1 1 1 1 1 1 2 1 0 0 1 1 0 1 1 0 0 0 0 0 0 0 0 0 0 0 0 
0 0 1 0 0 0 0 0 0 0 0 0 1 0 1 0 1 2 2 0 0 1 1 1 2 0 0 0 0 0 0 0 0 0 0 0 0 0 0 0 
0 0 0 0 0 0 0 0 0 0 0 2 1 1 2 6 3 7 3 5 3 2 2 2 0 0 0 0 0 0 0 0 0 0 0 0 0 0 0 0 
0 0 0 0 0 0 0 0 0 0 0 0 0 1 2 3 0 0 0 1 1 2 0 0 1 0 0 0 0 0 1 0 0 0 0 0 0 0 0 0 

0 0 0 0 0 1 0 4 0 3 1 10 7 32 21 8 6 4 3 5 3 3 0 0 0 1 0 1 2 0 0 0 0 0 0 0 0 0 0 0 
1 0 0 0 0 0 0 0 1 0 2 1 7 25 16 8 5 6 3 1 0 3 2 0 1 0 0 0 0 0 0 0 0 0 0 0 0 0 0 0 
0 0 0 0 0 0 0 0 0 0 1 1 0 0 0 5 2 1 2 1 1 1 1 0 0 0 0 1 1 0 1 0 0 0 0 0 0 0 0 0 
0 0 0 0 0 0 0 0 0 1 1 2 2 3 9 4 3 3 4 2 1 6 1 2 1 3 2 0 0 0 1 0 1 0 0 0 0 0 0 0 
0 0 0 0 0 0 2 2 0 2 6 2 6 10 5 14 2 3 3 1 3 2 1 1 1 0 1 1 0 0 1 0 0 0 0 0 0 0 0 0 
0 0 0 0 0 0 0 0 0 0 0 1 1 0 1 1 1 2 6 0 1 1 3 1 0 1 1 2 0 0 1 0 0 0 0 0 0 0 0 0 
0 0 0 0 0 0 0 0 0 0 0 1 2 0 1 9 4 1 4 2 0 1 2 2 3 0 2 0 1 2 1 0 0 0 0 0 0 0 0 0 
0 0 0 0 0 0 0 0 0 0 2 2 3 3 4 4 7 4 4 1 1 5 3 4 0 1 1 1 1 1 0 0 0 0 0 0 0 0 0 0 
0 0 0 0 0 0 0 0 0 1 0 3 0 0 1 3 1 1 1 2 0 0 0 1 0 0 1 0 1 1 1 0 0 0 0 0 0 0 0 0 
1 0 0 0 0 0 1 0 0 2 0 0 2 2 3 7 3 2 5 0 2 2 1 0 1 0 0 0 0 0 0 0 0 0 0 0 0 0 0 0 
0 0 0 0 0 1 0 2 0 0 0 3 2 2 4 5 8 4 3 3 2 4 4 3 5 1 1 0 0 0 1 0 0 0 1 0 0 0 0 0 
0 1 0 0 0 0 0 0 0 0 0 0 0 1 0 3 1 1 1 0 0 2 2 0 0 1 1 2 0 0 0 0 0 0 0 0 0 0 0 0 
0 0 0 0 0 0 0 0 1 0 0 0 1 2 3 1 5 2 7 2 5 0 1 0 2 1 1 0 0 1 0 0 0 0 0 0 0 0 0 0 
0 0 0 0 0 0 1 0 0 1 0 1 1 2 4 10 6 2 3 1 3 3 1 3 6 1 3 0 0 0 0 0 0 1 1 0 0 0 0 0 
0 0 0 0 0 0 0 0 0 0 1 0 1 0 1 6 5 0 0 1 1 0 2 0 3 0 0 0 0 0 0 0 1 1 0 1 0 0 0 0 
0 0 0 0 0 0 0 0 0 0 0 0 1 1 0 7 6 3 6 3 2 2 0 1 0 1 0 0 0 0 1 0 0 0 0 0 0 0 0 0 
0 0 0 0 0 0 0 0 2 0 0 0 0 5 1 10 6 5 2 2 1 2 2 4 4 2 2 0 0 0 0 1 0 0 0 0 0 0 0 0 
0 0 0 0 0 0 0 0 0 0 0 1 0 0 1 3 2 2 1 0 0 2 1 1 1 0 0 1 1 0 0 0 0 0 0 0 0 1 0 0 
0 0 0 0 0 0 0 0 0 0 1 0 0 0 1 5 0 1 2 0 1 2 2 1 2 1 2 0 0 0 0 0 0 0 0 0 0 0 0 0 
0 0 0 0 0 0 0 1 3 0 0 0 3 0 3 5 6 3 3 1 4 2 4 6 4 0 0 1 0 1 0 1 0 0 0 0 0 0 0 0 
0 0 0 0 0 0 0 0 0 1 1 0 0 0 1 2 0 2 0 0 1 2 0 1 0 0 0 0 0 0 0 1 0 0 0 0 0 0 0 0 
0 0 1 0 0 0 0 0 0 0 0 1 0 1 0 1 3 4 4 0 2 5 1 1 2 0 0 0 1 0 0 0 0 0 0 0 0 0 0 0 
0 0 0 0 0 0 0 0 2 0 1 1 1 1 3 5 6 4 8 2 1 1 0 2 0 1 0 0 0 1 0 0 0 0 0 0 0 0 0 0 
0 0 0 0 0 0 0 0 0 0 0 0 0 0 2 2 1 2 1 0 0 0 0 0 0 0 0 0 0 0 0 0 0 0 0 0 0 0 0 0 

0 0 0 0 0 0 1 2 3 1 2 14 16 106 34 20 7 2 5 2 0 4 5 1 2 1 0 3 1 3 0 0 0 0 0 0 0 0 0 0 
3 1 0 0 0 0 0 1 2 2 5 11 48 65 37 14 11 3 2 3 2 4 2 3 2 1 3 0 1 3 0 0 0 0 0 0 1 0 0 0 
0 0 0 0 0 1 1 0 3 2 2 10 22 26 13 14 9 8 3 2 1 4 0 0 0 0 0 1 0 0 0 0 1 0 0 1 0 0 0 0 
0 1 1 0 0 0 1 1 3 3 2 3 10 7 12 12 14 4 8 2 3 8 3 2 1 2 0 0 0 0 0 0 0 0 0 0 0 0 0 0 
0 0 0 0 3 0 0 1 1 1 13 6 10 16 17 19 10 3 7 3 4 5 1 2 1 1 0 1 0 0 0 0 0 1 0 0 0 0 0 0 
0 0 0 0 0 0 0 0 0 1 3 5 6 5 4 8 10 9 2 2 3 1 0 2 2 3 3 0 0 1 0 0 0 1 0 1 0 0 0 0 
0 0 0 0 0 0 0 0 0 1 0 4 2 2 4 13 12 7 3 4 0 4 3 0 3 1 0 1 1 0 0 0 0 0 0 0 0 0 0 0 
0 0 0 0 1 0 0 0 2 2 3 1 4 3 7 19 9 7 3 5 5 7 2 8 1 1 0 0 0 0 0 1 0 0 0 0 0 0 0 0 
0 0 0 0 0 0 0 0 0 2 1 0 1 1 5 14 8 3 5 1 2 2 1 0 2 6 3 1 0 0 0 0 1 0 0 1 0 0 0 0 
0 0 0 0 0 0 0 0 2 2 1 1 2 1 2 7 15 6 4 5 3 0 1 3 3 1 1 0 0 1 0 0 0 0 0 0 0 0 0 0 
0 0 0 1 0 0 0 0 0 0 0 3 6 4 13 20 13 8 12 1 5 8 2 3 5 4 2 0 2 0 0 0 0 0 0 0 0 0 1 0 
0 0 0 0 1 0 0 0 1 0 1 1 1 3 2 12 7 7 4 3 2 0 4 2 2 0 1 0 1 1 2 0 0 0 0 0 0 0 0 0 
0 0 0 0 0 1 0 0 0 1 0 0 2 2 3 10 9 8 4 2 2 2 7 0 0 1 1 2 0 1 0 0 0 0 0 0 0 0 0 0 
0 0 0 0 0 0 0 0 1 2 3 4 7 4 15 26 11 8 1 5 5 1 4 7 2 2 3 0 0 0 0 0 0 2 0 0 0 0 0 0 
0 0 0 0 0 0 0 0 0 1 0 0 2 1 5 9 5 6 4 4 3 1 2 2 0 2 0 1 0 1 1 0 0 0 0 1 0 0 0 0 
0 1 0 1 1 0 0 0 1 1 1 2 0 2 5 4 5 2 2 2 1 2 1 2 2 1 0 1 0 0 0 0 0 0 0 0 0 0 0 0 
0 0 0 0 0 0 0 0 0 0 0 1 2 3 8 11 6 5 7 5 9 4 1 7 2 3 3 1 1 1 1 0 1 0 0 0 0 0 0 0 
0 0 0 0 0 0 0 0 0 1 0 0 1 0 6 7 12 5 1 4 5 2 2 8 2 3 0 0 2 0 0 0 0 0 0 0 0 0 0 0 
0 0 0 0 0 0 1 1 0 0 0 1 0 3 5 4 7 4 7 0 3 1 1 3 3 1 0 0 0 0 0 0 0 0 0 0 1 0 0 0 
0 0 0 0 0 0 1 0 0 2 1 2 4 4 5 10 5 9 7 5 3 7 2 6 5 1 1 0 0 0 0 0 0 0 0 0 0 0 0 0 
1 0 0 0 0 1 0 0 0 1 0 2 0 1 3 4 3 1 6 3 3 3 4 2 1 1 2 1 0 0 0 0 0 1 0 0 0 0 0 0 
0 0 0 1 0 0 0 1 0 0 0 0 0 5 0 2 4 2 2 2 0 1 2 4 3 0 1 0 0 0 0 0 0 0 0 0 0 0 0 0 
0 0 0 0 0 0 0 0 0 0 1 1 1 1 5 7 12 16 7 1 2 4 4 4 4 1 1 0 0 0 0 0 0 0 0 0 0 0 0 0 
0 0 0 0 1 0 0 0 0 0 0 0 0 0 5 3 3 4 3 3 5 4 2 0 1 0 0 0 0 0 0 0 1 0 0 0 0 0 0 0 

0 0 0 0 0 0 0 1 0 2 0 33 28 235 82 47 10 11 4 2 5 6 2 3 0 1 1 0 0 0 1 0 0 0 0 0 0 0 0 0 
2 2 0 2 0 0 0 0 0 0 4 9 554 142 37 28 23 4 10 5 4 1 4 3 1 0 2 1 0 2 1 0 0 0 0 0 1 0 0 0 
0 0 0 1 0 1 1 1 4 6 0 9 45 27 24 19 10 3 3 4 3 2 5 0 1 0 0 0 2 1 0 0 0 0 0 0 0 0 0 0 
1 0 1 1 0 1 0 3 2 7 1 8 18 15 35 15 40 8 8 3 8 6 7 1 2 0 2 1 2 0 1 0 0 0 0 0 0 0 0 0 
0 1 0 0 0 0 0 1 1 1 5 8 7 15 6 21 10 4 12 3 3 4 6 2 0 1 1 2 2 1 1 0 0 0 0 0 0 0 0 0 
0 0 0 0 0 0 0 1 0 3 1 1 3 1 8 10 8 2 1 3 0 1 2 2 2 0 0 0 2 0 0 0 1 0 0 0 0 0 0 0 
0 1 0 0 1 0 1 1 0 2 2 7 3 6 10 14 17 10 2 2 6 3 5 4 2 4 4 0 2 1 0 0 0 0 0 0 0 0 0 0 
1 0 0 0 0 0 0 0 1 1 4 3 4 4 6 16 18 7 3 7 4 6 8 3 1 0 2 3 2 2 1 0 1 0 0 0 0 0 0 0 
0 0 0 0 0 0 0 0 0 3 0 0 1 1 5 7 13 8 2 2 2 3 3 2 3 1 5 1 1 0 0 0 0 0 0 0 0 0 0 0 
1 0 0 0 1 0 1 0 0 0 0 3 1 5 6 24 24 1 4 2 2 4 5 3 6 4 3 1 2 1 1 0 0 0 0 0 0 0 1 0 
0 1 0 0 0 0 0 0 1 1 3 1 5 5 16 24 19 9 4 1 5 1 3 11 7 1 6 1 1 1 1 1 1 1 0 0 0 0 0 0 
0 0 0 0 0 0 0 0 0 1 2 1 1 1 7 13 13 8 2 1 1 1 1 1 3 4 0 0 0 0 0 0 0 0 0 0 0 0 0 0 
0 0 0 0 0 0 0 1 0 1 1 1 2 6 5 19 29 8 10 7 7 5 2 2 7 1 0 0 0 0 0 0 0 0 0 0 0 0 0 0 
0 0 0 0 0 0 0 0 0 2 0 1 5 6 13 16 20 10 4 6 7 6 4 15 6 3 0 2 1 1 0 0 0 0 0 2 0 0 0 0 
0 0 0 0 0 0 0 0 1 0 0 0 2 2 2 5 5 3 1 1 4 0 0 0 2 0 4 0 0 0 0 0 0 0 0 0 0 0 0 0 
0 0 0 0 0 0 0 1 0 1 0 2 0 1 4 10 7 10 8 6 3 4 2 3 6 4 2 2 0 0 0 0 0 0 0 0 0 0 0 0 
0 0 0 0 0 0 0 0 0 0 1 2 2 6 5 5 14 10 5 8 2 10 4 4 4 2 4 0 0 2 1 0 0 1 0 0 0 0 0 0 
0 0 0 0 1 0 0 0 0 0 2 1 3 1 2 3 12 5 4 2 2 6 4 1 1 1 1 3 0 0 0 0 0 0 1 0 0 0 0 0 
1 0 0 0 0 0 0 0 0 0 1 0 1 2 2 15 8 11 7 3 5 6 2 2 4 1 0 2 0 1 0 0 0 0 0 0 0 0 0 0 
0 0 0 0 0 0 1 0 0 1 2 0 2 5 7 14 15 8 5 3 2 7 4 11 6 1 1 1 0 0 0 0 0 0 0 0 2 0 0 0 
0 1 0 0 0 0 0 0 0 0 1 0 2 3 3 5 4 2 2 2 0 2 5 0 0 2 0 1 0 0 0 0 0 1 0 0 0 0 0 0 
0 0 0 0 0 0 0 0 0 1 0 0 1 6 2 4 3 4 11 3 3 1 2 2 3 4 0 1 1 1 0 0 0 0 0 0 0 1 0 0 
0 0 0 0 0 1 0 1 0 0 2 0 4 2 5 8 16 19 14 6 6 9 3 3 2 0 1 0 0 0 0 0 0 1 0 0 1 1 0 2 
0 0 0 1 0 0 0 0 1 1 0 1 1 0 3 2 4 1 3 3 0 1 1 1 1 0 0 0 0 1 1 0 0 0 0 0 0 0 0 0 

0 0 1 1 0 1 0 2 0 1 2 36 30 352 166 81 41 10 11 5 5 13 7 4 4 2 4 0 1 0 0 0 0 0 0 0 0 0 0 0 
5 2 1 1 0 0 0 0 2 7 2 13 73 242 171 75 63 18 12 17 11 12 7 4 2 2 0 3 3 3 0 0 1 0 0 2 0 0 1 0 
2 0 0 0 2 0 2 1 1 6 7 10 20 39 92 100 55 17 19 15 7 11 5 4 5 4 1 2 2 1 0 3 0 1 1 0 0 0 0 0 
0 0 1 0 0 2 1 2 1 1 1 5 11 22 32 47 46 17 14 10 1 7 3 4 6 2 4 1 4 1 0 1 2 0 1 0 0 0 0 0 
0 1 0 0 0 0 2 1 5 6 9 7 20 24 35 72 35 17 9 4 4 9 6 7 4 3 2 3 2 1 1 1 1 0 0 0 0 0 0 0 
0 0 0 0 1 1 0 0 2 3 7 4 7 20 17 89 44 19 8 6 5 7 7 6 2 1 0 2 1 1 0 0 0 0 0 0 1 0 0 0 
0 0 1 2 0 0 1 2 1 3 2 4 5 9 8 49 50 10 11 7 4 7 8 1 10 1 5 1 3 0 0 2 0 0 0 1 0 0 0 0 
1 1 0 0 0 1 2 2 5 3 6 2 8 8 36 122 62 15 14 7 15 19 6 7 5 4 3 5 0 0 0 1 1 0 0 0 0 0 0 0 
0 0 0 0 2 0 0 1 3 2 3 6 5 12 32 191 62 15 14 13 4 3 2 4 6 3 3 0 3 1 0 0 0 1 0 0 0 0 0 0 
1 0 0 1 0 0 0 0 0 3 0 3 6 16 9 146 71 8 16 6 2 9 3 11 7 5 3 0 2 0 2 1 1 0 0 0 0 0 0 0 
1 0 1 1 0 0 2 2 4 1 2 2 11 14 32 186 59 23 13 8 5 10 6 7 9 15 6 0 2 2 0 0 2 0 0 0 0 0 0 0 
0 1 1 1 0 1 2 1 3 3 3 2 8 13 43 261 96 18 9 8 8 5 12 9 5 8 3 0 0 2 1 0 0 0 0 0 0 0 0 0 
0 0 0 1 1 1 1 0 0 0 0 7 10 9 11 98 109 17 12 5 5 5 5 7 5 7 2 2 0 0 1 2 0 0 0 1 0 0 0 0 
1 0 0 0 1 1 0 0 0 1 3 3 6 13 42 108 96 23 9 4 12 9 7 8 9 1 1 3 1 3 0 0 0 0 1 0 0 0 0 0 
0 2 0 1 0 1 1 0 0 1 2 3 4 9 20 84 113 29 13 6 8 9 3 5 10 1 3 1 0 1 0 0 0 0 0 0 0 0 0 0 
1 0 0 1 0 0 0 2 2 2 3 3 1 7 11 33 55 8 14 9 9 5 5 8 1 2 5 5 0 1 1 2 0 1 0 0 0 0 0 0 
0 0 1 1 0 3 0 1 0 3 6 3 9 10 8 42 53 23 14 7 8 2 9 9 7 3 5 2 2 1 1 0 0 0 0 0 0 0 1 0 
0 1 0 0 1 0 0 0 2 1 4 4 3 10 15 52 100 27 13 9 4 6 10 4 5 4 1 0 0 0 1 0 1 0 0 0 0 0 0 0 
2 0 0 1 0 0 0 1 1 2 0 4 2 6 3 44 48 19 12 4 10 8 2 10 12 1 2 0 1 0 3 0 0 0 0 1 0 0 0 0 
0 0 0 0 0 0 1 0 1 1 4 2 5 5 17 46 49 20 18 2 11 8 8 11 7 5 0 2 0 0 0 2 1 1 0 0 0 0 0 0 
0 0 0 0 2 0 0 2 1 3 0 3 3 3 9 14 46 19 11 9 11 8 4 3 8 2 2 1 1 2 2 0 0 0 0 0 0 0 0 0 
0 0 0 0 0 0 2 0 1 3 0 5 0 6 3 15 31 23 16 6 10 6 4 5 1 2 1 1 3 0 1 0 0 0 1 0 0 0 0 0 
1 0 2 0 0 0 1 1 0 0 2 1 3 7 13 32 36 60 19 12 8 8 10 2 4 0 3 1 1 0 0 0 0 0 0 0 0 0 0 0 
0 0 0 0 2 2 3 0 2 2 3 1 4 12 17 28 46 47 22 9 6 4 3 2 1 2 2 0 0 0 0 1 1 0 0 0 0 0 0 0 

1 0 0 2 0 1 0 1 1 6 0 18 6 248 241 199 65 17 16 8 8 12 19 9 3 6 3 0 1 4 1 0 0 0 0 0 0 0 0 0 
2 0 4 0 1 1 1 1 1 1 2 4 17 85 592 159 86 32 24 7 12 13 15 13 5 7 0 2 4 2 1 3 0 0 1 1 0 2 0 1 
2 3 3 0 0 2 5 2 2 4 7 14 23 42 138 248 66 23 16 11 13 9 6 4 6 3 2 4 1 0 2 0 0 0 1 2 0 0 0 0 
0 1 0 0 0 1 0 1 0 0 3 6 8 31 92 237 119 14 14 13 8 10 12 11 9 5 4 2 5 1 1 1 1 1 0 0 0 0 0 0 
0 0 0 0 2 1 2 1 0 1 4 2 6 19 36 310 83 14 11 10 10 20 11 10 4 3 3 4 4 4 2 2 0 2 1 0 0 0 1 1 
1 0 0 0 0 0 0 2 4 1 5 8 11 17 36 192 66 23 12 7 6 7 15 7 5 5 3 1 3 2 0 0 1 0 0 1 1 0 1 0 
0 0 0 0 0 3 0 1 0 3 2 4 5 15 28 157 78 13 23 9 9 14 15 5 6 2 7 2 4 1 0 0 0 0 0 0 0 0 0 0 
0 0 1 0 0 1 1 0 1 0 3 4 7 9 13 117 38 21 12 6 11 22 10 7 11 6 3 5 5 0 2 0 0 0 1 1 0 1 1 0 
0 1 2 0 3 1 3 2 1 4 4 6 8 12 19 167 55 14 11 13 14 8 4 8 6 7 9 4 2 2 0 1 0 0 0 0 0 0 1 0 
0 0 0 1 0 1 0 0 2 4 1 5 4 12 17 267 74 7 15 7 9 8 13 18 18 7 6 1 1 1 1 0 1 0 0 0 0 0 0 0 
1 0 0 1 0 0 1 0 0 3 3 2 8 6 31 159 55 14 8 3 6 8 14 13 15 9 5 3 2 0 0 0 0 0 0 0 0 0 0 0 
1 2 0 0 0 0 0 1 0 1 2 8 7 17 36 251 80 25 11 12 9 3 5 7 4 5 1 3 5 1 0 0 0 0 0 0 0 0 0 1 
1 0 0 0 0 1 0 2 0 1 1 4 5 10 22 168 142 15 16 7 5 9 9 16 15 4 7 2 0 1 1 1 1 0 0 1 0 0 0 0 
0 0 0 0 1 1 0 1 1 0 3 3 6 8 20 183 136 13 8 7 5 2 8 15 10 6 4 2 2 1 1 2 0 1 0 1 0 0 0 1 
2 0 0 0 0 2 1 1 0 4 2 7 7 14 19 149 184 23 17 10 7 13 5 8 3 3 1 3 0 1 0 1 1 1 0 0 0 0 0 0 
0 0 0 0 0 2 0 0 0 3 1 8 6 8 9 62 233 24 20 15 14 11 7 12 11 2 3 3 2 0 1 1 1 0 0 0 0 1 0 0 
0 0 0 0 0 2 0 0 0 0 3 2 5 7 13 56 145 25 14 10 10 3 7 14 7 5 1 0 1 1 0 1 0 0 0 0 0 0 0 0 
1 0 1 0 0 0 1 3 5 1 3 4 8 10 7 43 323 34 17 10 4 5 2 5 6 4 2 0 0 0 2 2 0 1 1 0 1 0 0 0 
0 1 0 0 0 0 0 0 1 2 1 4 3 14 16 68 531 28 25 6 11 4 9 12 10 3 1 5 0 1 2 2 0 1 0 2 0 0 1 0 
0 0 0 0 0 0 1 0 0 0 1 1 3 7 13 42 248 31 14 6 5 15 7 19 12 4 1 0 4 0 0 0 1 1 1 0 0 0 0 0 
0 1 0 1 1 0 1 0 1 0 3 3 5 11 18 39 129 23 14 6 8 8 4 8 3 2 0 0 0 1 0 0 0 0 1 0 0 0 2 1 
1 0 0 0 0 0 0 1 0 2 0 5 1 12 10 44 200 49 29 4 6 12 11 8 11 3 5 0 0 1 0 0 0 0 0 0 0 0 0 0 
0 0 1 0 0 0 0 0 0 1 2 1 4 3 8 37 352 112 23 9 6 16 10 6 4 2 1 0 0 0 1 0 0 0 0 1 0 0 1 0 
3 0 1 0 0 0 1 0 0 5 2 7 9 15 23 59 314 169 52 22 17 8 7 7 3 2 2 2 0 0 1 0 0 0 1 0 1 0 0 0 

1 0 0 0 0 0 1 1 0 0 2 5 8 85 62 78 39 8 11 4 9 40 40 21 8 3 6 5 6 7 1 1 1 0 0 0 0 0 0 0 
1 0 0 0 0 0 0 0 2 1 1 3 6 8 53 35 13 6 4 6 12 30 58 22 11 8 6 5 3 5 1 2 2 0 1 0 0 0 0 0 
0 0 0 1 0 0 0 1 2 0 1 6 0 8 19 37 16 10 18 9 18 28 64 22 20 11 4 5 1 1 2 0 0 0 0 0 0 2 1 0 
0 0 0 0 0 0 0 0 0 1 0 1 5 7 25 88 49 10 7 10 12 24 31 19 9 8 5 3 6 1 0 0 2 0 0 0 0 0 0 0 
0 0 0 0 0 1 1 0 1 0 1 3 7 15 23 77 29 9 8 8 21 30 47 23 15 11 7 3 3 4 4 2 0 0 0 0 0 0 1 0 
0 0 0 0 0 0 1 0 0 1 3 4 1 4 5 22 12 6 9 12 12 43 62 46 18 10 10 3 5 3 3 2 2 1 2 0 1 0 0 0 
0 0 1 0 0 0 0 0 0 0 0 1 1 5 10 24 39 10 7 6 4 25 43 16 14 5 5 1 1 1 4 1 0 0 1 1 0 0 0 0 
2 0 0 0 0 0 0 1 1 0 2 0 2 6 11 20 13 11 6 8 23 31 32 25 23 8 12 5 3 0 3 0 0 0 0 0 0 1 0 1 
0 0 0 0 0 0 0 0 0 0 1 2 1 5 5 21 17 7 9 5 17 24 50 35 23 19 11 6 4 5 1 0 1 1 2 1 0 0 1 0 
1 0 0 0 0 0 1 2 0 2 0 2 2 5 11 13 27 14 9 8 10 14 23 27 31 7 11 3 7 1 1 1 5 0 2 0 0 0 1 1 
0 0 0 0 0 0 0 1 0 2 3 5 4 4 24 23 24 6 10 10 19 19 34 52 32 21 7 3 4 0 0 0 1 0 0 0 0 1 0 0 
0 0 0 0 0 0 0 0 0 1 3 4 4 5 8 3 9 10 10 7 15 27 34 41 22 13 11 6 0 2 3 1 1 0 0 0 0 0 0 0 
0 0 0 0 1 0 0 3 1 2 0 2 2 11 12 17 32 15 11 8 7 15 16 12 22 10 12 7 5 2 0 0 0 0 1 0 0 0 0 0 
0 0 0 0 0 0 0 1 0 1 2 2 9 3 10 23 28 12 12 9 18 20 24 44 24 14 9 3 1 2 0 0 0 1 0 0 0 0 1 0 
1 0 1 0 0 0 0 0 1 1 3 1 5 7 5 11 25 11 8 6 5 14 34 35 32 18 10 7 3 2 1 1 1 1 0 0 1 0 1 0 
0 0 0 0 1 0 0 0 0 0 0 2 1 3 8 38 39 14 19 6 4 17 15 18 22 6 6 1 4 1 0 2 1 1 0 0 0 1 0 0 
0 0 0 0 0 0 0 3 0 1 1 1 3 5 5 21 22 12 11 12 7 22 34 38 26 12 5 2 5 1 1 0 0 1 0 0 0 0 0 0 
0 0 0 0 0 0 0 0 1 0 3 3 4 6 3 14 22 12 11 15 14 36 45 34 28 12 7 3 1 2 0 0 1 1 0 0 0 0 0 1 
0 0 0 0 0 1 0 1 0 1 1 1 4 8 5 21 40 16 11 7 9 18 16 26 29 8 7 4 2 0 3 0 0 1 0 1 0 1 0 0 
0 1 0 0 0 0 0 0 1 1 1 0 8 4 9 11 37 7 14 13 14 28 30 48 26 7 2 2 1 1 1 0 0 3 0 1 1 0 1 0 
0 0 1 0 0 0 1 0 1 0 1 2 4 1 5 11 17 7 9 8 20 31 42 28 19 9 6 3 5 3 2 1 0 0 0 0 0 0 2 0 
0 2 0 0 1 0 0 2 0 1 2 1 2 3 4 11 21 31 17 15 7 13 27 8 18 6 9 4 0 2 1 0 1 1 0 0 0 0 0 0 
0 0 0 0 0 0 1 0 1 0 2 1 0 1 7 16 49 64 27 6 19 35 19 16 13 3 3 3 0 0 0 0 0 0 0 0 0 0 0 1 
0 1 0 1 0 1 0 1 1 2 1 3 4 8 10 27 110 78 23 19 20 42 47 28 15 3 3 3 1 2 0 1 0 0 1 0 0 0 2 0 

0 0 0 0 0 0 0 0 0 0 1 2 1 33 20 35 16 9 4 10 9 65 548 19 8 8 3 6 1 6 2 2 0 0 0 0 0 0 0 0 
1 0 1 1 1 0 0 0 1 1 0 0 4 7 14 6 11 4 7 7 16 33 361 33 16 10 14 4 10 4 0 1 1 2 0 0 1 0 1 0 
1 0 1 0 2 0 0 3 1 2 1 5 1 3 15 17 13 14 10 9 11 29 131 40 17 5 6 6 4 2 2 0 0 0 0 1 0 0 0 1 
0 0 0 0 0 0 0 0 1 0 1 0 2 2 3 10 13 7 4 6 12 30 454 18 25 6 8 7 4 4 2 1 0 0 2 0 0 0 0 0 
0 0 0 1 1 0 1 0 1 1 1 1 1 3 8 8 6 4 4 8 6 36 189 34 23 7 9 8 8 4 2 2 1 0 1 0 0 0 0 1 
0 0 1 0 0 0 0 3 1 2 4 2 3 7 11 10 16 16 5 10 5 36 192 39 28 8 7 2 4 4 1 3 3 1 1 0 0 2 1 3 
0 0 0 0 0 0 0 0 0 1 1 4 2 2 3 10 14 6 8 7 13 28 619 48 28 7 12 8 9 0 3 0 1 0 0 0 0 0 0 0 
1 1 0 0 1 0 1 0 0 0 0 2 0 2 6 6 9 4 7 5 21 29 407 53 24 9 9 8 9 2 2 2 1 0 0 0 0 0 0 1 
0 0 1 1 0 0 0 0 0 1 1 0 3 2 6 4 11 7 11 11 17 34 155 50 20 13 10 7 7 2 3 1 0 0 0 1 0 0 0 2 
0 0 0 0 1 2 0 1 1 0 1 1 2 5 2 11 12 3 5 8 9 22 128 71 60 12 10 4 4 2 2 0 1 0 0 1 0 0 0 1 
1 0 0 0 0 0 0 0 0 1 0 1 1 9 5 14 5 3 7 2 10 21 197 71 31 20 8 6 0 2 2 0 1 1 0 1 0 0 1 0 
0 0 0 0 0 1 0 0 0 1 1 2 2 6 7 11 13 11 11 10 12 27 126 77 27 13 11 7 3 2 0 1 0 1 1 1 0 0 0 0 
0 0 0 0 0 0 0 0 0 0 0 1 1 4 6 8 16 6 4 5 9 13 124 89 66 13 7 6 5 2 1 1 1 1 1 1 0 0 0 0 
1 0 0 2 1 0 0 0 2 1 2 2 1 1 5 13 6 3 4 6 9 12 62 70 26 7 4 3 3 2 0 1 1 1 0 0 0 0 0 0 
0 0 1 0 0 0 0 0 0 1 2 2 1 5 6 7 10 6 4 12 11 30 84 56 23 15 5 9 4 3 0 1 0 0 0 0 0 1 0 0 
0 0 0 0 0 0 0 0 0 2 0 2 1 4 5 11 5 3 4 11 4 18 134 53 38 9 8 7 3 1 2 2 2 0 0 0 0 0 0 0 
0 1 0 0 0 0 0 0 0 0 0 1 1 6 2 8 11 5 7 5 11 18 148 56 18 7 8 1 1 3 1 0 0 1 0 0 0 1 0 0 
2 1 0 0 2 2 0 1 1 4 1 2 1 5 3 5 11 6 4 18 22 41 114 63 37 16 10 6 1 2 1 0 1 1 0 2 0 0 1 2 
0 0 0 0 0 0 1 0 0 1 1 0 0 4 3 7 7 9 7 10 8 36 155 67 51 5 16 8 4 1 1 1 1 0 0 0 1 1 0 3 
0 0 0 0 0 0 0 1 1 0 1 0 2 0 7 8 8 5 10 7 10 33 82 58 43 10 5 3 2 0 0 0 0 1 0 0 0 1 0 0 
1 1 0 0 1 1 0 0 0 1 2 2 5 3 4 10 4 6 9 10 17 65 122 54 28 12 10 6 1 2 1 1 0 0 0 0 0 0 0 1 
0 0 0 0 0 1 1 0 1 0 0 0 0 2 2 11 2 5 10 7 13 62 204 26 20 4 9 3 1 1 1 0 0 0 1 1 1 0 0 0 
1 1 0 0 0 1 0 0 0 1 1 1 2 1 9 9 17 24 16 9 14 61 181 13 8 3 2 1 0 0 0 1 0 0 0 0 0 0 0 0 
0 1 0 0 0 0 0 1 1 0 0 1 2 5 9 10 24 19 23 17 46 135 345 58 30 14 8 4 3 1 3 2 1 0 2 0 0 0 0 0 

1 0 0 0 0 0 0 0 0 2 0 2 2 18 12 23 6 3 3 4 2 38 46 14 4 3 0 5 4 16 10 1 1 1 0 0 1 0 0 0 
0 0 0 0 1 0 0 0 0 0 1 0 2 2 4 1 3 6 3 2 3 12 27 8 4 6 4 2 5 4 7 1 0 0 2 0 0 0 0 0 
0 1 1 0 0 0 0 0 0 0 0 0 2 1 3 2 5 2 0 1 10 14 21 8 7 3 4 5 7 2 5 1 1 2 0 0 0 0 0 0 
0 0 0 0 0 0 1 0 0 2 1 0 0 2 3 4 10 2 4 4 6 11 27 13 13 5 12 9 8 6 11 0 4 1 1 0 1 0 0 0 
0 0 0 0 0 0 1 1 0 0 0 0 0 2 0 7 8 10 2 5 7 20 34 10 7 11 8 8 9 4 3 1 4 0 1 0 0 0 1 0 
0 0 0 0 0 0 0 1 0 0 0 0 0 1 3 2 4 3 1 7 7 9 18 13 10 5 6 6 9 5 2 3 0 2 0 1 1 0 0 1 
0 1 0 0 0 0 0 0 0 0 0 0 2 2 0 2 6 1 5 3 7 15 68 9 8 5 4 16 9 2 3 3 2 0 1 1 0 0 0 0 
0 0 0 0 1 0 0 0 0 0 0 2 1 0 4 2 4 3 4 4 12 16 51 22 10 5 10 17 12 8 1 0 1 1 0 0 0 0 0 0 
1 0 0 0 0 0 0 0 0 0 0 1 0 2 4 0 7 1 6 3 7 6 34 24 13 6 16 9 3 6 5 2 0 0 0 1 0 0 0 1 
0 0 0 0 0 2 0 1 1 0 1 0 0 2 0 2 10 3 4 2 6 10 52 43 27 12 9 4 2 2 1 1 1 1 0 1 1 0 0 0 
0 0 0 0 0 0 1 0 0 0 0 1 4 2 2 7 7 4 3 8 8 10 74 52 37 25 12 7 3 1 2 1 0 1 1 0 0 0 0 0 
0 0 0 0 0 0 2 0 1 0 1 0 2 1 3 3 4 7 4 4 3 8 52 28 10 10 8 3 2 2 0 1 1 0 0 0 0 0 1 0 
1 0 0 0 0 1 0 0 0 2 0 2 1 4 3 7 3 7 5 4 4 15 76 59 34 8 7 1 3 1 1 0 0 0 0 0 0 0 0 0 
0 0 0 0 0 0 1 0 2 0 1 0 2 3 5 7 5 6 10 3 11 16 86 62 16 12 4 3 4 1 0 0 0 0 1 0 0 0 0 0 
0 0 0 0 0 0 1 0 1 0 2 1 1 2 1 6 5 4 2 5 7 12 41 21 17 7 9 7 0 1 0 1 1 0 0 0 0 0 0 0 
1 0 0 1 0 0 0 0 0 0 0 2 0 2 3 5 15 4 4 4 3 8 105 49 32 11 3 2 2 1 1 0 0 0 0 0 0 0 0 0 
0 0 0 0 0 0 0 0 1 0 1 1 3 1 3 6 7 4 7 5 6 10 93 53 16 11 7 4 2 1 0 0 0 0 0 0 0 0 0 0 
0 0 0 0 0 0 0 0 0 0 0 2 2 2 2 6 4 2 4 5 6 24 46 25 15 9 7 4 6 1 1 0 1 1 0 0 1 2 0 1 
0 0 1 0 1 0 1 0 0 0 1 5 1 3 5 6 5 5 7 12 9 33 206 55 41 12 5 1 7 1 3 0 1 1 0 0 0 0 0 0 
0 0 0 0 0 0 0 0 1 0 1 0 0 0 4 3 4 6 6 11 17 22 216 62 22 7 3 3 0 0 0 0 0 1 0 1 0 0 0 0 
0 0 0 0 0 0 1 0 0 0 0 1 1 7 3 7 4 3 6 6 4 20 74 15 13 7 6 2 2 0 1 0 2 0 0 1 1 0 1 1 
0 0 0 0 0 0 1 2 2 2 3 1 0 3 2 5 3 4 5 5 11 48 340 27 26 2 4 3 0 1 3 1 0 0 1 0 0 0 0 0 
0 0 0 0 0 0 0 0 1 0 0 0 1 1 4 7 7 13 11 13 15 34 130 13 10 4 1 2 0 0 0 1 0 0 0 0 1 0 0 0 
0 0 0 0 0 0 0 1 1 1 0 1 5 7 5 14 8 16 15 18 29 75 161 33 15 13 3 2 1 1 3 0 1 0 0 1 0 0 0 1 

0 0 0 0 0 0 0 1 0 0 0 1 1 8 3 13 5 3 0 2 3 18 8 1 2 7 2 6 4 21 5 4 2 0 0 0 1 0 1 0 
0 0 0 0 0 0 0 0 0 0 2 1 1 2 4 4 7 1 4 1 4 9 9 4 1 5 4 5 5 13 5 3 2 2 0 0 0 0 0 0 
0 1 0 0 0 0 0 2 0 0 0 1 1 2 3 1 8 5 1 4 6 3 7 7 4 3 3 6 7 3 4 3 0 0 1 1 0 0 0 1 
0 1 0 0 0 0 1 1 0 0 0 0 0 2 1 4 7 4 3 1 3 3 9 1 6 2 1 10 9 8 7 2 5 0 2 1 2 0 0 1 
0 0 1 0 0 0 1 0 0 1 0 1 0 1 2 4 0 3 4 2 5 8 10 2 7 3 12 19 12 10 5 5 2 1 1 0 0 0 0 1 
0 0 0 0 0 0 0 1 2 0 0 0 2 0 3 3 6 5 1 1 7 6 7 7 6 3 6 5 12 5 3 2 3 0 1 1 0 0 0 1 
0 0 0 0 0 1 0 0 1 0 0 0 0 0 0 4 2 1 3 0 7 6 12 8 10 2 11 25 9 7 6 2 1 0 3 1 0 1 0 0 
1 0 0 0 1 0 0 1 1 0 1 0 3 0 3 1 3 1 5 6 6 12 11 9 10 14 11 23 16 4 1 2 4 0 0 1 1 0 0 0 
0 0 0 0 0 0 0 0 2 0 1 1 1 1 1 1 5 3 5 5 5 12 8 7 6 10 18 10 6 5 2 2 1 0 0 1 0 1 1 0 
0 0 0 0 0 0 0 0 0 0 0 1 2 4 2 4 5 0 1 2 6 6 9 21 19 21 24 4 7 1 2 1 0 0 1 0 0 0 0 0 
0 1 0 0 0 0 1 0 0 1 0 0 1 3 6 3 4 6 5 6 10 3 7 19 24 34 15 7 4 4 2 0 0 2 1 0 0 1 0 0 
0 0 0 0 0 0 0 1 0 1 2 0 0 1 0 0 2 2 2 5 7 7 7 9 6 11 7 3 4 1 2 0 1 0 2 2 0 0 0 0 
0 1 0 0 0 2 0 0 0 0 1 1 0 3 1 3 6 3 2 3 4 7 9 15 10 9 6 5 3 2 2 0 0 0 0 0 0 0 0 0 
1 0 0 0 1 0 0 1 1 0 1 2 2 3 5 11 4 3 4 8 6 6 13 16 14 14 10 1 3 1 1 1 1 0 0 0 0 1 0 0 
0 0 1 0 0 0 0 0 0 1 0 0 1 0 0 3 3 0 1 5 4 9 6 9 11 6 13 4 7 1 0 0 1 0 1 0 0 1 0 0 
0 0 0 1 1 0 0 0 0 1 2 1 0 2 0 1 1 2 0 3 7 10 8 16 17 10 7 2 2 2 1 1 1 0 0 1 0 0 0 0 
0 0 0 0 0 2 0 0 0 1 0 1 1 3 1 3 6 6 6 2 4 12 16 15 19 18 10 4 2 3 2 3 0 0 0 0 0 1 0 0 
0 0 1 0 0 0 0 0 0 0 1 2 0 1 2 4 3 2 6 4 9 9 11 12 10 8 3 3 3 1 1 1 0 2 0 1 0 0 0 0 
0 0 0 0 0 0 0 0 2 0 1 1 2 3 3 2 4 1 4 10 4 10 6 22 17 6 12 3 4 2 2 3 1 0 0 0 0 0 0 0 
0 0 0 0 0 0 1 0 0 1 1 1 2 3 6 4 3 2 4 7 8 14 17 31 12 8 2 2 1 0 0 0 0 1 0 0 1 0 0 0 
2 0 0 0 0 1 0 1 0 0 0 1 2 3 0 2 3 4 3 7 6 8 11 12 10 3 4 7 3 0 1 0 1 0 0 0 1 0 1 0 
0 0 0 0 0 0 0 1 1 0 0 3 1 1 2 2 1 2 3 9 7 12 17 8 11 7 4 0 3 0 2 0 0 1 0 0 0 0 0 0 
0 0 0 0 0 0 0 0 1 2 0 2 2 2 4 3 6 5 10 14 14 13 22 10 11 4 0 0 1 1 0 0 0 0 0 1 0 0 1 0 
0 0 0 0 1 0 0 2 0 0 1 3 4 1 4 1 7 5 10 7 9 12 5 12 5 3 1 3 1 0 1 0 0 0 0 0 0 0 1 1 

0 0 0 0 0 0 0 0 0 1 0 1 2 7 7 3 2 2 1 7 5 12 7 6 2 6 2 8 6 28 21 1 1 1 1 0 0 0 0 0 
0 0 0 0 0 0 0 0 0 0 1 0 0 0 1 0 2 4 2 4 0 0 1 3 4 3 8 10 27 32 29 4 5 3 1 3 1 0 0 0 
0 0 0 0 1 0 0 0 0 1 1 0 0 0 2 0 4 1 2 3 3 4 7 2 4 9 10 36 33 26 26 7 2 8 3 1 1 0 1 1 
0 0 0 0 0 0 0 0 0 0 1 0 1 1 1 0 5 3 0 7 6 4 9 2 1 8 4 5 21 6 14 8 5 4 2 2 0 0 2 1 
0 0 0 0 0 0 0 0 1 0 0 1 0 0 0 1 3 4 4 3 3 5 4 6 7 9 22 24 33 25 17 8 5 2 1 0 1 1 0 1 
0 0 0 0 0 0 0 0 0 0 2 0 0 1 0 3 2 5 3 4 1 6 5 8 6 20 30 47 33 20 12 4 4 3 0 1 1 0 0 0 
0 0 0 0 0 0 0 0 0 2 0 0 0 1 0 0 1 3 3 5 6 5 5 8 1 13 16 29 40 7 12 2 5 0 0 0 0 0 1 0 
0 0 0 0 0 0 0 1 0 0 0 0 0 1 0 2 2 5 4 2 8 8 6 7 11 17 23 51 26 18 4 3 1 2 1 1 0 0 1 0 
0 0 0 0 0 0 0 1 1 1 0 0 0 1 2 0 3 0 4 6 4 9 7 8 20 44 38 28 18 3 7 5 2 3 0 1 0 0 3 0 
0 0 0 0 0 0 0 0 0 0 1 1 0 1 1 1 4 1 2 3 8 4 6 7 11 51 38 6 5 4 5 4 0 0 1 2 2 0 0 0 
0 0 0 0 0 0 0 0 0 0 0 0 2 3 3 1 5 4 8 9 8 9 4 12 65 105 52 12 8 5 5 3 1 2 0 0 0 1 0 0 
0 0 0 0 1 2 0 0 0 1 1 0 1 1 2 0 3 3 2 4 1 5 11 11 18 26 21 10 6 0 0 2 1 0 1 0 1 0 0 1 
0 0 0 0 0 0 1 0 0 0 0 0 0 2 1 4 6 3 1 3 4 3 4 12 10 22 31 5 8 3 2 3 1 0 0 0 1 0 0 0 
0 1 0 0 0 0 0 0 0 0 0 0 2 1 3 8 6 2 4 5 12 5 17 18 17 24 16 5 5 2 2 0 0 0 1 1 0 0 1 0 
0 0 0 0 0 0 0 1 0 2 0 1 0 1 1 3 3 2 4 2 7 6 7 18 12 9 15 5 5 2 0 0 0 0 0 1 0 0 0 0 
0 0 0 0 0 1 0 0 0 0 0 0 1 2 0 2 8 2 2 4 4 7 2 9 13 8 16 4 3 2 4 2 0 0 0 0 1 0 0 0 
0 0 0 0 0 0 1 0 0 0 2 0 0 2 5 2 3 4 7 9 5 8 6 13 15 25 17 3 6 2 2 0 2 0 0 0 0 0 0 0 
0 0 1 0 0 0 0 1 0 1 1 0 0 2 1 3 8 4 3 9 6 6 9 12 9 11 8 3 3 2 3 1 0 0 0 0 1 0 0 0 
0 0 0 0 0 1 0 0 0 0 1 0 0 3 2 6 2 5 2 10 3 5 5 12 15 6 6 2 4 1 2 1 0 1 0 0 0 0 1 0 
0 0 0 0 0 1 0 0 1 0 0 0 1 1 4 0 3 4 10 10 8 10 24 12 14 5 5 2 3 1 1 2 0 0 0 0 0 0 0 0 
0 1 0 0 0 0 1 0 0 0 1 0 0 2 0 4 6 3 6 11 12 7 10 8 12 7 6 2 3 0 0 0 0 1 0 0 0 0 0 0 
0 0 0 0 0 0 0 0 1 1 0 1 1 0 0 6 2 2 3 5 7 8 6 3 19 2 6 1 5 2 3 0 0 0 2 0 0 0 0 1 
0 1 0 0 0 0 0 0 0 0 1 2 0 1 1 4 1 4 8 12 8 14 11 14 6 4 4 2 1 0 0 0 1 0 1 0 0 0 1 0 
0 0 0 0 0 0 0 0 1 1 0 0 3 4 8 4 3 10 8 13 18 14 16 12 16 6 2 3 1 0 2 0 1 0 0 0 1 0 0 0 

0 0 0 0 0 0 0 0 0 0 0 1 1 4 4 3 3 0 1 5 4 7 5 2 4 2 2 4 16 157 63 5 1 0 0 0 0 0 0 0 
1 0 0 0 0 0 0 0 0 0 0 2 1 0 2 0 2 1 1 4 4 2 3 2 2 9 5 14 58 67 30 7 6 2 0 0 2 0 1 0 
0 0 0 0 0 0 0 0 2 0 0 0 1 1 2 2 2 2 3 2 1 4 1 1 3 1 10 25 80 55 32 5 6 3 0 0 2 2 0 1 
0 0 1 1 0 0 0 1 0 0 0 0 0 2 1 1 6 2 1 3 2 1 6 2 6 8 2 27 92 15 16 3 6 2 5 2 2 0 0 0 
0 1 0 1 0 0 0 0 0 0 0 0 0 1 1 4 1 3 3 3 7 5 2 0 6 4 18 44 51 15 10 3 1 0 1 1 1 2 1 2 
1 0 0 0 0 1 0 0 0 0 1 1 0 1 0 0 2 0 2 2 2 4 4 5 10 21 38 89 54 22 12 5 1 3 0 0 0 1 0 0 
0 0 0 0 0 1 0 0 0 0 3 1 1 1 2 3 1 2 1 8 9 6 4 5 7 11 20 76 48 11 12 3 5 2 2 1 1 0 0 0 
0 1 0 1 0 0 0 0 0 0 0 1 1 0 1 2 1 2 6 3 4 4 1 4 15 7 42 61 36 17 7 3 2 0 3 1 0 0 0 1 
0 1 0 0 0 0 0 0 0 0 1 1 1 0 0 3 1 2 4 1 3 5 4 3 22 46 51 30 17 10 7 7 3 2 1 2 0 0 1 0 
0 0 0 0 0 0 0 0 0 0 1 0 0 1 0 2 0 4 1 2 3 6 5 15 9 352 210 9 15 2 7 2 0 0 2 1 0 1 0 1 
0 0 1 0 0 0 0 0 0 0 0 0 1 1 1 2 2 10 9 9 7 3 6 13 44 131 73 13 7 2 2 0 0 0 0 0 0 0 0 0 
0 0 0 0 1 0 0 0 1 0 0 1 2 1 4 1 2 1 3 1 4 8 8 11 15 25 29 18 7 0 1 0 0 0 1 0 0 1 1 0 
0 0 0 0 0 0 0 1 0 0 1 2 0 0 2 3 1 3 3 5 4 2 7 11 13 41 33 11 10 4 6 1 0 1 2 0 0 3 0 0 
0 0 0 0 0 0 0 0 0 0 0 0 1 3 3 1 2 3 9 5 7 3 6 18 21 39 22 7 7 4 4 1 2 0 1 0 1 0 1 0 
0 0 0 0 0 1 0 0 0 0 1 1 0 0 0 1 2 3 1 3 7 5 6 5 6 13 7 3 3 4 0 0 0 0 0 0 0 0 0 1 
0 0 0 0 0 0 0 0 0 1 0 0 0 1 0 4 3 3 5 5 7 5 8 13 22 23 26 10 4 2 4 1 1 0 3 0 0 0 2 0 
0 0 0 0 0 0 0 0 1 0 1 0 1 2 0 2 4 2 6 6 17 7 7 7 24 28 13 5 3 2 2 1 1 0 0 0 0 0 0 0 
0 0 0 0 0 0 0 1 0 0 0 0 0 0 0 2 3 2 4 5 12 6 10 9 9 8 6 8 5 1 4 0 0 0 0 0 1 0 1 1 
0 0 0 0 0 0 0 0 0 0 0 0 0 1 0 6 3 2 2 12 11 10 11 12 27 6 7 4 5 0 4 0 3 0 0 0 0 0 1 0 
0 0 0 0 0 0 0 0 0 1 0 0 1 3 1 6 5 3 10 14 19 16 16 22 24 7 5 2 0 1 0 1 0 0 0 0 0 0 0 0 
0 0 0 0 0 0 0 1 1 0 0 0 0 4 2 0 5 2 7 8 7 7 11 6 6 3 9 0 4 1 1 0 1 0 1 0 0 1 0 0 
0 0 0 0 0 1 0 0 0 0 0 0 1 1 0 2 1 4 4 18 18 10 7 20 16 4 7 5 4 0 3 0 0 0 0 0 0 0 0 0 
0 0 0 0 0 0 0 0 0 0 1 1 3 0 4 6 7 5 8 10 23 14 19 25 27 6 4 4 0 2 0 0 0 0 2 0 1 0 0 0 
1 0 1 0 0 0 0 0 0 0 0 1 0 0 2 1 2 5 10 10 9 6 10 16 10 5 3 3 1 0 0 0 0 0 0 0 0 0 0 0 

0 0 0 0 0 1 0 0 1 1 0 1 0 3 1 1 4 1 2 9 5 8 2 4 1 3 2 8 7 417 63 6 0 1 0 0 1 0 0 0 
0 0 0 1 0 0 0 0 0 0 0 0 0 0 4 0 1 1 1 6 7 2 1 3 0 1 5 4 62 151 29 2 3 2 1 0 1 1 1 0 
0 0 0 0 1 0 0 0 0 0 0 1 0 1 1 1 2 0 2 3 3 7 0 2 1 2 8 21 162 18 11 3 1 1 0 0 0 0 1 0 
0 0 0 0 0 0 0 0 1 0 0 1 0 0 0 0 2 5 2 7 4 2 3 3 0 4 4 26 280 10 5 4 1 1 3 0 0 0 1 0 
0 0 0 0 0 0 0 0 0 0 2 0 0 1 3 2 3 3 3 10 9 2 6 2 1 5 14 281 111 14 10 3 0 2 1 2 2 2 0 0 
0 0 0 0 0 0 0 0 0 1 0 1 1 0 0 1 3 2 3 3 7 7 3 5 8 11 44 364 31 12 4 5 4 2 1 2 2 0 1 0 
0 0 0 0 0 0 0 0 2 0 0 1 0 0 0 0 2 6 3 6 7 4 1 6 8 8 37 528 65 3 7 1 1 3 4 1 2 0 0 0 
1 0 0 0 0 0 0 1 0 0 0 0 1 0 1 4 3 2 4 8 7 6 4 3 6 23 242 150 42 7 4 0 1 0 0 0 0 0 0 0 
0 1 0 0 0 0 0 0 0 0 0 0 0 0 0 3 3 4 2 12 4 7 16 8 13 54 496 33 26 7 7 3 1 1 0 2 1 2 0 1 
0 0 0 0 0 0 0 1 0 2 0 0 1 0 2 1 0 3 3 10 13 5 7 6 14 112 614 14 15 6 9 6 3 0 1 1 0 0 0 0 
0 0 0 0 0 0 0 0 0 0 1 1 0 3 1 3 4 7 10 16 11 8 6 19 46 206 229 15 12 1 3 1 1 2 0 0 0 0 0 0 
0 0 0 0 0 0 0 1 0 1 0 1 1 1 0 1 2 9 5 5 14 11 8 28 20 353 82 23 7 2 5 2 3 1 1 1 3 0 0 1 
0 0 0 0 0 0 1 1 0 1 0 0 1 1 1 1 3 3 5 6 7 7 11 10 18 167 86 14 15 4 3 0 1 0 2 1 1 0 2 0 
0 0 0 0 0 0 0 1 0 0 0 0 1 0 4 3 4 6 4 13 19 16 14 18 86 293 63 13 13 3 4 0 0 0 0 0 0 0 0 0 
0 0 0 0 0 0 0 0 0 0 0 1 0 2 1 5 3 11 5 11 10 7 12 33 156 287 36 13 8 8 2 1 1 2 0 0 0 0 0 0 
1 0 0 1 0 0 0 0 1 0 0 0 1 1 1 2 3 7 3 9 9 16 8 18 84 103 74 10 10 1 5 2 2 0 0 2 1 0 0 0 
0 0 0 0 0 0 0 0 0 0 0 0 0 1 2 0 2 5 18 16 24 21 18 24 142 127 34 7 8 5 2 0 1 0 0 0 0 0 0 1 
0 0 0 0 0 0 0 0 0 0 2 1 1 2 2 5 9 14 9 24 46 27 20 31 160 46 17 4 5 2 3 1 3 0 1 3 1 1 0 0 
0 0 0 0 1 0 0 0 0 0 0 0 0 0 1 1 2 7 8 25 37 14 13 33 115 22 13 3 5 2 5 2 2 1 1 0 2 0 0 0 
0 1 0 0 1 0 1 0 0 1 0 2 3 2 2 7 3 9 20 35 50 28 23 48 98 24 11 4 5 3 1 2 0 1 0 0 0 0 0 0 
0 0 0 0 0 0 0 0 2 0 0 1 2 2 2 5 6 5 12 41 45 24 17 63 77 24 14 2 1 4 4 2 0 0 0 1 0 0 1 0 
1 1 0 0 0 0 0 0 0 0 0 2 2 4 0 3 4 6 12 35 64 10 25 72 98 12 13 5 4 2 3 1 0 0 0 0 1 0 0 0 
0 0 0 0 0 0 0 0 1 1 1 0 5 2 4 4 9 19 24 55 77 22 36 174 82 17 3 5 1 0 1 1 1 0 0 0 0 0 1 0 
0 0 1 0 0 0 0 1 1 0 0 1 4 2 3 5 7 6 15 136 173 29 40 534 75 18 11 3 6 2 0 0 0 1 0 0 0 0 0 2 

0 0 0 0 0 0 0 0 0 0 0 0 1 2 2 1 1 2 2 12 6 3 2 4 2 11 4 11 2 35 12 5 4 0 0 0 0 0 0 0 
0 0 0 0 0 0 0 0 1 0 0 0 1 0 0 0 2 0 2 7 4 7 6 3 2 6 6 9 18 11 8 3 3 3 0 1 0 1 1 0 
0 0 0 0 0 0 0 0 0 0 0 0 1 2 1 0 0 0 1 4 2 2 0 1 3 4 7 7 9 6 11 7 1 2 2 1 0 2 0 0 
0 0 0 0 0 0 0 0 0 0 0 0 0 0 0 2 0 2 0 7 5 4 2 5 2 1 6 9 16 2 13 2 8 0 2 2 0 0 0 1 
0 0 0 0 0 0 0 1 0 0 0 0 0 0 0 0 1 1 2 5 10 2 5 4 2 1 11 20 38 13 12 5 5 1 2 0 2 1 1 0 
0 0 0 0 1 0 0 0 0 0 0 0 0 0 0 0 1 3 3 3 3 4 5 3 5 11 10 33 23 10 9 7 6 1 1 1 1 0 3 1 
1 0 0 0 0 0 0 0 0 0 0 0 0 0 0 1 4 1 6 5 10 8 3 4 8 9 21 34 39 9 6 3 4 3 6 1 2 0 0 0 
0 0 0 0 0 0 0 1 0 0 0 1 1 1 0 2 2 3 5 12 8 6 6 3 7 12 30 51 30 13 3 4 2 1 0 0 0 0 0 0 
1 0 0 0 0 0 0 0 1 0 0 1 1 2 0 1 2 4 3 6 4 6 8 9 11 22 41 28 31 14 11 5 2 3 2 0 3 0 0 2 
0 0 0 0 0 1 0 1 0 1 0 2 0 0 3 0 1 2 3 5 8 17 5 8 12 21 73 16 17 7 13 3 7 4 2 0 1 1 1 0 
0 0 0 0 0 0 0 0 0 0 0 0 2 0 2 3 3 7 10 18 11 4 11 10 34 51 57 22 9 5 4 5 0 0 1 0 0 0 0 0 
1 1 0 0 1 0 0 0 1 0 0 0 0 1 1 2 1 3 8 10 17 11 8 9 10 46 46 25 13 4 6 0 2 0 2 0 2 1 0 1 
0 0 0 0 0 0 0 0 0 0 0 1 2 1 0 0 0 9 4 12 19 4 12 12 19 54 61 13 18 5 6 3 4 1 1 1 1 0 0 0 
0 0 0 0 0 0 0 0 0 1 0 0 1 2 3 3 3 5 8 28 17 10 9 13 46 108 35 14 12 0 1 1 0 1 2 2 0 0 0 1 
0 0 0 0 0 0 0 0 0 0 0 2 1 0 2 1 2 5 3 12 17 19 13 14 42 114 31 11 10 4 4 3 2 2 4 0 1 0 1 1 
0 0 0 1 1 0 0 0 0 1 0 1 0 1 0 1 2 4 3 14 38 8 9 14 86 94 53 7 6 6 6 0 4 0 0 1 0 0 0 0 
0 0 0 0 0 0 0 0 0 0 0 0 0 0 1 3 4 5 9 29 71 17 15 19 68 70 22 6 5 2 1 2 0 0 0 0 1 0 0 1 
0 0 0 0 0 0 3 0 0 1 0 0 1 1 0 0 9 9 19 45 116 31 25 35 128 35 22 10 9 6 3 2 1 1 0 0 0 0 2 1 
0 0 0 1 0 0 0 0 0 0 0 3 1 3 3 6 4 6 8 54 216 28 27 38 301 23 31 11 3 6 3 2 0 3 0 1 0 0 0 1 
0 0 0 0 0 0 0 0 0 0 1 1 0 0 3 1 5 6 15 60 310 22 22 51 181 19 15 4 1 2 2 2 0 0 1 1 0 0 0 0 
0 0 0 0 0 0 0 0 0 2 1 2 2 1 4 3 6 10 7 61 156 20 18 70 113 23 10 3 4 2 0 2 0 1 0 1 0 3 0 3 
0 0 0 0 0 0 0 0 0 0 0 2 0 1 1 3 2 8 12 77 257 22 17 132 172 12 11 5 5 0 3 0 1 0 0 0 1 1 0 0 
1 0 0 0 0 0 0 0 0 0 0 0 2 0 4 4 8 4 18 96 160 25 30 166 59 15 4 3 1 0 2 1 0 0 0 1 1 0 0 0 
0 0 0 0 0 0 1 1 2 0 3 1 1 2 6 8 10 15 32 180 251 33 46 156 93 23 13 8 6 2 2 1 0 2 1 0 0 1 0 0 

0 0 0 0 0 0 0 0 0 1 0 0 0 1 2 2 0 5 1 21 16 4 5 3 1 7 1 6 2 21 9 3 2 0 0 0 0 0 0 0 
1 0 0 0 0 0 0 0 0 0 0 0 0 1 0 0 1 3 8 12 13 3 4 2 2 1 6 2 3 5 8 0 1 1 0 0 0 1 0 0 
0 0 0 0 0 0 0 0 0 0 0 0 0 1 1 0 0 1 3 10 11 2 2 3 2 2 1 5 5 3 5 1 2 3 0 0 1 0 0 0 
0 0 0 0 0 0 0 0 0 0 0 1 0 3 0 0 2 5 0 6 11 3 6 4 0 3 2 6 6 5 2 2 3 1 1 2 0 0 0 0 
1 0 0 0 0 0 0 0 0 1 0 1 2 1 1 3 5 6 6 23 12 7 6 3 5 4 3 5 4 4 6 2 1 1 1 0 0 0 1 0 
0 0 0 0 0 0 0 0 0 0 0 1 0 1 0 1 3 5 3 6 7 7 3 2 3 2 8 7 7 13 5 2 2 2 0 1 0 2 0 0 
0 0 0 0 0 0 0 0 0 1 0 0 0 0 0 2 1 3 6 10 13 6 5 5 5 6 10 12 16 12 6 3 1 1 4 0 0 0 2 0 
0 0 0 0 0 0 0 0 0 0 1 0 1 2 2 4 5 5 12 20 17 16 11 4 6 13 5 13 8 10 1 1 2 0 1 0 0 0 1 0 
0 0 1 0 0 0 0 0 0 1 0 2 2 1 3 2 2 7 21 34 46 12 12 13 4 15 9 10 11 5 4 7 1 3 1 2 0 0 1 2 
1 1 0 0 0 0 0 0 0 0 0 0 1 3 3 2 1 9 3 19 38 11 18 7 12 4 24 5 4 6 3 2 1 2 1 1 0 1 0 0 
0 1 0 0 0 0 0 0 0 1 0 3 2 4 3 3 6 10 30 55 81 37 14 5 14 16 17 5 5 4 4 1 2 0 0 0 0 0 0 1 
0 0 0 0 0 0 0 0 0 1 1 1 1 3 2 3 3 8 18 97 224 39 9 15 5 15 11 12 10 11 5 1 2 1 0 1 1 0 1 0 
0 0 0 0 0 0 0 0 0 0 0 0 0 3 1 1 1 4 5 29 233 35 22 9 14 21 28 15 15 3 10 1 3 0 2 0 0 0 1 0 
0 0 0 0 0 0 0 0 0 1 1 1 0 3 7 2 6 9 21 48 157 12 8 10 13 28 16 2 2 2 0 0 0 1 1 1 0 0 0 0 
1 0 0 0 0 0 0 0 0 0 0 4 2 1 1 1 3 3 8 25 530 21 10 16 13 8 12 8 10 1 4 2 2 1 0 1 1 0 0 1 
0 0 0 0 0 0 0 0 1 0 0 1 0 0 0 7 0 4 3 33 319 19 17 14 17 28 27 11 4 9 3 3 2 0 3 0 1 0 0 1 
0 0 0 0 0 0 0 0 0 0 0 1 1 1 2 2 2 7 7 40 219 12 12 8 9 25 9 8 0 1 5 0 2 1 0 0 0 0 0 1 
0 0 0 0 0 0 1 0 0 0 0 1 1 0 1 3 2 3 7 14 29 13 12 16 12 13 6 6 5 4 3 0 0 0 0 0 0 0 0 0 
0 1 0 0 0 0 0 1 0 0 0 0 1 3 0 6 4 4 5 35 70 13 15 11 27 12 11 3 7 4 4 1 3 0 0 0 0 0 0 0 
0 0 2 1 1 0 0 0 1 0 0 0 1 0 3 4 6 4 8 16 22 7 11 21 15 8 11 2 1 1 0 0 0 0 0 0 0 1 0 0 
1 0 0 0 0 0 0 0 0 1 0 0 1 1 0 4 4 6 5 20 18 15 6 11 14 6 10 2 1 4 0 0 2 0 2 0 1 0 0 1 
1 0 0 0 0 0 0 1 0 0 1 0 1 0 1 3 1 10 4 19 35 16 19 20 39 6 13 6 4 0 3 0 3 0 0 1 1 1 0 0 
0 0 0 0 0 0 0 0 0 0 0 1 0 0 0 4 8 7 21 26 17 5 13 19 12 7 3 1 0 1 1 0 0 0 0 0 1 0 0 0 
0 0 0 0 0 1 1 1 0 0 1 0 4 2 1 6 10 7 14 22 20 24 23 24 30 17 10 5 5 2 0 0 0 0 1 0 0 1 1 0 

0 0 0 0 0 0 0 3 0 0 0 0 0 3 3 4 2 5 3 30 25 5 1 3 1 4 2 3 1 9 1 1 0 1 0 0 0 0 0 0 
1 0 0 0 0 1 0 0 0 0 0 0 0 1 0 0 2 4 9 15 22 8 6 4 3 2 4 5 9 4 1 2 1 1 1 0 0 0 0 1 
0 0 0 0 0 0 0 0 0 0 0 0 0 1 0 1 0 0 1 5 11 4 1 3 4 2 1 0 2 5 4 0 1 1 0 0 0 0 0 0 
0 0 0 0 0 0 0 0 0 0 0 1 0 0 1 1 3 3 5 20 17 4 8 2 3 2 3 2 11 1 2 0 1 0 1 0 0 1 0 0 
0 0 0 0 0 1 0 0 0 0 0 0 0 1 1 3 2 5 6 26 22 13 8 4 4 0 1 2 4 3 3 1 2 2 0 1 0 2 0 0 
0 0 0 0 0 0 0 0 0 0 0 0 0 0 0 2 0 2 4 12 18 6 5 2 2 5 4 5 1 1 5 2 4 3 0 1 2 0 0 2 
0 0 0 0 0 0 0 0 0 0 0 0 0 1 0 1 3 3 2 25 30 3 8 5 5 1 7 3 13 4 2 2 4 0 0 0 1 0 0 0 
0 0 0 0 0 0 0 1 0 0 0 0 0 0 2 0 6 4 12 36 55 17 4 4 4 13 4 13 5 1 2 3 1 0 1 0 0 0 1 0 
0 0 0 0 0 1 1 0 0 0 1 2 1 2 4 6 7 15 29 59 117 23 11 11 7 9 9 11 8 1 1 2 2 3 0 1 0 0 0 1 
0 0 1 0 0 0 1 0 0 0 1 0 0 3 0 1 2 5 9 69 279 22 12 12 9 11 15 4 8 1 3 3 2 2 2 0 0 0 0 0 
0 0 0 1 0 1 1 0 0 0 0 0 1 2 3 4 4 5 15 92 326 28 19 10 11 15 13 5 4 2 2 0 0 1 0 1 1 0 0 0 
0 0 0 0 0 0 0 1 2 0 0 1 3 1 1 1 3 10 13 56 287 32 14 9 18 10 8 5 7 4 1 0 1 2 2 0 1 0 0 1 
0 1 0 0 0 0 0 0 2 1 0 0 2 2 0 3 0 5 6 39 157 28 22 6 15 9 19 7 11 1 5 3 2 0 0 0 0 0 0 0 
0 0 0 0 0 0 2 0 0 1 2 0 0 1 3 1 1 5 11 33 23 10 10 11 8 28 8 2 4 2 1 0 0 0 1 0 0 0 0 0 
0 0 0 0 0 0 0 0 0 2 0 0 1 1 1 2 0 3 7 17 37 8 13 3 6 8 4 3 4 3 3 0 0 1 0 0 0 0 0 0 
0 0 0 0 0 0 0 0 1 1 0 0 1 0 1 2 2 4 10 18 29 7 9 4 5 9 14 2 7 2 2 2 1 0 0 0 0 0 1 0 
0 0 0 1 0 0 0 0 0 0 0 0 0 0 2 2 2 5 7 11 18 4 13 4 13 23 12 3 2 1 0 2 0 0 0 0 0 0 1 0 
0 0 0 0 0 0 1 1 0 0 1 0 0 0 1 2 3 4 3 7 8 2 7 2 5 9 6 3 5 3 0 1 0 0 0 0 0 0 0 0 
0 0 0 0 0 0 0 0 0 0 0 0 0 0 0 3 0 5 3 8 12 7 4 5 14 8 3 4 6 0 2 0 0 1 0 0 0 0 0 0 
0 0 0 0 0 0 0 0 0 0 2 0 0 2 1 2 1 3 5 10 12 10 9 7 4 3 4 2 0 1 0 0 0 0 1 0 0 0 0 0 
0 0 0 0 0 0 0 0 0 0 0 0 0 1 0 3 2 5 5 8 7 9 4 7 4 2 5 1 3 0 0 3 0 0 1 0 0 0 0 0 
0 0 1 0 0 0 0 0 0 2 0 1 1 0 0 2 4 5 3 11 13 6 5 8 13 8 4 1 2 0 3 0 0 1 0 0 0 0 0 0 
0 0 0 0 0 0 0 0 0 1 0 0 0 0 6 1 3 3 6 17 15 11 14 14 6 7 3 2 2 0 0 0 1 1 0 0 0 0 0 0 
0 0 0 0 0 0 1 0 0 0 0 1 1 2 3 2 3 3 3 7 18 10 7 16 6 3 7 1 1 2 4 1 0 0 0 0 0 0 0 0 

0 0 0 0 0 1 0 0 0 0 0 0 0 0 3 0 1 7 4 81 33 10 3 1 4 3 1 1 3 5 2 1 1 0 0 0 0 0 0 0 
0 0 1 0 0 0 0 0 0 0 0 0 1 1 1 0 2 4 26 58 40 9 9 2 1 5 1 0 5 0 4 0 1 0 0 0 0 1 0 0 
0 0 0 0 0 1 0 0 0 2 0 0 2 0 3 4 7 7 21 70 48 26 8 4 2 1 1 3 2 0 1 0 1 3 0 0 0 0 0 0 
0 0 0 0 0 0 0 0 1 1 0 0 0 2 3 3 4 7 12 57 75 5 14 5 3 4 2 1 3 1 1 0 0 0 0 0 0 0 0 1 
1 0 0 0 0 0 0 0 0 2 0 1 2 1 1 1 5 14 32 216 127 29 4 1 4 1 1 2 3 1 1 1 0 0 0 0 0 0 0 1 
0 0 0 0 1 0 0 1 0 0 0 1 0 2 2 5 4 10 12 275 90 10 9 6 4 3 5 3 5 2 1 2 1 3 0 0 0 0 0 0 
0 0 0 0 0 0 0 0 1 0 0 0 0 4 1 3 1 9 8 96 104 12 5 2 5 3 6 4 3 1 5 1 1 0 0 0 0 0 0 0 
0 0 0 0 0 0 1 0 0 1 0 0 0 0 4 2 4 7 11 190 85 6 4 5 4 3 1 4 2 1 5 1 1 0 0 2 1 0 0 0 
0 0 0 0 0 0 0 1 0 1 0 0 0 0 1 2 2 4 8 18 31 9 8 5 3 3 1 7 7 5 2 3 0 1 0 0 0 0 0 0 
1 0 0 0 0 0 0 0 0 0 0 2 0 2 2 1 2 2 9 24 64 10 9 6 8 5 7 4 8 2 2 7 1 2 0 2 0 2 0 0 
1 0 0 0 0 1 0 0 0 0 0 1 1 2 3 3 1 4 5 30 30 11 5 3 2 5 4 2 1 1 2 3 2 0 0 0 0 0 0 1 
1 0 0 0 0 0 0 0 0 1 1 1 0 1 1 3 1 4 10 23 24 9 2 5 2 4 9 2 7 3 2 0 1 1 1 0 0 0 0 0 
0 0 0 0 0 0 0 0 0 0 0 0 1 2 1 3 2 3 1 20 29 5 16 4 11 5 12 2 9 2 5 0 4 0 1 0 1 1 0 0 
0 0 0 0 0 0 0 0 0 0 0 1 0 2 3 2 1 4 7 14 9 10 8 3 6 7 11 4 3 0 0 1 1 1 0 0 0 0 0 0 
0 0 0 0 1 1 0 0 0 0 0 0 1 0 0 2 2 2 1 1 8 12 4 7 3 4 3 5 5 3 0 0 2 0 0 0 0 0 1 0 
0 0 0 0 0 0 0 0 0 0 1 0 0 0 0 3 1 7 5 10 5 9 12 8 8 5 12 3 3 0 4 1 3 0 2 1 0 0 1 0 
0 0 0 0 0 0 0 0 0 0 0 0 1 0 0 0 1 2 7 3 5 1 7 6 1 4 4 1 2 1 0 0 0 0 0 0 0 0 0 0 
0 0 1 0 1 0 0 0 0 0 0 0 1 1 1 1 1 2 1 6 2 2 5 2 4 6 5 3 1 1 1 0 0 1 0 0 0 0 0 0 
0 0 0 0 0 0 1 0 0 0 1 0 0 0 0 0 0 3 1 7 8 3 3 8 7 4 5 4 5 0 2 1 1 0 0 0 1 0 0 0 
0 0 0 0 0 0 0 0 0 0 0 1 0 0 0 0 3 3 2 6 4 6 3 3 5 2 4 1 0 1 0 1 0 0 0 0 0 0 0 0 
0 1 0 0 0 0 0 0 0 0 0 1 1 0 2 0 4 1 2 3 7 4 7 4 4 1 2 3 0 2 1 0 0 0 0 0 0 0 0 0 
0 0 0 0 0 0 0 0 0 0 0 0 0 1 2 0 2 3 4 8 6 5 4 6 7 5 3 0 2 0 1 1 0 0 0 0 0 1 0 0 
1 0 0 0 0 0 1 0 0 0 1 1 1 0 3 3 1 2 2 5 5 7 4 5 3 1 2 0 0 0 0 1 1 1 0 0 0 0 0 0 
0 0 0 0 1 0 0 0 0 1 0 0 1 1 2 5 0 4 8 9 8 18 9 5 10 6 0 0 0 0 1 2 0 0 1 1 0 0 0 0 

0 0 0 0 0 0 0 0 0 1 1 0 0 2 0 3 2 9 10 309 148 12 5 0 4 2 0 4 2 5 0 1 1 0 0 0 0 0 1 0 
0 1 0 0 0 0 1 0 0 0 0 0 0 1 0 0 1 7 16 481 163 23 10 14 4 3 0 2 1 1 2 2 0 0 0 0 1 0 0 0 
0 0 0 0 0 0 0 0 0 1 1 1 1 0 2 1 2 5 16 94 74 28 15 7 4 1 5 3 1 2 3 2 1 1 0 1 0 0 0 0 
0 0 0 0 0 0 0 0 0 1 0 0 2 1 2 4 3 3 19 113 105 16 9 10 2 2 1 0 4 2 1 2 1 0 0 0 0 0 1 1 
0 0 0 0 0 0 0 0 0 0 0 0 0 1 1 3 1 8 20 173 102 12 6 4 5 0 1 6 2 0 2 1 0 2 0 1 0 1 0 0 
0 0 0 0 0 0 0 0 0 0 0 1 0 0 2 3 4 7 17 40 42 9 9 7 5 6 2 1 1 1 2 0 2 0 0 0 0 0 0 2 
2 0 0 0 0 1 0 0 0 0 0 0 0 1 1 2 4 6 10 18 60 13 14 5 6 4 8 3 4 2 2 0 1 0 1 0 0 0 0 0 
0 0 0 0 0 0 0 0 0 0 1 0 0 2 4 0 2 4 9 31 16 2 5 3 2 1 2 4 1 3 1 2 0 0 0 0 0 0 0 0 
0 0 0 0 0 0 0 1 0 0 0 1 0 2 2 4 3 1 6 8 12 3 7 6 3 1 4 1 4 5 1 1 1 1 1 0 1 0 0 0 
0 0 0 0 0 0 0 1 0 0 0 1 0 0 0 1 1 2 3 8 19 4 6 3 3 4 8 0 1 3 2 0 2 1 2 0 0 0 0 0 
0 0 0 0 0 0 1 0 0 0 0 0 2 0 3 2 2 4 13 12 4 4 1 3 4 5 3 1 0 1 0 0 0 0 0 0 0 0 0 0 
0 0 0 0 0 0 0 0 0 1 0 0 1 2 1 1 1 4 3 8 7 5 1 3 3 6 5 2 4 0 0 1 0 0 0 0 0 0 0 1 
0 0 0 1 0 0 0 0 0 0 0 1 0 0 0 0 0 3 2 5 11 5 5 5 2 6 3 2 5 0 3 0 1 0 0 0 0 0 0 0 
0 0 0 1 0 0 0 0 0 0 1 0 0 0 0 4 3 3 10 2 5 1 7 2 4 8 0 3 2 0 0 0 1 1 0 1 0 0 0 0 
0 0 0 0 0 0 0 0 0 1 0 0 1 0 0 1 2 3 4 6 7 2 0 3 2 2 1 2 0 1 1 0 1 2 0 0 1 0 0 1 
0 0 0 0 0 0 0 0 0 2 0 1 0 1 1 2 1 4 3 0 7 4 10 2 3 3 7 1 1 0 0 1 0 1 1 0 0 0 0 1 
0 0 0 0 0 1 1 0 0 0 0 0 0 1 1 2 4 1 6 8 7 4 5 4 3 10 5 2 3 0 2 0 0 0 0 0 0 0 0 0 
0 0 0 0 0 0 0 0 0 0 1 0 0 0 0 1 0 2 0 1 1 1 1 3 2 4 3 0 0 0 0 0 0 0 0 0 0 0 0 0 
0 0 0 0 0 0 0 0 0 0 0 0 0 1 1 2 0 1 0 3 3 0 4 4 3 0 1 0 3 1 0 0 0 0 1 1 1 0 0 1 
0 0 0 0 0 0 0 0 1 0 0 0 2 2 0 0 2 3 4 4 4 2 3 2 5 4 2 0 1 0 0 1 1 0 0 0 0 0 0 0 
0 0 0 0 0 0 0 0 0 1 0 0 0 0 0 0 1 0 0 3 5 0 2 1 3 0 0 0 2 0 0 0 1 0 0 0 0 0 0 0 
0 0 0 0 0 0 0 1 0 0 0 3 0 0 1 0 1 1 2 4 4 1 2 4 2 2 1 0 2 1 0 0 0 0 0 0 1 0 0 0 
0 1 0 0 1 1 0 0 0 0 0 0 1 1 3 0 1 0 2 8 4 5 5 5 2 0 0 0 0 1 1 0 0 0 1 1 0 0 0 0 
0 0 0 0 0 0 0 0 0 0 0 1 0 0 0 1 4 1 2 1 3 3 2 2 1 1 0 0 0 1 0 1 0 0 0 0 0 0 0 0 

0 0 0 0 0 0 0 0 0 0 1 0 0 0 0 2 2 3 12 511 148 4 5 2 2 1 1 1 0 1 1 1 0 0 0 0 0 0 0 0 
0 0 0 0 0 0 0 0 0 0 0 0 0 1 0 1 0 3 11 120 87 9 3 4 1 1 2 1 0 1 1 2 0 0 0 0 0 0 0 0 
0 0 0 0 1 0 0 0 0 0 0 0 0 0 0 0 0 0 9 21 14 8 4 4 1 2 1 0 1 1 0 0 0 0 0 0 1 0 1 0 
0 0 1 0 0 0 0 0 0 0 0 0 1 0 0 1 1 4 5 14 35 4 9 3 3 2 0 1 1 1 0 0 0 1 0 0 0 0 1 0 
0 0 0 0 0 0 0 0 0 0 0 0 2 0 1 1 3 3 6 15 19 3 1 1 2 2 0 0 0 0 0 0 0 0 0 0 0 0 0 0 
0 0 0 0 0 1 0 0 0 0 0 0 1 1 2 0 2 2 4 8 8 4 3 4 0 0 2 0 2 2 0 0 0 0 0 0 0 0 0 0 
1 0 1 0 0 1 0 0 0 0 0 0 1 0 0 0 1 3 3 8 20 5 6 2 2 1 2 1 3 0 1 1 1 0 2 1 0 0 0 0 
0 0 0 0 0 0 0 0 0 0 0 0 1 0 2 1 1 6 4 11 2 5 0 1 2 2 1 3 1 4 0 1 0 1 0 0 0 0 0 0 
0 0 0 0 0 0 0 0 0 0 0 0 0 1 0 2 0 4 4 3 5 5 3 2 0 0 1 2 1 1 0 1 0 0 0 0 0 0 0 0 
0 0 0 0 0 0 0 0 0 0 0 0 0 0 0 1 0 4 3 2 3 4 5 1 2 0 5 0 2 1 0 0 2 0 1 0 0 0 0 0 
0 1 0 1 0 0 0 0 0 0 1 1 1 0 2 0 1 3 2 9 2 2 4 1 2 2 2 0 1 0 1 0 0 1 0 0 0 0 0 0 
0 0 0 0 0 0 0 0 1 0 0 1 0 0 0 0 1 3 2 3 6 4 1 2 1 0 1 0 2 2 0 0 0 0 0 0 0 0 0 0 
0 0 0 0 1 0 0 0 0 0 0 2 0 0 0 1 0 1 4 6 9 5 3 5 8 3 2 0 5 2 0 0 2 0 2 0 0 0 0 0 
0 0 0 0 0 0 1 0 0 0 0 0 0 0 0 0 1 6 3 5 3 1 2 1 3 6 1 1 0 0 1 0 0 1 0 0 0 0 0 0 
0 0 0 0 0 0 0 0 0 0 0 1 0 0 0 1 0 4 3 2 7 1 1 1 3 2 3 1 3 2 2 0 1 1 0 0 0 0 0 0 
0 0 0 0 1 0 0 0 0 0 0 0 0 0 1 0 0 2 4 5 6 1 2 4 4 5 3 1 2 0 1 0 0 0 1 0 0 0 1 1 
0 0 0 0 0 0 0 0 0 0 1 0 0 0 0 0 0 4 4 3 2 3 3 1 2 3 1 0 0 0 0 0 0 0 0 0 0 0 0 0 
0 0 0 0 0 0 0 0 0 0 0 0 0 1 0 0 2 1 1 0 2 5 2 4 3 4 1 2 2 1 0 0 0 0 0 0 0 0 0 0 
0 0 0 0 0 0 0 0 0 1 0 1 1 0 1 2 2 1 1 6 1 1 1 4 3 2 1 1 1 0 2 0 0 0 0 0 0 0 0 0 
0 0 0 0 0 0 0 0 0 0 0 2 0 0 1 1 2 0 1 2 2 3 2 4 1 1 2 1 0 1 0 1 0 0 0 0 0 0 0 0 
0 0 1 0 0 1 0 0 0 0 0 0 0 0 0 0 0 0 0 3 2 1 0 2 0 0 1 0 0 0 0 0 0 0 0 0 0 0 0 0 
0 0 0 0 0 0 0 0 0 0 0 1 0 1 1 2 1 1 2 4 5 0 4 1 2 1 4 0 4 0 0 0 0 0 0 0 0 0 0 0 
0 0 0 0 0 0 0 0 0 0 0 0 2 1 2 1 2 1 3 2 5 1 1 4 1 0 0 1 0 0 0 1 0 0 0 0 0 0 0 0 
0 0 0 0 0 0 0 0 1 0 0 0 1 0 0 1 1 1 2 1 2 6 2 3 2 1 1 1 2 1 0 0 0 0 0 0 0 0 0 0 

0 0 0 0 0 0 0 0 0 0 0 0 0 0 1 0 0 2 2 44 22 6 5 1 0 0 1 1 1 0 0 0 0 0 0 0 0 0 0 0 
0 0 0 0 0 0 0 0 0 0 0 0 0 0 1 1 1 4 4 7 18 7 3 1 1 1 0 1 0 0 1 0 0 0 0 1 0 1 0 0 
0 0 0 0 0 0 0 0 0 1 0 0 0 1 0 0 0 4 8 14 13 4 5 1 3 4 2 0 2 3 1 0 1 0 1 0 1 0 1 0 
0 0 0 0 0 0 0 0 0 0 0 0 0 0 0 0 0 1 6 9 11 4 5 4 1 1 2 1 0 0 0 0 0 1 0 0 0 0 0 0 
0 0 0 0 0 0 0 0 0 0 1 0 0 0 0 1 1 5 4 10 6 2 2 1 1 0 0 2 3 1 0 0 1 0 0 0 0 0 0 0 
0 0 0 0 0 0 0 0 0 0 0 0 0 0 0 0 1 4 3 3 6 8 2 2 1 3 2 0 3 3 0 0 0 0 0 0 1 0 0 0 
0 0 0 0 0 0 0 0 0 0 1 0 0 0 0 2 2 0 3 2 3 2 1 3 2 3 2 1 2 0 2 0 0 0 0 0 0 0 0 0 
0 0 0 0 0 0 0 0 0 0 0 0 0 0 1 0 1 1 5 10 4 1 0 3 1 1 2 3 2 0 0 1 1 0 0 0 0 1 0 1 
0 0 0 0 0 0 0 0 0 0 0 1 0 0 0 1 0 1 3 3 6 5 4 0 2 0 2 1 0 0 0 0 0 0 0 0 0 0 0 0 
0 0 0 1 0 0 0 0 0 0 0 0 0 0 0 2 1 1 3 3 3 4 1 2 3 3 3 1 0 3 1 0 0 0 0 0 0 0 0 0 
0 0 0 0 0 0 0 0 0 0 0 0 0 0 1 1 1 0 2 5 3 2 1 0 5 3 1 2 0 2 0 0 0 0 0 0 0 0 0 0 
0 0 0 0 0 0 0 0 0 0 0 0 0 1 0 1 0 1 3 0 3 1 0 1 1 0 4 1 1 2 1 0 0 0 0 0 0 0 0 0 
0 1 0 0 0 0 1 0 0 0 0 0 0 0 1 1 0 2 0 3 2 2 0 2 0 2 0 1 2 0 0 0 0 0 0 0 0 0 0 0 
0 0 0 0 1 0 0 0 0 0 0 0 0 1 1 0 0 2 2 6 4 2 3 0 0 3 2 0 1 0 1 0 0 0 0 0 0 0 0 0 
1 0 0 0 0 0 0 0 0 0 0 0 0 0 0 1 1 1 2 1 0 0 3 2 1 0 2 0 1 1 0 0 0 0 0 0 0 0 0 0 
0 0 0 0 1 0 0 0 0 0 0 0 0 0 0 1 1 0 3 2 2 2 1 2 1 0 1 3 0 0 0 0 3 0 0 0 0 0 0 0 
0 0 0 0 0 0 0 0 0 0 0 0 0 0 2 2 0 3 2 4 0 0 1 2 5 7 1 1 0 1 0 1 0 0 0 0 0 0 0 0 
0 0 0 0 0 0 0 0 0 0 0 0 0 0 0 1 1 1 0 2 0 1 1 0 1 2 2 1 1 1 0 1 0 0 0 0 0 0 0 0 
0 0 0 0 0 0 0 0 0 0 0 0 0 0 0 1 1 0 0 3 1 0 1 1 0 2 2 2 0 0 1 0 1 0 0 0 0 0 0 0 
0 0 0 0 0 0 0 0 0 1 0 0 0 1 1 2 1 0 2 4 3 0 1 1 5 0 1 0 0 0 0 0 0 0 0 0 0 0 0 0 
0 0 0 0 0 0 0 0 0 0 0 0 0 0 0 0 1 0 0 0 0 1 1 1 1 0 0 0 1 0 0 0 2 0 0 0 0 0 0 0 
0 0 0 0 0 0 0 0 0 0 0 0 0 0 1 1 0 1 1 1 1 0 1 2 2 0 0 0 1 0 1 0 0 0 0 0 0 0 0 1 
0 0 0 0 0 0 0 0 1 0 2 0 0 0 0 1 1 1 1 1 5 0 4 0 2 0 2 1 0 0 0 0 0 0 0 0 0 0 0 0 
0 0 0 0 0 1 0 0 0 0 0 0 0 0 2 0 1 0 1 0 0 1 1 0 0 1 0 0 1 0 1 0 0 0 0 0 1 0 0 0 

0 0 0 0 0 0 0 0 0 0 0 0 0 0 0 0 1 2 1 29 15 8 1 3 1 0 1 1 0 0 2 0 0 0 0 0 0 0 0 0 
0 0 0 0 0 0 0 0 0 0 0 0 0 0 0 0 0 0 0 1 2 2 1 1 0 0 0 0 1 0 0 0 0 0 0 0 0 0 0 0 
0 0 0 0 0 0 0 0 0 0 0 0 0 0 1 1 1 2 2 7 2 2 1 1 0 1 0 0 0 1 0 0 0 0 0 0 0 0 0 0 
0 0 0 0 0 0 0 0 0 0 0 0 0 0 0 2 3 2 0 7 9 2 2 1 1 1 0 0 0 1 0 1 0 0 0 0 0 0 0 0 
0 0 0 0 0 0 0 0 0 0 0 0 0 1 0 0 0 4 0 5 4 3 1 0 1 1 0 0 0 1 0 0 0 0 0 0 0 0 0 0 
0 0 0 0 0 0 0 0 0 0 0 0 0 0 1 0 0 0 0 3 4 0 2 0 1 0 0 1 1 1 1 0 0 2 0 0 0 0 0 0 
0 0 0 0 0 0 0 0 0 0 0 0 1 0 1 0 0 3 3 0 5 2 3 0 1 1 2 0 2 0 0 0 0 0 0 0 0 0 0 0 
0 0 0 0 0 0 1 0 1 0 0 0 0 0 0 1 0 1 0 4 2 1 0 1 1 0 0 0 2 0 0 0 1 0 0 0 0 0 0 0 
0 0 0 0 0 0 0 0 0 0 0 0 0 0 0 1 3 1 0 1 4 1 1 0 4 1 1 0 0 1 0 0 1 0 0 0 0 0 0 0 
0 0 0 0 0 0 0 0 0 0 0 0 0 0 2 1 1 1 2 1 4 1 1 0 3 2 0 0 3 1 0 0 0 0 0 0 0 0 0 0 
0 0 0 0 0 0 0 0 0 0 0 0 0 0 0 0 0 1 1 2 1 2 2 2 0 1 2 0 1 0 0 0 0 0 0 0 0 0 0 0 
0 0 1 0 0 0 0 0 0 0 0 0 1 0 0 0 0 0 0 0 2 0 0 2 2 2 1 1 2 0 0 0 0 0 0 0 0 0 1 0 
0 0 0 0 0 0 0 0 0 0 0 0 0 0 0 0 0 0 1 3 3 1 1 1 3 2 1 2 1 0 0 1 0 0 0 0 0 0 0 0 
0 0 0 0 0 0 0 0 0 0 0 0 0 1 0 0 2 0 3 0 3 0 2 2 2 0 0 0 0 0 1 0 0 0 0 0 0 0 0 0 
0 0 0 0 0 0 0 0 0 0 0 0 1 1 0 0 1 0 1 1 1 1 1 0 0 0 2 0 0 0 0 1 0 0 0 0 0 0 0 0 
0 0 0 0 0 0 0 0 0 0 0 0 0 0 0 0 0 0 0 2 5 1 1 0 2 0 3 0 0 1 0 0 0 0 0 0 0 0 0 0 
0 0 0 0 0 0 0 0 0 0 0 0 0 0 0 0 0 0 0 0 1 2 1 0 1 4 0 0 0 0 0 0 0 0 1 0 0 0 0 0 
0 0 0 0 0 0 0 0 0 0 0 0 1 0 0 0 0 0 0 3 0 1 0 2 2 0 2 2 0 0 0 0 0 0 0 0 1 0 0 0 
0 0 0 0 0 0 0 0 0 0 0 0 0 1 0 1 0 0 0 2 1 0 1 1 0 0 0 0 0 0 1 0 1 0 1 0 0 0 0 0 
0 0 0 0 1 0 0 0 0 0 0 1 0 0 0 0 0 1 0 0 1 0 1 2 1 0 0 1 0 0 0 0 0 0 0 0 0 0 0 0 
0 0 0 0 0 0 0 0 0 0 0 0 0 0 0 0 0 1 0 0 0 0 2 1 0 1 0 0 0 1 1 0 0 1 0 0 0 0 0 0 
1 0 0 0 0 0 0 0 0 0 0 0 0 0 0 0 0 1 0 0 0 1 1 1 1 0 2 0 0 0 0 0 0 0 0 0 0 0 0 0 
0 0 0 0 0 0 0 0 0 0 0 0 0 0 0 0 0 1 0 2 0 0 3 4 0 0 1 0 0 1 0 0 0 0 0 0 0 0 0 0 
0 0 0 0 0 0 0 0 0 1 0 0 1 1 0 1 0 1 1 1 4 2 2 2 3 1 0 0 1 0 0 0 0 0 0 0 0 0 0 0 

0 0 0 0 0 0 0 0 0 0 0 0 0 1 2 0 0 2 1 15 6 1 1 0 0 0 0 1 0 0 1 0 0 0 0 0 0 0 0 0 
0 0 0 0 0 0 0 0 0 0 0 0 1 0 1 0 0 1 3 2 6 2 2 0 0 0 0 0 0 0 1 1 0 0 0 0 0 0 0 0 
0 0 1 0 0 0 0 0 0 0 0 0 0 0 0 0 1 0 1 2 3 1 2 4 1 0 0 0 0 0 0 0 0 0 1 1 0 0 0 0 
0 0 0 0 0 0 0 0 0 0 0 0 0 0 1 0 1 0 0 4 2 0 3 1 1 2 1 0 0 0 0 0 0 0 0 1 0 0 0 0 
0 0 0 1 0 0 0 0 0 0 0 0 0 0 1 1 2 3 0 4 3 3 0 1 0 1 0 3 0 1 0 0 0 0 0 0 0 0 0 0 
0 0 0 0 0 0 0 0 0 0 1 0 0 0 0 2 0 1 1 4 0 0 0 1 0 0 0 1 0 1 1 0 0 0 0 0 0 0 0 0 
0 0 0 0 0 0 0 0 0 0 0 0 0 0 0 0 1 0 0 1 1 0 0 0 1 0 0 0 0 1 0 0 0 1 0 0 0 0 0 0 
0 0 0 0 0 0 0 0 0 0 0 0 0 0 0 0 1 0 2 5 2 1 0 1 0 1 0 0 1 0 0 0 0 0 0 0 0 0 0 0 
0 0 0 0 0 0 0 0 0 0 0 0 1 0 0 0 0 0 0 0 0 0 1 1 0 1 0 2 0 1 0 0 1 0 0 0 0 0 0 2 
0 0 0 0 0 0 0 0 0 0 0 0 0 0 1 0 0 1 1 0 0 0 2 0 2 1 0 0 0 0 0 1 0 1 0 0 0 0 0 0 
0 0 0 0 0 0 0 0 1 0 0 1 1 0 1 1 1 2 2 2 6 0 2 3 3 3 1 0 0 0 1 1 0 0 0 0 0 0 0 0 
0 0 0 0 0 0 0 0 0 0 1 0 0 1 0 2 0 0 0 0 2 1 0 0 2 1 0 0 0 0 0 0 0 0 0 0 0 0 0 0 
0 0 0 0 0 0 0 0 0 0 0 0 0 1 0 0 1 0 0 2 1 1 3 0 1 0 0 0 0 1 1 0 0 0 0 0 0 0 1 0 
0 0 0 0 0 0 0 0 0 0 0 0 0 1 0 1 0 0 0 3 0 0 2 3 1 4 0 0 0 0 0 0 0 0 0 0 0 0 0 0 
0 0 0 0 0 0 0 0 0 1 0 0 0 1 0 0 1 0 0 0 0 1 1 0 0 1 0 2 2 0 0 0 0 0 0 0 0 0 0 0 
0 0 0 0 0 1 0 0 0 0 0 0 0 0 0 0 0 1 1 1 1 2 0 0 2 1 5 0 2 0 0 0 0 0 0 0 0 0 0 0 
0 0 0 0 0 0 0 0 1 0 0 0 1 0 0 1 1 3 0 1 2 1 1 0 2 2 3 0 1 0 0 0 0 0 0 0 0 0 0 0 
0 0 0 0 0 0 0 0 0 0 0 0 0 1 0 1 0 0 0 3 1 0 0 0 0 0 1 0 0 0 0 0 0 0 0 0 0 0 0 1 
0 0 0 0 0 0 0 1 0 0 0 0 0 1 1 0 1 0 2 0 2 0 2 0 0 0 1 0 0 0 0 0 0 0 0 0 0 0 0 0 
0 0 0 0 0 0 0 0 0 0 0 0 0 0 0 0 0 1 0 1 2 0 2 2 1 0 0 0 0 0 0 0 0 0 0 0 0 0 0 0 
0 0 0 0 0 0 0 0 0 1 0 0 0 0 0 0 0 0 0 2 0 0 1 0 2 0 0 0 0 1 0 0 2 0 0 0 0 0 0 0 
0 0 0 0 0 0 0 0 0 0 0 0 0 0 0 0 0 1 0 1 0 1 1 1 0 0 0 0 0 0 0 0 1 0 0 0 0 0 0 0 
0 0 0 0 0 0 0 0 0 0 0 0 0 0 0 0 0 2 1 1 2 1 0 3 1 0 3 0 0 0 0 0 0 0 0 0 0 0 0 0 
0 0 0 0 0 0 0 0 0 0 0 0 0 0 0 0 0 1 0 0 0 0 2 2 0 1 0 0 0 0 0 0 0 0 0 0 0 0 0 0 

0 0 0 0 0 0 0 0 0 0 0 0 0 0 0 1 0 0 1 7 3 0 1 0 0 0 0 0 0 1 1 0 0 0 0 0 0 0 0 0 
0 0 0 0 0 0 0 1 0 0 0 0 0 0 0 0 0 1 1 2 4 1 2 2 0 0 0 0 0 1 0 0 0 0 0 0 0 0 0 0 
0 0 0 0 0 0 0 0 0 0 0 0 0 0 0 0 0 0 1 0 3 1 0 0 1 0 1 1 0 1 0 1 0 0 0 0 0 0 0 0 
0 0 0 0 0 0 0 0 0 0 0 0 0 0 0 1 0 1 0 1 4 0 1 0 1 0 2 0 0 0 0 0 0 0 0 0 0 0 0 0 
0 0 0 0 0 0 0 0 0 0 0 0 0 0 0 0 1 1 0 3 2 0 2 0 1 1 0 1 0 0 0 0 0 0 0 0 0 0 0 0 
0 0 0 0 0 0 0 0 0 0 0 0 0 0 0 0 0 0 0 2 0 2 0 0 1 0 0 0 0 0 0 0 0 0 1 0 0 0 0 0 
0 0 0 0 0 0 0 0 0 0 0 0 0 0 0 1 1 1 2 1 1 0 0 0 2 0 1 4 2 0 0 0 0 0 0 0 0 0 0 0 
0 0 0 0 0 0 0 0 0 0 0 0 0 1 1 0 1 2 1 4 3 1 0 1 1 1 1 0 0 0 0 0 0 0 0 0 0 0 0 0 
0 0 0 0 0 0 0 0 0 0 0 0 0 0 0 0 0 1 0 0 2 2 1 0 0 0 1 0 1 0 0 0 0 0 0 0 0 0 0 1 
0 0 0 0 0 0 0 0 0 1 0 0 0 0 0 0 0 1 1 1 1 1 1 1 0 2 0 1 0 0 0 0 0 0 0 0 0 0 0 0 
0 0 0 0 0 0 0 0 0 0 0 0 0 1 1 0 0 1 0 2 1 0 1 0 0 1 3 0 0 0 0 0 0 0 0 0 0 0 1 0 
0 0 0 0 0 0 0 0 0 0 0 0 0 0 0 0 0 0 0 0 1 1 0 1 1 1 0 0 0 0 1 0 0 0 0 0 0 0 0 0 
0 1 0 0 0 0 0 0 0 0 0 0 0 1 0 1 0 0 0 2 2 2 0 1 1 0 0 0 1 1 0 0 0 0 0 0 0 0 0 0 
0 0 0 0 0 0 0 0 0 0 0 1 0 0 0 0 0 0 1 2 0 0 0 2 0 2 1 0 0 0 0 0 0 0 0 0 0 0 0 0 
0 0 0 0 0 0 0 0 0 0 0 0 0 0 0 0 0 0 0 0 0 0 0 0 0 1 0 0 0 0 0 0 0 0 0 0 0 0 0 0 
0 0 0 0 0 0 0 0 0 0 0 0 0 0 0 0 0 0 1 0 3 0 0 0 0 0 0 0 0 0 0 0 0 0 0 0 0 0 0 0 
0 0 0 0 0 0 0 0 0 0 0 0 0 0 0 0 0 0 2 0 1 1 1 2 1 1 1 1 0 0 0 0 0 0 0 0 0 0 0 0 
0 0 0 0 0 0 0 0 0 0 0 0 0 0 0 0 0 2 1 0 1 0 1 0 0 0 0 0 0 0 0 0 0 0 0 0 0 0 0 0 
0 1 0 0 0 0 0 0 0 0 0 0 0 0 0 0 1 0 0 1 1 0 2 0 2 0 0 0 0 0 0 0 0 0 0 0 0 0 0 0 
0 0 0 0 0 0 0 1 0 0 0 0 0 0 1 1 1 0 0 0 0 0 0 1 0 1 0 0 0 0 0 0 0 0 0 0 0 0 0 0 
0 0 0 0 0 0 0 0 0 0 0 0 0 0 0 1 0 0 1 0 1 0 0 1 0 0 0 0 0 0 0 1 0 0 0 0 0 0 0 0 
0 0 0 0 0 0 0 0 0 0 1 0 0 0 0 0 0 0 0 0 2 1 2 0 0 0 2 0 2 0 0 0 0 0 0 0 0 0 0 1 
0 0 0 0 0 0 0 0 0 0 0 1 0 0 1 0 0 0 0 0 0 0 0 0 1 0 0 1 0 0 0 0 0 0 0 0 0 0 0 0 
0 0 0 0 0 1 0 0 0 0 0 2 0 0 1 0 0 1 0 1 0 2 0 3 0 0 0 0 0 0 0 0 0 0 0 0 0 0 0 0 

0 0 0 0 0 0 0 0 0 0 0 0 0 0 0 0 0 0 0 10 5 0 0 0 0 0 0 0 0 0 0 0 0 0 0 0 0 0 0 0 
0 0 0 0 0 0 0 0 0 0 0 0 0 0 1 0 0 0 2 2 0 1 0 0 1 1 0 0 0 1 0 0 0 0 0 0 0 0 0 0 
0 0 0 0 0 0 0 0 0 0 0 0 0 0 0 0 0 0 1 1 3 2 2 0 1 0 0 0 0 0 0 0 0 0 1 0 0 0 0 0 
0 0 0 0 0 0 0 0 0 0 0 0 0 0 0 2 1 0 1 4 3 1 1 2 1 0 0 1 0 0 0 0 0 0 0 0 0 0 0 0 
0 0 0 0 0 0 0 0 0 0 0 0 0 0 0 0 0 0 1 2 0 0 0 1 0 0 1 0 0 0 0 0 0 0 0 0 0 0 0 0 
0 0 0 0 0 0 0 0 0 0 0 0 0 0 0 0 0 0 1 1 0 0 0 0 0 1 0 0 0 0 1 0 0 0 0 0 0 0 0 1 
0 0 0 0 0 0 0 0 0 0 0 0 0 0 0 0 1 1 0 0 1 2 1 0 1 0 0 0 0 0 2 0 0 0 1 0 0 0 0 0 
0 0 0 0 0 0 0 0 0 0 0 0 0 0 0 0 0 0 3 1 0 0 0 1 1 0 0 0 1 0 0 0 0 0 0 0 0 1 0 0 
0 0 0 0 0 0 0 0 0 0 0 0 0 1 0 2 0 0 0 0 2 1 0 1 1 0 0 3 1 0 0 0 0 0 0 0 0 0 1 0 
0 0 0 0 0 0 0 0 0 0 0 0 0 0 1 0 0 0 0 0 2 0 0 0 0 0 2 0 0 0 1 0 0 0 0 0 0 0 0 0 
0 0 0 0 0 0 1 0 1 0 0 0 0 0 0 1 1 0 0 1 0 0 0 1 1 2 1 0 0 0 0 0 0 0 0 0 0 0 0 0 
0 0 0 0 0 0 0 0 0 0 0 1 0 0 0 0 0 0 0 0 0 0 0 0 0 0 0 0 0 0 0 0 0 0 0 0 0 0 0 0 
0 0 0 0 0 0 0 1 0 0 0 0 0 0 0 0 0 0 1 0 0 0 0 0 0 0 1 0 0 0 0 0 0 0 0 0 0 0 0 0 
0 0 0 0 0 0 0 0 0 1 0 0 0 0 2 0 0 1 0 1 1 0 1 1 1 3 1 1 0 0 1 0 0 0 0 0 0 0 0 0 
0 0 0 0 0 0 0 0 0 0 0 0 0 0 0 0 0 0 0 2 1 0 0 1 0 0 0 0 0 0 0 0 0 0 0 0 0 0 0 0 
0 0 0 0 0 0 0 0 0 0 0 0 0 0 0 0 1 2 1 2 0 1 1 1 0 0 1 0 2 0 0 0 0 0 0 0 0 0 0 0 
0 0 0 0 0 0 0 0 0 0 0 0 0 0 0 0 2 2 0 0 0 1 1 2 2 2 0 1 0 0 0 0 0 0 0 0 0 0 0 0 
0 0 0 0 0 0 0 0 0 0 0 0 0 0 0 0 0 1 0 2 0 0 0 0 0 1 0 0 0 0 0 0 0 0 0 0 0 0 0 0 
0 0 0 0 0 0 0 0 0 0 0 0 0 0 0 0 0 1 0 0 0 0 0 1 0 0 1 0 1 0 0 0 0 0 0 0 0 0 0 0 
0 0 0 0 0 0 0 0 0 0 0 1 1 0 0 0 0 0 3 0 1 1 2 0 1 0 0 0 0 0 1 0 0 0 0 0 0 0 0 0 
0 0 0 0 0 0 0 0 0 0 0 0 0 0 0 0 0 0 0 1 0 1 1 0 0 1 0 0 0 0 0 0 0 0 0 0 0 0 0 0 
0 0 0 0 0 0 0 0 0 0 0 0 0 0 0 0 0 0 0 0 0 0 1 0 0 0 1 0 0 0 0 0 0 0 0 0 0 0 0 0 
0 0 0 0 0 0 0 0 0 0 0 1 1 0 0 0 0 0 1 0 0 0 1 1 0 0 1 0 0 0 0 0 0 0 0 0 0 0 0 0 
0 0 0 0 0 0 0 0 0 0 0 0 0 0 0 1 0 1 0 0 0 0 0 0 0 0 0 0 0 0 0 1 0 0 0 0 0 0 0 0 

0 0 0 0 0 0 0 0 0 0 0 0 1 1 0 0 1 0 0 3 2 0 0 0 0 0 0 0 0 0 0 0 0 0 0 0 0 0 0 0 
0 0 0 0 0 0 0 0 0 0 0 1 0 0 0 0 0 0 0 1 1 0 1 0 0 0 0 0 0 1 0 0 0 0 0 0 0 0 0 0 
0 0 0 0 0 0 0 0 0 0 0 0 0 0 0 0 0 1 0 0 1 2 0 0 1 0 1 0 0 0 1 0 0 1 0 0 0 0 0 0 
0 0 0 0 0 0 0 0 0 0 0 0 0 0 0 1 1 0 0 1 2 0 0 0 0 1 0 0 0 0 0 0 0 0 0 0 0 0 1 0 
0 0 0 0 0 0 0 0 0 0 0 0 0 0 0 0 0 1 0 6 0 2 0 0 0 0 0 0 0 0 0 0 0 0 0 0 0 0 0 0 
0 0 0 0 0 0 0 0 0 0 0 0 0 0 1 1 0 1 1 0 0 1 1 0 0 0 0 1 1 1 0 0 0 0 0 0 0 0 0 1 
0 0 0 0 0 0 0 0 0 0 0 0 0 0 0 0 0 0 1 1 3 0 0 0 0 0 1 0 0 0 1 0 0 0 1 0 0 0 0 0 
0 0 0 0 0 0 0 0 0 0 0 1 0 0 0 0 0 0 0 2 1 0 0 1 0 0 0 2 1 0 0 0 0 0 0 0 0 0 0 0 
0 0 0 0 0 0 0 0 0 0 0 0 0 0 0 0 0 0 0 0 0 0 0 0 1 0 0 0 0 0 0 0 0 0 0 0 0 0 0 0 
0 0 0 0 0 0 0 0 0 0 0 0 0 0 0 0 0 0 1 0 0 0 0 1 0 1 0 0 0 0 1 0 0 0 0 0 0 0 0 0 
0 0 0 0 0 0 0 0 0 0 0 0 0 0 0 0 1 0 0 0 0 1 0 0 0 2 1 0 0 0 0 0 0 0 0 0 0 0 0 0 
0 0 0 0 0 0 0 0 0 0 0 0 0 0 0 0 0 1 1 0 0 0 0 0 0 0 0 0 0 1 0 0 0 0 0 0 0 0 0 0 
0 0 0 0 0 0 0 0 0 0 0 0 0 0 0 0 0 1 0 0 0 0 1 1 1 1 1 0 0 0 0 0 0 0 0 0 0 0 0 0 
0 0 0 0 0 0 0 0 0 0 0 0 0 0 0 1 1 0 1 0 1 0 0 0 0 0 0 0 0 0 0 0 0 0 0 0 0 0 0 0 
0 0 0 0 0 0 0 0 0 0 1 0 0 0 0 0 0 0 0 1 1 0 1 0 0 0 0 0 0 0 0 0 0 1 0 0 0 0 0 0 
0 0 0 0 0 0 0 0 0 0 0 0 0 0 0 0 0 0 0 0 0 0 0 0 0 0 0 0 0 0 0 0 0 0 0 0 0 0 0 0 
0 0 0 0 0 0 0 0 0 0 0 0 0 0 0 0 0 0 0 0 1 1 0 0 0 0 0 0 0 0 0 0 0 0 0 0 0 0 0 0 
0 0 0 0 0 0 0 0 0 0 0 0 0 0 1 0 0 0 0 0 0 1 1 1 0 0 0 0 0 0 0 0 0 0 0 0 1 0 0 0 
0 0 0 0 0 0 0 0 0 0 0 0 0 0 0 0 0 0 0 0 1 1 0 0 0 0 1 0 0 0 0 0 0 0 0 0 0 0 0 0 
0 0 0 0 0 0 0 0 0 0 0 0 0 1 0 1 0 0 1 1 0 1 0 1 0 0 0 0 0 0 0 0 0 0 0 0 0 0 0 0 
0 0 0 0 0 0 0 0 0 0 0 0 0 0 0 0 0 0 1 0 0 0 1 0 1 0 0 0 0 0 0 0 0 0 0 0 0 0 0 0 
0 0 0 0 0 0 0 0 0 0 0 0 0 0 0 0 0 2 1 0 0 1 2 1 2 0 0 0 0 1 0 0 0 0 0 0 0 0 0 0 
0 0 0 0 0 0 0 0 0 0 0 0 0 0 1 0 0 0 0 2 0 0 0 1 1 0 0 0 0 0 0 0 0 0 0 0 0 0 0 0 
0 0 0 0 0 0 0 0 0 0 0 0 0 0 0 0 0 0 0 1 0 0 1 2 1 0 0 1 0 0 0 0 0 0 0 0 0 0 0 0 

0 0 0 0 0 0 0 0 0 0 0 0 0 0 0 0 0 1 1 1 0 1 0 0 0 0 0 0 0 0 0 0 0 0 0 0 0 0 0 0 
0 0 0 0 0 0 0 0 0 0 0 0 0 1 0 0 0 1 0 1 0 0 0 0 0 1 0 0 0 1 0 0 0 0 0 0 0 0 0 0 
0 0 0 0 0 0 0 0 0 0 0 0 0 0 0 0 0 0 0 0 0 0 0 0 0 1 0 0 0 0 0 0 0 0 0 0 0 0 0 0 
0 0 0 0 0 0 0 0 0 0 0 0 0 0 2 0 0 0 0 0 1 0 1 0 0 0 0 0 0 0 0 0 0 0 0 0 0 0 0 0 
0 0 0 0 0 0 0 0 0 0 0 0 0 0 0 2 0 0 0 1 3 1 0 0 0 0 0 0 1 0 0 0 0 0 0 0 0 0 0 0 
0 0 0 0 0 0 0 0 0 0 0 0 0 0 0 0 0 0 0 0 0 0 0 0 1 0 0 0 0 0 0 1 0 0 0 0 0 0 0 0 
0 0 0 0 0 0 0 0 0 0 0 0 0 1 0 0 0 0 1 1 0 0 0 0 1 0 0 1 0 0 0 0 0 0 0 0 0 0 0 0 
0 0 0 0 0 0 0 0 0 0 0 0 0 0 0 1 0 0 2 0 1 0 0 0 0 0 0 1 0 0 0 0 0 0 0 0 0 0 0 0 
0 0 0 0 0 0 0 0 0 0 0 0 0 0 0 0 0 0 0 0 1 0 0 0 0 0 1 1 0 0 0 0 0 0 0 0 0 0 0 0 
0 0 0 0 0 0 0 0 0 0 0 0 0 0 0 0 0 0 0 0 0 0 0 0 0 0 0 0 1 0 1 0 0 0 0 0 0 0 0 0 
0 0 0 0 0 0 0 0 0 1 0 0 0 0 0 0 0 1 0 2 1 0 1 2 0 1 0 0 0 0 0 0 0 0 0 0 0 0 0 0 
1 0 0 0 0 0 0 0 0 0 0 0 0 0 0 0 0 0 0 0 0 0 0 0 0 0 0 0 0 1 0 0 0 0 0 0 0 0 0 0 
0 0 0 0 0 0 0 0 0 0 0 0 0 0 0 0 0 0 0 1 0 0 0 0 0 0 0 0 1 0 1 0 0 0 0 0 0 0 0 0 
1 0 0 0 0 0 0 0 0 0 0 0 0 0 0 0 0 0 1 1 0 0 2 0 0 0 1 0 1 1 1 0 0 0 0 0 0 0 0 0 
0 0 0 0 0 0 0 0 0 0 0 0 0 0 0 0 0 1 0 0 1 0 0 0 0 0 1 1 0 0 0 0 0 0 0 0 0 0 0 0 
0 0 0 0 0 0 1 0 0 0 0 0 0 0 0 0 1 0 0 0 0 0 1 0 0 0 0 1 0 0 0 0 0 0 0 0 0 0 0 0 
0 0 0 0 0 0 0 0 0 0 0 0 0 0 0 0 1 0 1 0 1 0 0 0 2 0 0 0 0 0 0 0 0 0 0 0 0 0 0 0 
0 0 0 0 0 0 0 0 0 0 0 0 0 0 0 0 0 0 1 0 0 0 0 0 0 0 0 0 0 0 0 0 0 0 0 0 0 0 0 0 
0 0 0 0 0 0 1 0 0 0 0 0 0 0 0 0 0 0 0 1 0 0 0 0 0 0 1 0 1 0 0 0 0 0 0 0 0 0 0 0 
0 0 0 0 0 0 0 0 0 0 0 0 0 0 1 0 0 1 1 0 1 0 0 1 0 0 0 1 1 0 0 0 0 0 0 0 0 0 0 0 
0 0 0 0 0 0 0 0 0 0 0 0 0 0 0 0 0 0 0 1 0 0 0 1 0 0 0 0 0 0 0 0 0 0 0 0 1 0 0 0 
0 0 0 0 0 0 0 0 0 0 0 0 0 0 1 0 0 0 0 1 0 0 0 1 0 1 1 0 0 0 0 0 0 0 0 0 0 0 0 0 
0 0 0 0 0 0 0 0 0 1 0 0 0 0 1 0 0 1 0 2 0 0 0 0 0 0 0 0 0 0 0 0 0 0 0 0 0 0 0 0 
0 0 0 0 0 0 0 0 0 0 0 0 0 0 0 0 0 0 0 0 0 0 0 0 0 0 0 0 0 0 0 0 0 0 0 0 0 0 0 0 

0 0 0 0 0 0 0 0 0 0 0 1 0 0 0 0 0 0 0 2 0 0 0 0 0 0 0 0 0 0 0 0 0 0 0 0 0 0 0 0 
0 0 0 0 0 0 0 0 0 0 0 0 0 0 0 0 0 0 1 0 0 0 2 1 0 0 0 0 0 0 0 0 0 0 0 0 0 0 0 0 
0 0 0 0 0 0 1 0 0 0 0 0 0 0 0 0 0 0 0 1 0 0 0 0 0 0 0 0 0 0 0 0 0 0 0 0 0 0 0 1 
0 0 0 0 0 0 0 0 0 0 0 0 0 1 0 0 0 0 0 0 1 0 0 0 0 0 0 1 0 0 1 0 0 0 1 0 0 0 0 0 
0 0 0 0 1 0 0 0 0 0 0 0 0 0 0 0 0 1 1 2 0 2 0 0 0 0 1 0 0 0 0 0 0 0 0 0 0 0 0 0 
0 0 0 0 0 0 0 0 0 0 0 0 0 0 0 0 0 0 0 0 0 0 0 0 0 0 0 0 0 0 0 0 0 0 0 0 0 0 0 0 
0 0 0 0 0 0 0 0 0 0 0 0 0 0 0 0 1 0 0 0 0 0 0 0 2 0 0 0 0 0 0 0 0 0 0 0 0 0 0 0 
0 0 0 0 0 0 0 0 0 0 0 0 1 1 0 0 0 0 0 0 0 0 0 0 0 1 0 1 0 0 0 0 0 0 0 0 0 0 0 0 
0 0 0 0 0 0 0 0 0 0 0 0 0 0 0 0 0 1 0 0 0 0 1 1 0 1 0 0 0 0 0 0 0 0 0 0 0 0 0 0 
0 0 0 0 0 0 0 0 0 1 0 0 0 0 0 0 0 0 1 0 0 0 1 0 0 0 2 1 0 0 1 0 0 0 0 0 0 0 0 0 
0 0 0 0 0 0 0 0 0 1 0 0 0 0 0 1 1 0 0 0 0 1 0 0 0 1 0 0 0 0 0 0 0 0 0 0 0 0 0 0 
0 0 0 0 0 0 0 0 0 0 0 0 0 0 0 1 0 0 1 0 0 0 0 0 0 0 0 0 0 0 0 0 0 0 0 0 0 0 0 0 
0 0 0 0 0 0 0 0 0 0 0 0 0 0 0 0 0 0 0 0 0 0 0 0 0 1 0 0 0 0 0 0 0 0 0 0 0 0 0 0 
0 0 0 0 0 0 0 1 0 0 0 0 0 0 0 0 0 0 0 0 0 0 0 0 0 0 1 0 0 0 0 0 0 1 0 0 0 0 1 0 
0 0 0 0 0 0 0 0 0 0 0 0 0 0 0 0 0 0 0 1 0 0 0 0 0 1 0 0 0 0 0 0 0 0 0 0 0 0 0 0 
0 0 0 0 0 0 0 0 0 0 0 0 0 0 0 0 0 1 1 0 0 0 0 0 0 0 1 0 0 0 0 0 0 0 0 0 0 0 0 0 
0 0 0 0 0 0 0 0 0 0 0 0 0 0 0 0 0 0 0 2 0 0 2 1 1 1 1 0 0 0 0 0 0 0 0 0 0 0 0 0 
0 0 0 0 0 0 0 0 0 0 0 0 0 0 0 0 0 0 0 0 0 0 0 0 0 0 0 0 0 0 0 0 0 0 0 0 0 0 1 0 
0 0 0 0 0 0 0 0 0 0 0 0 0 0 0 0 0 0 0 0 0 0 0 0 0 0 1 0 0 0 0 0 0 0 0 0 0 0 0 0 
0 0 0 0 0 0 0 0 0 0 1 0 0 0 1 1 0 0 0 0 0 0 0 0 1 0 1 0 0 0 0 0 0 0 0 0 0 0 0 0 
0 0 0 0 0 0 0 0 0 0 0 0 0 0 0 1 0 0 1 0 0 0 0 0 0 0 0 0 0 0 0 0 0 0 0 0 0 0 0 0 
0 0 0 0 0 0 0 0 0 0 0 0 0 0 0 0 1 0 0 0 0 0 0 0 0 0 2 0 0 0 0 0 0 0 0 0 0 0 0 0 
0 0 0 0 0 0 0 0 0 0 0 0 0 0 2 0 0 1 0 0 0 0 0 0 0 0 0 0 0 0 0 0 0 0 0 0 0 0 0 0 
0 0 0 0 0 0 0 0 0 0 0 0 0 0 0 0 0 0 0 0 0 0 1 0 0 0 0 0 0 0 0 0 1 0 0 0 0 0 0 0 

0 0 0 0 0 0 0 0 0 0 0 0 0 0 0 0 0 0 0 0 2 0 0 0 0 0 0 0 0 0 0 0 0 0 0 0 0 0 0 0 
0 0 0 0 0 0 0 0 0 0 0 0 0 1 0 0 0 0 1 0 1 2 0 0 0 0 0 0 0 1 1 0 0 0 0 0 0 0 0 0 
0 0 0 0 0 0 0 0 0 0 0 0 0 0 0 0 0 0 0 0 0 0 0 0 0 0 0 0 0 0 0 0 0 0 0 0 0 0 0 0 
0 0 0 0 0 0 0 0 0 0 0 0 0 0 0 0 0 0 0 0 0 1 0 0 1 1 0 0 0 0 0 0 0 0 0 0 0 0 0 0 
0 0 0 0 0 0 0 0 0 0 0 0 0 0 0 0 0 0 1 3 0 0 0 0 0 0 0 0 0 0 0 0 0 0 0 0 0 0 0 0 
0 0 0 0 0 0 0 0 0 0 0 0 0 0 0 0 0 0 0 1 0 0 0 0 0 0 0 0 0 0 0 0 0 0 0 0 0 1 0 0 
1 0 0 0 0 0 0 0 0 0 0 0 0 0 0 0 0 0 0 1 0 1 0 0 0 0 0 0 0 0 0 0 0 0 0 0 0 0 0 0 
0 0 0 0 0 0 0 0 0 0 1 0 0 0 1 1 0 0 0 0 1 1 0 0 1 0 0 1 0 0 0 0 0 0 0 1 0 0 0 0 
0 0 0 0 0 0 0 0 0 0 0 0 0 0 0 0 0 0 0 0 0 1 0 0 0 0 0 0 0 0 0 0 0 0 0 0 0 0 0 0 
0 0 0 0 0 0 0 0 0 0 0 0 0 0 0 0 0 0 0 0 0 0 0 0 0 2 0 0 0 0 0 0 0 0 0 0 0 0 0 0 
0 0 0 0 0 0 0 0 0 1 0 0 0 0 1 0 1 0 0 0 0 0 0 0 0 0 1 0 1 0 1 0 0 0 0 1 0 0 0 0 
0 0 0 0 0 0 0 0 0 0 0 0 0 0 0 0 0 1 1 2 0 0 0 0 2 0 1 1 0 0 0 0 1 0 0 0 0 0 0 0 
0 0 0 0 0 0 0 0 0 0 0 0 0 0 0 0 0 1 0 0 0 0 0 0 1 0 0 0 0 0 0 0 1 0 0 0 0 0 0 0 
0 0 0 0 0 0 0 0 0 0 0 0 0 0 0 0 0 0 0 1 0 0 0 0 0 0 0 0 0 0 0 0 0 0 0 0 0 0 0 0 
0 0 0 0 0 0 0 0 0 0 0 0 0 0 0 0 0 0 1 1 0 0 1 0 0 0 0 0 0 0 0 0 0 0 0 0 0 0 0 0 
0 0 0 0 0 0 0 0 0 0 0 1 0 0 0 1 0 0 0 0 0 0 0 0 1 1 0 0 0 0 0 0 0 0 0 0 0 0 0 0 
0 0 0 0 0 0 0 0 0 0 0 0 0 0 0 0 0 0 0 2 0 0 0 0 2 0 0 0 0 0 0 0 0 0 0 0 0 0 0 0 
0 0 0 0 0 0 0 0 0 0 0 0 0 0 0 0 0 0 0 0 0 0 0 0 0 0 0 0 0 0 0 0 0 0 0 0 0 0 0 0 
0 0 0 0 0 0 0 0 0 0 0 0 0 0 0 0 1 0 0 0 0 0 0 0 0 0 0 0 0 0 0 0 0 0 0 0 0 0 0 0 
0 0 0 0 0 0 0 0 0 0 1 0 0 0 0 0 0 0 0 2 0 2 2 0 1 0 0 0 0 0 0 0 0 0 0 0 0 0 0 0 
0 0 0 0 0 0 0 0 0 0 0 0 0 0 0 0 0 0 0 0 0 0 0 0 0 0 0 0 0 0 0 0 0 0 0 0 0 0 0 0 
0 0 0 0 0 0 0 0 0 0 0 0 0 0 0 1 0 0 0 2 0 0 1 0 1 0 0 0 0 0 0 0 0 0 0 0 0 0 0 0 
0 0 0 0 0 0 0 0 0 0 0 0 0 0 0 1 2 2 0 0 2 2 0 0 0 0 1 0 0 0 0 0 0 0 0 0 0 0 0 1 
0 0 0 0 0 0 0 0 0 0 0 0 0 0 0 0 0 0 0 0 0 0 0 0 0 0 0 0 0 0 0 0 0 0 0 0 0 0 0 0 

0 0 0 0 0 0 0 0 0 0 0 0 0 1 0 0 0 2 0 2 1 0 0 0 0 0 0 1 0 0 0 0 0 0 0 0 0 0 0 0 
0 0 0 0 0 0 0 0 0 0 0 2 1 0 0 0 0 0 0 1 2 0 0 0 0 0 0 0 0 0 0 1 0 0 0 0 0 0 0 0 
0 0 0 0 0 0 0 0 0 0 0 0 0 0 0 1 0 0 0 0 1 0 1 0 0 0 0 0 0 0 0 0 0 0 0 0 0 0 0 0 
0 0 0 0 0 0 0 0 0 0 0 0 0 0 0 1 0 0 0 1 1 0 0 1 0 0 0 0 0 0 0 0 0 0 0 0 0 0 0 0 
0 0 0 0 0 0 0 0 0 0 0 0 0 0 0 0 0 0 0 1 0 0 1 0 0 0 1 0 1 0 1 0 0 0 0 0 0 0 0 0 
0 0 0 0 0 0 0 0 0 0 0 0 0 0 0 0 0 0 0 4 4 0 0 0 0 0 0 0 1 1 1 0 0 0 0 0 0 0 0 0 
0 0 0 1 0 0 0 0 0 0 0 0 0 0 0 0 0 1 1 1 0 1 0 0 0 1 0 0 0 0 0 0 0 0 0 0 0 0 0 0 
0 0 0 0 0 0 0 0 0 0 0 0 0 0 0 0 0 1 0 0 1 1 0 0 0 0 0 1 0 0 0 0 0 0 0 0 0 0 0 0 
0 0 0 0 0 0 0 1 0 0 0 0 0 0 0 0 0 1 1 0 1 0 0 1 0 0 0 1 2 1 1 2 1 0 0 0 0 0 0 0 
0 0 0 0 0 0 0 0 0 0 0 0 0 1 0 0 0 0 1 1 0 0 1 1 1 2 1 0 0 0 0 0 0 0 0 0 0 0 0 0 
0 0 0 0 0 0 0 0 1 0 0 0 0 0 0 0 0 0 1 1 0 1 1 1 0 0 1 0 0 0 0 0 0 0 0 0 0 0 0 0 
0 0 0 0 0 0 0 0 0 0 0 0 0 0 0 0 0 0 0 0 1 0 1 0 0 1 1 1 1 0 1 0 0 0 0 0 0 0 0 0 
0 0 0 0 0 0 0 0 0 0 0 0 0 0 0 1 0 0 0 0 0 0 0 1 0 1 0 0 0 0 0 0 0 0 0 0 0 0 0 0 
0 0 0 0 0 0 0 0 0 0 0 1 0 0 1 0 0 0 0 0 0 1 1 2 2 0 0 0 0 0 0 0 0 0 0 0 0 0 0 1 
0 0 0 0 0 0 0 0 0 0 0 0 0 0 0 0 0 0 0 0 1 2 1 1 1 0 0 0 0 0 0 0 1 0 0 0 0 0 0 0 
0 0 0 0 0 0 0 0 0 0 0 0 0 0 0 0 1 0 0 0 2 0 0 0 0 0 1 0 0 0 0 0 0 0 0 0 0 0 0 0 
0 0 0 0 0 0 0 0 0 0 0 0 0 0 0 0 0 0 0 2 1 0 2 0 0 0 0 0 0 0 0 0 0 0 0 0 0 0 0 0 
0 1 0 0 0 0 0 0 0 0 0 0 0 0 0 1 0 0 0 0 0 2 0 1 0 1 0 1 0 0 0 0 0 1 0 1 0 0 0 0 
0 0 0 0 0 0 0 0 0 0 0 0 0 0 0 0 0 0 0 0 0 0 0 0 0 0 0 0 0 0 0 0 0 0 0 0 0 0 0 0 
0 0 0 0 0 0 0 0 1 0 0 1 0 0 0 0 0 1 1 0 0 1 0 1 0 0 0 0 0 0 0 0 0 0 0 0 0 0 0 0 
0 0 0 0 0 0 0 0 0 0 0 0 0 0 1 0 0 0 1 1 1 1 0 0 0 0 0 0 0 1 0 0 0 0 0 0 0 0 0 0 
0 0 0 0 0 0 0 0 0 0 0 0 0 0 0 2 0 0 0 1 0 0 0 1 0 0 0 0 0 0 0 0 0 0 0 0 0 0 0 0 
0 1 0 0 0 0 0 0 0 0 1 0 0 0 0 0 0 0 0 0 0 0 0 1 0 0 0 0 0 0 0 0 0 0 0 0 0 0 0 0 
0 0 0 0 0 0 0 0 0 0 0 0 0 0 0 0 0 0 1 0 0 0 0 0 0 0 0 0 0 0 0 0 0 0 0 0 0 0 0 0 

