#################################### 
# Matrix Size= (4,1,40)
# Resol      = (1,8,20)
# VoxelSize  = (4,0.125,2)
# nbVal      = 160
#################################### 
0 0 0 0 0 0 0 0 
0 0 0 0 0 0 0 0 
0 0 0 0 0 0 0 0 
0 0 0 0 0 0 0 0 
0 0 0 0 0 0 0 0 
0 0 0 0 0 0 0 0 
2 1 3 1 1 2 1 4 
3 3 3 3 2 2 1 5 
0 1 3 1 2 1 1 1 
3 4 7 4 5 7 4 6 
0 0 0 0 2 1 2 1 
0 0 1 0 0 0 0 1 
0 0 0 0 0 0 0 0 
0 0 0 0 0 0 0 0 
0 0 0 0 0 0 0 0 
0 0 0 0 0 0 0 0 
0 0 0 0 0 0 0 0 
0 0 0 0 0 0 0 0 
0 0 0 0 0 0 0 0 
0 0 0 0 0 0 0 0 
