#################################### 
# Matrix Size= (39.9997,23.9997,39.9995)
# Resol      = (40,24,40)
# VoxelSize  = (0.999993,0.999989,0.999989)
# nbVal      = 38400
#################################### 
0 0 0 0 0 0 0 0 0 0 0 0 0 2 1 2 0 1 0 1 1 0 1 0 0 0 0 0 0 0 0 0 0 0 0 0 0 0 0 0 
0 0 0 0 0 0 0 0 0 0 0 0 0 2 0 2 0 1 0 0 0 0 0 1 0 0 0 0 0 0 0 0 0 0 1 0 0 0 0 0 
0 0 0 0 0 0 0 0 0 0 0 0 0 0 0 0 0 2 1 0 0 0 1 0 1 0 0 0 0 0 0 0 0 0 0 0 0 0 0 0 
0 0 1 0 0 0 0 0 0 0 0 1 0 1 1 1 0 1 1 0 0 1 1 0 0 0 0 0 0 0 0 0 0 0 0 0 0 0 0 0 
0 0 0 0 0 0 0 0 1 1 0 1 0 0 0 0 0 2 3 0 0 2 1 1 0 0 0 0 0 0 0 0 0 0 0 0 0 0 0 0 
0 0 0 0 0 0 0 0 0 0 0 1 0 0 0 1 0 0 0 0 0 0 0 0 1 0 0 0 0 0 0 0 0 0 0 0 0 0 0 0 
0 0 0 0 0 0 0 0 0 1 0 0 0 2 1 0 0 2 0 1 0 1 1 0 0 0 0 0 0 0 0 0 0 0 0 0 0 0 0 0 
0 1 1 0 0 0 0 0 0 1 0 0 0 1 0 0 0 2 1 0 2 0 0 0 0 1 0 0 0 0 0 0 0 0 0 0 0 0 0 0 
0 0 0 0 0 0 0 0 0 0 0 0 0 0 0 0 0 0 0 0 0 0 0 1 0 0 0 0 0 0 0 0 0 0 0 0 0 0 0 0 
1 0 0 0 0 0 0 0 1 0 0 1 1 0 0 0 0 0 0 0 0 1 0 0 0 0 0 0 0 0 0 0 0 0 0 0 0 0 0 0 
0 1 0 0 0 0 1 1 0 0 0 0 1 1 0 4 0 0 0 0 2 2 2 0 0 0 0 0 0 0 0 0 0 0 0 0 0 0 0 0 
0 0 0 0 0 0 0 0 0 0 0 0 0 0 1 0 0 0 0 0 0 0 0 0 0 0 0 0 0 0 0 0 0 0 0 0 0 0 0 0 
0 0 0 0 0 0 0 1 0 0 0 1 0 0 1 0 0 2 0 0 1 1 1 0 0 0 0 0 1 0 0 0 0 0 0 0 0 0 0 0 
0 0 0 0 0 0 0 0 1 0 0 1 0 0 0 1 0 1 1 0 2 1 0 0 0 0 0 0 0 0 0 0 0 0 0 0 0 0 0 0 
0 0 0 0 0 0 0 0 0 0 0 0 0 0 0 0 0 0 0 1 0 0 0 0 0 0 0 0 0 1 0 0 0 0 0 0 0 0 0 0 
0 0 0 0 0 0 0 0 0 0 0 0 0 1 0 0 0 1 2 2 1 0 0 0 0 0 0 0 0 0 0 0 0 0 0 0 0 0 0 0 
0 0 0 0 0 0 0 0 1 0 1 1 0 1 1 1 1 1 2 4 0 0 1 0 0 0 0 0 0 0 0 0 0 0 0 0 0 0 0 0 
0 0 0 0 0 0 0 0 0 0 0 1 0 0 0 0 0 1 1 1 0 0 0 0 0 0 0 0 0 0 0 0 0 0 0 0 0 0 0 0 
0 0 0 0 0 1 0 0 0 0 1 0 0 0 0 0 0 1 0 0 1 1 1 0 0 0 0 0 0 0 0 0 0 0 0 0 0 0 0 0 
0 0 0 0 0 0 0 0 0 1 0 0 0 1 0 0 0 0 1 2 2 1 1 0 0 1 0 0 0 0 0 0 0 0 1 0 0 0 0 0 
0 0 0 0 1 0 0 0 0 0 0 0 0 0 0 0 0 0 0 0 0 0 0 0 0 0 0 0 0 0 0 0 0 0 0 1 0 0 0 0 
0 0 0 0 0 0 0 0 0 0 0 0 0 1 1 0 0 0 0 2 0 2 1 0 0 0 0 1 1 0 0 0 0 0 0 0 0 0 0 0 
0 0 0 0 0 0 0 0 0 0 0 1 1 0 0 0 1 1 0 1 2 2 0 1 0 0 0 0 0 0 0 1 0 0 0 0 0 0 0 0 
0 0 0 0 0 0 0 0 0 0 0 1 0 0 0 0 0 0 0 0 0 0 0 0 0 0 0 0 0 0 0 0 0 0 0 0 0 0 0 0 

1 0 0 0 0 0 0 0 0 0 0 1 0 1 1 0 0 0 1 0 0 2 0 0 0 0 0 0 0 0 0 0 0 0 0 0 0 0 0 0 
0 0 0 0 0 0 0 0 0 1 0 0 0 0 1 0 0 0 1 2 0 0 0 0 0 0 0 0 0 1 0 0 0 0 0 0 0 0 0 0 
0 0 0 0 0 0 0 0 0 0 0 0 0 0 0 0 0 0 1 1 1 1 0 0 0 0 0 0 0 0 0 0 0 0 0 0 0 0 0 0 
0 0 0 0 0 0 0 0 0 1 2 0 0 1 0 2 0 1 0 1 1 0 2 1 0 0 0 0 0 0 0 0 0 0 0 0 0 0 0 0 
0 0 0 0 0 0 1 2 0 0 1 0 0 1 0 3 0 1 0 0 0 1 1 0 0 0 0 0 0 0 0 0 0 0 0 0 0 0 0 0 
0 0 0 0 0 0 0 0 0 0 0 0 0 0 0 0 1 1 1 1 0 1 0 0 1 0 0 0 0 0 0 0 0 0 0 0 0 0 0 0 
0 0 0 0 0 0 0 0 0 1 0 0 0 1 0 1 0 1 1 1 0 2 0 1 1 0 0 0 0 0 0 0 0 0 0 0 0 0 0 0 
0 0 0 0 0 0 0 0 0 0 0 1 1 0 2 2 1 0 1 1 2 2 0 0 0 0 0 0 0 0 0 0 0 0 0 0 0 0 0 0 
0 0 0 0 0 0 0 0 0 0 0 0 0 1 0 0 1 1 0 0 0 0 0 0 0 0 0 0 0 0 0 0 0 0 0 0 0 0 0 0 
0 0 0 0 0 0 1 0 0 0 0 2 0 1 0 0 0 1 0 0 0 1 0 0 0 0 0 0 0 0 0 0 0 0 0 0 0 0 0 0 
0 0 0 0 0 0 0 0 0 0 1 0 1 0 2 0 0 2 0 1 0 1 0 0 0 1 1 0 0 0 0 0 0 0 0 0 0 0 0 0 
0 0 0 0 0 0 0 0 0 0 0 0 0 0 0 0 0 1 0 0 0 0 0 0 0 0 0 0 0 0 0 0 0 0 0 0 0 0 0 0 
0 0 0 0 0 0 0 0 0 1 0 0 1 0 1 0 1 3 0 0 0 3 0 0 0 0 0 0 0 0 0 0 0 0 0 0 0 0 0 0 
0 0 0 0 0 0 0 1 0 0 0 1 0 0 0 0 1 4 0 0 0 0 1 0 1 1 0 0 0 0 0 0 0 0 0 0 0 0 0 0 
0 0 0 0 0 0 0 0 0 0 0 0 0 0 1 0 0 0 0 0 0 0 1 0 0 0 0 0 0 0 0 0 0 0 0 0 0 0 0 0 
0 0 0 0 0 0 0 0 0 0 1 0 1 1 0 0 1 0 2 0 0 1 1 0 0 0 0 0 0 0 0 0 0 0 0 0 0 0 0 0 
0 0 0 0 0 0 0 0 0 1 0 0 1 0 0 1 2 1 1 0 1 1 0 0 1 0 0 0 0 0 0 0 0 0 0 0 0 0 0 0 
0 0 0 0 0 0 0 0 0 0 0 0 0 0 0 0 1 0 0 1 0 0 0 0 0 0 0 0 0 0 0 0 0 0 0 0 0 0 0 0 
1 0 0 0 0 0 0 0 0 0 0 0 0 0 0 1 0 1 0 0 0 1 1 0 1 0 0 0 0 0 0 0 0 0 0 0 0 0 0 0 
0 1 0 0 0 0 0 2 0 0 0 0 1 1 1 0 1 0 4 2 0 1 0 0 0 0 0 0 0 0 0 0 0 1 0 0 0 0 0 0 
0 0 0 0 0 0 0 0 0 1 0 0 0 1 0 0 1 1 0 0 0 0 1 0 0 0 0 0 0 0 0 0 0 0 0 0 0 0 0 0 
0 0 0 0 0 0 0 0 0 0 0 0 0 0 1 0 0 0 1 0 0 2 0 0 0 1 0 0 0 0 0 1 0 0 0 0 0 0 0 0 
0 0 0 0 0 0 0 0 0 0 1 1 0 1 0 0 0 1 0 2 0 1 1 0 0 0 0 0 0 0 0 0 0 0 0 0 0 0 0 0 
0 0 0 0 0 0 0 0 1 0 0 0 0 0 0 0 0 0 0 0 0 0 0 0 0 0 0 0 0 0 0 0 0 0 0 0 0 0 0 0 

0 0 0 0 0 1 1 0 0 2 0 0 0 2 1 0 0 2 0 3 0 1 0 1 0 0 0 0 0 0 0 0 0 0 0 0 0 0 0 0 
0 0 0 0 0 0 0 0 0 0 0 0 0 1 1 2 0 2 1 0 1 0 2 0 0 1 0 0 0 0 0 0 0 0 0 0 0 0 0 0 
0 0 0 0 0 0 0 0 0 0 0 0 0 1 0 0 0 0 0 0 0 0 0 0 0 0 0 0 0 0 0 0 0 0 0 0 0 0 0 0 
0 0 0 0 0 0 0 0 0 0 0 0 0 0 0 2 0 0 0 0 0 0 0 0 0 0 0 1 0 0 0 0 0 0 0 0 0 0 0 0 
0 0 0 0 0 0 0 0 0 1 0 0 0 0 3 1 2 2 1 1 0 0 0 1 1 0 0 0 0 0 0 0 0 0 0 0 0 0 0 0 
0 0 0 0 0 0 0 0 0 0 0 0 0 0 0 2 0 0 1 0 1 0 1 0 1 0 0 0 0 0 0 1 1 0 0 0 0 0 0 0 
0 0 0 0 0 0 0 1 0 1 0 0 0 0 0 0 0 0 0 1 1 1 1 1 0 0 0 0 0 0 0 0 0 0 1 0 0 0 0 0 
0 0 0 0 0 0 0 0 0 0 0 0 0 1 0 0 3 1 1 1 0 1 0 1 0 0 0 1 0 0 0 0 0 0 0 0 0 0 0 0 
0 0 0 0 0 0 0 0 0 0 0 0 0 0 0 0 0 0 0 0 0 1 0 0 0 0 0 0 0 0 0 0 0 0 0 0 0 0 0 0 
0 0 0 1 0 0 0 0 0 0 0 1 0 0 0 1 0 0 1 0 1 0 1 0 0 0 1 0 0 0 0 0 0 0 0 0 0 0 0 0 
0 0 0 0 0 0 0 0 0 0 0 1 4 0 0 1 0 0 1 0 0 4 0 1 0 0 0 0 0 0 0 0 1 0 0 0 0 0 0 0 
0 0 0 0 0 0 0 0 0 0 0 0 0 0 0 0 0 0 0 0 0 0 0 0 0 0 0 0 0 0 0 0 0 0 0 0 0 0 0 0 
0 0 0 0 0 0 0 0 0 0 0 1 0 0 0 1 1 0 1 0 0 1 0 0 0 0 0 0 0 0 0 0 0 0 0 0 0 0 0 0 
0 0 0 0 0 0 0 0 0 0 1 0 1 2 0 1 0 0 1 1 0 0 0 1 0 0 0 0 1 0 0 0 0 0 0 0 0 0 0 0 
0 0 0 0 0 0 0 0 0 0 0 0 0 1 0 0 0 0 0 0 1 1 0 0 0 0 0 1 0 0 0 0 0 0 1 0 0 0 0 0 
0 0 0 0 0 0 0 0 0 0 0 1 0 0 0 0 0 0 0 0 0 0 0 0 0 0 0 0 0 0 0 0 0 0 0 0 0 0 0 0 
0 0 0 0 0 1 0 0 0 0 0 0 0 3 0 0 1 1 1 2 0 1 3 0 0 0 0 0 0 0 0 0 0 0 0 0 0 0 1 0 
0 0 0 0 0 0 0 0 1 1 0 0 0 0 0 0 0 0 0 0 0 0 0 0 0 0 0 0 0 0 0 0 0 0 0 0 0 0 0 0 
0 0 0 0 0 0 0 0 0 0 1 0 0 1 0 0 0 0 1 1 2 0 0 0 0 0 0 0 0 0 0 0 0 0 0 0 0 0 0 0 
0 0 0 0 0 0 0 2 0 0 0 0 1 0 0 0 1 1 2 0 1 2 0 1 0 0 0 0 0 0 0 0 0 0 0 0 0 0 0 0 
0 0 0 0 0 0 0 0 0 0 0 0 0 0 0 0 0 0 0 0 0 0 1 1 0 0 0 0 0 0 0 0 0 0 0 0 0 0 0 0 
0 0 0 0 0 0 0 0 1 0 0 0 0 0 1 1 0 0 1 1 0 1 2 1 1 1 0 0 0 0 0 1 0 0 0 0 0 0 0 0 
0 0 0 0 0 0 0 0 0 0 0 1 0 1 0 1 0 1 1 1 1 3 0 1 0 0 0 1 0 0 0 0 0 0 0 0 0 0 0 0 
0 0 0 0 0 0 0 0 0 0 0 0 0 0 0 0 0 0 0 0 0 0 0 0 0 0 0 0 0 0 0 0 0 0 0 0 0 0 0 0 

0 0 0 0 0 0 0 0 0 0 0 0 0 1 2 0 1 2 0 3 0 1 0 0 0 0 0 0 0 0 0 0 0 0 0 0 0 0 0 0 
0 0 0 0 0 0 0 0 0 0 1 1 1 1 0 0 1 1 2 3 0 1 0 1 0 0 0 1 0 0 0 0 0 0 0 0 0 0 0 0 
0 0 0 0 0 0 0 1 0 0 0 0 0 1 0 0 0 0 2 2 1 0 0 0 0 0 0 0 0 0 0 0 0 0 0 0 0 0 0 0 
0 0 0 0 0 0 0 0 0 0 0 0 0 0 0 0 1 1 2 0 1 2 0 0 0 0 0 0 2 0 0 0 0 0 0 0 0 0 0 0 
0 0 0 0 0 0 0 0 0 1 2 2 0 2 1 3 2 3 0 0 0 1 1 1 1 0 0 0 1 0 0 0 0 0 0 0 0 0 0 0 
0 0 0 0 0 0 0 1 0 0 0 1 0 0 1 0 2 0 1 0 2 1 0 0 0 0 0 0 1 0 0 0 0 0 0 0 0 0 0 0 
1 0 0 0 0 0 0 0 0 0 1 0 0 2 2 0 0 1 2 1 0 3 1 1 0 0 0 0 0 0 0 0 0 0 0 0 0 0 0 0 
0 0 0 0 0 0 1 1 0 1 0 1 1 0 3 1 0 3 1 2 3 0 0 0 0 0 0 0 0 0 0 0 0 0 0 0 0 0 0 0 
0 0 0 0 0 0 0 0 0 0 0 0 0 0 0 1 1 0 1 1 1 0 1 2 2 0 0 0 0 0 0 0 0 0 0 0 0 0 0 0 
0 0 0 0 0 0 0 0 0 1 1 0 0 0 1 0 0 0 0 0 1 0 0 0 1 0 0 0 0 0 0 0 0 0 0 0 0 0 0 0 
0 0 0 0 0 0 1 0 1 1 0 0 0 2 1 4 1 3 0 1 1 3 0 3 0 2 0 1 0 0 0 0 0 0 0 0 0 0 0 0 
0 0 0 0 0 0 0 0 0 0 0 1 1 0 0 0 0 0 0 0 1 0 0 0 0 0 0 2 0 0 0 0 0 0 0 0 0 0 0 0 
1 0 0 0 0 0 0 0 0 0 0 0 0 0 1 1 0 1 1 0 1 2 0 0 1 0 0 0 0 0 0 0 0 0 0 0 0 0 0 0 
0 0 0 0 0 0 0 0 0 1 1 1 1 2 0 0 1 1 2 0 3 0 1 0 0 0 0 1 0 0 0 0 0 0 0 0 0 0 0 0 
0 0 0 0 0 0 2 0 0 0 0 0 0 0 0 0 1 1 1 0 2 0 0 1 0 0 0 0 0 0 0 0 0 0 0 0 0 0 0 0 
0 0 0 0 0 0 0 0 0 0 0 0 0 1 0 0 0 1 1 1 0 0 0 3 0 0 0 0 0 0 0 0 0 0 0 0 0 0 0 0 
0 0 0 0 0 0 0 2 0 0 0 0 0 1 0 0 0 1 3 0 1 4 1 1 0 0 0 0 0 0 0 0 0 0 0 0 0 0 0 0 
0 0 0 0 0 0 0 0 0 0 0 0 0 0 0 1 0 0 1 0 0 0 0 0 0 0 0 0 0 0 0 0 0 0 0 0 0 0 0 0 
0 0 0 0 0 0 0 0 0 0 0 0 0 1 0 1 0 0 0 3 0 1 2 0 0 0 0 0 0 0 0 0 1 0 0 0 0 0 0 0 
1 0 1 0 0 0 0 0 0 1 0 0 0 0 1 1 1 0 3 3 3 2 4 1 0 0 0 0 0 0 0 0 0 0 1 0 0 0 0 0 
0 0 0 0 0 0 0 0 0 0 0 0 0 0 0 0 0 0 2 1 1 0 0 0 1 0 0 0 0 0 0 0 0 0 0 0 0 0 0 0 
0 0 0 0 1 0 0 0 0 0 0 0 0 0 1 0 0 0 1 1 0 1 0 0 0 0 1 0 0 0 0 0 0 0 0 0 0 0 0 0 
0 0 0 0 0 0 1 0 0 0 0 1 0 0 0 0 0 1 2 1 2 1 1 1 0 1 0 0 0 0 0 0 0 0 0 0 0 0 0 0 
0 0 0 0 0 0 0 1 0 0 0 1 0 1 0 0 0 0 0 0 0 0 0 0 0 0 0 0 0 0 0 0 0 0 0 0 0 0 0 0 

0 0 0 0 0 0 0 0 0 0 0 0 0 3 4 4 3 4 1 0 2 0 1 1 0 0 0 0 0 0 0 0 0 0 0 0 0 0 0 0 
0 0 0 0 0 0 1 0 1 0 0 0 1 4 2 2 1 5 0 1 0 1 0 1 0 0 0 0 0 1 0 0 0 0 0 0 0 0 0 0 
0 0 0 0 0 0 0 0 0 0 0 0 0 1 1 0 1 2 0 0 3 0 1 1 0 0 0 0 0 0 0 0 0 0 0 0 0 0 0 0 
0 0 0 0 0 0 0 0 0 0 1 0 0 2 1 0 1 2 2 1 0 0 3 1 1 0 0 0 0 0 0 0 0 0 1 0 0 0 0 0 
0 0 0 0 0 0 0 2 0 0 0 1 0 1 0 1 3 5 3 1 1 1 1 0 0 0 0 0 0 0 0 0 0 0 1 0 0 0 0 0 
0 0 0 0 0 1 0 0 0 0 0 1 1 0 0 0 0 1 1 0 1 0 4 0 0 0 1 0 0 0 0 0 0 0 0 0 0 0 0 0 
0 0 0 0 0 0 0 0 0 0 1 0 0 0 0 0 0 0 1 1 2 0 0 0 0 0 0 0 0 0 0 0 1 0 0 0 0 0 0 0 
0 0 0 0 0 0 0 0 0 1 0 0 1 3 1 3 3 7 3 5 0 2 3 0 0 1 0 1 1 0 0 0 0 0 0 0 0 0 1 0 
0 0 0 0 0 0 0 0 0 0 0 0 2 0 0 0 1 0 0 1 0 0 2 0 0 0 0 0 0 0 0 0 0 0 0 0 0 0 0 0 
1 0 0 0 0 0 0 0 0 0 1 0 1 0 0 0 2 0 1 1 1 1 0 0 0 0 0 0 0 0 0 0 0 0 0 0 0 0 0 0 
0 0 0 0 0 0 0 1 0 2 0 0 1 1 1 2 0 2 1 1 1 3 0 0 1 0 0 0 0 0 0 0 0 0 0 0 0 0 0 0 
0 0 0 0 0 0 1 0 0 0 0 0 0 0 0 0 0 2 0 0 0 0 1 0 0 0 0 0 0 0 0 0 0 0 0 0 0 0 0 0 
0 0 0 0 0 0 0 0 0 0 0 0 0 2 0 1 2 1 1 0 0 0 0 1 1 0 0 0 0 0 0 0 0 0 0 0 0 0 0 0 
0 0 0 0 0 0 0 0 0 1 0 0 0 2 0 0 2 2 1 2 4 0 1 0 0 2 0 0 0 1 0 0 0 0 0 0 0 0 0 0 
0 0 0 0 0 0 0 1 0 0 1 0 2 0 0 1 0 0 1 0 0 2 1 1 1 0 0 0 0 0 0 0 0 0 0 0 0 1 0 0 
0 0 0 0 0 0 0 0 0 0 1 1 0 0 0 0 1 0 0 1 0 2 1 0 0 1 0 0 0 0 0 0 0 0 0 0 0 0 0 0 
0 0 0 0 0 0 1 0 0 0 0 1 0 0 0 2 2 1 0 1 2 0 2 0 0 0 1 0 0 0 0 0 0 0 0 0 0 0 0 0 
0 0 0 0 0 0 0 0 0 0 0 0 0 1 0 0 0 0 0 1 1 0 0 0 0 0 2 0 0 0 0 0 0 0 0 0 0 0 0 0 
0 0 0 0 0 0 0 0 0 0 0 0 0 0 1 0 0 0 0 1 0 1 1 0 0 0 1 0 0 0 0 0 0 0 0 0 0 0 0 0 
0 0 0 0 0 0 0 0 0 0 1 2 0 0 0 0 0 0 2 1 1 1 1 1 0 0 1 0 0 0 0 0 0 0 0 0 0 0 0 0 
0 0 0 0 0 0 0 0 0 0 1 0 1 0 0 0 0 0 0 0 0 0 1 1 0 0 0 0 0 0 0 0 0 0 1 0 0 0 0 0 
0 0 0 0 0 0 0 0 0 0 0 0 0 0 0 0 0 1 1 2 0 0 0 0 0 0 0 0 0 0 0 0 0 0 0 0 0 0 0 0 
0 0 0 0 0 0 1 0 0 0 0 1 1 1 1 0 1 0 0 1 3 2 0 0 1 0 0 0 0 0 0 0 0 0 0 0 0 0 0 0 
0 0 0 0 0 0 0 0 0 0 0 0 0 0 0 0 0 0 0 0 0 0 0 0 0 0 0 0 0 0 0 1 0 0 0 0 0 0 0 0 

0 0 0 0 0 0 0 0 0 0 2 0 0 4 1 0 0 4 5 2 4 1 1 1 0 0 0 0 0 0 0 0 0 0 0 0 0 0 0 0 
0 1 0 0 0 0 0 0 0 2 1 1 1 4 1 1 0 3 5 3 0 0 1 0 1 0 0 0 0 0 0 1 1 0 1 0 0 0 0 0 
0 0 0 0 0 0 0 0 0 2 0 2 0 0 0 1 1 2 2 1 2 2 2 0 0 0 0 0 0 0 1 0 0 0 0 0 0 0 0 0 
0 0 0 0 0 0 0 0 0 0 0 1 0 3 2 1 1 4 2 1 0 1 1 1 0 0 1 0 0 0 0 0 0 0 0 0 0 0 0 0 
0 1 0 0 0 1 1 0 1 2 2 0 4 6 0 3 1 6 6 3 1 2 8 0 2 0 2 0 0 0 0 0 0 0 1 0 0 0 0 0 
0 0 0 0 0 0 0 0 0 0 0 0 1 1 1 0 3 2 3 0 0 3 2 0 0 1 0 0 0 0 0 0 0 0 0 0 0 0 0 0 
0 0 0 0 0 0 0 0 0 0 0 0 0 0 1 1 1 3 1 2 3 4 1 1 0 0 0 1 1 0 0 0 0 0 0 0 0 0 0 0 
0 1 0 0 0 1 0 0 0 0 0 2 3 4 3 2 0 3 7 1 1 2 1 3 0 0 1 0 0 0 0 0 0 0 0 0 0 0 0 0 
0 0 0 0 0 0 1 0 0 0 0 0 1 2 0 0 1 1 1 2 2 1 1 1 1 0 0 0 0 0 0 0 0 0 0 0 0 0 0 0 
0 0 0 0 0 0 0 0 0 1 0 1 1 1 1 1 0 0 2 3 0 0 3 0 0 1 0 0 0 0 0 0 0 0 0 0 0 0 0 0 
0 0 0 0 0 0 0 0 0 3 1 0 2 2 5 1 2 0 1 2 0 3 2 0 0 0 0 0 0 0 1 0 0 0 0 0 0 0 0 0 
0 0 1 0 0 0 0 0 0 0 0 0 0 0 1 0 1 2 2 0 2 0 0 0 2 1 0 1 1 0 0 0 0 0 0 0 0 0 0 0 
1 0 0 0 0 0 0 0 0 0 0 1 1 1 0 0 0 0 0 0 1 1 2 0 0 0 0 0 0 0 0 0 0 0 1 0 0 0 0 0 
0 0 1 0 0 0 0 0 0 1 0 0 1 3 0 1 0 2 4 0 2 2 1 1 0 0 0 2 0 0 0 0 0 0 0 0 0 0 0 0 
0 0 1 0 0 1 0 0 0 0 0 0 0 0 1 0 1 1 0 1 2 1 0 0 1 0 0 0 0 0 0 0 0 0 0 0 0 0 0 0 
0 0 0 0 0 0 0 0 0 0 0 0 1 0 0 1 0 2 1 3 1 2 0 0 0 0 0 0 0 0 0 0 0 0 0 0 0 0 0 0 
0 0 0 0 0 0 0 2 0 1 0 0 2 1 1 4 5 1 2 3 3 0 0 3 1 0 1 1 0 0 0 0 0 0 1 0 0 0 0 0 
0 0 0 0 0 0 0 0 0 0 0 1 0 0 0 0 0 2 0 2 2 0 0 0 1 0 0 0 0 0 0 0 0 0 0 0 0 0 0 0 
0 0 0 0 0 0 0 0 0 0 0 0 1 0 0 2 0 1 2 1 2 2 0 0 0 0 0 0 0 0 0 0 0 0 0 0 0 0 0 0 
0 0 0 0 0 0 0 0 0 0 0 0 2 1 2 2 0 1 1 0 1 4 0 1 0 0 0 0 0 0 0 0 0 1 0 0 0 0 0 0 
0 0 1 0 0 0 0 0 0 0 0 1 0 0 0 0 0 1 0 0 1 0 0 0 0 0 1 0 0 0 0 0 0 0 0 0 0 0 0 0 
0 0 0 0 0 0 0 0 0 0 0 0 0 2 0 0 0 0 0 2 0 0 1 1 0 0 0 0 1 0 0 0 0 0 0 1 0 0 0 0 
0 0 0 0 0 0 1 0 1 0 0 0 1 0 0 0 0 4 3 4 6 1 2 2 0 0 0 0 1 0 0 0 0 0 0 0 0 0 0 0 
0 0 0 0 0 0 0 0 0 0 0 0 0 0 0 0 0 0 0 0 0 0 0 1 0 0 0 0 0 0 0 0 0 0 0 0 0 0 0 0 

1 0 0 0 0 2 0 2 1 1 1 2 2 5 3 2 2 10 10 5 1 4 2 2 2 0 0 0 0 0 0 0 0 0 0 0 0 0 0 0 
0 0 0 1 0 0 0 1 0 1 0 0 1 4 3 4 3 2 2 5 1 0 2 1 1 0 0 0 0 1 0 0 1 0 0 0 0 0 0 0 
0 0 0 0 0 0 0 0 0 1 1 2 3 0 2 1 0 0 1 0 0 0 1 0 1 0 0 0 0 0 0 0 0 0 0 0 0 0 0 0 
0 0 0 0 0 0 0 1 0 1 0 0 1 1 2 0 0 1 5 1 1 3 1 2 2 0 0 0 0 0 0 1 0 0 0 0 0 0 0 0 
0 0 0 0 0 0 0 0 0 3 0 1 2 2 4 3 1 9 3 2 3 1 1 0 0 0 2 0 0 0 0 1 1 0 0 0 0 0 0 0 
0 0 0 0 0 0 0 0 0 0 0 0 0 0 0 0 3 2 1 1 2 1 0 2 1 0 0 0 0 0 0 0 1 0 1 0 0 0 0 0 
0 0 0 0 0 1 0 1 0 0 1 0 0 1 2 2 2 1 3 1 2 4 0 0 0 0 0 0 0 0 0 0 0 0 0 0 0 0 0 0 
0 0 0 0 0 0 1 1 3 0 1 0 1 6 3 0 3 1 1 4 1 2 0 0 0 1 1 0 0 0 0 0 1 0 0 0 0 0 0 0 
0 0 0 0 0 0 0 0 0 0 0 0 1 1 3 1 1 4 2 0 0 1 0 0 1 0 2 0 0 0 0 0 0 0 0 0 0 0 0 0 
0 0 0 0 0 0 0 0 0 0 0 0 0 0 1 3 1 0 2 2 0 2 1 1 0 0 0 0 0 0 0 0 0 0 0 0 0 0 0 0 
0 0 0 0 0 0 0 0 0 0 2 2 2 0 3 2 1 3 2 1 7 1 2 2 0 0 0 0 0 0 0 0 0 1 0 0 0 0 0 0 
0 0 0 0 0 0 0 0 0 0 0 1 1 0 1 1 1 1 1 0 2 0 1 2 0 0 0 0 0 0 0 0 0 0 0 0 0 0 0 0 
0 0 0 0 0 0 0 0 0 0 0 0 2 0 0 0 1 0 0 1 0 2 1 1 2 1 0 0 0 0 0 0 0 0 0 0 0 0 0 0 
1 0 1 0 0 0 0 0 0 0 0 0 0 1 0 1 3 2 3 2 7 2 2 0 3 2 0 0 0 0 0 0 0 0 0 0 0 0 0 0 
0 0 0 0 0 0 0 0 0 0 0 0 0 0 0 1 1 2 0 0 2 0 1 0 0 1 0 0 0 0 0 0 0 0 0 0 0 0 0 0 
1 0 0 0 0 0 0 0 0 0 0 1 0 0 0 1 1 1 0 1 2 3 1 1 0 1 1 0 0 0 0 0 0 0 0 0 0 0 0 0 
0 0 0 0 1 0 0 1 0 1 2 1 2 0 2 3 3 1 4 6 4 5 1 1 0 1 0 0 0 1 0 1 0 0 0 0 0 0 0 0 
0 0 0 0 0 1 0 0 0 1 0 0 0 0 1 1 1 1 2 0 0 0 0 1 0 1 2 0 0 0 1 0 0 0 0 0 0 0 0 0 
1 0 0 0 0 0 0 0 0 0 0 0 0 0 0 1 1 1 0 0 3 2 0 0 0 0 0 0 1 0 0 0 0 0 0 0 0 0 0 0 
0 0 0 0 0 0 0 0 0 0 1 0 1 1 2 3 3 1 1 5 3 1 1 0 0 1 0 0 0 0 0 0 0 0 0 0 0 0 0 0 
0 0 0 0 0 0 0 0 0 0 0 0 0 1 1 0 1 2 0 1 0 0 2 1 1 0 0 0 0 0 0 0 0 0 0 0 0 0 0 0 
0 0 0 0 0 0 0 0 0 0 0 0 0 0 0 1 2 0 3 0 0 1 4 0 0 0 0 0 0 0 0 0 0 0 0 0 0 0 0 0 
0 0 0 0 1 0 0 0 0 0 0 0 2 1 2 2 4 2 1 1 4 6 0 0 0 1 0 0 0 0 0 0 0 0 0 0 0 0 0 0 
0 0 0 0 0 0 0 0 0 0 0 0 0 0 0 0 0 0 0 0 0 0 0 0 0 0 0 0 0 0 0 0 0 0 0 0 0 0 0 0 

0 0 0 0 0 1 0 0 0 3 4 3 0 7 4 6 3 12 9 8 4 2 2 1 1 0 0 0 0 0 0 0 0 0 0 0 0 0 0 0 
1 0 0 0 0 0 0 0 1 1 1 4 2 5 4 5 5 9 7 7 1 4 1 3 0 1 1 1 0 0 0 0 0 0 0 0 0 0 0 0 
0 0 0 0 0 0 0 0 0 0 0 0 1 1 3 5 6 6 3 3 2 4 0 2 1 1 0 1 1 0 0 0 0 1 0 0 0 0 0 0 
1 0 0 0 0 0 0 0 1 2 1 1 2 0 4 3 2 3 9 4 4 4 0 3 0 1 1 0 0 0 0 0 0 0 0 0 0 0 0 0 
0 1 0 0 0 1 0 1 2 2 2 4 4 3 8 2 5 8 6 5 2 4 5 0 0 1 0 0 0 1 0 0 0 0 0 0 0 0 0 0 
0 0 0 0 0 0 1 0 0 0 4 2 0 3 1 3 4 4 8 0 2 9 1 4 2 0 0 0 1 0 1 0 0 0 0 0 0 0 0 0 
0 0 0 0 0 0 0 0 0 0 0 0 0 2 5 4 2 5 4 1 5 2 5 0 1 2 1 1 0 0 0 0 0 1 1 0 0 0 0 0 
0 0 0 0 0 0 0 1 3 4 4 7 3 4 3 5 2 13 12 7 5 4 1 2 1 1 0 0 0 0 0 1 0 0 0 0 0 0 0 0 
0 0 0 0 0 0 0 0 0 1 0 0 2 1 4 1 2 2 5 3 2 1 1 2 0 0 0 0 1 0 0 0 0 0 0 0 0 0 0 0 
0 0 0 0 0 0 0 2 0 0 0 2 0 1 1 1 1 1 1 0 3 1 6 0 2 1 2 0 0 0 0 0 0 0 0 0 0 0 0 0 
0 0 0 0 0 0 2 1 2 1 1 3 5 3 5 5 3 6 4 2 2 4 6 0 1 1 1 0 1 0 0 0 1 0 0 0 0 0 0 0 
0 0 0 0 0 0 0 0 1 1 2 1 1 1 1 0 2 8 2 4 2 2 1 2 1 0 1 1 0 0 0 0 0 0 0 0 0 0 0 0 
0 0 1 0 0 1 0 0 0 0 0 0 0 1 2 2 2 4 3 1 2 4 0 2 1 1 0 1 0 1 1 0 0 0 0 0 0 0 0 0 
1 0 1 0 0 0 0 1 1 0 0 3 1 4 2 4 4 1 4 3 2 6 5 1 0 1 1 1 0 2 0 0 0 1 0 0 0 0 0 0 
0 0 0 0 0 0 1 2 0 0 0 3 0 1 1 1 0 4 3 0 2 2 2 1 0 0 2 0 2 0 0 0 0 0 0 0 0 0 0 0 
1 0 1 0 0 0 0 1 2 0 0 2 0 1 0 0 1 2 4 1 5 2 3 0 0 0 2 0 0 0 0 0 1 0 0 0 0 0 0 0 
0 0 0 0 0 0 1 0 0 0 1 1 0 5 3 4 5 4 3 4 6 8 3 1 1 1 1 0 0 0 0 0 1 0 0 0 0 0 0 0 
0 0 0 0 1 0 1 0 0 0 0 1 1 1 0 2 2 0 4 3 1 1 1 3 0 0 0 0 0 0 0 0 0 0 0 0 0 0 0 0 
0 0 0 0 0 0 0 1 0 0 0 0 0 0 1 0 0 1 2 0 2 0 0 0 1 0 0 0 0 0 0 0 0 0 1 0 0 0 0 0 
0 0 0 0 0 0 1 0 0 0 2 0 2 5 2 1 5 10 2 4 2 3 2 0 0 1 1 0 0 0 0 0 0 0 0 0 0 0 0 0 
0 0 0 0 0 1 0 1 0 2 0 1 0 2 1 2 3 0 1 0 0 1 0 1 1 1 0 0 0 0 0 0 0 0 0 0 0 0 0 0 
0 0 0 0 0 0 0 0 0 0 1 1 1 1 1 1 2 0 0 0 2 1 0 2 2 1 0 0 0 0 0 0 0 0 0 0 0 0 0 0 
0 0 0 0 0 0 0 0 0 0 2 0 2 2 3 1 3 5 2 5 5 3 1 2 0 1 0 1 0 0 0 0 0 0 0 0 0 0 0 0 
0 0 0 0 0 0 1 1 0 0 0 1 0 0 0 0 5 4 1 2 0 1 1 0 0 0 0 0 0 0 0 0 0 0 0 0 0 0 0 0 

0 0 0 1 1 1 0 1 1 1 0 1 1 15 6 6 7 20 24 16 7 6 3 0 1 2 0 0 0 0 0 0 0 0 1 0 0 0 0 0 
0 0 0 0 0 0 0 0 0 0 1 1 2 4 3 7 3 13 7 11 7 4 4 4 0 1 2 0 0 0 0 0 1 0 0 0 0 0 0 0 
0 0 0 0 0 0 0 0 1 0 0 1 2 2 7 3 3 5 5 6 2 2 1 2 1 0 0 0 0 0 0 0 0 0 0 0 0 0 0 0 
0 0 0 0 0 0 1 4 1 1 1 1 1 2 6 4 6 17 8 4 9 3 5 1 4 2 1 0 0 0 0 0 0 1 0 0 0 0 0 0 
0 1 0 0 0 0 0 2 3 3 0 3 5 6 5 1 12 21 10 6 3 7 5 3 2 1 0 0 1 0 0 1 0 0 0 0 0 0 0 0 
0 0 0 1 0 0 0 0 0 0 1 0 1 2 6 3 2 5 3 3 2 3 1 0 1 0 0 0 0 1 0 0 0 0 0 0 0 0 0 0 
0 1 0 0 0 0 0 0 2 1 2 0 0 1 8 4 2 8 4 8 5 7 5 1 0 0 0 0 1 0 0 0 0 0 0 0 0 0 0 0 
0 0 0 0 1 1 1 0 0 2 3 2 3 5 9 4 2 7 8 3 2 7 8 2 2 2 2 0 0 0 0 0 1 0 0 1 0 0 0 0 
0 0 0 0 1 1 0 0 0 0 0 1 0 2 3 3 3 4 7 1 3 2 1 2 1 0 0 0 1 0 0 0 0 0 0 0 0 0 0 0 
0 0 0 0 0 0 0 0 1 1 0 1 0 2 1 1 1 7 3 1 2 3 6 1 3 0 1 0 1 0 0 1 0 0 0 0 0 0 0 0 
1 0 0 1 0 0 0 0 2 2 4 2 3 4 3 1 6 5 3 5 1 4 2 2 0 0 2 1 1 0 0 0 0 0 1 0 0 0 0 0 
0 0 0 0 1 0 0 0 0 0 1 2 1 1 2 1 3 2 3 0 2 2 3 1 1 0 0 1 0 0 0 0 0 0 0 0 0 0 0 0 
0 0 0 0 0 1 0 1 0 0 1 1 2 1 1 1 1 1 1 3 2 3 2 2 1 1 0 1 0 0 0 0 0 0 0 0 0 0 0 0 
0 0 0 0 0 0 0 1 0 2 3 1 1 1 7 6 5 5 8 8 9 6 7 1 0 1 2 1 0 0 0 0 0 0 0 0 0 0 0 0 
0 0 0 0 0 1 0 0 0 0 0 1 1 0 1 0 3 1 1 1 2 4 6 1 0 0 1 0 1 0 0 0 0 0 0 0 0 0 0 0 
0 0 1 0 0 0 0 1 0 0 1 0 0 0 0 2 0 3 0 2 6 3 7 4 1 1 1 0 0 0 0 1 0 0 0 0 0 0 0 0 
1 0 0 1 0 1 0 0 0 2 1 2 3 6 4 5 2 7 7 17 8 8 4 2 1 1 0 0 0 1 0 0 0 0 0 0 1 0 0 0 
0 0 0 0 0 0 0 0 0 0 0 0 0 0 2 0 0 1 1 0 2 2 4 1 0 1 0 0 0 0 0 0 0 0 0 0 0 0 0 0 
0 0 0 0 0 0 0 1 2 1 0 0 1 1 1 4 1 1 2 4 2 4 2 1 1 0 0 0 1 0 1 0 0 0 0 0 0 0 0 0 
0 0 0 0 0 0 0 0 1 1 1 2 2 2 3 2 4 7 11 3 2 1 8 0 0 1 0 0 0 1 1 0 0 0 0 0 0 0 0 0 
0 0 0 0 0 1 0 0 0 0 0 0 0 1 0 2 0 1 0 1 2 0 0 0 0 0 0 0 0 0 0 0 0 0 0 0 0 0 0 0 
0 0 1 0 0 0 0 0 0 0 1 1 1 0 0 3 0 3 1 2 2 3 4 1 2 0 1 0 0 0 0 0 0 0 0 0 0 0 0 0 
0 0 0 0 0 0 0 0 0 1 2 0 3 3 1 4 1 5 3 2 7 4 3 1 0 0 1 1 1 0 0 0 0 0 0 1 0 0 0 0 
0 0 0 0 0 0 0 0 0 0 0 0 0 0 0 0 1 1 0 0 0 0 0 0 1 0 0 0 0 0 0 0 0 0 0 0 0 0 0 0 

0 0 0 0 0 1 0 2 3 1 1 4 1 8 14 21 10 61 32 17 12 6 4 3 1 3 3 0 0 0 0 1 0 0 0 0 0 0 0 0 
0 0 1 0 0 0 1 0 0 2 2 2 1 7 9 8 20 51 45 14 12 10 7 5 2 1 1 2 0 0 0 0 0 0 1 0 0 1 0 0 
0 0 0 0 0 1 0 0 2 2 3 2 6 8 9 16 21 46 22 16 14 8 6 4 3 0 1 0 0 1 0 0 0 0 1 0 0 0 0 0 
1 0 1 1 0 0 0 0 0 4 2 6 2 9 8 5 8 13 33 13 8 10 8 3 6 4 2 0 0 0 0 0 1 0 0 0 0 0 0 0 
1 0 0 0 2 1 0 0 4 3 7 7 8 11 2 10 15 30 22 13 10 5 17 3 2 3 0 0 1 0 0 1 0 0 1 0 0 0 0 0 
0 0 0 0 0 0 0 0 0 1 3 4 4 6 7 4 9 15 17 10 2 10 10 10 4 0 0 0 0 0 0 0 0 0 0 0 0 0 0 0 
1 0 0 0 0 1 0 0 0 1 0 3 6 5 5 5 8 11 13 8 11 8 8 4 2 0 4 0 0 0 2 0 0 0 0 0 0 0 0 0 
0 0 0 0 0 0 1 1 1 1 6 6 8 10 9 4 13 17 19 11 7 20 13 6 5 1 2 0 1 0 0 0 0 0 0 1 0 0 0 0 
0 0 0 0 0 0 0 0 2 0 4 4 3 4 3 6 7 6 6 10 5 2 8 4 3 3 4 1 0 0 0 0 0 0 0 0 0 0 0 0 
0 0 0 0 0 0 0 2 0 1 3 2 2 5 3 0 6 7 4 4 11 5 7 4 1 0 1 1 0 1 0 0 1 0 0 0 0 0 0 0 
0 0 2 0 0 2 2 1 2 2 6 9 7 10 5 4 12 13 10 7 9 16 5 4 2 2 0 0 2 0 1 0 1 0 1 0 1 0 0 0 
1 0 0 1 0 1 1 2 3 0 2 2 1 7 9 2 4 5 3 5 4 7 10 0 2 0 1 0 0 0 0 0 1 0 0 0 0 0 0 1 
0 0 0 0 0 0 0 1 0 3 2 1 3 6 2 1 4 3 5 3 3 3 4 0 2 1 0 0 1 1 0 0 0 0 0 0 0 0 0 0 
0 0 0 0 0 0 0 3 1 2 4 7 4 4 6 4 15 13 14 9 8 5 4 3 2 2 0 0 0 1 0 1 0 0 0 0 0 0 0 0 
0 0 0 0 0 0 0 0 0 0 2 2 3 4 5 6 7 7 5 7 3 8 9 4 2 1 0 1 0 0 1 0 0 0 0 0 0 0 0 0 
1 1 0 0 0 0 0 0 0 0 0 1 2 1 2 3 5 2 1 5 4 3 4 3 1 1 3 2 0 0 0 1 0 0 0 0 0 0 0 0 
1 0 1 1 0 0 2 0 1 1 1 4 8 5 8 7 8 6 13 17 20 16 6 4 2 1 3 0 0 0 1 0 0 0 0 0 0 0 0 0 
0 0 0 0 0 0 0 0 1 1 2 2 1 3 1 2 5 6 4 5 8 10 3 4 2 1 1 0 1 1 1 0 0 0 0 0 0 0 0 0 
0 0 0 0 0 1 1 1 0 1 0 1 2 2 3 1 5 4 3 2 8 4 4 3 1 0 2 2 0 0 0 0 0 0 0 0 0 0 0 0 
0 0 0 0 0 0 0 0 2 2 4 0 2 6 4 8 4 11 11 22 11 19 3 2 1 2 0 0 0 0 0 1 0 0 0 0 0 0 0 0 
0 1 0 0 0 0 0 0 0 0 1 0 0 1 3 1 1 8 4 3 2 2 2 7 0 0 0 0 0 0 0 0 0 0 0 1 0 0 0 0 
0 1 0 0 0 0 0 0 0 0 0 0 1 0 2 3 1 2 2 2 4 1 3 0 2 2 0 0 0 0 1 0 0 0 0 0 0 0 0 0 
0 0 0 0 0 0 0 1 0 0 0 1 1 4 3 0 6 6 8 10 6 6 3 1 3 0 1 0 0 1 0 0 0 2 0 0 0 0 0 0 
0 0 0 0 0 0 0 0 0 1 0 1 1 2 1 0 7 2 2 1 2 4 1 1 0 0 0 0 0 0 0 0 0 0 0 0 0 0 0 0 

0 0 0 1 0 0 0 1 0 3 1 5 3 29 19 21 14 506 83 24 9 12 9 8 3 0 1 0 1 0 1 0 0 0 0 0 0 0 0 0 
1 0 0 0 0 1 0 3 1 2 3 0 4 9 15 13 31 119 70 24 18 6 11 8 8 1 4 1 1 0 0 0 0 0 0 1 0 0 0 0 
0 0 0 0 1 2 1 0 1 1 1 2 3 11 10 12 20 82 48 23 16 5 8 4 6 0 0 1 1 1 1 0 0 0 0 1 0 0 0 0 
1 1 0 1 0 0 1 2 1 2 1 2 6 15 13 18 24 69 58 19 10 17 16 5 8 2 1 1 0 0 0 0 0 0 0 0 0 0 2 0 
0 0 0 0 1 0 1 1 1 1 1 3 6 10 15 6 20 61 39 20 5 17 18 4 3 3 2 1 1 2 0 0 0 0 0 0 0 0 0 0 
0 0 0 0 0 0 0 0 0 2 0 4 6 3 9 6 12 12 18 7 5 5 10 5 4 2 0 1 1 0 0 0 1 0 0 1 0 0 0 0 
0 0 0 0 0 1 0 0 1 2 2 5 11 8 7 10 8 23 20 15 7 23 14 5 3 2 2 3 1 0 0 0 0 0 1 0 1 0 0 1 
0 1 0 0 0 1 1 2 4 1 5 4 13 10 7 5 9 22 30 15 14 17 12 4 4 1 2 1 2 0 0 0 0 1 0 0 0 0 0 0 
0 0 1 0 0 1 0 1 0 1 1 0 0 3 7 3 4 9 7 9 5 2 7 7 2 2 2 2 0 0 0 0 0 0 0 0 0 0 0 0 
1 0 0 0 0 2 1 0 1 3 2 5 0 7 10 9 9 14 18 8 5 6 10 6 2 1 1 2 4 1 0 0 0 0 0 0 0 0 0 0 
0 0 0 0 1 0 1 0 0 6 7 4 8 9 5 4 6 14 15 20 10 14 15 5 5 3 3 0 0 1 0 2 0 1 0 0 0 0 0 0 
1 0 0 0 0 0 0 1 2 1 1 7 2 3 6 7 2 5 7 9 3 7 4 2 1 2 1 0 1 0 0 0 0 0 0 0 0 0 0 0 
1 0 0 0 0 2 0 0 1 1 1 1 2 5 5 6 5 11 13 7 7 7 9 4 4 3 3 1 1 1 0 1 1 0 0 0 0 0 0 0 
0 0 0 0 2 0 0 0 0 2 3 5 5 7 7 4 12 14 25 5 10 12 8 5 1 5 1 3 0 0 0 0 0 0 2 0 1 0 0 0 
0 0 0 0 0 0 1 0 0 2 1 0 4 2 1 1 4 6 3 6 5 4 7 2 2 1 1 0 0 1 0 0 0 0 0 0 0 0 0 0 
0 0 1 0 0 1 0 0 0 0 1 1 2 6 2 5 2 8 8 12 14 6 8 4 2 0 1 0 1 1 1 0 0 0 0 0 0 0 0 0 
0 1 0 0 0 0 0 1 1 0 1 7 6 6 3 5 7 13 9 20 17 10 7 2 4 0 1 0 0 0 1 1 0 0 0 0 0 0 0 0 
0 0 0 0 0 0 0 0 0 2 2 2 2 2 2 2 3 1 2 2 4 3 3 4 1 0 1 0 0 0 0 0 0 0 0 0 0 0 0 0 
2 0 0 0 0 1 0 0 1 1 0 3 1 2 2 2 4 3 5 11 6 2 14 1 4 2 1 1 0 1 0 0 0 1 1 0 0 0 0 0 
0 0 0 0 0 0 0 0 5 1 2 1 3 1 5 9 5 13 12 22 21 12 6 3 3 1 2 0 0 1 0 0 0 0 0 0 0 0 0 0 
0 0 0 0 0 0 0 0 1 1 0 1 2 0 2 4 3 6 4 9 4 3 4 7 0 1 0 0 0 0 0 0 0 0 0 0 0 0 0 0 
1 0 0 0 0 1 0 0 0 0 0 1 0 2 3 2 4 2 8 11 8 4 2 3 3 0 2 0 0 0 0 0 0 0 0 0 0 0 0 0 
0 1 0 0 0 0 0 0 2 2 0 0 7 6 3 7 6 6 15 9 10 15 7 3 3 2 0 0 1 0 0 0 0 0 0 0 1 0 0 0 
0 0 0 0 0 0 0 0 0 0 2 0 1 0 0 0 2 3 1 3 4 4 3 0 1 0 0 1 0 0 0 0 0 0 0 0 0 0 0 0 

0 0 1 1 0 2 3 6 2 4 3 4 5 71 153 30 13 128 63 42 32 20 13 7 2 3 2 2 1 1 0 0 0 0 0 0 0 0 0 0 
2 0 0 0 0 0 1 1 0 5 3 5 13 56 113 42 28 211 38 29 49 24 8 13 10 2 4 4 2 2 2 1 1 0 0 0 0 0 0 0 
0 1 1 0 1 1 3 1 3 5 2 12 12 34 75 34 30 202 43 39 51 46 24 20 3 5 6 3 3 0 0 0 0 0 1 0 0 0 0 0 
1 0 1 0 1 5 3 0 2 2 1 4 9 31 39 22 22 221 102 25 25 17 20 7 4 1 1 0 0 0 0 0 1 0 1 0 0 0 0 0 
1 0 0 0 0 1 3 2 6 12 10 9 20 38 50 18 43 288 86 40 35 35 36 21 14 7 1 3 2 1 2 2 1 1 0 0 0 0 2 0 
0 1 0 2 1 0 1 2 1 3 5 7 19 38 54 25 28 338 84 37 38 48 30 12 9 6 2 2 1 0 4 1 0 0 0 0 0 0 0 0 
0 0 0 0 0 0 0 1 2 1 0 6 8 20 23 19 11 160 108 28 21 28 22 11 7 4 1 3 1 1 2 0 0 0 1 0 0 0 1 0 
1 0 0 2 1 2 0 6 4 5 12 5 26 22 27 18 43 203 112 19 19 28 14 12 5 3 3 3 3 4 0 1 0 0 0 0 0 0 0 0 
0 1 0 0 0 0 0 2 3 4 7 14 16 31 48 31 29 176 104 28 20 25 17 7 9 2 2 6 1 1 1 1 1 0 0 0 0 0 0 0 
2 1 0 0 2 1 0 0 1 2 4 4 4 18 24 18 18 41 45 19 11 14 13 2 11 1 3 1 5 1 0 0 1 0 0 0 0 0 0 0 
1 1 0 0 1 1 1 1 1 7 9 8 18 27 14 8 13 56 51 31 20 27 21 15 3 2 1 2 2 1 0 0 0 1 0 0 0 0 0 0 
0 1 0 1 0 1 0 4 1 6 3 6 7 14 14 17 19 53 98 34 15 12 13 8 2 4 2 0 1 0 2 1 0 0 0 1 0 0 0 0 
0 0 0 0 2 0 0 3 0 3 0 1 5 9 12 10 11 27 59 19 24 5 11 7 8 2 1 0 2 0 0 0 0 1 0 0 0 0 0 0 
0 1 0 1 1 0 0 0 2 6 8 8 12 20 19 6 19 38 57 32 15 19 17 10 1 4 1 3 1 4 0 0 0 0 0 0 0 0 0 0 
0 0 0 1 0 4 0 1 1 4 4 5 4 9 10 15 9 30 56 37 19 10 9 2 1 5 3 1 0 0 1 0 1 0 0 1 0 0 1 0 
0 0 0 1 0 0 0 0 1 3 0 5 4 11 4 5 11 13 22 31 25 12 9 5 4 5 4 3 5 0 1 0 1 0 0 0 0 0 0 0 
1 1 0 0 0 3 3 1 1 3 2 5 15 15 17 5 21 31 40 50 25 30 15 7 4 2 0 2 0 2 0 1 0 0 0 0 0 0 0 1 
0 0 0 0 1 2 1 2 0 2 3 1 3 1 3 7 9 18 45 33 16 19 11 7 2 2 1 0 1 2 0 1 1 0 0 1 0 0 0 0 
0 1 1 1 1 0 0 0 0 1 2 7 7 1 6 8 8 12 12 16 24 15 5 5 4 1 1 2 2 1 3 1 2 0 0 0 0 0 0 0 
1 0 0 1 0 0 1 0 5 1 2 6 5 4 8 20 13 25 39 57 33 20 13 5 3 1 0 3 1 0 1 0 2 0 0 0 0 0 0 0 
0 0 0 1 0 0 1 1 0 2 4 3 5 3 3 9 11 28 37 34 19 8 13 10 4 2 1 0 1 0 0 1 0 0 0 0 0 0 0 0 
0 0 0 0 0 0 0 0 0 1 2 0 1 3 3 6 6 6 18 31 19 10 3 2 2 0 5 1 1 0 0 1 0 0 1 0 0 1 0 0 
1 0 0 0 0 1 1 1 0 2 1 1 9 7 10 12 8 19 18 37 24 18 7 3 2 3 1 0 2 1 0 2 0 0 0 1 0 0 0 1 
1 0 0 0 0 0 1 0 2 2 2 1 1 0 5 8 9 7 18 21 13 12 8 3 2 0 0 0 0 0 0 0 0 1 0 1 0 0 0 0 

1 1 0 0 0 1 0 2 1 11 5 6 16 136 918 30 8 51 20 87 497 26 12 6 6 3 1 1 0 0 0 0 0 0 0 0 0 0 0 0 
1 0 0 0 2 1 0 1 2 3 2 4 9 32 331 27 26 24 31 45 355 45 28 8 13 7 2 1 3 2 3 2 1 0 1 1 0 1 2 0 
0 1 0 1 1 2 3 3 3 2 5 6 11 37 228 45 18 29 35 42 106 48 21 7 7 9 2 0 2 0 1 0 0 0 0 0 0 1 1 0 
0 0 0 1 3 2 1 2 2 2 4 7 10 27 550 21 16 19 51 22 80 44 41 12 16 3 5 1 1 2 2 0 1 0 0 0 0 0 0 0 
0 1 0 1 1 2 5 2 5 7 9 4 6 30 281 25 37 33 47 38 49 50 41 16 12 4 5 3 3 1 0 1 1 0 0 0 2 3 2 0 
0 0 2 0 0 1 1 1 2 2 6 8 14 48 115 41 29 51 45 26 83 51 32 17 12 6 3 2 2 3 0 2 2 0 0 1 0 1 0 2 
2 1 1 0 0 0 0 4 1 3 3 6 7 26 97 17 20 32 61 26 38 50 45 6 19 6 1 3 1 2 1 0 0 0 0 0 1 0 0 0 
1 1 0 1 1 1 1 3 5 2 8 2 9 38 58 22 14 50 62 21 43 35 32 10 11 5 3 1 0 1 2 0 0 0 0 0 0 0 0 0 
0 1 2 0 0 1 0 1 5 9 3 10 20 47 57 37 32 110 66 27 27 20 14 15 2 5 2 2 1 1 0 1 1 0 0 0 0 0 0 0 
1 1 0 1 0 1 2 2 3 5 3 7 8 35 47 29 30 76 82 20 16 25 24 9 5 3 3 2 4 2 1 0 2 1 1 0 0 0 0 0 
0 0 0 0 1 1 1 3 2 2 5 4 4 23 24 17 13 43 100 25 19 31 21 9 7 5 0 4 0 1 0 0 0 0 0 1 0 2 0 0 
1 2 0 0 2 2 0 2 2 2 2 7 11 13 19 19 15 70 205 27 18 16 19 2 7 2 2 3 0 2 0 0 0 0 0 0 0 0 0 1 
0 1 4 1 0 1 0 5 2 2 2 7 6 18 24 23 20 80 368 30 23 18 26 13 7 7 4 1 1 1 0 0 1 0 1 0 0 0 0 0 
1 0 0 0 1 0 1 1 2 3 8 5 14 20 20 10 12 45 191 24 21 27 17 5 3 3 2 1 3 1 0 2 0 0 0 0 1 0 0 1 
1 0 0 1 0 0 0 0 0 2 4 5 6 11 13 17 17 39 195 37 15 15 9 3 3 6 0 2 0 0 0 1 0 0 0 1 0 0 1 1 
3 0 0 0 0 1 1 3 1 3 3 4 4 21 16 14 12 26 275 68 39 14 20 5 4 4 1 1 2 4 3 1 0 0 0 0 0 0 0 1 
1 0 0 2 0 0 0 3 2 3 6 3 11 12 11 13 14 14 147 80 37 47 15 8 7 5 0 1 0 2 2 0 0 1 0 0 0 0 0 0 
0 0 0 0 0 0 0 0 1 2 1 3 3 6 9 6 8 34 144 65 27 18 14 10 4 4 1 3 0 0 0 0 1 1 2 0 1 1 0 1 
1 0 0 0 0 0 2 1 0 3 2 2 1 5 10 10 6 29 91 46 42 16 28 7 8 2 9 2 1 0 0 0 1 0 0 0 1 0 1 1 
0 0 0 0 0 2 0 2 0 3 3 8 4 8 14 20 18 26 155 177 38 27 17 6 3 0 1 3 0 0 1 1 0 0 0 1 0 0 0 0 
0 0 0 0 0 1 1 1 0 0 0 2 3 3 4 5 15 30 62 73 29 15 10 5 6 6 2 3 1 0 0 2 0 0 0 1 0 0 0 0 
0 1 0 1 0 1 0 0 0 1 1 3 3 7 5 12 12 29 41 66 38 15 18 9 10 5 3 2 0 0 2 0 0 0 1 0 0 0 0 0 
0 0 0 0 0 0 0 0 0 1 4 5 2 6 15 19 10 27 59 75 31 23 9 5 2 1 4 2 0 0 0 1 0 0 1 0 0 0 0 0 
0 0 0 0 0 1 1 0 0 0 1 2 0 6 3 2 7 13 17 18 19 10 5 1 2 0 1 0 0 0 0 0 0 0 0 0 0 0 0 0 

1 0 0 0 1 3 4 8 4 7 9 7 7 38 41 10 6 30 12 57 113 26 13 20 16 4 2 3 0 0 0 0 0 0 0 0 0 0 0 0 
3 0 0 0 1 1 2 3 0 6 1 1 2 7 13 15 9 8 6 24 91 26 13 21 5 6 2 1 0 0 0 0 0 0 0 0 0 1 0 0 
0 0 0 0 0 1 4 1 2 2 4 2 4 20 26 8 8 4 9 12 119 20 21 12 8 8 4 3 0 3 1 0 0 0 0 0 0 0 0 0 
1 0 1 0 1 1 2 1 1 6 3 3 6 14 41 5 11 6 14 12 173 47 31 13 13 7 7 2 3 0 0 0 1 1 1 0 0 1 0 0 
1 0 1 1 0 0 2 5 5 8 5 4 9 25 45 12 10 19 16 25 399 66 40 5 6 3 6 1 1 2 0 0 0 0 0 0 0 0 0 0 
0 3 0 0 2 2 0 1 3 3 5 4 10 10 45 11 4 19 16 15 139 44 35 17 11 4 2 0 2 2 1 1 0 0 0 0 0 0 0 0 
0 0 0 0 0 1 0 1 2 4 6 5 6 23 198 14 19 16 22 24 140 81 40 13 10 3 3 4 1 0 2 0 1 0 2 0 0 0 0 0 
1 0 1 1 1 2 7 3 8 9 8 6 19 39 252 23 24 18 26 40 422 216 58 26 12 11 3 2 2 0 3 1 0 0 1 0 0 1 0 0 
0 1 0 0 0 0 3 3 1 2 6 5 8 34 121 20 7 15 15 28 311 126 42 21 8 10 6 0 1 0 0 0 0 2 0 1 0 0 0 0 
2 0 0 0 0 1 2 2 2 4 2 7 3 33 232 23 13 25 19 19 157 85 66 8 11 6 7 4 3 0 0 0 1 0 1 0 0 0 0 0 
0 0 0 0 0 2 1 0 8 7 2 11 24 67 233 33 16 17 36 27 81 134 54 10 11 7 2 3 1 2 1 0 1 0 0 3 0 0 0 0 
0 2 0 0 0 0 2 3 3 8 4 11 15 102 343 39 20 23 27 26 87 85 29 13 9 4 2 1 0 0 2 0 1 0 0 1 0 0 1 0 
1 0 1 1 1 1 0 0 2 4 3 5 3 80 299 32 20 26 41 22 39 51 36 7 14 5 12 1 1 1 0 0 0 1 0 0 0 0 0 1 
2 2 0 0 1 0 2 5 8 3 17 15 33 64 94 19 16 24 35 25 50 71 50 15 10 5 2 4 2 1 1 1 1 0 0 0 1 1 0 1 
0 0 0 0 1 2 0 3 6 2 6 12 19 48 97 32 16 18 27 30 49 55 41 24 15 9 1 2 2 3 2 2 1 0 2 0 1 0 0 0 
0 0 1 0 1 1 3 1 2 0 4 6 5 38 64 15 17 18 21 31 35 30 40 11 9 3 7 2 2 0 2 1 0 0 0 0 1 0 0 0 
1 0 3 1 0 1 2 7 4 5 12 14 23 37 46 22 29 16 51 61 58 82 42 15 8 2 2 4 1 1 1 3 0 0 0 1 0 0 0 0 
1 0 0 0 3 0 3 0 2 4 5 6 11 37 49 28 20 19 20 38 40 42 29 13 7 5 9 3 1 1 1 0 1 0 0 0 0 1 0 0 
0 0 0 0 0 2 1 2 1 1 3 4 5 15 29 29 17 20 27 35 36 26 32 12 16 6 7 2 0 2 2 0 1 0 0 0 0 0 0 0 
0 1 0 1 0 0 1 1 2 1 2 4 13 21 39 53 29 23 71 88 50 61 26 6 9 1 3 2 1 2 2 2 0 0 0 1 0 0 0 0 
0 0 0 1 1 1 0 1 0 2 4 7 10 26 25 34 22 23 29 69 38 27 21 13 5 6 2 4 0 1 0 0 0 0 1 0 0 1 0 0 
0 0 0 0 0 0 2 2 2 4 1 5 3 11 12 15 19 17 47 180 46 29 22 7 8 2 4 3 1 0 1 1 2 2 0 1 0 0 0 0 
1 0 1 0 0 1 0 1 3 4 10 3 7 18 34 29 23 26 127 275 43 37 19 9 5 4 2 1 0 2 0 3 0 0 0 1 0 0 0 0 
1 0 0 0 2 1 0 0 3 1 2 7 7 4 9 10 17 19 111 782 39 24 17 5 4 3 1 1 1 1 0 0 0 0 0 1 0 0 0 0 

0 0 0 0 0 1 2 4 7 23 9 5 7 20 17 7 1 7 10 25 17 20 17 42 28 6 3 0 1 1 0 1 1 0 0 0 1 0 0 0 
1 1 0 0 0 1 1 3 4 9 2 3 3 7 11 4 8 7 8 5 18 19 21 21 19 9 6 2 1 0 1 1 0 1 0 0 3 0 0 0 
1 1 0 0 0 0 1 2 3 3 4 8 8 10 15 3 6 9 15 13 10 18 12 10 12 2 3 1 1 0 3 2 0 0 0 0 0 0 1 0 
2 2 0 0 0 0 0 4 6 5 4 6 2 4 8 9 6 6 12 14 7 34 35 5 12 3 4 1 4 1 1 0 0 0 0 0 0 0 0 0 
1 1 2 0 0 2 0 2 8 5 2 5 4 7 15 4 7 14 8 19 18 22 38 11 9 5 7 4 1 1 2 1 0 1 0 2 1 0 1 0 
0 0 0 0 2 1 1 1 3 2 3 4 12 4 8 6 10 9 11 8 14 19 25 15 14 6 6 0 0 4 3 0 0 0 0 1 0 1 0 0 
3 0 0 2 1 2 1 1 4 7 1 8 9 6 9 8 17 10 14 18 23 42 51 22 15 3 6 3 1 1 2 0 0 0 0 0 0 0 0 0 
2 0 3 0 4 2 3 3 3 13 7 9 8 3 17 5 4 12 20 10 26 61 45 18 14 8 3 5 1 2 2 0 1 1 0 0 2 1 0 0 
2 1 3 0 1 1 1 0 1 2 9 4 16 13 16 11 11 19 11 19 52 52 34 17 15 7 2 2 4 2 0 1 2 0 0 0 0 0 1 1 
0 1 0 0 0 1 1 2 3 0 3 5 11 11 27 17 13 10 18 13 36 71 70 11 19 8 5 3 3 3 1 0 1 0 0 0 1 0 1 1 
1 2 0 0 1 1 2 2 2 9 8 7 12 24 41 18 20 11 19 18 56 124 51 13 7 4 5 2 0 1 2 0 0 0 0 1 0 0 0 1 
1 1 0 0 1 3 2 3 0 3 6 13 20 35 56 27 12 19 15 22 73 148 47 12 9 5 2 2 0 2 1 4 0 0 0 0 0 1 1 0 
0 0 1 2 0 2 0 3 0 7 7 6 15 52 173 22 26 13 25 23 67 168 78 13 14 7 6 1 4 1 0 3 0 1 1 0 0 0 0 0 
2 0 0 0 1 1 3 1 4 3 7 8 21 34 88 10 19 13 10 15 70 212 36 16 6 7 5 4 2 0 1 1 0 2 1 0 0 0 0 0 
0 0 0 2 0 2 0 2 3 3 8 11 14 51 210 22 16 23 23 23 73 133 55 20 14 7 3 1 1 1 2 0 0 1 2 0 0 1 0 0 
1 0 0 2 0 1 1 1 0 5 9 19 16 54 443 28 19 15 19 26 56 159 71 15 19 11 6 2 2 2 2 3 1 0 0 0 0 0 1 0 
0 1 1 2 2 0 1 1 3 5 6 16 9 36 210 40 11 14 21 21 94 154 51 16 8 8 3 2 2 3 2 1 0 0 0 0 0 0 0 1 
0 0 0 0 1 1 0 1 3 6 5 8 20 43 152 41 20 24 14 29 62 68 44 23 10 8 5 4 2 2 2 2 1 0 1 0 1 0 1 0 
1 1 1 0 0 0 2 1 1 3 3 8 11 22 183 67 41 18 14 35 38 39 48 18 21 5 6 0 4 1 2 4 1 0 1 0 1 0 0 0 
0 2 0 1 2 3 2 2 1 1 6 5 14 18 79 87 23 15 46 46 52 53 36 11 7 6 1 2 1 2 0 0 0 1 0 0 0 0 0 1 
0 0 0 0 0 1 2 1 1 2 4 7 12 27 60 69 33 19 10 22 23 29 11 12 8 6 0 2 0 1 2 2 0 0 0 0 0 0 0 2 
0 2 0 1 0 1 1 5 0 1 2 5 9 19 24 60 31 22 17 35 35 40 30 8 13 6 8 4 2 1 3 0 0 1 0 0 1 0 0 0 
0 0 0 1 1 0 3 0 0 6 5 1 8 12 42 63 22 19 34 42 44 54 30 11 5 3 3 4 0 0 2 1 0 0 0 0 0 0 0 0 
1 0 0 1 1 0 1 0 0 0 1 1 10 9 7 18 14 23 52 63 44 34 25 11 8 4 2 0 5 1 2 0 0 1 0 0 1 0 0 1 

1 0 0 4 1 4 3 7 6 19 8 18 5 16 11 5 5 13 8 15 8 37 23 127 38 2 2 3 1 0 0 1 0 0 0 0 0 0 0 1 
3 0 0 0 0 2 2 2 3 9 8 4 6 4 8 5 5 4 4 9 15 16 63 72 34 10 6 4 3 2 0 0 3 2 0 0 1 0 0 0 
2 0 0 0 0 1 4 1 4 2 5 5 1 5 3 6 3 6 7 8 18 35 101 43 22 15 4 4 0 0 0 0 0 0 0 0 0 0 0 0 
1 0 0 4 0 2 0 2 1 5 10 12 7 7 12 3 2 7 14 15 15 48 82 30 28 8 12 0 3 1 1 2 2 0 0 0 0 0 0 0 
0 2 2 1 2 3 6 5 16 21 8 10 10 6 8 2 4 4 13 12 29 47 139 38 23 10 5 4 4 4 0 1 0 0 1 0 1 0 0 1 
0 0 0 0 1 0 1 5 5 12 5 5 8 8 9 10 6 6 8 18 22 85 173 44 16 6 13 4 2 0 1 1 1 0 0 1 2 0 0 0 
0 0 2 0 0 1 1 1 1 7 3 18 8 10 9 4 5 12 10 13 20 53 190 22 19 6 10 2 7 0 1 1 0 1 0 0 0 1 0 0 
2 1 0 1 2 1 5 2 8 14 9 12 8 12 6 4 8 13 16 20 51 85 176 33 16 8 4 4 2 3 1 1 0 2 0 0 0 0 1 0 
0 1 3 0 1 1 2 1 6 6 7 7 7 5 8 6 11 10 9 11 21 85 161 16 19 8 4 3 2 1 1 2 0 0 0 1 0 1 0 0 
1 1 0 0 0 4 0 3 4 7 5 8 11 3 15 6 12 12 10 13 21 84 354 26 20 6 4 6 1 1 1 0 1 0 0 0 0 1 0 0 
1 0 0 3 0 2 2 6 10 11 22 20 13 15 13 10 12 9 16 18 42 107 240 29 10 7 1 3 0 2 0 1 1 0 0 0 0 0 0 1 
0 1 0 0 0 1 3 2 3 4 6 11 9 8 16 12 6 9 13 11 21 91 206 29 16 5 8 1 2 1 1 1 0 1 0 0 1 2 0 0 
1 0 0 0 0 1 1 4 4 6 2 10 5 23 17 10 15 8 12 15 29 107 223 12 18 8 5 1 5 1 1 2 1 0 1 0 0 0 0 0 
0 0 1 0 2 3 2 6 8 7 14 8 15 20 19 14 11 9 23 25 47 128 132 32 9 8 1 5 2 0 2 0 0 0 1 0 0 0 0 1 
1 0 0 1 0 1 2 2 1 8 4 12 10 19 10 10 7 10 13 17 46 244 211 35 20 9 7 4 3 3 0 3 0 0 0 0 0 0 1 1 
1 0 1 1 1 2 1 2 0 7 4 7 10 31 32 13 17 12 19 28 29 161 142 32 16 11 13 2 4 1 1 0 0 2 0 0 1 1 0 0 
0 1 0 0 0 3 1 4 8 7 13 12 24 21 37 23 12 8 23 31 124 417 88 23 19 7 3 3 0 1 1 0 0 1 1 0 1 0 0 0 
2 1 0 0 0 0 1 2 1 2 6 7 11 11 28 15 11 12 13 21 51 215 54 24 13 7 7 4 2 2 0 1 1 0 1 0 1 1 2 0 
0 1 0 0 1 1 0 0 2 2 0 9 6 22 39 39 25 12 13 24 45 243 95 17 16 16 2 3 2 2 1 1 3 1 2 0 1 0 0 0 
0 1 0 1 1 1 1 1 7 4 8 10 15 23 149 169 32 7 22 42 175 335 69 24 12 14 4 3 5 3 0 1 2 1 0 1 0 0 0 1 
1 1 0 0 1 1 1 1 1 1 8 5 7 9 26 60 33 15 18 26 192 252 75 31 23 11 7 6 1 2 1 0 0 0 0 1 0 1 0 2 
0 0 0 0 0 0 1 0 1 2 5 2 6 11 24 191 35 13 18 33 72 101 89 21 21 10 4 3 6 1 2 0 1 0 1 1 1 0 0 1 
0 0 0 1 0 0 0 0 1 5 7 6 18 22 67 316 55 24 30 52 157 186 61 24 8 6 0 4 3 1 0 0 0 0 0 1 1 1 0 1 
1 1 1 2 0 0 0 2 0 4 4 6 17 22 62 479 56 17 42 65 200 161 63 23 16 12 5 1 3 0 2 1 0 1 0 1 0 1 1 0 

0 0 0 4 0 2 1 9 9 29 17 29 8 6 13 4 3 8 5 18 6 62 106 433 72 14 3 3 1 0 1 0 0 0 0 1 0 0 0 0 
1 1 0 0 0 1 1 2 2 11 13 7 18 11 6 10 3 4 7 8 16 22 274 84 48 16 8 4 5 5 2 0 1 0 0 1 0 0 1 0 
0 1 0 0 0 1 3 0 4 10 11 7 7 1 1 3 3 4 5 7 8 20 156 39 34 13 11 4 3 1 2 0 4 2 1 1 1 3 0 0 
3 0 1 3 0 1 1 3 6 19 29 10 11 11 11 3 7 6 6 9 16 43 415 23 32 5 8 3 9 1 0 0 0 0 0 0 0 0 0 0 
1 0 0 0 2 3 6 3 9 20 9 11 5 3 11 8 1 7 3 4 13 36 226 40 16 11 9 10 1 2 3 2 1 0 0 1 0 2 0 0 
0 0 1 0 0 1 0 0 5 6 6 7 3 12 8 2 7 8 12 7 27 39 156 30 23 16 9 6 2 4 2 5 3 1 1 2 1 0 2 0 
0 1 0 1 2 2 1 4 4 10 7 12 13 2 6 4 8 4 7 15 14 40 263 24 22 8 6 4 5 2 1 2 2 1 2 0 0 0 1 0 
0 0 3 0 5 1 3 3 3 8 9 14 12 11 4 5 3 12 13 10 23 54 102 23 20 5 5 8 3 3 0 1 1 0 0 0 0 0 3 0 
0 1 1 1 1 0 2 2 6 10 8 4 9 7 9 7 9 7 10 6 19 42 52 19 15 9 4 5 1 1 2 1 2 0 0 1 1 0 0 0 
2 0 1 2 0 1 1 3 4 10 15 10 13 6 7 1 9 6 6 10 14 56 94 18 20 7 9 2 2 2 3 0 2 0 2 1 1 0 0 0 
0 0 0 1 1 1 2 3 8 13 16 14 19 8 7 6 5 9 12 13 22 71 87 21 7 3 4 3 1 2 0 1 1 0 0 0 0 0 1 0 
0 0 0 0 2 2 2 3 4 3 6 8 8 10 10 5 10 5 8 9 12 45 59 26 13 10 7 4 4 2 0 1 1 1 0 0 0 0 2 0 
4 1 1 2 0 0 0 3 0 6 1 12 17 6 11 6 10 5 4 12 10 42 124 17 16 8 7 2 1 1 0 3 2 1 1 0 0 0 0 0 
1 0 1 0 0 1 3 4 5 7 9 17 13 8 5 7 9 8 8 15 28 91 105 20 15 11 1 2 1 0 0 1 2 0 0 0 0 0 0 2 
1 1 0 1 1 1 1 2 1 3 5 10 10 9 17 7 6 13 13 23 22 207 154 36 17 8 7 9 1 7 2 0 1 0 1 1 0 0 0 0 
1 4 0 0 0 2 2 2 5 6 7 14 13 13 17 9 8 20 6 28 22 175 182 21 20 8 10 1 5 2 3 2 1 0 0 0 0 1 0 1 
1 0 0 1 1 0 2 4 3 10 8 12 16 10 7 7 4 6 19 26 61 214 86 16 9 3 3 0 0 1 1 2 0 0 0 0 1 1 1 1 
0 1 0 0 0 1 0 2 3 1 3 2 4 10 6 6 6 12 9 21 34 144 63 22 14 8 11 3 3 0 1 2 1 1 1 1 1 0 1 0 
0 0 0 0 2 1 1 3 2 3 6 12 6 9 9 15 13 12 18 24 37 266 137 23 25 10 8 3 8 2 2 1 1 1 0 0 0 0 0 0 
1 0 1 0 0 1 2 1 3 2 2 11 8 12 22 36 13 11 18 31 89 376 79 20 15 5 3 1 1 0 0 0 0 0 0 0 1 0 1 0 
0 1 1 0 0 0 0 5 0 1 3 8 4 5 17 13 17 19 23 26 121 326 73 28 24 17 7 5 1 2 2 2 2 0 1 1 0 0 1 0 
0 2 0 1 2 0 1 0 4 4 2 8 6 9 5 14 24 12 18 38 103 447 106 21 28 9 13 5 3 3 3 3 0 0 0 0 0 0 2 0 
1 0 0 0 2 1 0 1 2 1 5 6 19 24 40 36 27 22 34 47 273 499 89 21 12 2 3 6 1 0 0 0 1 1 0 0 0 0 0 0 
0 2 0 2 0 0 2 2 5 5 6 3 12 28 36 72 37 44 58 85 578 647 92 48 25 19 6 5 1 1 0 0 1 0 1 3 0 1 0 0 

2 0 0 4 0 7 3 11 13 52 27 32 13 8 5 7 4 7 1 10 8 65 100 82 40 8 2 2 1 0 1 0 0 0 0 0 0 0 0 0 
2 2 0 4 1 1 2 9 18 38 50 26 26 25 11 7 6 7 7 5 20 58 286 61 30 10 9 0 5 1 2 0 1 1 1 0 0 0 1 0 
0 1 0 3 1 7 17 16 29 63 97 72 27 9 6 11 0 3 7 10 15 84 278 63 18 14 9 6 4 2 4 0 3 2 0 1 0 0 0 0 
2 0 0 7 0 3 2 8 7 30 38 33 23 9 10 7 2 6 7 6 6 50 162 34 28 8 9 8 2 1 3 1 0 0 0 0 0 0 0 0 
2 1 3 5 4 3 16 9 16 50 46 27 18 11 7 6 3 2 12 10 28 71 248 43 22 6 9 4 3 0 2 0 0 1 0 1 2 1 0 0 
1 1 1 3 2 2 6 10 22 53 79 30 21 14 11 4 8 9 9 14 31 130 304 33 20 12 7 1 0 2 1 1 0 0 2 2 1 0 1 0 
0 1 0 1 1 5 1 5 5 22 35 31 28 7 12 6 5 6 9 18 21 100 224 28 13 10 5 5 7 0 3 0 0 0 1 0 0 0 0 0 
2 1 3 2 4 5 11 9 16 31 43 35 23 9 8 8 6 6 11 17 40 201 191 31 19 6 6 5 2 3 0 1 0 0 0 1 0 0 0 0 
1 0 2 2 2 4 5 1 12 36 53 53 29 16 8 9 7 9 9 9 26 232 100 19 10 8 4 3 2 3 0 1 0 1 1 0 1 1 0 0 
1 1 1 5 0 4 1 4 5 10 27 29 37 19 9 7 9 12 5 11 14 149 105 20 15 6 8 5 7 2 0 2 0 0 1 0 0 0 0 0 
0 0 1 1 4 6 4 10 13 20 44 54 28 9 8 12 4 5 14 16 53 300 63 11 5 3 4 3 1 2 1 0 1 2 0 0 1 0 0 2 
0 1 1 1 1 3 3 3 12 15 41 50 37 18 10 5 6 8 14 10 32 158 55 17 7 9 5 4 2 1 1 2 0 0 0 1 0 0 0 0 
0 0 0 1 2 2 0 4 2 19 14 38 33 15 11 4 5 12 7 10 25 176 49 16 12 7 9 4 1 2 2 0 1 0 0 0 1 0 0 0 
2 0 2 0 1 2 0 3 10 13 35 42 38 14 10 6 6 6 10 9 66 160 43 18 5 7 2 1 0 1 0 0 0 1 3 1 0 0 0 1 
1 0 1 0 0 1 3 4 9 15 23 55 35 21 10 6 5 11 11 21 41 255 40 19 6 7 2 6 6 2 1 1 0 0 0 0 0 0 0 0 
1 0 2 0 0 2 3 7 8 17 8 37 34 22 15 8 13 14 12 19 39 182 98 11 27 3 10 3 4 0 3 1 0 0 2 0 0 1 0 0 
1 1 0 1 1 2 3 4 5 13 13 31 27 17 11 10 8 9 10 16 67 160 53 15 6 7 0 1 1 2 0 1 0 0 0 0 0 0 0 0 
0 1 1 1 1 0 2 3 7 9 16 37 23 16 15 9 8 12 11 18 88 319 44 26 18 7 2 1 0 0 0 1 0 0 0 1 0 1 1 1 
2 0 1 1 0 0 0 1 3 10 6 21 29 10 18 9 11 9 11 26 41 184 103 23 17 8 8 3 4 1 4 0 0 1 1 0 1 1 0 0 
0 0 0 3 1 0 1 1 3 9 3 12 21 9 15 10 7 8 15 27 75 297 53 16 8 3 1 3 3 1 2 1 0 0 0 0 0 0 0 2 
0 3 0 1 1 1 4 4 2 4 4 11 8 9 13 10 13 8 14 32 65 303 50 16 14 4 4 3 5 0 1 1 3 0 1 0 1 0 0 0 
1 0 1 0 1 1 1 1 2 2 1 6 13 9 15 19 17 12 21 25 52 288 109 17 15 6 9 3 5 0 4 1 1 0 0 0 1 0 0 0 
0 0 2 0 1 1 2 0 1 2 9 7 32 30 27 20 13 13 23 21 119 195 68 6 5 4 3 0 0 0 1 0 1 0 0 0 0 0 0 0 
0 0 1 0 2 2 2 2 3 4 5 7 20 27 27 28 25 29 34 50 177 492 62 28 6 5 0 3 4 3 0 1 0 1 0 2 0 1 0 1 

1 0 0 0 1 4 1 5 9 97 66 25 14 9 10 6 2 6 3 8 11 69 284 55 23 5 3 2 0 4 1 0 0 0 0 1 0 0 0 0 
1 2 3 1 1 4 2 6 31 75 211 72 73 26 16 5 3 9 4 3 12 20 363 37 23 10 11 4 1 3 3 1 0 0 0 0 0 1 2 0 
2 4 1 3 3 12 9 16 23 121 237 94 43 17 8 5 5 9 8 12 12 38 171 38 20 10 7 5 7 0 1 3 2 1 1 0 0 0 0 0 
2 1 3 1 2 6 3 14 10 69 268 35 35 13 5 2 3 6 4 8 8 24 139 12 22 11 4 6 3 4 2 0 1 0 0 0 1 0 0 0 
1 0 2 1 3 1 5 3 17 38 247 32 25 9 13 6 4 6 5 10 16 29 176 27 10 9 11 5 6 3 0 1 3 1 0 1 0 0 0 2 
4 1 2 2 2 6 11 18 31 81 214 50 32 17 8 7 2 7 12 15 10 44 159 31 25 14 8 6 3 3 1 2 3 0 1 1 1 1 0 1 
4 1 0 3 2 2 0 10 14 45 276 38 39 8 11 6 2 4 1 15 21 50 222 14 31 6 10 1 3 2 1 2 0 0 0 2 2 0 0 0 
1 1 3 1 2 2 4 4 8 27 372 63 25 10 6 6 5 3 5 8 17 68 73 14 10 8 3 3 1 0 1 0 1 0 0 0 0 0 0 0 
3 0 2 5 3 6 5 8 13 44 175 76 27 18 10 6 7 9 8 9 23 51 52 26 11 12 9 2 5 6 5 2 0 0 0 0 1 0 1 2 
1 0 0 0 0 3 5 10 8 36 321 95 38 7 15 7 11 2 3 9 18 43 61 19 12 2 12 2 6 0 0 4 0 0 0 0 0 0 0 1 
0 0 0 0 1 2 3 4 11 12 80 214 28 10 7 4 2 6 1 5 23 63 39 10 5 8 3 1 0 0 1 0 1 0 0 1 0 0 1 0 
3 2 0 1 3 6 4 8 12 26 43 163 47 17 9 11 13 8 10 10 18 42 35 12 12 8 7 6 2 0 1 2 1 0 0 0 1 0 0 0 
1 1 1 2 0 2 2 6 3 24 18 340 70 8 14 8 7 7 4 9 12 43 36 16 13 8 5 4 7 3 2 0 1 0 0 1 1 0 0 0 
1 0 0 0 1 1 3 1 4 9 28 218 58 12 7 3 5 9 7 14 24 64 24 11 4 3 4 5 2 2 0 0 1 0 0 0 0 0 1 1 
1 0 2 0 3 3 2 9 15 25 39 142 87 28 15 11 9 12 8 18 27 61 38 15 13 3 5 5 3 2 1 0 0 0 0 0 1 0 0 0 
1 1 1 0 0 3 2 4 6 22 22 121 116 10 19 9 8 7 8 15 21 68 34 15 12 7 5 3 4 1 0 0 4 1 0 0 1 0 0 0 
1 1 0 0 2 2 3 2 1 3 16 81 104 10 12 8 8 7 9 12 36 61 28 11 8 2 1 2 0 0 0 1 2 0 0 0 0 0 0 0 
1 2 1 2 1 2 0 5 7 13 15 48 62 28 16 11 5 12 6 17 24 55 28 11 9 3 3 6 5 0 2 3 2 0 0 0 1 1 1 0 
2 2 0 0 2 2 2 3 1 7 6 46 60 20 13 9 7 8 10 14 19 49 41 17 14 8 10 2 2 4 1 1 1 1 1 1 0 0 0 0 
1 2 1 0 0 0 0 1 5 7 9 18 31 17 9 7 6 6 11 22 43 82 27 8 7 5 3 4 0 4 0 1 0 1 0 0 0 0 1 1 
0 0 0 0 0 1 1 0 0 4 6 7 15 11 14 9 13 12 11 19 27 44 43 7 13 4 5 4 4 4 0 1 1 0 0 1 0 1 0 0 
0 0 0 1 2 1 3 4 1 0 6 12 12 23 28 17 16 11 7 20 31 63 55 9 17 6 3 2 2 4 2 1 4 1 1 0 0 1 1 0 
1 0 0 1 0 0 2 2 0 1 7 10 46 50 25 14 9 9 13 15 51 76 27 9 4 2 4 2 1 0 0 0 0 0 0 0 0 0 1 0 
0 1 0 0 0 0 0 3 0 5 8 7 22 30 21 9 15 20 19 33 61 98 43 26 11 7 6 2 0 2 2 1 1 2 0 0 0 1 0 0 

0 0 0 1 0 2 2 4 3 178 78 1 1 1 3 0 3 5 1 7 7 27 22 21 10 6 1 0 1 0 0 0 0 0 0 0 0 0 0 0 
3 0 0 0 0 1 2 3 6 156 57 5 3 1 0 1 1 1 4 6 9 12 12 7 13 2 3 0 2 1 1 0 2 0 0 0 1 0 0 0 
0 1 1 0 2 1 1 3 9 38 356 10 7 2 4 4 1 5 1 6 5 11 13 7 4 4 3 6 3 1 1 1 0 0 0 0 0 0 0 0 
2 0 0 0 0 2 1 1 2 44 171 13 17 1 3 1 1 5 7 4 4 18 22 7 12 3 3 2 0 1 2 1 1 0 0 0 0 0 0 0 
0 1 0 0 0 1 5 7 17 37 56 13 2 0 2 3 2 4 1 3 6 17 17 12 8 4 1 3 0 2 1 0 1 0 0 0 1 0 0 0 
1 1 1 0 1 1 1 5 11 10 20 8 3 5 4 2 2 1 3 2 4 9 18 6 3 2 1 2 2 2 1 0 0 0 0 1 0 0 0 0 
1 0 1 1 0 3 0 7 3 20 36 23 26 5 6 1 4 1 0 7 6 5 35 10 16 3 5 1 4 0 1 1 0 0 0 0 0 0 0 0 
0 0 0 1 0 2 9 5 8 16 40 27 13 5 4 4 5 4 6 9 12 21 19 11 3 2 2 1 1 0 0 0 0 1 1 0 0 0 0 1 
0 0 0 1 0 1 1 2 4 13 24 13 6 6 5 4 1 7 4 10 7 18 17 6 7 4 5 2 2 0 0 0 2 0 1 0 0 0 0 0 
0 0 1 0 2 1 1 2 2 19 46 44 22 6 6 7 2 7 6 7 12 19 25 14 8 3 5 3 0 1 0 0 1 0 0 0 0 0 0 0 
0 0 0 1 0 0 2 2 6 8 36 57 14 7 3 2 4 2 9 7 7 22 11 6 9 1 2 4 1 2 0 0 1 0 0 0 0 0 0 0 
0 0 1 1 0 2 2 0 2 7 19 27 12 4 4 3 7 4 2 6 11 11 15 7 5 5 2 1 0 1 0 0 0 0 0 0 0 0 0 0 
0 0 0 0 0 1 1 2 0 5 20 55 40 5 8 6 8 7 6 4 8 20 19 6 9 4 3 3 3 2 1 1 1 0 0 0 0 0 0 0 
1 0 1 1 1 0 0 2 0 2 17 40 31 9 2 5 5 1 5 7 6 17 11 5 2 5 3 2 2 0 0 0 0 1 0 1 0 0 0 0 
0 0 0 1 2 1 1 3 6 6 17 50 38 15 6 2 4 0 3 6 5 13 14 5 5 3 3 3 1 1 0 1 1 3 0 0 0 0 1 0 
0 0 1 0 2 3 0 2 5 16 13 103 104 14 9 5 8 6 5 7 13 15 33 13 7 3 7 2 6 0 3 1 1 0 0 0 0 0 0 0 
1 1 1 1 1 1 0 0 3 7 19 146 305 8 9 5 4 7 9 6 8 21 8 4 6 3 4 2 0 0 1 0 0 0 0 0 0 0 0 0 
2 1 0 3 0 1 1 3 0 4 15 32 75 9 9 7 6 4 5 10 6 16 14 7 11 5 2 0 2 1 1 0 0 0 0 1 0 0 0 0 
0 0 1 0 0 2 0 2 1 7 6 56 493 18 14 6 6 4 7 10 13 16 31 12 13 2 7 1 6 2 2 1 0 1 0 0 1 0 0 0 
1 1 0 2 0 0 1 0 2 2 15 36 235 24 8 5 3 5 8 11 7 12 11 8 2 2 1 0 2 2 1 0 0 0 0 0 0 0 1 0 
1 1 0 0 2 0 2 3 2 0 5 16 314 53 11 6 9 5 6 13 13 11 20 7 8 1 3 4 1 0 1 0 0 0 0 0 0 0 0 1 
3 0 1 1 0 0 2 0 1 2 2 21 165 86 25 10 16 10 9 15 20 17 33 12 8 5 10 2 2 0 1 1 1 0 0 0 0 0 0 1 
1 1 0 0 1 1 0 1 4 3 7 24 153 404 40 15 13 7 5 6 25 25 11 2 9 1 1 2 1 1 1 1 0 1 0 0 0 0 0 0 
0 1 1 1 0 2 1 3 0 4 9 18 75 566 38 10 15 16 27 31 35 39 39 19 9 4 3 4 2 0 2 1 0 1 0 0 0 1 0 0 

0 0 0 0 0 0 0 1 2 22 15 3 1 3 1 0 2 0 0 2 3 18 11 14 4 1 2 2 2 0 0 0 0 0 0 0 0 0 0 0 
3 1 2 0 0 0 0 0 1 8 15 3 4 4 4 2 4 4 2 1 2 2 5 2 5 3 1 1 0 1 1 0 0 0 1 0 0 0 0 0 
2 0 2 1 2 1 3 1 8 6 18 9 6 4 8 1 1 2 1 5 4 5 10 6 2 2 2 1 3 0 0 1 0 1 1 1 0 0 0 1 
0 0 1 0 2 0 1 4 5 11 23 10 8 0 5 2 2 1 0 1 2 3 12 5 6 2 3 1 1 1 1 0 0 0 1 0 0 0 0 0 
0 1 0 0 0 1 3 2 4 5 6 4 2 3 3 2 2 3 4 4 6 16 5 11 4 3 5 0 0 0 0 0 1 0 0 0 0 0 0 0 
2 2 1 0 0 1 3 3 3 7 8 6 0 2 5 0 1 1 3 5 9 8 10 4 7 5 3 5 2 2 1 0 0 0 0 0 0 0 0 0 
0 0 1 0 1 1 2 3 3 3 7 11 9 2 3 3 2 5 2 1 2 4 8 7 5 0 6 0 3 1 0 0 0 0 0 0 1 0 0 0 
1 0 0 0 1 1 1 3 1 14 4 2 7 5 3 4 4 2 4 7 6 13 11 9 4 2 4 0 0 0 3 1 1 0 0 0 1 0 0 0 
0 1 1 2 2 2 3 1 2 9 5 7 7 3 1 6 3 2 3 3 7 10 9 6 2 5 0 1 0 1 0 0 1 1 1 0 0 0 0 0 
0 0 0 2 0 2 2 0 5 2 5 8 5 4 3 0 0 2 2 3 5 6 9 6 3 3 1 0 0 2 1 0 0 0 0 1 0 0 0 1 
0 1 0 0 0 0 3 3 5 1 8 10 5 3 4 6 2 0 3 4 9 14 11 2 4 1 2 0 2 0 0 0 0 0 0 0 0 0 0 0 
0 0 0 0 0 1 1 2 2 3 9 11 8 7 7 4 7 6 1 5 6 7 10 10 2 1 4 0 1 1 0 0 1 0 0 0 0 0 1 0 
1 0 0 0 1 1 0 0 1 5 7 9 12 5 9 2 4 3 3 2 9 5 5 3 5 3 0 0 0 1 2 0 1 0 0 1 0 0 1 0 
0 1 0 0 0 0 0 3 4 8 8 10 6 6 6 2 5 3 5 4 11 12 7 2 1 2 0 0 2 0 1 0 0 0 0 0 0 0 0 0 
1 0 0 1 0 0 1 4 3 6 7 12 9 9 6 2 7 7 3 4 3 6 8 4 3 5 3 0 1 1 0 0 1 0 2 0 0 0 0 0 
1 0 0 0 2 1 1 1 1 4 4 8 19 10 9 1 6 4 1 2 1 7 11 6 4 2 3 0 1 1 1 0 0 0 0 0 0 0 0 0 
0 1 1 2 1 3 0 1 2 8 8 23 16 10 9 1 4 2 3 6 10 10 5 2 2 1 2 1 0 0 0 0 1 0 0 0 0 0 0 0 
0 0 1 3 2 1 2 6 5 3 11 18 22 10 4 5 4 6 5 9 2 4 9 4 6 3 3 2 0 1 1 0 1 0 0 0 1 0 0 0 
0 0 2 0 0 4 0 3 2 1 6 21 18 14 13 5 4 3 9 6 7 11 16 8 13 2 2 1 1 2 0 0 0 0 0 0 1 0 0 0 
0 1 0 1 1 0 2 2 2 6 6 16 22 14 13 5 8 5 7 7 12 19 5 2 4 1 1 1 0 1 1 0 1 0 0 0 0 0 0 0 
0 1 1 2 0 1 0 1 3 2 7 12 18 17 11 10 9 8 3 15 6 3 11 6 5 5 0 3 3 2 1 1 0 1 1 0 0 0 0 0 
0 0 0 1 0 1 0 4 3 4 3 14 22 28 23 13 10 6 3 7 10 8 11 7 9 2 2 1 0 2 0 0 2 0 1 0 0 0 1 0 
0 1 0 0 2 0 0 0 0 7 9 15 55 67 22 11 5 8 12 8 20 17 7 6 4 0 1 0 0 1 1 0 0 0 0 0 0 0 0 0 
1 0 0 1 1 4 1 0 7 7 14 24 45 57 35 18 21 6 11 11 12 14 16 5 3 3 3 3 3 1 0 1 0 0 1 0 1 0 0 0 

0 0 0 0 0 1 0 2 1 13 8 3 1 0 0 1 0 2 1 4 1 15 9 8 1 3 1 2 1 0 0 0 0 0 0 0 0 1 0 0 
0 0 0 0 0 0 0 1 0 1 4 3 2 1 0 0 1 0 0 1 1 3 5 2 1 2 3 0 1 1 0 0 0 0 0 0 1 0 0 0 
0 0 0 1 0 1 1 1 0 1 1 1 1 1 3 1 1 0 0 2 2 1 4 2 1 0 0 2 0 3 0 1 1 0 0 0 0 0 0 0 
0 0 0 0 0 0 0 3 3 3 4 2 4 4 4 0 1 0 0 2 0 2 5 2 4 0 1 0 0 0 0 0 0 0 1 0 0 0 0 0 
0 1 0 0 1 0 1 0 5 6 1 2 3 1 1 0 0 1 0 0 2 5 6 0 4 1 2 0 0 0 1 0 0 0 0 0 0 0 0 0 
0 0 1 0 1 1 0 3 0 1 2 2 3 1 0 1 0 1 2 1 1 2 4 3 0 1 1 1 1 0 0 0 0 0 0 0 0 0 0 0 
0 0 0 0 0 1 0 3 1 3 3 2 5 5 2 1 2 1 2 2 5 2 5 2 2 1 3 1 1 1 0 0 0 0 0 0 0 0 0 0 
0 1 0 1 3 0 1 1 4 2 2 7 4 1 1 0 3 2 2 4 1 4 2 3 1 1 1 1 0 0 0 0 0 0 0 0 0 0 0 0 
0 0 0 0 0 0 3 1 1 3 5 0 1 4 1 1 1 2 3 3 3 6 7 0 4 1 1 1 0 0 0 0 0 0 0 0 0 0 1 0 
1 0 0 0 1 0 0 1 2 10 4 5 5 3 6 4 2 3 2 4 8 5 8 2 2 1 1 0 0 0 0 0 0 0 0 0 0 1 0 0 
0 1 0 1 0 0 0 1 2 4 8 6 3 3 4 3 1 1 1 3 2 2 3 1 4 1 1 0 0 0 0 0 0 0 0 0 0 1 0 0 
0 0 1 2 0 0 1 1 0 2 6 2 1 3 0 2 1 2 2 2 3 6 4 1 5 2 2 1 0 1 0 0 0 0 0 0 0 0 0 0 
0 0 3 0 1 0 1 1 2 3 8 2 9 5 4 2 5 3 1 1 3 3 8 2 5 2 4 0 1 0 1 0 0 0 0 0 0 0 1 0 
1 1 1 0 0 1 0 1 1 4 3 6 7 3 5 3 2 3 1 1 2 6 7 4 5 1 1 0 0 0 0 0 0 0 0 0 0 0 0 0 
1 1 0 1 0 1 0 1 1 5 1 2 7 8 2 3 2 4 4 0 3 6 4 3 0 3 2 0 1 0 0 0 1 0 0 0 0 0 0 0 
1 1 0 0 0 1 0 0 3 3 4 3 5 8 3 3 7 3 2 4 5 3 7 3 5 1 2 1 2 0 1 0 0 0 0 1 0 0 0 0 
0 1 1 0 2 1 1 2 1 2 3 5 5 3 1 0 1 2 2 3 3 5 3 3 2 0 1 0 1 1 1 0 0 0 0 0 0 0 0 0 
0 2 1 0 1 0 2 2 4 2 3 8 9 2 4 2 5 2 1 3 3 7 8 3 2 1 2 0 2 0 0 0 0 0 0 0 0 0 0 0 
0 0 0 0 1 1 2 3 1 3 4 12 11 8 8 3 3 4 2 5 3 8 5 1 1 1 3 3 2 0 1 0 1 0 0 0 0 0 0 1 
0 0 0 0 0 1 1 1 1 1 1 7 4 7 5 2 1 0 1 5 4 15 4 0 4 0 0 1 2 0 0 1 0 0 2 0 0 0 0 0 
0 1 0 0 0 0 2 0 3 6 0 4 4 5 9 2 4 4 2 8 7 9 9 1 5 0 1 2 0 0 0 0 0 0 0 0 0 0 0 0 
1 1 0 0 2 0 0 1 3 6 2 10 10 6 11 5 2 7 10 8 10 12 3 2 5 1 4 1 2 0 0 1 0 0 0 0 0 0 0 0 
0 0 0 0 1 1 2 1 1 2 4 9 13 8 10 9 4 2 3 6 8 5 2 0 1 0 1 0 1 0 0 0 0 0 0 0 1 0 0 2 
0 0 0 1 0 0 1 2 5 4 9 14 29 38 20 11 15 14 9 12 10 19 23 14 8 1 1 2 0 2 0 0 1 1 0 0 0 0 0 0 

0 0 0 0 0 0 1 1 0 6 6 3 0 0 4 0 0 2 2 1 0 4 4 6 1 2 0 1 0 0 0 0 0 0 0 0 0 0 0 0 
0 0 0 0 1 0 0 0 1 2 0 0 0 1 1 1 0 0 0 0 0 0 1 1 3 2 2 1 0 0 0 0 0 0 0 1 0 1 0 0 
0 0 0 0 0 0 0 0 0 7 0 2 2 2 2 2 3 0 0 2 1 2 4 3 1 0 1 0 0 0 0 0 0 0 0 0 0 0 0 0 
1 2 0 0 0 0 0 0 0 1 0 1 0 0 1 2 2 0 2 0 2 3 2 0 3 0 1 1 0 0 1 0 1 0 0 0 0 0 0 0 
0 0 0 0 0 0 1 2 3 4 4 1 0 0 2 1 0 1 0 2 2 4 2 8 2 1 2 1 0 0 0 1 0 0 0 0 0 0 0 0 
1 0 0 0 0 1 0 3 3 5 0 3 0 2 0 2 0 0 0 2 1 5 4 4 2 3 1 1 1 0 0 1 1 0 0 1 0 0 0 0 
0 0 0 0 0 0 0 0 2 3 3 2 1 3 0 0 2 1 0 1 1 1 4 1 2 2 3 0 0 0 0 0 0 0 1 0 0 0 0 0 
1 0 0 0 0 1 1 1 1 2 4 2 1 0 0 1 3 3 0 2 3 7 2 2 1 0 3 0 2 0 1 1 0 0 0 0 0 0 0 0 
0 0 0 0 0 0 0 1 2 2 1 2 2 1 2 2 0 0 1 2 4 3 3 2 0 2 2 1 1 0 0 0 0 0 0 0 0 0 0 0 
1 0 0 0 1 2 0 1 0 2 0 6 3 1 3 2 2 2 1 0 2 5 1 1 2 1 1 0 2 0 1 0 0 0 0 0 0 0 0 0 
1 0 0 0 0 0 0 1 1 1 0 6 3 1 2 1 3 0 3 1 1 2 3 1 0 0 1 1 0 1 0 1 0 0 0 0 0 0 0 0 
0 0 0 1 0 0 0 0 0 1 0 3 2 1 3 0 0 1 2 1 1 4 1 2 0 3 3 2 0 2 0 0 0 0 0 1 0 0 0 0 
0 0 0 1 0 0 0 1 0 2 2 0 3 3 2 2 4 3 2 0 2 2 2 3 2 0 0 0 0 1 0 0 0 0 0 0 0 0 0 1 
0 0 0 1 0 0 2 0 0 1 5 2 2 2 2 2 3 3 0 2 2 5 0 3 0 3 0 0 0 0 0 0 0 0 0 0 0 0 0 0 
0 0 0 0 0 1 0 0 1 1 3 0 5 4 1 1 1 2 2 2 1 3 1 1 2 0 2 1 1 0 0 0 0 0 0 0 0 0 0 0 
0 0 0 1 0 1 1 3 0 3 1 1 3 3 1 1 4 1 2 0 2 0 8 1 3 1 2 2 3 0 0 0 0 0 0 0 0 0 0 0 
0 0 0 1 1 0 0 1 2 4 7 6 9 1 1 1 3 3 5 2 4 5 6 4 2 1 0 0 0 0 1 0 0 0 0 0 0 0 0 0 
0 0 0 0 0 0 1 0 0 1 4 9 1 4 1 1 1 2 3 2 5 4 4 3 3 0 2 1 1 1 1 0 0 0 0 0 0 0 0 0 
1 0 0 1 0 1 0 0 0 2 1 6 1 5 7 4 4 3 4 4 2 2 3 2 2 0 2 1 0 0 0 2 0 0 0 0 0 0 0 0 
0 0 1 1 1 2 0 0 2 1 2 2 6 4 2 4 4 1 5 5 6 14 6 3 0 0 0 0 1 0 2 0 0 0 0 0 0 0 0 0 
0 0 0 0 0 1 0 0 0 2 2 0 3 0 0 2 0 5 0 2 1 1 4 1 0 0 0 1 1 0 0 0 0 0 0 0 0 0 0 0 
0 1 0 0 0 1 1 0 0 4 3 4 3 3 6 0 3 1 0 1 6 6 3 4 0 2 0 0 1 0 0 0 0 0 0 0 0 0 0 0 
0 0 0 0 0 2 1 1 3 4 5 6 16 14 10 4 2 6 1 4 5 9 6 2 1 0 2 1 0 0 1 0 0 0 0 0 0 0 0 0 
0 0 0 1 0 1 0 0 2 2 2 6 6 8 3 2 1 5 3 5 3 6 5 2 2 2 1 1 0 1 0 0 0 0 0 0 0 0 0 0 

1 0 0 1 1 0 0 1 1 2 1 1 0 1 0 0 0 1 0 1 2 4 4 1 6 1 0 0 0 0 0 0 0 0 0 0 0 0 0 0 
0 0 1 0 0 1 1 0 1 0 0 1 1 1 0 1 0 1 1 0 1 1 0 1 4 0 0 1 0 0 1 0 0 0 0 0 0 0 0 0 
0 1 0 0 0 0 0 0 0 0 0 1 0 0 1 0 0 0 0 2 1 1 2 0 1 0 1 0 1 0 0 0 0 0 0 0 0 0 0 0 
0 0 0 1 1 0 0 1 0 0 1 2 2 0 0 0 0 0 0 0 0 0 2 1 2 0 0 0 0 0 0 0 0 0 0 0 0 0 0 0 
0 0 0 0 0 0 0 0 1 1 2 1 0 1 0 0 0 1 1 0 2 0 1 0 3 0 0 0 0 0 0 0 0 0 0 0 0 0 0 0 
0 0 0 0 0 0 0 1 0 1 0 1 0 1 1 0 1 0 1 0 1 0 3 0 0 0 0 0 0 0 0 0 0 0 0 0 0 0 0 0 
0 0 0 0 0 0 0 1 0 2 0 0 1 0 0 0 1 0 0 1 3 2 0 0 1 0 0 0 0 0 0 0 0 0 0 0 0 0 0 0 
1 0 0 0 0 0 0 0 0 2 1 0 0 1 2 0 1 2 0 0 2 3 5 0 1 1 1 0 1 0 0 0 0 0 0 1 0 0 0 0 
0 0 0 0 0 0 0 1 1 2 0 0 1 0 1 1 0 1 2 1 0 2 9 3 2 0 1 0 0 0 1 0 0 1 0 0 0 0 0 0 
1 0 0 0 0 1 0 2 1 3 1 1 3 1 2 1 1 0 0 0 3 2 2 0 2 1 0 0 0 0 1 0 0 0 0 0 1 0 0 0 
0 0 0 0 0 0 1 2 0 3 0 0 2 0 1 1 0 0 0 0 1 8 1 1 4 0 0 0 0 0 0 0 0 0 0 0 0 0 0 0 
0 0 0 0 0 0 1 0 0 1 3 4 3 5 2 2 1 1 2 1 1 1 0 2 2 0 3 2 0 0 0 0 0 0 0 0 0 0 0 0 
0 1 0 0 1 1 0 0 1 3 3 2 1 1 1 0 0 1 1 2 4 3 4 0 1 1 0 0 0 0 0 0 0 0 0 0 0 0 0 0 
0 0 0 0 0 0 0 1 1 2 2 2 1 0 0 0 0 1 1 0 0 2 2 3 0 0 0 0 0 0 0 0 0 0 0 0 0 0 0 0 
0 0 0 0 0 0 1 0 0 0 0 3 5 3 1 0 0 1 0 0 1 1 1 0 1 0 0 0 0 0 0 0 0 0 0 0 0 0 0 0 
1 0 1 0 0 0 0 0 0 2 3 2 4 0 2 2 3 0 1 1 4 4 2 1 1 1 0 1 3 0 0 0 0 0 0 0 0 0 0 0 
0 0 0 0 0 0 0 0 1 0 1 1 3 1 2 3 0 2 0 2 2 5 2 0 2 2 0 0 1 0 0 1 0 0 0 0 0 0 0 0 
1 0 0 0 0 1 0 1 0 3 3 3 0 1 1 1 2 1 1 1 0 2 0 0 1 0 0 1 0 0 0 0 0 0 0 0 0 0 0 0 
0 1 0 0 1 0 0 2 1 4 1 3 5 1 1 4 0 0 2 2 2 3 3 0 2 0 2 0 1 0 0 0 0 0 1 0 0 0 0 0 
0 0 0 0 0 0 0 0 0 2 1 2 4 1 0 0 0 1 1 2 0 5 1 2 3 0 1 1 0 1 0 0 0 0 0 0 0 0 0 0 
0 0 0 0 0 0 0 0 1 1 2 2 2 1 3 2 0 1 2 3 5 1 2 2 1 1 0 0 0 0 0 1 0 0 0 0 0 0 0 0 
0 0 1 0 0 1 0 1 2 2 0 1 3 2 2 4 1 1 7 2 1 1 4 0 1 1 4 1 0 0 0 0 0 0 0 0 0 0 0 0 
1 0 0 0 1 0 1 0 0 0 2 3 4 3 1 2 1 1 3 7 2 1 1 1 2 0 0 1 1 1 0 0 0 1 0 0 0 0 0 0 
0 0 1 0 1 0 0 1 1 2 2 9 13 7 4 7 4 4 9 8 3 3 9 2 2 2 1 0 0 1 0 0 0 1 0 1 0 0 0 0 

0 0 0 0 0 0 0 0 0 2 2 2 0 2 2 0 0 1 0 2 0 3 2 2 2 1 0 1 0 0 0 0 0 0 0 0 0 0 0 0 
0 0 0 0 0 0 0 0 0 1 1 0 0 0 0 0 0 1 0 0 0 0 2 0 1 0 1 0 1 0 0 1 0 1 0 0 0 0 0 0 
0 0 1 0 1 1 0 0 0 0 0 0 1 1 1 1 0 0 0 0 3 0 0 1 1 1 1 0 1 1 0 0 0 0 0 0 0 0 0 0 
1 0 0 0 0 0 0 1 0 1 0 0 0 0 1 0 0 0 0 0 0 2 2 0 0 0 0 1 0 0 0 1 1 0 0 0 0 0 0 0 
0 0 0 0 1 0 0 0 0 0 0 0 1 0 0 0 1 2 1 0 1 0 1 1 0 0 0 0 0 0 0 0 1 0 0 0 0 0 0 0 
0 0 0 0 0 0 0 1 1 0 0 2 1 0 0 0 0 0 0 3 0 0 1 3 0 0 3 0 1 0 0 0 0 1 0 0 0 0 0 0 
0 0 0 0 0 0 0 0 0 1 0 2 1 1 0 0 0 0 0 1 2 0 5 1 0 0 0 0 0 0 0 0 0 0 0 0 0 0 0 0 
1 0 0 0 0 0 0 1 1 3 0 1 0 1 1 1 0 2 1 0 0 3 1 3 2 1 0 0 1 1 0 0 0 0 0 0 0 0 0 0 
0 0 0 0 0 0 0 0 2 1 1 0 0 0 0 1 0 0 0 1 0 2 2 3 1 0 1 0 0 0 0 0 0 0 0 0 0 0 0 1 
0 0 0 0 0 0 0 0 0 0 0 1 1 0 0 0 0 2 0 0 0 0 5 0 1 1 2 1 0 0 0 0 1 0 0 0 0 0 0 0 
1 0 0 0 0 0 0 1 0 0 1 3 3 0 0 0 0 2 2 3 1 4 1 1 1 2 1 0 1 0 0 1 0 0 0 0 0 0 0 0 
1 0 0 0 0 1 1 2 0 2 1 0 0 0 0 0 1 1 0 1 0 1 0 0 1 0 1 0 0 0 0 0 0 0 0 0 0 0 0 1 
0 0 0 0 0 0 0 1 0 2 1 2 0 1 2 1 1 1 3 0 0 1 0 0 0 1 0 1 0 0 0 0 0 0 0 0 0 0 0 0 
0 0 0 1 0 1 0 1 1 3 2 4 1 1 2 1 2 1 0 0 0 5 0 2 1 1 0 0 0 0 0 0 0 0 0 0 0 0 0 0 
0 0 0 0 0 0 1 0 0 2 2 0 2 1 0 1 1 1 3 0 0 0 0 1 2 0 0 0 0 0 0 0 0 0 0 0 0 0 0 0 
0 0 0 1 0 1 0 0 0 0 2 1 1 3 1 0 1 1 0 2 2 3 6 0 1 1 2 0 0 0 0 0 1 0 1 0 0 0 0 0 
1 0 1 0 1 0 0 2 0 1 1 2 2 0 0 0 0 0 1 3 4 3 2 2 0 0 0 1 0 0 0 0 0 0 0 0 0 0 0 0 
0 0 0 0 0 1 0 1 0 0 1 4 1 2 1 2 1 2 1 1 1 0 0 0 2 0 0 1 0 0 0 0 0 0 0 0 0 0 0 0 
0 0 0 2 0 0 0 0 0 2 1 5 1 0 0 0 1 2 3 1 1 0 2 0 0 0 0 0 0 0 0 0 0 0 0 0 0 0 0 0 
0 0 0 0 1 0 0 0 0 1 3 1 2 4 3 1 2 1 2 2 1 2 3 1 0 0 0 0 0 1 1 0 0 0 0 0 0 0 0 0 
0 0 0 0 1 0 0 0 0 0 1 0 1 2 4 1 1 1 3 1 1 0 2 1 1 0 0 0 0 0 0 0 0 0 0 0 0 0 1 0 
0 0 0 1 0 1 0 1 1 0 2 1 2 0 0 3 2 0 1 1 1 1 1 2 1 2 0 1 0 0 0 0 0 0 0 0 0 0 0 0 
0 0 0 1 0 0 0 2 0 3 2 4 4 6 6 2 2 1 1 0 2 1 2 0 2 0 0 1 0 1 0 0 0 0 0 0 0 1 0 0 
0 0 0 0 0 0 3 0 0 0 1 0 1 1 2 1 1 1 2 2 2 3 5 3 0 0 0 0 1 0 0 1 0 0 0 0 0 0 0 0 

0 0 0 0 0 0 0 1 0 2 0 0 0 0 0 0 1 2 0 2 0 3 1 0 0 0 0 0 0 0 0 0 0 0 0 0 0 0 0 0 
0 0 0 0 0 0 0 0 0 0 0 0 0 0 0 0 0 0 0 0 0 0 0 0 1 1 0 0 0 0 0 0 0 0 0 0 0 0 0 0 
0 0 0 0 0 0 0 0 0 0 0 0 2 0 0 0 0 1 1 0 0 1 0 0 0 2 0 0 0 0 0 0 0 0 0 0 0 0 0 0 
0 0 0 0 0 0 0 0 1 2 0 0 0 0 0 0 0 0 0 0 0 0 2 0 0 1 1 0 0 0 0 0 0 0 0 0 0 0 0 0 
0 0 0 0 0 1 0 1 0 0 0 0 0 0 0 1 0 1 0 0 2 0 0 2 0 1 0 0 0 0 0 0 0 0 0 0 0 0 0 0 
0 0 0 0 0 0 0 0 0 0 0 0 0 0 0 1 0 1 0 0 1 0 2 1 0 0 0 0 0 1 0 0 0 0 0 0 0 0 0 0 
0 0 1 0 0 1 0 0 1 0 1 0 0 1 0 0 0 1 0 0 0 1 1 0 0 0 1 0 0 0 0 0 0 0 0 0 0 0 0 0 
0 0 0 0 0 0 0 1 1 1 0 1 0 1 0 0 0 0 0 0 1 1 1 0 0 0 0 0 0 0 0 0 0 0 0 0 0 0 0 0 
0 0 0 0 0 0 0 0 0 1 0 0 0 0 0 0 0 0 1 1 1 0 0 0 0 0 0 0 0 0 0 0 0 0 0 0 0 0 0 0 
1 0 0 0 0 0 0 0 1 0 0 0 1 0 0 0 0 0 0 0 0 2 0 1 0 0 1 0 0 0 0 0 0 0 0 0 0 0 0 0 
0 0 0 2 0 0 1 1 0 1 0 0 0 0 1 0 0 0 0 1 3 2 1 0 1 0 1 0 0 0 0 0 0 0 0 0 0 0 0 0 
0 0 0 0 1 0 1 0 1 0 4 1 3 2 2 2 1 0 0 1 1 0 0 0 1 0 0 0 0 0 0 0 0 0 0 0 0 0 0 0 
0 0 0 0 0 0 0 0 1 0 2 0 2 0 0 3 0 1 1 0 0 1 0 0 3 0 0 0 2 0 0 0 0 0 0 0 0 0 0 0 
0 0 0 0 0 0 1 0 1 0 0 0 1 0 0 0 2 0 0 1 0 2 0 1 0 0 0 0 0 0 0 0 0 1 0 0 0 0 0 0 
0 0 0 0 0 0 0 1 0 0 0 1 3 0 0 1 1 0 0 1 0 2 2 0 0 0 0 0 0 0 0 0 0 0 0 0 0 0 0 0 
0 0 0 0 0 0 1 1 0 0 1 0 2 0 2 1 1 1 1 0 0 1 1 1 1 0 1 0 0 0 0 0 0 0 0 0 0 0 0 0 
0 0 0 0 0 0 0 0 0 0 1 2 2 2 0 0 0 0 0 1 1 3 0 0 0 0 0 0 1 0 0 0 0 0 0 0 0 0 0 0 
0 0 0 0 0 1 0 0 0 1 1 0 2 0 0 2 2 2 0 0 0 2 2 0 0 0 0 0 0 0 0 0 0 0 0 0 0 0 0 0 
0 0 0 0 0 0 2 2 1 1 1 0 1 0 1 1 1 1 0 0 0 1 0 0 0 1 0 0 0 0 0 0 0 0 0 0 0 0 0 0 
0 0 0 0 0 1 0 1 0 0 0 2 0 0 0 2 1 1 0 1 1 3 0 5 0 2 1 0 0 0 0 0 0 0 0 0 0 0 0 0 
0 1 0 0 0 0 1 0 0 3 0 0 2 1 2 1 1 1 0 2 0 1 0 1 0 0 1 0 0 0 0 0 0 0 0 0 0 0 0 0 
1 0 0 0 0 1 0 2 1 1 1 3 1 3 1 1 3 0 3 0 0 1 1 0 0 1 0 0 0 0 0 0 0 0 0 0 0 0 0 0 
0 1 1 0 1 0 1 0 0 2 0 1 5 1 1 2 5 3 1 3 0 4 0 0 0 0 0 0 0 0 0 0 0 0 0 0 0 0 0 0 
0 0 1 1 0 0 1 0 1 2 5 3 1 6 7 6 3 2 2 2 7 1 1 1 0 2 0 1 0 0 0 0 0 0 0 0 0 1 0 0 

0 0 0 0 0 0 1 0 0 0 0 0 0 0 0 0 0 0 0 0 1 2 0 2 0 0 0 0 0 0 0 0 0 0 0 0 0 0 0 0 
0 0 0 0 0 0 0 0 1 0 1 0 0 0 0 0 0 0 0 0 0 1 1 0 1 0 0 0 0 0 0 0 0 0 0 0 0 0 0 0 
1 0 0 0 0 0 0 0 0 0 1 1 0 0 0 0 0 0 0 1 0 2 2 1 1 1 0 0 0 0 0 0 0 0 0 0 0 0 0 0 
0 0 0 0 0 0 0 0 0 2 0 0 0 0 0 0 0 0 0 0 0 0 2 0 0 0 0 0 0 0 0 0 0 0 0 0 0 0 0 0 
0 0 0 0 0 0 0 0 0 0 0 1 1 0 0 0 0 0 0 0 0 1 2 0 0 0 0 0 1 0 0 0 0 0 1 0 0 0 0 0 
0 0 0 0 0 0 0 0 1 1 2 0 0 0 0 0 0 0 0 0 0 0 0 1 1 1 0 0 0 0 0 0 0 1 0 0 0 0 0 0 
0 0 0 0 0 0 0 0 0 0 0 0 0 0 0 0 0 0 0 0 0 0 3 0 1 0 0 0 0 0 0 0 0 0 0 0 0 0 0 0 
1 0 1 0 0 1 2 0 1 0 0 0 0 1 1 0 1 0 0 3 0 2 1 0 0 0 1 0 0 0 0 0 0 0 1 0 0 0 0 0 
0 0 0 0 0 1 0 0 0 1 1 1 2 2 1 0 1 0 0 0 0 0 2 0 1 0 0 0 0 0 0 0 0 0 0 0 0 0 0 0 
1 0 0 0 0 0 0 0 0 0 1 0 0 1 0 0 0 0 0 1 0 0 1 0 0 1 0 0 0 1 0 0 0 0 0 0 0 0 0 0 
0 0 0 0 0 0 0 0 0 1 1 0 2 1 0 1 1 0 0 0 1 1 0 0 0 0 0 1 0 0 0 0 0 0 0 0 0 0 0 0 
0 0 0 0 0 0 1 0 0 0 1 0 0 1 1 0 0 0 0 0 1 0 1 0 1 0 0 0 0 0 0 0 0 0 0 0 0 0 0 0 
0 0 0 0 0 0 0 0 0 1 0 0 0 2 1 0 0 1 0 1 0 1 1 0 2 0 0 0 0 0 0 0 0 0 0 0 0 0 0 0 
0 0 1 1 0 0 0 0 0 1 1 0 0 1 2 0 0 0 1 1 1 3 1 0 0 0 0 0 1 0 0 1 0 0 0 0 0 0 0 0 
0 0 0 0 0 0 0 0 0 0 0 0 1 0 0 0 1 1 0 0 0 1 1 0 0 0 0 1 0 0 0 0 0 0 0 0 0 0 0 0 
0 0 0 0 0 0 0 0 0 2 0 0 1 1 0 2 0 1 0 1 1 0 1 1 0 0 1 0 0 0 0 0 0 0 0 0 0 0 0 0 
0 0 0 0 0 0 0 1 1 1 1 1 1 1 4 0 1 1 0 1 0 2 2 0 0 1 0 0 0 1 0 0 0 0 0 0 0 0 0 0 
0 0 0 0 0 0 0 0 0 0 0 1 2 0 0 0 0 2 1 0 0 1 0 1 0 0 0 1 0 0 0 0 0 0 0 0 0 0 0 0 
0 0 0 0 0 0 1 0 0 0 1 0 0 1 0 0 0 0 1 1 0 2 5 1 0 0 0 0 0 0 0 1 0 0 0 0 0 0 0 0 
0 0 1 0 0 0 0 0 0 0 0 0 1 1 1 1 1 1 1 1 0 1 3 0 0 0 0 0 0 0 0 0 0 0 1 0 0 0 0 0 
0 0 0 0 0 0 0 0 0 0 0 0 1 0 0 0 0 0 0 0 1 0 1 0 0 0 1 0 0 0 0 0 0 1 0 0 0 0 0 0 
0 0 0 1 0 0 0 0 0 0 0 2 1 2 2 2 0 0 0 1 1 0 1 0 1 0 1 0 0 0 0 0 0 0 0 0 0 0 0 0 
1 0 0 0 0 0 0 0 0 1 3 0 2 5 1 1 3 2 1 1 1 0 3 0 0 1 0 0 0 1 0 0 0 0 0 0 0 0 0 0 
0 0 0 0 0 0 1 0 2 1 0 3 0 3 2 2 3 1 0 0 0 1 1 0 0 0 0 0 0 0 0 0 0 0 0 0 0 0 0 0 

0 0 0 0 0 0 0 0 0 1 0 0 0 0 0 1 0 1 0 0 0 1 0 0 0 0 0 0 0 0 0 0 0 0 0 0 0 0 0 0 
0 0 0 0 0 0 0 0 0 1 0 0 0 0 0 0 0 0 0 0 1 0 0 0 1 0 0 0 0 0 0 0 0 0 0 0 0 0 0 0 
1 0 0 0 0 0 0 0 0 0 0 0 0 0 0 0 0 0 1 0 0 0 0 0 0 1 0 0 0 1 0 0 0 0 1 0 0 0 0 0 
0 0 0 0 0 0 0 0 0 1 1 0 0 0 1 0 1 0 0 1 0 1 0 0 1 0 0 0 0 0 0 0 0 0 0 0 0 0 0 0 
0 0 0 0 0 0 0 1 0 0 2 0 0 0 1 0 1 0 0 0 1 0 0 1 0 0 0 0 0 0 0 0 0 0 0 0 0 0 0 0 
0 0 0 0 0 0 0 0 0 0 1 0 0 0 0 0 0 0 0 0 0 0 0 0 0 0 0 0 0 0 0 0 0 0 0 0 0 0 0 0 
0 0 0 0 0 0 0 0 0 0 0 0 0 0 1 0 1 0 0 0 0 1 1 0 1 0 0 0 0 0 0 0 0 0 0 0 0 0 0 0 
0 0 0 0 0 0 0 0 0 0 1 1 0 0 0 1 0 0 1 0 3 1 0 1 1 0 0 0 0 0 0 0 1 0 0 0 0 0 0 0 
0 0 0 0 0 0 0 0 0 0 0 0 0 0 0 0 0 0 0 0 0 0 1 1 0 0 0 0 0 0 0 0 0 0 0 0 0 0 0 0 
0 0 0 0 0 0 0 1 0 0 1 0 0 0 0 0 1 0 0 0 0 1 0 0 0 0 0 0 0 0 0 0 0 0 0 0 0 0 0 0 
0 0 0 0 0 0 0 0 0 0 0 2 0 0 0 0 0 2 0 1 0 2 1 1 0 0 0 0 0 0 1 0 0 0 0 0 0 0 0 0 
0 0 0 0 0 1 0 0 1 0 0 0 0 0 0 0 0 0 0 0 0 0 0 1 0 0 1 1 0 0 0 0 0 0 0 0 0 0 0 0 
0 0 0 0 0 0 0 0 0 0 0 1 0 0 0 0 1 0 1 0 2 0 0 0 0 0 0 0 0 0 0 0 0 0 0 0 0 0 0 0 
0 0 0 0 0 0 0 1 0 1 2 0 0 0 0 0 0 1 0 0 0 0 0 0 2 0 0 1 0 0 0 0 0 0 0 0 0 0 0 0 
0 0 0 0 0 1 0 0 0 2 0 1 0 0 1 0 0 0 1 0 0 0 0 0 1 0 0 0 0 0 0 0 0 0 0 0 0 0 0 0 
0 0 0 0 0 0 0 0 0 0 0 1 0 1 1 0 0 0 0 0 1 0 1 0 1 0 0 0 0 0 0 0 0 0 0 0 0 0 0 0 
0 0 0 0 0 0 0 1 0 1 0 1 2 1 0 0 0 0 2 1 0 1 0 0 0 0 0 0 0 0 0 0 0 0 0 0 0 0 0 0 
0 0 0 0 0 0 0 0 0 0 0 1 0 0 0 0 0 0 0 0 0 0 2 0 0 1 0 0 0 0 0 0 0 0 1 0 0 0 0 0 
0 0 0 0 0 0 0 0 0 0 0 0 0 0 0 0 1 0 0 0 1 0 0 0 0 0 0 0 0 0 0 0 0 0 0 0 0 0 0 0 
0 1 0 0 0 0 1 0 0 1 0 0 0 1 0 1 0 2 1 3 1 1 1 1 0 0 0 0 0 0 0 0 0 0 0 1 0 0 0 1 
0 0 0 0 0 0 0 0 0 0 1 0 0 1 0 0 0 2 0 0 0 1 0 1 0 0 0 0 0 0 0 0 0 0 0 0 0 0 0 0 
0 0 2 0 0 0 0 0 0 0 1 0 1 1 1 1 2 0 0 0 2 1 1 0 0 0 0 0 0 0 0 0 0 0 0 0 0 0 0 0 
0 0 1 0 0 0 1 1 1 0 1 1 3 1 1 0 1 1 2 1 1 2 0 0 0 0 0 0 0 0 0 0 0 0 0 0 1 0 0 0 
0 0 0 0 0 1 0 0 0 0 1 0 2 3 3 1 1 0 1 0 2 0 2 0 0 3 0 0 0 0 0 0 0 0 0 0 0 0 0 0 

0 0 0 0 0 0 0 0 0 0 0 0 0 0 1 1 0 0 0 0 1 2 0 0 0 1 0 0 0 0 0 0 0 0 0 0 0 0 0 0 
0 0 0 0 0 0 0 0 0 0 0 0 0 0 0 0 0 0 1 0 0 0 0 0 0 0 0 0 0 0 0 0 0 0 0 0 0 0 0 0 
0 0 0 0 0 0 0 0 0 0 1 0 0 0 0 0 0 0 0 0 0 0 2 0 0 0 0 0 1 0 0 0 0 0 0 0 0 0 0 0 
0 1 0 0 0 0 0 0 0 0 1 0 0 0 0 0 0 0 0 0 0 0 1 0 0 0 0 0 0 0 0 0 1 0 0 0 0 0 0 0 
0 0 0 0 0 0 0 0 0 0 0 0 1 0 1 0 0 0 0 0 0 0 0 0 0 0 0 0 0 0 0 0 0 0 0 0 0 0 0 0 
0 0 1 0 0 0 0 0 0 0 0 0 1 0 2 0 0 0 0 1 0 0 0 1 0 0 0 0 0 0 0 0 0 0 0 0 0 0 0 0 
0 0 0 0 0 0 0 1 0 0 0 0 0 1 0 0 0 1 0 0 0 0 1 1 0 0 0 0 0 0 0 0 0 0 0 0 0 0 0 0 
0 0 0 0 1 0 0 0 0 0 1 0 0 0 1 0 0 0 2 1 0 1 0 1 0 0 0 0 1 0 0 0 0 0 0 0 0 0 0 0 
0 0 0 0 0 0 0 0 0 0 0 0 0 0 0 0 0 0 0 0 0 0 0 1 0 0 0 0 0 0 0 0 0 0 0 0 0 0 0 0 
1 0 0 0 0 0 0 0 0 0 0 0 0 0 0 0 0 0 0 0 0 1 0 0 0 0 0 0 1 0 0 0 0 0 0 0 0 0 0 0 
0 0 0 0 0 0 1 0 0 0 1 0 0 0 0 0 0 0 0 0 0 0 0 0 0 0 0 0 0 0 0 0 0 0 0 0 0 0 0 0 
0 0 0 0 0 1 0 0 0 0 0 0 0 0 0 0 0 0 0 0 0 0 0 1 0 0 0 0 0 0 0 0 0 0 0 0 0 0 0 0 
0 0 1 0 0 0 0 0 0 0 0 1 0 0 0 1 2 1 0 0 1 0 0 0 0 0 0 0 0 0 0 0 0 0 0 0 0 0 0 0 
0 0 0 0 0 0 0 0 0 0 0 0 0 0 0 0 0 0 0 1 0 0 0 2 0 0 0 0 0 0 0 1 0 0 0 0 0 0 0 0 
0 0 0 0 0 0 0 0 0 1 0 1 0 0 0 0 0 0 0 0 0 0 0 0 0 0 0 0 0 0 0 0 0 0 0 1 0 0 0 0 
0 1 0 0 0 0 0 0 0 0 0 0 1 0 1 0 1 0 0 0 0 1 0 0 0 0 0 0 0 0 0 0 0 0 0 0 0 0 0 0 
0 1 0 1 0 0 0 0 0 0 0 0 1 1 0 0 0 0 1 1 1 1 1 0 0 0 0 0 1 0 0 0 0 0 0 0 0 0 0 0 
0 0 0 0 0 0 0 0 0 0 0 0 0 0 0 0 0 0 0 0 0 0 0 0 0 0 1 0 0 1 0 0 0 0 0 0 0 0 0 0 
0 0 1 0 0 0 0 0 0 0 0 0 0 0 0 0 0 0 1 1 0 0 1 0 0 0 0 0 0 0 0 0 0 0 0 0 0 0 0 0 
0 0 1 0 1 1 1 0 0 1 0 1 0 0 0 0 0 1 0 0 0 3 0 0 0 1 1 1 0 0 0 0 0 0 0 1 0 0 0 0 
0 0 0 0 0 0 0 0 0 0 0 0 0 0 1 0 0 0 1 0 0 0 1 0 1 0 0 0 0 0 0 0 0 0 0 0 0 0 0 0 
0 0 0 0 0 0 0 0 0 1 0 1 1 1 0 0 0 1 0 0 0 1 1 0 0 0 0 0 0 0 0 0 0 0 0 0 0 0 0 0 
0 0 0 0 0 0 1 0 1 0 3 2 3 2 0 1 2 1 0 0 1 3 0 1 0 0 2 0 0 0 0 0 0 0 0 1 0 0 0 0 
0 0 0 0 0 0 0 0 0 1 0 0 0 0 0 0 0 0 0 0 1 0 0 0 0 0 0 0 0 0 0 0 0 0 0 0 0 0 0 0 

0 0 0 0 0 0 0 0 0 0 0 0 0 0 0 0 0 0 0 0 0 0 0 0 0 0 0 0 0 0 0 0 0 0 0 0 0 0 0 0 
0 0 0 0 0 0 0 0 0 0 0 0 0 0 0 0 0 0 1 0 0 0 0 0 0 0 0 0 0 0 0 0 0 0 0 0 0 0 0 0 
0 0 0 0 0 0 0 0 0 0 1 0 0 1 0 0 0 0 0 0 0 0 0 0 0 0 0 0 0 0 0 0 0 0 0 0 0 0 0 1 
0 0 0 0 0 0 0 0 0 1 0 0 0 0 0 2 0 0 0 0 0 1 0 0 0 0 0 0 0 0 0 1 0 0 0 0 0 0 0 0 
0 0 0 0 0 0 0 0 0 0 0 1 0 0 0 0 0 0 0 0 0 0 0 0 0 0 0 0 0 0 0 0 0 0 0 0 0 0 0 0 
0 0 0 0 0 0 0 0 0 1 0 0 0 0 0 0 0 0 0 0 0 0 1 0 0 0 0 0 0 0 0 0 0 0 0 0 0 0 0 0 
0 0 0 0 0 0 0 0 0 0 0 0 0 0 0 0 0 0 0 1 0 0 1 0 0 0 1 0 0 0 0 0 0 0 0 0 0 0 0 0 
0 0 0 0 0 0 0 0 0 0 1 0 0 1 0 0 0 1 0 0 0 0 4 0 0 1 0 0 0 0 0 0 0 0 0 0 0 0 0 0 
0 0 0 0 0 0 0 0 0 0 0 0 0 0 1 0 0 0 0 0 0 0 1 0 1 0 0 0 0 0 0 0 0 0 0 0 0 0 0 0 
0 0 0 0 0 0 0 0 0 0 0 0 0 0 0 0 0 0 0 0 1 0 0 0 0 0 0 0 0 0 0 0 0 0 0 0 0 0 0 0 
0 0 0 0 1 0 0 0 0 0 1 0 0 0 0 0 0 1 0 1 0 1 2 0 1 0 0 0 0 0 0 0 0 0 0 0 1 0 0 0 
0 0 0 0 0 0 0 1 0 1 0 0 0 0 0 1 0 0 0 0 0 0 0 0 0 0 0 0 0 0 0 0 0 0 0 0 0 0 0 1 
0 0 1 0 0 0 0 0 0 0 0 1 0 0 0 0 0 0 0 0 0 0 0 0 0 0 0 0 0 0 0 0 0 0 0 0 0 0 0 0 
0 0 0 0 0 0 0 0 1 0 1 1 0 0 0 0 0 0 0 0 0 1 0 0 0 1 0 0 0 0 0 0 0 0 0 0 0 0 0 0 
0 0 0 0 0 0 1 0 0 0 0 1 0 1 0 0 0 0 0 0 0 1 1 1 1 0 0 0 0 0 0 0 0 0 0 0 0 0 0 0 
0 0 0 0 0 0 0 0 0 0 0 0 1 0 0 0 0 0 0 0 1 0 1 0 0 0 0 0 0 1 0 0 0 0 0 0 0 0 0 0 
0 0 0 0 0 0 0 0 0 0 1 1 2 0 0 0 1 1 0 1 0 2 1 0 1 1 0 0 0 0 0 0 0 0 0 0 0 0 0 0 
0 0 0 0 0 0 0 0 0 0 0 0 1 0 0 0 0 0 0 0 0 0 0 0 0 0 1 0 0 0 0 0 0 0 0 0 0 0 0 0 
0 0 0 0 0 0 0 0 0 0 0 0 0 0 0 0 1 0 0 0 0 0 0 0 0 0 0 0 0 0 0 0 0 0 0 0 0 0 0 0 
0 0 1 0 0 0 0 0 0 0 0 1 2 0 0 1 0 1 1 1 0 1 1 0 0 0 1 0 0 0 0 1 0 0 0 0 0 0 0 0 
0 0 0 0 0 0 0 0 0 0 1 0 0 1 0 0 0 0 0 0 0 0 0 0 0 0 0 0 0 0 0 0 0 0 0 0 0 0 0 0 
0 0 0 0 0 1 0 0 0 1 0 0 0 0 0 0 0 0 0 0 0 0 0 0 0 0 0 0 0 1 0 0 0 0 0 0 0 0 0 0 
1 0 0 0 0 0 0 0 0 0 0 0 0 0 0 0 0 1 1 0 1 0 0 0 0 0 0 0 1 0 0 0 0 0 0 0 0 0 0 0 
0 0 0 0 0 0 0 0 0 0 0 1 0 0 0 0 0 0 1 0 1 0 1 0 1 0 0 0 0 0 0 0 0 0 0 0 0 0 0 0 

0 0 0 0 0 0 0 0 0 0 1 0 0 0 0 0 0 0 1 1 2 0 0 0 0 0 0 0 0 0 0 0 0 0 0 0 0 0 0 0 
0 0 0 0 0 0 0 0 0 0 0 0 0 0 0 0 0 0 0 1 0 1 0 1 0 0 0 0 0 0 0 0 0 0 0 0 0 0 0 0 
0 0 0 0 0 0 0 0 0 1 0 0 0 0 0 0 0 0 0 0 0 0 0 1 0 0 0 0 0 0 0 0 0 0 0 0 0 0 0 0 
0 0 0 0 0 0 0 0 1 0 0 0 0 0 0 0 0 0 0 0 0 0 0 0 0 0 0 0 0 0 0 0 0 0 0 0 0 0 0 0 
0 0 0 0 0 0 0 0 0 0 0 0 1 0 0 0 0 0 0 0 1 0 0 0 0 0 0 0 0 0 0 0 0 0 0 0 0 0 0 0 
1 0 0 0 0 0 0 0 0 0 0 0 0 0 0 0 0 0 0 0 0 0 0 2 0 0 1 0 0 0 0 0 0 0 0 0 0 0 0 0 
0 0 0 0 0 0 0 1 0 0 0 0 0 0 1 0 0 0 0 0 0 2 1 0 0 0 0 0 0 0 0 0 0 0 0 0 0 0 0 0 
0 0 0 0 0 0 0 0 0 0 0 0 0 1 0 0 0 0 0 0 0 2 1 0 0 0 0 1 0 0 0 0 0 0 0 0 0 0 0 0 
0 0 0 0 0 0 0 0 0 0 0 0 1 0 0 1 0 0 0 0 1 1 0 0 0 0 0 0 0 0 0 0 0 0 0 0 0 0 0 0 
0 0 0 0 0 0 0 0 0 0 0 1 0 0 0 0 0 0 0 0 0 0 1 0 0 0 0 0 0 0 0 0 0 0 0 0 0 0 0 0 
0 0 1 0 0 0 0 0 0 0 0 0 0 0 0 0 0 0 0 1 0 2 0 0 0 0 0 0 0 0 0 0 0 0 0 0 0 0 0 0 
0 0 0 0 0 0 0 0 0 0 0 0 1 0 0 0 1 0 0 0 0 0 0 0 1 0 0 0 0 0 0 0 0 0 0 0 0 0 0 0 
0 0 0 0 0 0 0 0 0 0 0 0 0 0 0 0 0 0 0 0 0 0 0 0 1 0 0 1 0 0 0 0 0 0 0 0 0 0 0 0 
0 0 0 0 0 0 0 0 0 0 1 0 0 0 0 0 0 2 0 0 0 0 0 0 0 1 1 0 0 0 0 0 0 0 0 0 1 0 0 0 
0 0 0 1 0 0 0 0 0 0 0 0 0 0 0 0 0 0 0 0 0 0 0 1 0 0 0 0 0 0 0 0 0 0 0 0 0 0 0 0 
0 0 0 0 0 0 0 1 0 0 1 0 1 0 0 0 1 0 1 0 0 1 1 0 1 0 0 0 0 0 0 0 0 0 0 0 0 0 0 0 
0 0 0 0 0 0 0 1 0 0 1 0 1 0 2 0 1 0 0 1 0 0 0 0 0 0 0 0 0 0 0 0 0 0 0 1 0 0 0 0 
0 0 0 0 0 0 0 0 0 0 0 0 0 0 1 0 0 0 0 0 0 0 0 0 0 0 0 0 0 0 0 0 0 0 0 0 0 0 0 0 
0 0 0 0 0 0 0 0 0 0 0 1 0 0 0 0 0 0 1 0 0 0 0 0 0 0 0 0 0 0 0 0 1 0 0 0 0 0 0 0 
0 0 0 0 1 0 1 0 0 0 1 0 0 0 1 0 0 0 1 2 3 0 1 0 0 0 0 0 0 0 0 0 0 0 0 0 0 0 0 0 
0 0 0 0 0 0 0 0 0 0 1 0 0 0 0 0 0 0 0 0 0 2 0 0 0 0 0 0 0 0 0 0 0 0 0 0 0 0 0 0 
0 1 0 1 0 0 0 0 0 1 0 0 1 0 0 0 0 0 0 0 0 1 0 0 0 0 0 0 0 0 0 0 0 0 0 0 0 0 0 0 
0 0 0 0 0 0 0 0 0 1 0 0 0 2 1 1 0 1 0 0 2 1 0 0 0 0 0 0 0 0 1 0 0 0 0 0 0 0 0 0 
0 0 0 0 0 0 0 0 0 0 0 0 0 0 0 0 0 0 0 0 0 0 0 0 0 0 0 0 0 0 0 0 0 0 0 0 0 0 0 0 

0 0 0 0 0 0 0 0 0 0 0 0 0 0 0 0 0 0 0 0 0 2 0 0 0 0 0 0 0 0 0 0 0 0 0 0 0 0 0 0 
0 0 0 0 0 0 0 0 0 0 0 1 0 0 0 0 0 0 1 0 0 1 0 0 0 0 0 0 0 0 0 0 0 0 0 0 0 0 0 0 
0 0 0 0 0 0 0 0 0 0 0 0 0 0 0 0 0 0 0 0 0 0 0 0 0 0 0 0 0 0 0 0 0 0 0 0 0 0 0 0 
0 0 0 0 0 0 0 0 0 0 0 0 0 0 0 0 0 0 0 0 1 0 1 0 0 0 0 0 0 0 0 0 0 0 0 0 0 0 0 0 
0 0 0 0 0 0 0 0 0 0 0 0 0 0 1 0 0 0 0 0 0 0 0 0 0 0 0 0 0 0 0 0 0 0 0 0 0 0 0 0 
1 0 0 0 0 0 0 0 0 0 1 0 0 0 0 0 1 0 0 0 0 1 0 0 0 0 0 0 0 0 0 0 0 0 0 0 0 0 0 0 
0 0 0 0 0 0 0 0 0 0 0 0 0 0 0 0 0 0 0 1 0 0 0 0 0 0 0 0 0 0 0 0 0 0 0 0 0 0 0 0 
0 0 0 0 0 0 0 0 0 0 0 0 0 0 0 0 0 0 0 1 0 2 1 0 0 0 0 0 0 0 0 0 0 0 0 0 0 0 0 0 
0 0 0 0 0 0 0 0 0 0 0 0 0 0 0 0 0 0 0 0 0 0 0 0 0 0 0 0 0 0 0 0 0 0 0 0 0 0 0 0 
0 0 0 0 0 0 0 0 0 0 0 0 0 1 0 0 0 1 0 0 0 0 0 0 0 0 0 0 0 0 0 0 0 0 0 0 0 0 0 0 
0 0 0 0 0 0 0 0 0 0 0 0 0 1 0 0 0 0 0 0 1 0 1 0 0 0 0 0 0 0 0 0 0 0 0 0 0 0 0 0 
0 0 1 0 0 0 0 0 0 0 0 0 0 0 1 0 0 0 0 0 0 0 0 0 0 0 0 0 0 0 0 0 0 0 0 0 0 0 0 0 
0 0 0 0 0 0 0 0 0 0 0 0 0 0 0 0 0 1 0 0 0 0 1 0 0 0 0 0 0 0 0 0 0 0 0 0 0 0 0 0 
0 0 0 0 0 0 1 0 0 0 0 0 1 1 1 0 0 1 1 0 0 2 1 0 0 0 0 0 0 0 0 0 0 0 0 0 0 0 0 0 
0 0 0 0 0 0 0 0 0 0 0 0 0 0 0 0 0 0 0 0 1 0 0 0 0 0 0 0 0 0 0 0 0 0 0 0 0 0 0 0 
0 0 0 0 0 0 1 0 0 0 0 0 0 0 0 0 0 0 0 0 0 1 0 0 0 0 0 0 0 0 1 0 0 0 0 0 0 0 0 0 
0 0 0 0 0 0 0 0 0 0 0 1 0 0 0 0 0 0 0 0 0 2 0 0 0 0 0 0 0 0 0 0 0 0 0 0 0 0 0 0 
0 0 0 0 0 0 0 0 0 0 0 0 0 0 0 0 1 0 0 0 1 1 0 0 0 0 0 0 0 0 0 0 0 0 0 0 0 0 0 0 
0 0 1 0 0 0 0 0 0 1 0 0 0 1 0 0 0 0 0 0 0 0 1 1 0 0 0 0 0 0 0 0 0 0 0 0 0 0 0 0 
0 0 0 0 0 0 0 0 0 0 0 3 0 0 0 0 0 1 1 1 1 0 1 0 0 0 0 0 0 0 0 0 0 0 0 0 0 0 0 0 
1 0 0 0 0 0 0 0 0 0 0 0 0 0 0 1 0 0 0 1 0 0 0 0 0 0 0 0 0 0 0 0 0 0 0 0 0 0 0 0 
0 0 0 0 0 0 0 0 0 0 0 0 0 0 0 0 0 0 0 0 0 0 0 0 1 0 0 0 0 0 0 0 0 0 0 0 0 0 0 0 
1 0 0 0 0 0 0 0 0 0 0 2 0 1 0 1 1 0 1 0 0 2 0 0 0 0 0 0 0 0 0 0 0 0 0 0 0 0 0 0 
0 0 0 0 0 0 0 0 0 0 1 0 0 0 0 0 0 0 0 0 0 0 0 0 0 0 0 0 0 0 0 0 0 0 0 0 0 0 0 0 

0 0 0 0 0 0 0 0 0 0 0 0 0 0 0 0 0 0 0 0 0 0 0 0 0 0 0 0 0 0 0 0 0 0 0 0 0 0 0 0 
0 0 0 0 0 0 0 0 0 0 0 0 0 0 0 0 0 0 0 0 0 0 0 0 0 0 0 0 0 0 0 0 0 0 0 0 0 0 0 0 
0 0 0 0 0 0 0 0 0 0 0 0 0 0 0 0 0 0 0 0 0 0 0 0 0 0 0 0 0 0 0 0 0 0 0 0 0 0 0 0 
0 0 0 0 0 0 0 0 0 0 0 0 0 0 0 0 0 0 0 0 0 0 0 0 0 0 0 0 0 0 0 0 0 0 0 0 0 0 0 0 
0 0 0 0 0 0 0 0 0 0 0 0 0 0 0 0 0 0 0 0 0 0 1 0 0 0 0 0 0 0 0 0 0 0 0 0 0 0 0 0 
0 0 0 0 0 0 0 0 1 0 0 0 0 0 0 0 0 0 0 0 0 0 0 0 0 0 0 0 0 0 0 0 0 0 0 0 0 0 0 1 
0 0 0 0 0 0 0 0 0 0 0 0 0 0 0 0 0 0 0 0 1 0 2 0 0 0 0 0 0 0 0 0 0 0 0 0 0 0 0 0 
0 0 1 0 0 1 0 0 0 0 0 0 0 0 0 0 0 0 0 1 2 0 0 0 0 0 0 0 0 0 0 0 0 0 0 0 0 0 0 0 
0 0 0 0 0 0 0 0 0 0 0 0 0 0 0 0 0 0 0 0 0 0 2 0 0 0 0 0 0 0 0 0 0 0 0 0 0 0 0 0 
0 0 0 0 0 0 0 0 0 0 0 0 0 0 0 0 0 0 0 0 1 0 1 0 0 0 0 0 0 0 0 0 0 0 0 0 0 0 0 0 
0 0 0 0 0 0 0 0 0 0 0 0 0 0 0 0 0 1 0 0 0 0 0 0 0 0 0 0 0 0 0 0 0 0 0 0 0 0 0 0 
0 0 0 0 0 0 0 0 0 0 0 0 0 0 0 0 0 0 0 0 0 0 0 0 0 0 0 0 0 0 0 0 0 0 0 0 0 0 0 1 
0 0 0 0 0 0 0 0 0 0 0 0 0 0 0 0 0 0 0 0 0 0 0 0 0 0 0 0 0 0 0 0 0 0 0 0 0 0 0 0 
1 0 0 0 0 0 0 0 0 0 0 1 0 0 0 0 0 1 0 0 1 0 0 1 2 0 0 0 0 0 0 0 0 0 0 0 0 0 0 0 
0 0 0 0 0 0 0 0 0 0 0 0 0 0 0 0 0 0 0 0 1 1 0 0 0 0 0 0 0 1 0 0 0 0 0 0 0 0 0 0 
0 0 0 0 0 0 0 0 0 0 0 0 0 0 0 0 0 1 0 0 0 1 1 0 0 0 0 0 0 0 0 0 0 0 0 0 0 0 0 0 
0 0 0 0 1 1 0 0 0 0 0 1 0 0 0 0 0 0 0 1 1 0 0 0 0 0 0 0 0 0 0 0 0 0 0 0 0 1 0 0 
0 0 0 0 0 0 0 0 0 1 0 0 1 0 1 0 0 0 0 0 0 0 0 0 0 1 0 0 0 0 0 0 0 0 0 0 0 0 0 0 
0 0 0 0 0 0 0 0 0 0 1 0 0 1 0 0 1 0 1 0 0 0 0 0 0 0 0 0 0 0 0 0 0 0 0 0 0 0 0 0 
0 0 0 0 0 0 0 1 0 0 0 0 0 0 1 0 0 0 0 1 1 1 0 0 1 0 0 0 0 0 0 0 0 0 0 0 0 0 0 0 
0 0 0 0 0 0 0 0 0 0 0 0 0 0 0 0 0 0 0 0 1 0 0 0 0 0 0 0 0 0 0 0 0 0 0 0 0 0 0 0 
0 0 0 0 0 0 0 0 0 0 1 0 0 0 0 1 2 0 0 1 0 0 0 1 0 0 0 0 0 0 0 0 0 0 0 0 0 0 0 0 
0 0 0 1 0 0 1 1 0 0 0 0 1 0 1 1 0 0 0 0 2 0 1 1 0 0 0 0 0 0 0 0 1 0 0 0 0 0 0 0 
0 0 0 0 0 0 0 0 0 0 0 0 0 0 2 1 0 0 0 0 0 0 0 0 0 1 0 0 0 0 0 0 0 0 0 0 0 0 0 0 

0 0 0 0 0 0 0 0 0 0 0 0 0 0 0 0 0 0 0 1 0 0 0 1 0 0 0 0 0 0 0 0 0 0 0 0 0 0 0 0 
0 0 0 0 0 0 0 0 0 0 0 0 0 0 0 0 0 0 0 0 0 0 0 0 0 0 0 0 0 0 0 0 0 0 0 0 0 0 0 0 
0 0 0 0 0 0 0 1 0 0 0 0 0 1 0 0 0 0 0 0 0 0 0 0 1 0 0 0 0 0 0 0 0 0 0 0 0 0 0 0 
0 0 0 0 0 0 0 0 0 1 0 0 0 0 0 0 1 0 0 0 1 0 0 0 0 0 0 0 0 0 0 0 0 0 0 0 0 0 0 0 
0 0 0 0 0 0 0 1 0 1 0 0 0 0 0 0 0 0 1 0 1 0 0 0 1 0 0 0 0 1 0 0 0 0 0 0 0 0 0 0 
0 0 0 0 0 0 0 0 0 0 0 2 0 0 0 0 0 0 0 0 0 0 0 0 1 0 0 0 0 0 0 0 0 0 0 0 0 1 0 0 
0 0 0 0 0 0 0 0 0 0 0 0 0 0 0 0 0 0 0 1 1 0 0 0 0 0 0 0 0 0 0 0 0 0 0 0 0 0 0 0 
0 0 0 1 0 0 0 0 0 1 0 0 0 0 0 0 0 1 0 0 0 0 0 0 0 0 0 0 0 0 0 0 0 0 0 0 0 1 0 0 
0 0 0 0 0 0 0 0 0 0 0 0 0 0 0 0 0 0 0 0 0 0 0 0 1 0 0 0 0 0 0 0 0 1 0 0 0 0 0 0 
0 0 0 0 0 0 0 0 0 0 0 1 0 0 1 0 0 0 0 0 0 1 0 0 0 0 0 0 0 0 0 0 0 0 0 0 0 0 0 0 
0 0 0 0 0 0 1 0 0 1 0 0 0 0 0 0 1 0 0 0 0 1 0 0 0 0 0 0 0 0 0 0 0 0 0 0 0 0 0 0 
0 0 0 0 0 0 0 0 0 0 0 0 0 0 0 0 0 0 0 0 0 0 0 0 0 0 0 0 0 0 0 0 0 0 0 0 0 0 0 0 
0 0 0 0 0 0 0 0 0 0 0 1 0 0 0 0 0 0 0 0 0 0 0 0 0 0 0 0 0 0 0 0 0 0 0 0 0 0 0 0 
0 0 0 0 0 0 0 0 0 0 0 0 0 0 1 0 0 0 0 0 0 0 0 0 0 0 0 0 0 0 0 0 0 0 0 0 0 0 0 0 
0 0 0 0 0 0 0 0 0 0 0 0 0 0 0 0 0 0 0 0 0 0 0 0 0 0 0 0 0 0 0 0 0 0 0 0 0 0 0 0 
0 0 0 0 0 0 0 0 0 0 0 0 0 0 0 0 0 0 0 0 0 0 0 0 0 0 0 0 0 0 0 0 0 0 0 0 0 0 0 0 
0 0 0 0 0 0 0 0 1 0 0 1 0 0 0 1 0 1 0 0 1 0 0 0 0 0 0 0 0 0 0 0 0 0 0 0 0 0 0 0 
0 0 0 0 0 0 0 0 0 0 0 0 0 0 0 0 0 0 0 0 0 0 0 0 0 0 0 0 0 0 0 0 0 0 0 0 0 0 0 0 
0 0 0 0 0 1 0 0 0 0 0 0 0 0 0 0 0 0 0 0 1 0 0 1 0 0 0 0 0 0 0 0 0 0 0 0 0 0 0 0 
0 0 0 0 0 1 0 0 0 0 0 0 0 0 0 0 1 0 1 0 1 0 1 0 0 0 0 0 0 0 0 0 0 0 0 0 0 0 0 0 
0 0 0 0 0 0 0 0 0 0 0 0 0 0 0 0 0 0 0 0 0 1 0 0 0 0 0 0 0 0 0 0 0 0 0 0 0 0 0 0 
0 0 0 0 0 0 0 0 0 0 0 0 0 0 0 1 1 0 0 0 0 1 0 1 0 0 0 0 1 0 0 0 0 0 0 0 0 0 0 0 
0 0 0 0 1 0 0 0 0 0 0 1 1 0 0 0 0 0 0 1 0 0 1 1 0 0 0 1 0 0 0 0 0 0 0 0 0 0 0 0 
0 0 0 0 0 0 0 0 0 0 0 0 0 0 0 1 0 0 0 0 0 0 0 0 0 0 0 0 0 0 0 0 0 0 0 0 0 0 0 0 

0 0 0 0 0 0 0 0 0 0 0 0 0 0 0 0 0 0 0 0 0 0 1 1 0 0 0 0 0 0 0 0 0 0 0 0 0 0 0 0 
0 0 0 0 0 0 0 0 0 0 0 0 0 0 0 0 0 0 0 0 0 0 0 0 0 0 0 0 0 0 0 0 0 0 0 0 0 0 0 0 
0 0 0 0 0 0 0 0 0 0 0 0 0 0 0 0 0 0 0 0 0 0 0 0 0 0 0 0 0 0 0 0 0 0 0 0 0 0 0 0 
0 0 0 0 0 0 0 0 0 0 0 0 0 0 0 0 0 0 0 0 0 1 0 0 0 0 0 0 0 0 0 0 0 0 0 0 0 0 0 0 
0 0 0 0 0 0 0 0 0 0 0 0 0 0 0 0 0 0 0 0 0 1 0 1 0 1 0 0 0 0 0 0 0 0 0 0 0 0 0 0 
0 0 0 0 0 1 0 0 0 0 0 0 0 1 0 0 0 0 0 0 0 0 0 0 0 0 0 0 0 0 0 0 0 0 0 0 0 0 0 0 
0 0 0 0 0 0 0 0 0 0 0 1 0 0 0 0 0 0 0 0 0 0 1 0 0 0 0 0 0 0 0 0 0 0 0 0 0 0 0 0 
0 0 0 0 0 0 0 0 0 0 0 0 0 1 0 0 1 0 1 0 0 0 0 0 0 0 0 0 0 0 0 0 0 0 0 0 0 0 0 0 
0 0 0 0 0 0 0 0 0 0 0 0 0 0 0 0 0 0 0 0 0 0 0 0 0 0 0 0 0 0 0 0 0 0 0 0 0 0 0 0 
0 0 0 0 0 0 0 0 0 0 0 0 0 0 0 0 0 0 1 0 0 0 0 0 0 0 0 0 0 0 0 0 0 0 0 0 0 0 0 0 
0 0 0 0 0 0 0 0 0 0 1 0 0 0 0 0 0 0 1 0 0 0 0 0 0 0 0 0 0 0 0 0 0 0 0 0 0 0 0 0 
0 0 0 0 0 0 0 0 0 0 0 0 0 0 0 0 0 0 0 0 0 0 0 0 0 0 0 0 0 0 0 0 0 0 0 0 0 0 0 0 
0 0 0 0 0 0 0 0 0 0 0 0 0 0 0 0 0 0 0 0 0 0 0 0 0 0 0 0 0 0 0 0 0 0 0 0 0 0 0 0 
0 0 0 0 0 1 0 0 0 0 0 0 0 0 0 0 0 0 0 0 0 3 0 0 0 0 0 0 0 0 0 0 0 0 0 0 0 0 0 0 
0 0 0 0 0 0 0 0 1 0 0 0 0 0 0 0 0 0 0 0 0 0 1 0 0 0 0 0 0 0 0 0 0 0 0 0 0 1 0 0 
0 0 0 0 0 0 0 0 0 0 0 0 1 0 1 0 0 0 0 0 1 1 0 0 0 0 0 0 0 0 0 0 0 0 0 0 0 0 0 0 
0 0 0 0 0 0 0 0 0 0 1 0 0 0 0 0 0 0 0 0 0 1 0 0 0 0 0 0 0 0 0 0 0 0 0 0 0 0 0 0 
0 0 0 0 0 0 0 0 0 0 1 0 0 0 0 1 0 0 0 0 0 0 1 0 0 0 0 0 0 0 0 0 0 0 0 0 0 0 0 0 
0 0 0 0 0 0 0 0 0 0 0 0 1 0 0 1 0 0 1 1 0 0 0 0 0 0 0 0 1 0 0 0 0 0 0 0 0 0 0 0 
0 0 0 0 0 0 0 0 0 0 0 0 1 0 0 0 0 0 1 0 0 0 0 0 0 0 0 1 0 0 0 0 0 0 0 0 0 0 0 0 
0 0 0 0 0 0 0 0 0 0 0 0 0 0 0 0 0 0 0 0 0 0 0 0 0 0 0 0 0 0 0 0 0 0 0 0 0 0 0 0 
0 0 0 0 0 0 0 0 0 0 0 0 0 0 0 0 0 0 0 2 0 0 0 0 0 0 0 0 0 0 0 0 0 0 0 0 0 0 0 0 
0 0 0 0 0 0 0 0 0 1 0 1 0 0 0 1 0 0 0 1 1 2 0 0 0 0 0 0 0 0 0 0 0 0 0 0 0 0 0 0 
0 0 0 0 0 0 0 0 0 0 0 0 0 0 0 0 0 0 0 0 0 0 0 0 0 0 0 0 0 0 0 0 0 0 0 0 0 0 0 0 

0 0 0 0 0 0 0 0 0 0 0 0 0 0 0 0 0 0 0 0 0 0 0 1 0 0 0 0 0 0 0 0 0 0 0 0 0 0 0 0 
0 0 0 0 0 0 0 0 0 1 0 0 0 0 0 0 0 0 0 0 0 0 0 0 0 0 0 0 0 0 0 0 0 0 0 0 0 0 0 0 
0 0 0 0 0 0 0 0 0 0 0 0 0 0 0 0 0 0 0 1 0 0 0 0 0 0 0 0 0 0 0 0 0 0 0 0 0 0 0 0 
0 0 0 0 0 0 0 0 0 0 0 0 0 0 0 0 0 0 0 1 0 0 0 0 0 0 0 0 0 0 0 0 0 0 0 0 0 0 0 0 
0 0 0 0 0 0 0 0 0 1 0 0 0 0 0 0 0 0 0 0 0 0 0 0 0 0 0 0 0 0 0 0 0 0 0 0 0 0 0 0 
0 1 0 0 0 0 0 0 0 0 0 0 0 0 0 0 0 0 0 0 0 0 0 0 0 0 0 0 0 0 0 0 0 0 0 0 0 0 0 0 
0 0 0 0 0 0 0 0 0 0 0 0 0 0 0 0 0 0 0 0 0 0 1 0 0 0 0 0 0 0 0 0 1 0 0 0 0 0 0 0 
0 0 0 0 0 0 0 0 0 0 0 0 0 0 0 0 0 0 0 0 0 0 1 0 0 0 0 0 0 0 0 0 0 0 0 0 0 0 0 0 
0 0 0 0 0 0 0 0 0 0 0 0 0 0 0 0 0 0 0 0 0 0 0 0 0 0 0 0 0 0 0 0 0 0 0 0 0 0 0 0 
0 0 0 0 0 0 0 0 0 0 1 0 0 0 0 0 0 0 0 0 0 1 0 1 0 0 0 0 0 0 0 0 0 0 0 0 0 0 0 0 
0 0 0 0 0 0 0 0 0 0 0 0 0 0 0 0 1 0 0 0 0 0 0 0 0 1 0 0 0 0 0 0 0 0 0 0 0 0 0 0 
0 0 0 0 0 0 0 0 0 0 0 0 0 0 0 0 0 0 0 0 0 0 0 0 0 0 0 0 0 0 0 0 0 0 0 0 0 0 0 0 
0 0 0 0 0 0 0 0 0 0 0 0 0 0 0 0 0 0 0 0 0 0 1 1 0 0 0 0 0 0 0 0 0 0 0 0 0 0 0 0 
0 0 0 0 0 0 0 0 0 0 0 0 0 0 0 0 0 0 0 0 0 0 0 0 0 0 0 0 0 0 0 0 0 0 0 0 0 0 0 0 
0 0 0 0 0 0 0 0 0 0 0 0 0 0 0 0 0 0 0 0 0 0 0 0 0 0 0 0 0 0 0 0 0 0 0 0 0 0 0 0 
0 0 0 0 0 0 0 0 0 0 0 0 0 0 0 0 0 0 0 1 0 0 0 1 0 0 0 0 0 0 0 0 0 0 0 0 0 0 0 0 
0 0 0 0 0 0 0 0 0 0 1 0 0 0 0 0 0 0 0 0 0 1 0 0 0 0 0 0 0 0 0 0 0 0 0 0 0 0 0 0 
0 0 0 0 0 0 0 0 0 0 0 0 0 0 0 0 0 0 0 0 0 0 0 0 0 0 0 0 0 0 0 0 0 0 0 0 0 0 0 0 
0 0 0 0 0 0 0 0 0 0 0 0 0 0 0 0 0 0 0 0 0 0 1 0 0 0 0 0 0 0 0 0 0 0 0 1 0 0 0 0 
0 0 0 0 0 0 0 0 0 0 0 0 0 0 0 0 0 0 0 0 0 2 0 0 0 0 0 0 0 0 0 0 0 0 0 0 0 0 0 0 
0 0 0 0 0 0 0 0 0 0 0 0 0 0 0 1 0 0 0 0 0 0 0 0 0 0 0 0 0 0 0 0 0 0 0 0 0 0 0 0 
0 0 0 0 0 0 0 0 0 0 0 1 0 1 0 0 0 0 0 0 0 1 0 1 0 0 0 0 1 0 0 0 0 0 0 0 0 0 0 0 
0 0 0 0 0 0 0 0 0 0 0 0 1 3 0 0 0 0 0 0 0 2 1 0 0 0 0 0 0 1 0 0 0 0 0 0 0 0 0 0 
0 1 0 0 0 0 0 0 0 0 0 0 0 0 0 0 0 0 0 0 0 0 0 0 0 0 0 0 1 0 0 0 0 0 0 0 0 0 0 0 

0 0 0 0 0 0 0 0 0 0 0 0 0 0 0 0 0 0 0 0 0 0 0 0 1 0 0 0 0 0 0 0 0 0 0 0 0 0 0 0 
0 0 0 0 0 0 0 0 0 0 0 0 0 0 0 0 0 0 0 0 0 0 0 0 0 0 0 0 0 0 0 0 0 0 0 0 0 0 0 0 
0 0 0 0 0 0 0 0 0 0 0 0 0 0 1 0 0 0 0 0 0 0 0 0 0 0 1 0 0 0 0 0 0 0 0 0 0 0 0 0 
0 0 0 0 0 0 0 0 0 0 0 0 0 1 0 0 0 0 0 0 0 0 0 0 0 0 1 0 0 0 0 0 0 0 0 0 0 0 0 0 
0 0 0 0 0 0 0 0 0 0 0 0 0 0 0 0 0 1 0 0 0 0 1 0 0 0 0 0 0 0 0 0 0 0 1 0 0 0 0 0 
0 0 0 0 0 0 0 0 0 0 0 0 0 0 0 0 0 0 0 0 0 0 0 0 0 0 0 0 0 0 0 0 0 0 0 0 0 0 0 0 
0 0 0 0 0 0 0 0 0 0 0 0 0 0 0 0 0 0 0 0 0 0 0 0 0 0 0 0 0 0 0 0 0 0 0 0 0 0 0 0 
0 0 0 0 0 0 0 0 0 0 0 0 0 0 0 0 0 0 0 0 0 0 0 0 0 0 0 0 0 0 0 0 0 0 0 0 0 0 0 0 
0 0 0 0 0 0 0 0 0 0 0 0 0 0 0 0 0 0 0 0 0 0 0 0 0 0 0 0 0 0 0 0 0 0 0 0 0 0 0 0 
0 0 0 0 0 0 0 0 0 0 0 0 0 0 0 0 0 0 0 0 0 0 0 0 0 0 0 0 0 1 0 0 0 0 0 0 0 0 0 0 
0 0 0 0 0 0 0 0 0 0 0 0 0 1 0 0 0 0 0 0 0 1 0 0 0 0 0 1 0 1 0 0 0 0 0 0 0 0 0 0 
0 0 0 0 0 0 0 0 0 0 0 0 0 0 0 0 0 0 0 0 0 0 0 0 1 0 0 0 0 0 0 0 0 0 0 0 0 0 0 0 
0 0 0 0 0 0 0 0 0 0 0 0 0 0 0 0 0 0 0 0 0 1 0 0 0 0 0 0 0 0 0 0 0 0 0 0 0 0 0 0 
0 0 0 0 0 0 0 0 0 0 0 1 0 0 0 0 0 0 0 0 0 0 0 0 0 0 0 0 0 0 0 0 0 0 0 0 0 0 0 0 
0 0 0 0 0 0 0 0 0 0 0 0 0 0 0 0 0 0 0 0 0 0 0 0 0 0 0 0 0 0 0 0 0 0 0 0 0 0 0 0 
0 0 0 0 0 0 0 0 0 0 0 0 0 0 0 0 0 0 0 0 0 1 0 0 0 0 1 0 0 0 0 0 0 0 0 0 0 0 0 0 
0 0 0 0 0 0 0 0 0 0 0 0 0 1 0 0 0 0 0 0 0 1 0 0 0 1 0 0 1 0 0 0 0 0 0 0 0 0 0 0 
0 0 0 0 0 0 0 0 0 0 1 1 0 0 0 0 0 0 0 0 0 0 0 0 1 0 0 0 0 0 0 0 0 0 0 0 0 0 0 0 
0 0 0 0 0 0 0 0 0 0 0 0 0 0 0 0 1 0 0 0 1 1 0 0 0 0 0 0 0 0 0 0 0 0 0 0 0 0 0 0 
0 0 0 0 0 0 1 0 0 0 0 0 0 0 2 0 0 0 1 0 0 0 0 0 0 0 0 0 0 0 0 0 0 0 0 0 0 0 0 0 
0 0 0 0 0 0 0 0 0 0 0 0 0 0 0 0 0 0 0 0 0 0 0 0 0 0 0 0 0 0 0 0 0 0 0 0 0 0 0 0 
0 0 0 0 0 0 0 0 0 0 0 0 0 0 1 0 0 0 0 0 1 0 1 0 0 0 0 0 0 0 0 0 0 0 0 0 0 0 0 0 
0 0 0 0 0 0 0 0 0 0 2 0 0 0 0 2 0 0 0 1 0 1 0 0 0 1 0 0 0 0 0 1 0 0 0 0 0 0 0 0 
0 0 0 0 0 0 0 0 0 0 0 0 0 1 0 0 0 0 0 0 0 0 0 0 1 0 0 0 0 0 0 0 0 0 0 0 0 0 0 0 

0 0 0 0 0 0 0 0 0 0 0 0 0 0 0 0 0 0 0 0 0 0 0 0 0 0 0 0 0 0 0 0 0 0 0 0 0 0 0 0 
0 0 0 0 0 0 0 0 0 0 0 0 0 0 0 0 0 2 1 0 0 0 0 1 0 0 0 0 0 0 0 0 0 0 0 0 0 0 0 0 
0 0 0 0 0 0 1 0 0 0 0 0 0 0 0 0 0 0 0 0 0 0 1 0 0 0 0 0 0 0 0 0 0 0 0 0 0 0 0 0 
0 0 0 0 0 0 0 0 0 0 0 0 0 0 0 0 0 0 0 0 0 2 0 0 0 0 0 0 0 0 0 0 0 0 0 0 0 0 0 0 
0 0 0 0 0 0 0 0 0 0 0 0 0 0 0 0 0 0 0 0 0 0 0 0 0 0 0 0 0 0 0 0 0 0 0 0 0 0 0 0 
0 0 0 0 0 0 0 0 0 0 0 0 0 0 0 1 0 0 0 0 0 0 0 0 0 0 0 0 0 0 0 0 0 0 0 0 0 0 0 0 
0 0 0 0 0 0 0 0 0 0 0 0 0 0 0 0 0 0 0 0 0 0 0 0 0 0 0 0 0 0 0 0 0 0 0 0 0 0 0 0 
0 0 0 0 0 0 1 0 0 0 0 0 0 0 0 0 0 0 0 0 0 0 0 0 0 0 0 0 0 0 0 0 0 0 0 0 0 0 0 0 
0 0 0 0 0 0 0 0 0 0 0 0 0 0 0 0 0 0 0 0 0 0 0 1 0 0 0 0 0 0 0 0 0 0 0 0 0 0 0 0 
0 0 0 0 0 0 0 0 0 0 0 0 0 0 0 0 0 0 0 0 0 0 0 0 0 0 0 0 0 1 0 0 0 0 0 0 0 0 0 0 
0 0 0 0 0 0 0 0 0 0 0 0 0 0 0 0 0 0 0 0 0 0 1 0 0 0 0 0 0 0 0 0 0 0 0 0 0 0 0 0 
0 0 0 0 0 0 0 0 0 0 0 0 0 0 0 0 0 0 0 1 0 0 0 0 0 0 0 0 0 0 0 0 0 0 0 0 0 0 0 0 
0 0 0 0 0 0 0 0 0 0 1 0 1 1 0 0 0 0 0 0 0 0 0 0 0 0 0 0 0 0 0 0 0 0 0 0 0 0 0 0 
0 0 0 0 0 0 0 0 0 0 0 0 0 0 0 0 0 1 0 0 0 0 0 0 0 0 0 0 0 0 0 0 0 0 0 0 0 0 0 0 
0 0 0 0 0 0 0 0 0 0 0 0 0 0 0 0 0 0 0 0 0 0 0 0 0 0 0 0 0 0 0 0 0 0 0 0 0 0 0 0 
0 0 0 0 0 0 0 0 0 0 0 0 0 0 0 0 0 0 0 0 0 0 0 0 0 0 0 0 0 0 0 0 0 0 0 0 0 0 0 0 
0 0 0 0 0 0 0 0 0 0 0 0 0 1 0 0 0 1 0 0 0 0 0 0 0 0 0 0 0 0 0 0 0 0 0 0 0 0 0 0 
0 0 0 0 0 0 0 0 0 0 0 0 0 0 0 0 0 0 0 0 0 0 0 0 0 0 0 0 0 0 0 0 0 0 0 0 0 0 0 0 
0 0 0 0 0 0 0 0 0 0 0 1 0 0 0 0 0 0 0 1 0 0 1 0 0 0 0 0 0 0 0 0 0 0 0 0 0 0 0 0 
0 0 0 0 0 0 0 0 0 0 0 0 0 0 1 0 0 0 0 0 2 0 0 0 1 0 0 0 0 0 0 0 0 0 0 0 0 0 0 0 
0 0 0 0 0 0 0 0 0 0 0 0 0 0 0 0 0 0 0 0 0 0 0 0 0 0 0 0 0 0 0 1 0 0 0 0 0 0 0 0 
0 0 0 0 1 0 0 0 0 0 0 0 0 0 0 0 0 0 1 0 1 0 0 0 1 0 0 0 0 0 0 0 0 0 0 0 0 0 0 0 
0 0 0 0 0 0 0 0 0 0 0 0 2 0 1 0 1 0 0 0 0 0 0 0 0 0 0 0 0 0 0 0 0 0 0 0 0 0 0 0 
0 0 0 0 0 0 0 0 0 0 0 0 0 0 0 0 0 0 0 0 0 0 0 0 0 0 0 0 0 0 0 0 0 0 0 0 0 0 0 0 

0 0 0 0 0 0 0 0 0 0 0 0 0 0 0 0 0 1 0 0 0 0 0 1 0 0 0 0 0 0 0 0 0 0 0 0 0 0 0 0 
0 0 0 0 0 0 0 0 0 0 0 0 0 0 0 0 0 0 0 0 0 1 0 0 0 0 0 0 0 0 0 0 0 0 0 0 0 0 0 0 
0 0 0 0 0 0 0 0 0 0 0 0 0 0 0 0 0 0 0 0 0 0 0 0 0 0 0 0 0 0 0 0 0 0 0 0 0 0 0 0 
0 0 0 0 0 0 0 0 0 0 0 0 0 0 0 0 0 0 0 0 0 0 0 0 0 0 0 0 0 0 0 0 0 0 0 0 0 0 0 0 
0 0 0 0 0 0 0 0 0 0 0 0 0 0 0 0 0 0 0 0 0 1 0 0 0 0 0 0 0 0 0 0 0 0 0 0 0 0 0 0 
0 0 0 0 0 0 0 0 0 0 0 0 0 0 0 0 0 0 0 0 0 0 0 0 0 0 0 0 0 0 0 0 0 0 0 0 0 0 0 0 
0 0 0 0 0 0 0 0 0 0 0 0 0 0 0 1 0 0 0 0 0 0 0 0 0 0 0 0 0 0 0 0 0 0 0 0 0 0 0 0 
0 0 0 1 0 0 0 0 0 0 0 0 0 0 0 0 0 0 0 0 0 0 0 0 0 0 0 0 0 0 0 0 0 0 0 0 0 0 0 0 
0 0 1 0 0 0 0 0 0 0 0 0 0 0 0 0 0 0 0 0 0 0 0 0 0 0 0 0 0 0 0 0 0 0 0 0 0 0 0 0 
0 0 0 0 0 0 0 0 0 0 0 0 0 0 0 0 0 0 0 0 0 0 0 0 0 0 0 0 0 0 0 0 0 0 0 0 0 0 0 0 
0 0 0 0 0 0 0 0 0 0 0 0 0 0 0 0 0 0 0 0 0 0 0 0 0 0 0 0 0 0 0 0 0 0 0 0 0 0 0 0 
0 0 0 0 0 0 0 0 0 0 0 0 0 0 0 0 0 0 0 0 0 0 0 0 0 0 0 0 0 0 0 0 0 0 0 0 0 0 0 0 
0 0 0 0 0 0 0 0 0 0 0 0 1 0 0 0 0 0 0 0 0 0 0 0 0 0 0 0 0 0 0 0 0 0 0 0 0 0 0 0 
0 0 2 0 0 0 0 0 0 0 0 0 0 0 0 0 0 0 0 1 0 0 0 0 0 0 0 0 0 0 0 0 0 0 0 0 0 0 0 0 
0 0 0 0 0 0 0 0 0 0 0 0 0 0 0 0 0 0 0 0 0 0 0 0 0 0 0 0 0 0 0 0 0 0 0 0 0 0 0 0 
0 0 0 0 0 0 0 1 0 0 0 0 0 1 0 0 0 0 0 0 0 0 1 0 0 0 0 0 0 0 0 0 0 0 0 0 0 1 0 0 
0 0 0 0 0 0 0 0 0 1 0 1 0 0 1 0 1 0 0 0 1 0 0 0 0 0 0 0 0 0 0 0 0 0 0 0 0 0 0 0 
0 0 0 0 0 0 1 0 0 0 0 0 0 0 0 0 0 1 0 0 0 0 0 0 0 0 0 0 0 0 0 0 0 1 0 0 0 0 0 0 
0 0 0 0 0 0 0 0 0 0 0 0 0 0 0 0 0 1 0 0 0 0 0 0 0 0 0 0 0 0 0 0 0 0 0 0 0 0 0 0 
0 0 0 0 0 1 0 0 0 0 1 0 0 0 0 1 0 0 1 0 1 0 1 0 0 0 0 1 0 0 0 0 0 0 0 0 0 0 0 0 
0 0 0 0 0 0 0 0 0 0 0 0 0 0 0 0 0 0 0 0 0 0 0 0 0 0 0 0 0 0 0 0 0 0 0 0 0 0 0 0 
0 0 0 0 0 0 0 0 0 0 0 0 0 0 0 1 1 1 0 0 0 0 1 0 0 0 0 0 0 0 0 0 0 0 0 0 0 0 0 0 
0 0 0 0 0 0 0 0 0 0 0 1 0 1 0 0 0 0 0 0 1 0 0 0 0 0 0 0 0 0 0 0 0 0 0 0 0 0 0 0 
0 0 0 0 0 0 0 0 0 0 0 1 0 0 0 0 0 0 0 0 0 0 0 0 0 0 0 0 0 0 0 0 0 0 0 0 0 0 0 0 

0 0 0 0 0 0 0 0 0 0 0 0 0 0 0 1 0 0 0 0 0 0 0 1 0 0 0 0 0 0 0 0 0 0 0 0 0 0 0 0 
0 0 0 0 0 0 0 0 0 0 0 0 0 0 0 0 0 0 0 1 0 0 0 0 0 0 0 0 0 0 0 0 0 0 0 0 0 0 0 0 
0 0 0 0 0 0 0 0 0 0 2 0 0 0 0 0 1 0 0 0 0 1 1 0 0 0 0 0 0 0 0 0 0 0 0 0 0 0 0 0 
0 0 0 0 0 0 0 0 0 0 0 0 0 0 0 0 0 1 0 0 0 0 0 0 0 0 0 0 0 0 0 0 0 0 0 0 0 0 0 0 
0 0 0 0 0 0 0 0 0 0 0 0 0 0 0 0 0 0 0 0 0 1 0 0 0 0 0 0 0 0 0 0 0 0 0 0 0 0 0 0 
0 0 0 0 0 0 0 0 2 0 0 0 1 0 0 0 0 0 0 0 0 0 0 0 1 0 0 0 0 0 0 0 0 0 0 0 0 0 0 0 
0 0 0 0 0 0 0 0 0 1 0 0 0 0 0 0 0 0 0 0 0 0 0 0 0 0 0 0 0 0 0 0 0 0 0 0 0 0 0 0 
0 0 0 0 0 0 0 0 0 0 0 0 1 0 0 0 0 0 0 0 0 0 0 0 0 0 0 0 0 0 0 0 0 0 0 0 0 0 0 0 
0 0 0 0 0 0 0 0 0 0 0 0 0 0 0 0 0 1 1 0 1 0 1 0 0 0 0 0 0 0 0 0 0 0 0 0 0 0 0 0 
0 0 0 0 0 0 0 0 0 0 0 0 0 0 0 0 0 0 0 0 0 0 0 0 0 0 0 0 0 0 0 0 0 0 0 0 0 0 0 0 
0 0 0 1 0 0 0 0 0 0 0 1 0 0 0 0 0 0 0 0 1 0 0 0 0 0 0 0 0 0 0 0 0 0 0 0 0 0 0 0 
0 0 0 0 0 0 0 0 0 0 0 0 0 0 0 0 1 0 0 0 0 0 0 0 0 0 0 0 0 0 0 0 0 0 0 0 0 0 0 0 
0 0 0 0 0 0 0 0 0 0 0 0 0 0 0 0 0 0 0 0 0 1 1 1 0 0 0 0 0 0 0 0 0 0 0 0 0 0 0 0 
0 0 0 0 0 0 0 0 0 0 0 0 0 0 0 0 0 0 0 0 2 1 0 0 0 0 1 0 0 0 0 0 0 0 0 0 0 0 0 0 
0 0 1 0 0 0 0 0 0 0 0 1 0 0 0 0 0 0 0 1 0 1 1 0 0 0 0 0 0 0 0 0 0 0 0 0 0 0 0 0 
0 0 0 0 0 0 0 0 0 0 0 0 0 0 0 0 0 0 0 2 0 0 0 0 0 0 0 0 0 0 0 0 0 0 0 0 0 0 0 0 
0 0 0 0 0 0 0 0 0 0 0 0 1 0 0 0 0 0 0 0 0 0 0 0 0 0 0 0 0 0 0 0 0 0 0 0 0 0 0 0 
0 0 0 0 0 0 0 0 0 0 1 0 0 0 0 0 0 0 1 0 0 0 0 0 0 1 1 0 0 0 0 0 0 0 0 0 0 0 0 0 
0 0 0 0 0 0 0 0 0 0 0 0 0 0 0 0 0 0 0 0 0 2 0 1 0 0 0 0 0 0 0 0 0 0 0 0 0 0 0 0 
0 0 0 0 0 1 1 0 0 0 1 0 0 0 1 0 0 0 0 0 0 1 1 0 0 0 0 0 0 0 0 0 0 0 0 0 0 0 0 0 
0 0 0 0 0 0 0 0 0 0 0 0 0 1 0 1 1 0 0 0 0 1 1 2 0 0 0 0 0 0 0 0 0 0 0 0 0 0 0 0 
0 0 0 0 0 0 0 0 0 1 0 0 0 0 0 2 0 0 0 0 0 0 0 0 0 0 0 0 0 0 0 0 0 0 0 0 0 0 0 0 
0 0 0 0 0 0 0 0 0 0 0 0 0 0 0 0 0 0 0 0 0 2 0 1 1 0 0 0 0 0 0 0 0 0 0 0 0 0 0 1 
0 0 0 0 0 0 0 0 0 0 0 0 0 0 0 1 0 0 0 0 0 0 0 0 0 0 0 0 0 0 0 0 0 0 0 0 0 0 0 0 

