#################################### 
# Matrix Size= (39.9997,23.9997,39.9995)
# Resol      = (40,24,40)
# VoxelSize  = (0.999993,0.999989,0.999989)
# nbVal      = 38400
#################################### 
0 0 0 0 0 0 0 0 0 0 0 1 0 0 0 0 0 0 0 0 0 0 0 0 0 0 0 0 0 0 0 0 0 0 0 0 0 0 0 0 
0 0 0 0 0 0 1 1 1 0 0 0 0 0 0 0 0 0 0 0 0 0 0 0 0 1 0 0 0 0 0 0 0 0 0 0 0 0 0 0 
0 0 0 0 0 0 0 0 0 0 0 1 1 0 0 0 0 0 0 0 0 0 0 0 0 0 0 0 0 0 0 0 0 0 0 0 0 0 0 0 
0 0 0 0 0 0 0 0 0 1 1 0 0 1 0 0 0 0 0 0 0 0 0 0 0 0 0 0 0 0 0 0 0 0 0 0 0 0 0 0 
0 0 1 0 0 0 0 0 1 0 1 0 2 1 1 0 0 0 0 0 0 0 0 0 0 1 0 0 0 0 0 0 0 0 0 0 0 0 0 0 
0 0 0 0 0 0 0 0 0 0 0 0 0 0 1 0 0 0 0 0 0 0 0 0 0 0 0 0 0 0 0 0 0 0 0 0 0 0 0 0 
0 0 0 0 0 1 0 0 0 0 0 1 0 0 0 0 0 0 0 0 0 0 0 0 0 0 0 1 0 0 1 0 0 0 0 0 0 0 0 0 
0 0 0 0 0 0 0 0 0 1 0 0 0 0 0 0 0 1 0 0 0 0 0 0 0 0 0 0 0 0 0 0 0 0 0 0 0 0 0 0 
0 0 0 0 0 0 0 0 0 0 0 0 0 0 0 0 0 0 0 0 0 0 0 0 0 0 0 0 0 0 0 0 0 0 0 0 0 0 0 0 
0 0 0 0 0 0 0 0 0 0 0 0 0 0 0 0 0 0 0 1 1 0 0 0 0 1 0 1 0 0 0 0 0 0 0 0 0 0 0 0 
0 0 0 1 0 0 0 0 0 0 3 1 0 0 1 1 0 0 0 0 0 0 0 0 0 0 0 0 0 0 0 1 0 0 1 0 0 1 0 0 
0 0 0 0 0 0 0 0 0 0 0 0 0 1 0 0 0 0 0 0 0 0 0 0 0 1 0 0 0 0 0 0 0 0 0 0 0 0 0 0 
0 0 0 0 1 0 0 0 0 0 0 1 0 0 0 0 0 0 0 0 0 0 0 0 0 0 0 2 0 1 0 0 0 0 0 0 0 0 0 0 
0 0 0 0 0 1 1 0 0 1 1 1 1 1 0 0 1 0 1 0 0 0 0 0 0 1 1 2 1 0 0 0 0 0 0 0 0 0 0 0 
0 0 0 0 0 0 0 0 0 0 0 0 0 0 0 0 0 1 0 0 0 0 0 0 0 0 0 0 1 0 0 0 0 0 1 0 0 0 0 0 
0 0 0 0 0 0 0 1 0 0 0 1 0 0 0 1 0 0 0 0 0 0 0 0 0 0 0 0 0 0 0 0 0 0 0 0 0 0 0 0 
1 0 0 0 0 0 0 1 0 0 0 0 0 0 0 1 0 0 0 0 1 0 0 0 0 1 1 0 0 0 0 0 0 0 0 0 1 0 0 0 
0 0 0 0 0 0 0 0 0 0 0 0 0 1 0 0 1 0 0 0 0 0 0 1 0 0 1 0 0 0 0 1 0 0 0 0 0 0 0 0 
0 0 0 0 0 0 0 0 0 1 0 0 0 0 0 1 0 0 0 0 1 0 0 0 0 0 0 2 0 0 0 0 0 0 0 0 0 0 0 0 
0 0 0 0 0 0 0 0 0 1 0 1 0 2 0 0 0 0 0 0 0 0 0 0 0 0 1 2 0 0 0 0 0 0 0 0 0 0 0 0 
0 0 0 0 1 0 0 0 0 0 0 0 0 0 0 0 0 0 0 0 0 0 0 0 1 0 0 1 0 0 0 0 0 0 0 0 0 1 0 0 
0 0 0 0 0 0 0 0 0 0 0 0 1 0 0 0 0 0 0 1 0 0 0 0 0 0 0 0 0 1 0 0 0 0 0 0 0 0 0 0 
0 0 0 0 0 0 0 0 0 0 0 0 1 0 1 0 0 0 0 1 0 0 0 3 1 1 0 1 0 0 0 0 0 0 0 0 0 0 0 0 
0 0 0 0 0 0 0 0 0 0 0 0 0 0 0 0 0 0 0 0 0 0 0 0 0 0 0 0 0 0 0 0 0 0 0 0 0 0 0 0 

0 0 0 0 0 0 0 0 0 0 0 0 0 1 0 0 0 0 0 0 0 0 0 0 0 0 0 0 0 0 0 0 0 0 0 0 0 0 0 0 
0 0 0 0 0 1 0 0 1 0 0 0 0 0 1 0 0 0 0 0 0 0 0 0 0 0 0 0 0 0 0 0 0 0 0 0 0 0 0 0 
0 0 0 0 0 0 0 0 0 0 0 0 0 0 0 0 0 0 0 0 0 0 0 0 0 0 0 0 0 0 0 0 0 0 0 0 0 0 0 0 
0 0 0 0 0 0 0 0 0 0 1 1 0 1 0 0 0 0 0 0 0 0 0 0 0 1 0 0 0 0 0 0 0 0 0 0 0 0 0 0 
0 0 0 0 0 0 0 0 0 1 0 0 0 1 0 1 0 0 0 0 0 0 0 0 0 0 0 0 0 0 0 0 1 0 0 0 0 0 0 0 
0 0 0 0 0 0 1 0 0 0 0 0 0 0 0 0 0 0 0 0 0 0 0 0 0 0 0 0 0 1 0 0 0 0 0 0 0 0 0 0 
0 0 0 0 0 0 0 0 1 0 0 1 0 1 0 0 0 0 0 0 0 0 0 0 0 0 0 0 0 0 0 0 0 0 0 0 0 0 0 0 
0 0 0 0 0 0 0 0 0 0 0 0 0 0 0 0 0 1 0 0 0 0 0 0 0 1 0 1 0 0 0 0 0 0 0 0 0 0 0 0 
0 0 0 0 0 0 0 0 0 0 0 0 0 2 1 0 0 0 0 0 0 0 0 0 0 0 0 1 0 0 0 0 0 0 0 0 0 0 0 0 
0 0 0 0 0 0 0 0 0 0 0 0 0 2 0 0 0 0 0 0 0 0 1 0 0 0 1 0 0 0 0 0 0 0 0 0 0 0 0 0 
0 0 0 0 0 0 1 0 0 0 0 1 1 0 0 0 0 0 0 0 0 0 0 0 0 0 0 0 0 1 0 0 0 0 0 0 0 0 0 0 
0 0 0 0 1 0 0 0 0 0 0 0 0 2 0 0 0 0 0 0 0 0 0 0 0 0 0 0 0 0 0 0 0 0 0 0 0 0 0 0 
0 0 0 0 0 0 0 1 0 0 0 0 2 0 0 0 0 0 0 0 0 0 0 1 0 1 0 0 0 0 0 0 0 0 0 0 0 0 0 0 
0 0 0 0 0 0 1 1 1 1 1 2 2 2 1 0 0 0 0 1 0 0 0 1 0 0 0 0 3 0 0 0 0 0 0 0 0 0 0 0 
0 0 0 0 0 0 0 0 0 0 0 1 0 0 0 0 0 0 0 0 0 0 0 0 0 0 0 0 0 0 0 0 0 0 0 0 1 0 0 0 
0 0 0 0 0 0 0 0 0 0 0 0 0 0 0 0 0 0 0 0 0 0 0 0 0 0 0 0 0 1 0 0 0 0 0 0 0 0 0 0 
0 0 0 0 0 0 0 0 1 0 1 1 1 0 0 0 1 0 0 0 0 0 0 0 0 0 0 0 1 0 0 0 0 0 0 0 0 0 0 0 
0 0 0 0 0 0 1 0 0 0 1 0 0 0 0 0 0 1 0 0 0 0 0 0 0 0 0 0 0 0 0 0 0 0 0 0 0 0 0 0 
0 0 0 0 0 0 0 0 0 0 0 0 0 0 0 0 0 0 0 0 0 0 0 0 0 0 1 0 0 0 0 0 0 0 0 0 0 0 0 0 
0 0 0 0 0 0 0 0 0 0 0 4 0 0 1 1 0 1 0 0 0 0 0 0 0 0 0 0 0 0 0 0 0 0 0 0 0 0 0 0 
0 0 0 0 0 0 0 0 0 0 0 0 1 0 0 0 1 0 0 0 0 0 0 0 0 0 0 0 0 0 0 0 0 0 0 0 0 0 0 0 
0 0 0 0 0 0 0 0 0 0 0 0 0 0 0 1 0 0 0 0 0 1 0 0 0 0 0 0 0 0 0 0 0 0 0 0 0 0 0 0 
0 0 0 0 0 0 0 0 1 0 1 0 1 0 0 0 0 0 0 0 0 0 1 0 0 0 0 0 0 0 0 0 0 0 0 0 0 0 0 0 
0 0 0 0 0 0 0 0 0 0 0 0 0 0 0 0 0 0 0 0 0 0 0 0 0 0 0 0 0 0 0 0 0 0 0 0 0 0 0 0 

0 0 0 0 0 0 0 0 0 0 0 0 0 0 1 1 0 0 0 0 0 0 0 0 0 0 0 0 1 0 0 0 0 0 0 0 0 0 0 0 
0 0 0 0 0 0 0 0 0 0 0 0 1 0 0 0 0 0 0 0 0 0 0 0 1 0 0 0 0 0 0 0 0 0 0 0 0 0 0 0 
0 0 0 0 0 0 0 0 0 0 0 2 0 0 1 0 0 0 0 0 0 0 0 0 0 0 0 0 0 1 0 0 0 0 0 0 0 0 0 0 
0 0 0 0 0 0 0 1 0 2 0 0 0 0 0 0 0 0 0 0 0 0 0 0 0 1 0 2 0 0 0 0 0 0 0 0 0 0 0 0 
0 0 0 0 0 0 0 0 0 0 0 1 0 0 2 1 0 0 0 0 0 0 0 0 0 1 0 0 2 0 0 0 0 0 0 0 0 0 0 0 
0 0 0 0 0 0 0 0 0 0 0 1 0 0 0 0 0 0 0 0 0 0 0 0 0 0 0 0 0 0 0 0 0 0 0 0 0 0 1 0 
1 0 0 0 0 0 1 0 0 1 0 1 0 1 0 0 1 0 0 0 0 0 1 1 0 0 0 0 0 0 0 0 0 0 0 0 0 0 0 0 
0 0 0 0 0 0 1 1 0 1 1 0 0 0 0 0 0 0 2 0 0 0 0 1 0 0 0 0 1 0 0 0 0 0 0 0 0 0 0 0 
0 0 0 0 0 0 0 0 0 1 0 0 0 0 1 0 0 0 0 0 0 0 0 0 0 1 0 0 0 0 0 0 0 0 0 0 0 0 0 0 
0 0 0 0 0 0 0 0 0 0 0 0 0 0 0 1 0 0 0 0 0 0 0 0 0 0 0 0 0 0 0 0 0 0 0 0 0 0 0 0 
0 0 0 0 0 0 0 0 0 1 0 0 2 0 0 0 0 0 1 1 0 0 0 0 0 0 0 1 1 1 0 0 0 0 0 0 0 1 0 0 
0 0 0 0 0 0 0 0 0 0 0 1 0 0 0 0 0 0 0 0 0 0 0 0 0 0 0 0 0 0 0 0 0 0 0 0 0 0 0 0 
0 0 0 0 0 0 0 0 0 1 0 1 0 2 1 0 0 1 0 0 0 0 0 0 0 0 1 0 0 0 1 0 0 0 0 0 0 0 0 0 
0 0 0 0 0 0 0 0 0 1 0 0 1 0 0 0 0 1 0 0 0 0 0 0 2 1 0 2 2 0 0 0 0 0 0 0 0 0 0 0 
0 0 0 0 0 0 1 0 1 0 0 0 0 0 0 0 0 0 0 0 0 0 0 0 0 0 0 0 0 1 0 0 0 0 0 0 0 0 0 0 
0 0 0 0 0 0 0 1 0 0 0 0 1 0 0 0 0 0 0 0 0 0 0 0 0 0 0 0 0 0 1 0 0 0 0 0 0 0 0 0 
0 0 0 0 0 0 0 0 0 0 0 0 0 0 0 0 1 0 0 0 0 0 0 0 0 0 0 0 1 0 0 0 0 0 0 0 0 0 0 0 
0 0 0 0 0 0 0 0 0 0 0 0 0 0 0 0 0 0 0 0 0 0 0 0 0 0 0 0 0 0 0 0 0 1 0 0 0 0 0 0 
0 0 0 0 0 0 0 0 0 0 0 0 0 0 0 0 0 0 0 0 0 0 0 0 0 0 0 0 0 0 0 0 0 0 0 0 0 0 0 0 
0 0 0 0 0 0 0 0 0 1 0 0 1 0 0 0 0 0 0 0 0 0 0 0 0 1 1 1 0 0 0 0 1 0 0 0 0 0 0 0 
0 0 0 0 0 0 0 0 0 0 0 0 0 0 0 1 0 0 0 0 0 0 0 0 0 1 0 0 1 1 0 0 0 0 0 0 0 0 0 0 
0 0 0 0 0 0 0 0 0 0 0 0 0 0 0 0 0 0 0 1 0 0 0 0 0 0 0 0 0 0 0 0 0 0 0 0 0 0 1 0 
0 0 0 0 0 0 0 0 0 1 0 0 0 0 0 0 0 1 0 0 1 0 0 2 0 2 0 0 0 1 0 0 0 0 0 0 0 1 0 0 
0 0 0 0 0 0 0 0 0 0 0 0 0 0 0 0 0 0 0 0 0 0 0 0 0 0 0 0 0 0 0 0 0 0 0 0 0 0 0 0 

0 0 0 0 0 0 0 1 2 0 0 0 0 0 0 0 0 0 0 0 1 0 0 0 0 2 0 0 1 0 0 0 0 0 0 0 0 0 0 0 
0 0 0 0 0 0 0 0 0 0 0 0 0 0 0 0 0 0 0 0 0 0 0 0 0 0 0 0 1 0 0 0 0 0 0 0 0 0 0 0 
0 0 0 0 0 0 0 0 0 0 0 0 2 0 0 0 0 0 0 0 0 0 0 0 0 0 0 0 0 0 0 1 0 0 0 0 0 0 0 0 
0 0 1 0 0 0 0 0 0 1 0 0 0 1 0 0 0 0 0 0 0 0 0 0 0 0 1 0 0 0 0 0 0 0 0 0 0 0 0 0 
0 0 0 0 0 0 1 1 0 0 0 0 0 0 0 1 0 1 0 0 0 0 0 0 0 1 1 0 2 0 0 0 0 0 0 1 0 0 0 0 
0 0 0 0 0 0 0 0 0 0 0 0 1 0 0 0 0 0 0 0 0 0 0 0 0 0 1 0 0 0 0 0 0 0 0 0 0 0 0 0 
0 0 1 0 0 0 0 0 0 0 0 0 0 0 0 0 0 0 0 0 0 0 0 0 0 0 0 0 0 0 0 0 0 0 1 0 0 0 0 0 
0 0 0 0 0 0 1 1 0 0 1 1 0 0 0 0 0 0 0 0 0 0 1 1 0 0 0 2 1 0 0 0 0 0 0 0 0 0 0 0 
0 0 0 0 0 0 0 0 1 1 0 0 0 0 0 0 0 0 0 1 0 0 0 0 0 0 0 1 0 0 0 1 0 0 0 0 0 0 0 0 
0 0 0 0 0 0 0 0 1 0 0 0 1 0 0 0 0 0 1 0 0 0 0 0 0 0 0 0 0 0 0 0 0 0 0 0 0 0 0 0 
0 0 0 1 0 0 0 0 0 2 0 2 0 2 1 0 0 0 0 0 0 0 0 0 1 0 4 1 1 0 0 0 0 0 0 0 0 0 0 0 
0 0 0 0 0 0 0 0 0 0 0 1 1 0 0 0 0 0 0 0 0 0 0 0 0 0 0 0 1 0 0 0 0 0 0 0 0 0 0 0 
0 0 0 0 0 0 0 0 0 1 0 2 1 0 0 1 0 0 0 0 0 0 1 0 1 0 0 1 1 0 0 0 0 0 0 0 0 0 0 0 
0 0 0 0 0 0 0 0 1 0 1 1 1 2 2 0 1 0 0 1 0 0 0 0 0 2 0 3 0 1 0 0 0 0 0 0 0 1 0 0 
0 0 0 0 0 0 0 0 0 0 0 0 0 0 0 0 0 0 0 0 1 0 0 0 0 0 0 0 0 0 0 1 0 0 0 0 0 0 0 0 
0 0 0 0 0 0 0 0 0 0 0 0 0 0 0 1 0 0 0 0 1 0 0 0 0 0 1 1 0 0 1 0 0 0 0 0 0 0 0 0 
0 0 0 0 0 0 0 0 0 0 0 0 0 0 2 0 0 0 0 0 0 0 0 0 0 0 0 0 0 2 0 0 0 0 0 0 0 0 0 0 
0 0 0 0 0 0 0 0 0 0 0 1 0 1 0 0 1 0 0 0 0 1 0 0 1 0 0 1 0 0 0 0 0 0 0 0 0 0 0 0 
0 0 1 0 0 0 0 0 0 0 0 0 0 0 0 1 0 0 1 0 0 0 0 0 0 0 1 0 0 0 0 0 0 0 0 0 0 0 0 0 
0 0 0 0 1 0 0 0 0 0 0 0 2 0 0 1 0 0 1 0 0 0 0 1 1 0 0 0 1 0 1 0 0 0 0 0 0 0 0 0 
0 0 0 0 0 0 0 0 0 0 0 0 0 0 1 0 0 0 1 0 0 1 1 0 0 0 0 0 0 0 0 0 0 0 0 0 0 0 0 0 
0 0 0 0 0 0 0 0 0 0 0 0 0 0 0 0 0 0 0 0 0 0 0 0 0 0 0 1 0 0 0 0 0 0 0 0 0 0 0 0 
0 0 0 0 0 0 0 0 0 0 0 1 0 0 0 0 0 1 0 0 0 0 0 0 1 1 2 0 0 0 0 0 0 0 0 0 0 0 0 0 
0 0 0 0 0 0 0 0 0 1 0 0 0 0 0 1 0 0 0 0 0 0 0 0 0 0 0 0 0 0 0 0 0 0 0 0 0 0 0 0 

0 0 0 0 0 0 0 0 0 0 0 0 0 1 0 0 0 1 0 0 0 0 0 0 0 0 0 0 0 0 0 0 0 0 0 0 0 0 0 0 
0 0 0 0 0 0 0 0 0 0 0 0 0 0 0 0 0 0 0 0 0 0 0 0 0 0 0 0 0 0 0 0 0 0 0 0 0 0 0 0 
0 0 0 0 0 0 0 0 0 0 0 0 0 0 0 0 0 0 0 0 0 0 0 0 0 1 0 1 0 0 0 0 0 0 0 0 0 0 0 0 
1 0 0 1 0 0 0 0 0 0 1 0 0 0 1 0 0 0 0 0 0 0 0 0 1 1 1 0 0 0 0 0 0 0 0 0 0 0 0 0 
0 0 0 0 0 0 0 1 0 1 0 0 1 0 2 1 1 0 0 0 0 0 0 1 1 0 0 1 0 0 0 0 0 0 0 1 0 0 0 0 
0 0 0 0 0 0 0 0 0 1 0 0 1 0 0 0 0 0 0 0 0 0 0 0 0 1 0 0 0 0 0 0 1 0 0 0 0 0 0 0 
0 0 0 0 0 0 0 1 0 0 0 0 0 0 0 0 0 0 0 0 0 0 0 0 0 0 0 0 0 0 0 0 0 0 0 0 0 0 0 0 
0 0 1 0 0 1 1 0 0 0 1 0 1 2 0 0 0 0 0 0 0 0 1 0 1 1 0 0 2 0 0 0 0 0 0 0 0 0 0 0 
0 0 0 0 0 0 0 0 0 0 0 0 0 0 0 1 0 0 0 0 0 0 1 0 0 0 0 0 1 0 0 0 0 0 0 0 0 0 0 0 
0 0 0 0 0 0 0 1 0 0 0 1 1 1 0 0 0 0 1 0 0 0 0 0 0 0 0 1 0 0 0 0 0 0 0 0 0 0 0 0 
0 0 0 0 0 0 0 0 1 1 1 1 0 2 0 1 1 1 0 0 0 0 0 2 0 1 3 1 0 1 0 0 0 0 0 0 0 0 0 0 
0 0 0 0 0 0 0 0 0 0 0 0 0 0 0 0 0 0 0 0 0 0 0 0 0 0 0 1 0 1 0 0 0 0 0 0 0 0 0 0 
0 0 0 0 1 0 0 0 0 0 0 0 0 2 1 0 0 0 0 1 0 0 0 0 0 0 1 2 0 0 0 0 0 0 0 0 0 0 0 0 
0 0 0 0 0 0 0 0 3 1 1 1 1 3 1 3 0 0 0 1 0 0 0 2 0 1 0 0 1 1 0 0 0 0 0 0 0 0 0 0 
0 0 0 0 0 0 0 0 0 0 1 0 0 0 0 0 0 0 0 0 1 0 0 0 0 0 0 0 1 0 0 0 1 0 0 0 0 0 0 0 
0 0 0 0 0 0 0 0 0 0 0 0 0 1 0 0 0 0 1 0 0 1 0 0 0 0 0 0 2 0 0 0 0 0 0 0 0 0 0 0 
0 0 0 0 0 0 0 0 0 2 1 0 0 3 0 0 0 0 0 1 0 1 0 0 0 0 2 0 1 0 0 0 0 0 0 0 0 0 0 0 
0 0 0 0 1 0 0 0 0 1 0 0 0 0 1 0 0 0 0 0 1 0 0 0 0 1 0 1 0 0 0 0 0 0 0 0 0 0 0 0 
0 0 0 0 0 0 1 0 0 0 1 0 0 0 0 0 0 0 0 0 0 0 0 0 0 0 0 2 1 0 0 0 0 0 0 0 0 0 0 0 
0 0 0 0 0 0 0 0 0 1 0 2 0 0 2 2 1 0 0 0 1 0 0 0 0 0 0 2 0 0 0 0 0 0 0 0 0 0 0 0 
0 0 0 0 0 0 0 0 0 0 0 0 0 0 0 0 0 0 0 0 0 1 0 0 0 0 0 0 1 0 0 0 1 0 0 0 0 0 0 0 
0 0 0 0 0 0 0 0 0 0 0 0 0 0 0 0 0 0 0 0 1 0 0 0 0 0 2 1 0 0 0 0 0 0 0 1 0 0 0 0 
0 0 0 0 0 0 0 0 1 0 1 0 1 0 0 0 0 1 1 0 0 0 0 0 0 0 0 0 0 0 0 0 0 0 0 0 0 0 0 0 
0 0 0 0 0 1 0 0 0 0 0 0 0 0 0 0 0 0 0 0 0 0 0 0 0 0 0 0 0 0 0 0 0 0 0 0 0 0 0 0 

0 1 0 0 0 0 0 0 0 0 0 0 1 1 3 0 0 1 0 0 0 1 0 0 1 0 0 1 1 0 0 0 0 0 0 0 0 0 0 0 
0 0 0 0 0 0 0 1 1 0 0 0 0 1 1 0 0 0 0 1 0 0 0 0 0 0 0 1 0 0 0 0 0 0 0 0 0 0 0 0 
0 0 0 0 0 0 0 0 0 0 0 0 1 0 1 0 1 0 0 0 0 0 0 0 0 1 0 2 0 0 0 0 0 1 0 0 0 0 0 0 
0 0 0 0 0 0 1 1 0 3 0 0 2 0 2 0 0 0 0 0 0 0 0 0 0 0 1 1 0 0 0 0 0 0 0 0 0 0 0 0 
0 0 0 1 0 0 0 0 0 3 1 1 2 3 0 0 0 0 0 0 0 1 0 0 0 2 0 3 1 0 0 1 1 0 1 0 0 0 0 0 
0 0 0 0 0 0 0 0 0 0 0 0 0 0 0 0 0 0 0 0 0 0 0 0 0 0 1 1 0 0 1 0 0 0 0 0 0 0 0 0 
0 0 0 0 1 0 0 0 0 1 0 0 0 0 1 0 0 0 0 0 0 0 0 0 0 1 0 0 0 0 0 0 0 0 1 0 0 0 0 0 
0 0 0 0 0 0 0 0 1 1 1 0 0 1 0 1 0 0 0 0 0 0 1 0 0 0 1 0 0 0 0 0 0 0 0 0 0 0 0 0 
0 0 0 0 0 0 0 1 0 0 0 0 0 0 1 0 0 1 1 0 0 0 0 0 1 1 0 0 1 0 0 0 1 0 0 0 0 0 0 0 
0 0 0 0 0 0 0 0 0 0 0 0 1 1 0 0 0 1 0 0 0 0 0 0 0 0 1 3 0 0 0 0 0 0 0 0 0 0 1 0 
0 1 0 0 0 0 1 2 1 0 0 3 0 1 0 1 0 0 0 0 1 0 0 1 1 1 0 1 0 0 0 0 0 0 0 1 0 0 0 0 
0 0 0 0 1 0 0 0 0 0 1 0 1 1 0 1 0 0 0 0 0 0 0 0 0 1 0 0 0 1 0 0 1 0 0 0 0 0 0 0 
0 0 0 1 0 0 0 0 0 0 0 0 0 0 0 0 0 0 0 0 0 0 0 0 0 0 1 0 0 0 0 0 0 0 1 0 0 0 0 0 
0 0 0 0 0 0 0 0 1 2 1 2 1 2 1 0 1 0 0 1 0 0 0 0 1 2 3 2 1 1 0 0 0 0 0 0 0 0 0 0 
0 0 0 1 0 0 0 1 0 0 2 0 0 0 0 1 0 0 0 0 1 1 1 0 0 0 0 0 1 0 1 0 0 0 0 0 0 0 0 0 
0 0 0 0 0 0 0 1 0 0 1 0 0 0 0 0 0 0 1 0 0 0 0 0 0 0 0 0 0 0 0 0 0 0 0 0 0 0 0 0 
0 0 1 0 0 0 1 0 1 1 2 1 2 0 1 0 0 1 0 0 0 0 0 0 0 0 1 1 0 2 0 0 0 1 0 0 0 0 0 0 
0 0 0 0 0 1 0 0 0 1 0 0 0 0 0 0 0 0 0 0 0 0 0 0 0 0 0 0 1 0 0 0 0 0 0 0 0 0 0 0 
0 0 0 0 0 0 0 0 0 0 0 0 0 0 1 0 0 0 0 0 0 0 0 0 1 1 0 0 1 0 0 0 0 0 0 0 0 0 0 0 
0 0 0 0 0 0 0 0 1 0 1 0 2 1 0 1 1 1 0 0 0 0 0 0 0 2 0 0 0 0 0 0 0 0 0 0 0 0 0 0 
0 0 0 0 0 0 0 0 0 0 0 0 0 0 1 0 0 0 0 0 0 0 0 0 0 0 1 0 0 1 0 1 0 0 0 0 0 0 0 0 
0 0 0 0 1 0 0 0 0 0 2 0 0 1 1 0 0 1 0 0 0 1 0 0 0 0 1 0 0 0 1 0 0 0 0 0 0 0 0 0 
0 0 0 0 0 0 0 0 0 0 0 1 1 0 1 0 1 0 0 0 0 1 1 1 1 0 0 0 0 0 0 0 1 0 0 0 0 0 0 0 
0 0 0 0 0 0 0 0 0 0 0 0 0 0 0 0 0 0 0 0 1 0 0 0 0 0 0 0 0 0 0 0 0 0 0 0 0 0 0 0 

0 0 0 0 0 0 0 1 0 0 0 1 1 0 0 0 0 0 0 0 0 0 0 0 0 1 1 0 0 0 1 0 0 0 0 0 0 0 0 0 
0 0 0 0 0 0 0 0 0 0 0 0 1 0 0 0 0 0 1 0 0 0 0 0 1 0 0 1 0 0 0 0 0 0 0 0 0 0 0 0 
0 0 0 0 0 0 0 0 0 0 1 0 0 1 0 0 0 0 0 0 0 0 0 0 0 0 1 0 0 0 0 0 0 0 0 0 0 0 0 0 
0 0 0 0 0 0 0 0 1 1 0 1 1 0 1 1 0 0 1 0 0 0 0 0 0 0 0 0 0 0 0 0 0 0 0 0 0 0 0 0 
0 0 0 0 0 0 0 0 0 0 0 0 1 1 0 0 1 0 0 0 1 1 0 1 3 0 3 0 2 0 1 0 0 0 0 0 0 0 0 0 
0 0 0 0 0 0 0 0 0 0 0 0 0 0 1 0 0 0 0 0 0 0 0 0 1 0 1 0 2 0 0 0 0 0 0 0 0 0 0 0 
1 0 0 0 0 0 0 0 0 1 0 1 0 1 0 0 0 0 0 0 0 0 0 0 0 3 0 0 1 0 0 0 0 0 0 0 0 0 0 0 
0 0 0 0 0 0 2 0 2 2 0 2 2 0 0 0 0 0 0 1 0 0 0 2 1 0 0 0 0 2 0 0 0 0 0 0 0 0 0 0 
0 0 1 1 0 0 0 0 1 0 0 0 0 1 0 0 0 1 1 1 0 0 0 0 0 0 0 0 0 0 0 0 0 0 0 0 0 0 0 0 
0 0 0 0 0 0 0 0 2 0 0 1 1 0 1 0 0 0 1 0 0 0 0 0 0 0 0 0 0 0 0 0 0 0 0 0 0 0 0 0 
0 0 0 0 0 0 1 1 1 1 0 4 1 2 2 0 0 0 0 0 0 0 2 0 2 2 2 3 0 0 0 0 0 0 0 0 0 0 0 0 
0 0 1 0 0 0 0 0 0 0 0 0 1 0 0 0 1 0 0 0 0 0 0 0 0 0 0 0 0 0 0 0 0 0 0 0 0 0 0 0 
0 1 0 0 0 0 0 0 0 1 4 1 0 1 1 0 0 0 0 0 0 0 0 1 0 1 0 0 0 0 0 0 0 0 0 0 0 0 0 0 
0 0 0 0 0 2 0 0 1 0 3 4 4 1 0 1 2 0 0 1 0 0 1 0 0 1 2 4 0 1 0 0 0 0 1 0 0 0 0 0 
0 0 0 0 0 0 0 0 0 0 0 0 0 0 2 1 1 0 0 0 0 0 0 1 1 0 0 1 0 0 2 0 0 0 0 0 0 0 0 0 
0 0 0 0 0 0 0 0 1 0 0 0 1 1 1 2 0 0 1 0 0 0 0 0 0 0 0 1 0 0 0 0 0 0 0 0 0 0 0 0 
1 0 0 0 0 0 0 0 1 0 2 0 4 4 1 0 2 2 0 0 0 0 1 3 1 1 0 0 2 1 1 0 0 0 0 0 0 0 0 0 
0 1 0 0 0 0 0 0 0 0 0 0 0 0 0 0 0 0 0 0 0 0 0 0 0 0 0 0 0 0 0 0 0 0 0 0 0 0 0 0 
0 0 0 0 0 0 0 0 0 0 0 0 1 0 0 1 0 0 0 0 0 1 0 0 0 0 0 0 0 0 1 0 0 0 0 0 0 0 0 0 
0 0 0 0 0 0 0 0 0 0 1 1 0 0 1 1 0 0 0 0 0 0 0 0 0 1 0 0 0 1 0 0 0 0 0 0 0 0 0 0 
0 0 0 0 0 0 0 1 0 0 0 0 0 0 0 0 0 1 0 0 0 0 0 0 0 0 0 0 0 0 1 0 0 0 0 0 0 0 0 0 
0 0 0 0 0 0 0 1 0 0 0 0 0 0 0 0 0 1 0 1 0 0 0 0 0 0 0 1 0 0 0 0 0 0 0 0 0 0 0 0 
0 0 0 0 0 0 0 0 0 1 0 1 2 2 2 0 0 0 0 0 0 0 0 1 1 1 0 0 0 0 0 0 0 0 0 0 0 0 0 0 
0 0 0 0 0 0 1 0 0 0 0 0 0 0 0 0 0 0 0 0 0 0 0 0 0 0 0 0 0 0 0 0 0 0 0 0 0 0 0 0 

0 1 0 0 0 2 0 0 0 0 1 1 0 0 2 1 0 1 0 0 0 0 0 1 0 0 0 1 0 0 0 0 0 0 0 0 0 0 0 0 
0 0 0 0 0 0 0 1 1 0 0 1 0 3 0 1 0 0 0 0 0 0 0 0 0 0 1 1 1 0 0 0 0 1 0 0 0 0 0 0 
0 0 0 0 0 0 0 0 0 0 0 0 0 1 0 0 0 1 0 0 0 0 0 0 0 1 1 1 0 2 0 0 0 0 0 0 0 0 0 0 
0 0 0 0 0 0 0 0 0 0 1 1 0 2 1 0 0 0 0 0 0 0 1 0 0 1 1 1 1 0 1 0 0 0 0 0 0 0 0 0 
0 0 0 0 0 0 0 2 2 1 2 4 1 6 2 1 0 0 0 2 1 0 0 3 1 1 0 0 2 0 0 1 0 0 0 0 0 0 0 0 
0 0 0 0 0 0 0 0 1 1 0 0 2 1 2 2 0 1 1 0 0 0 0 0 0 0 0 2 1 0 0 0 0 0 0 0 0 0 0 0 
0 0 0 0 0 0 0 0 1 1 1 1 0 2 1 2 0 0 1 0 0 0 0 1 0 0 0 1 3 0 0 0 0 0 0 0 0 0 0 0 
0 0 0 0 0 2 0 2 3 0 1 0 1 2 1 1 0 0 0 0 1 1 0 1 1 0 1 2 0 1 0 1 0 0 0 0 0 0 0 0 
0 0 0 0 0 0 0 0 1 1 0 0 3 1 2 2 0 0 1 0 0 1 0 0 0 0 1 1 0 1 0 0 1 1 1 0 0 0 0 0 
0 0 0 0 0 0 1 1 0 0 2 3 1 0 2 0 1 0 0 0 0 1 0 0 0 0 1 2 1 0 0 0 0 0 0 0 0 0 0 0 
1 0 0 0 0 0 0 0 2 2 1 4 3 4 1 1 0 0 0 0 0 0 0 1 1 1 2 3 1 0 2 0 0 1 0 0 0 0 0 0 
0 0 0 0 0 0 0 0 1 0 0 0 0 0 2 0 0 0 0 0 0 0 0 1 1 0 0 0 4 1 0 0 0 0 0 0 1 0 0 0 
0 0 1 0 0 0 0 1 0 1 1 2 2 4 3 0 0 0 0 0 0 0 0 0 1 2 1 0 1 1 1 1 0 0 1 0 0 0 0 0 
0 0 0 0 1 0 3 1 4 1 3 2 3 4 2 2 0 1 0 3 0 2 0 1 0 2 3 3 0 1 0 0 0 1 0 0 0 0 0 0 
0 0 0 0 0 0 0 1 1 0 2 0 1 1 1 0 1 0 1 0 1 0 0 0 0 1 1 0 0 0 0 0 2 0 0 0 0 0 0 0 
0 0 0 0 0 0 0 0 1 0 1 2 3 0 1 0 0 1 1 0 1 0 1 0 0 0 0 0 1 2 0 0 0 0 0 0 0 0 0 0 
0 0 0 0 0 1 0 1 0 0 3 3 4 1 1 0 1 1 0 0 0 1 0 1 1 3 2 2 1 0 0 1 0 0 0 0 0 0 1 0 
0 0 0 0 0 0 1 0 1 0 0 1 1 1 2 0 1 1 1 0 0 1 0 0 1 1 1 0 0 2 0 1 0 0 0 0 0 1 0 0 
0 0 0 0 0 0 0 0 0 1 1 0 1 0 1 1 1 0 0 0 0 1 0 0 1 0 1 1 1 0 0 0 0 0 0 0 0 0 0 0 
0 0 0 0 0 0 0 0 1 0 0 2 1 1 1 2 1 2 0 0 0 1 2 0 0 1 1 1 0 2 0 0 0 0 0 0 0 0 0 0 
0 0 0 0 0 0 0 0 0 0 0 0 0 0 2 0 1 0 0 0 0 3 0 0 0 1 1 0 1 0 0 0 0 0 0 0 0 0 0 1 
0 0 0 0 0 0 0 0 0 0 0 0 0 0 0 2 0 0 0 0 1 0 0 0 0 0 0 0 0 0 0 0 1 0 0 0 0 0 0 0 
0 0 0 0 0 0 0 0 1 0 1 0 2 2 3 0 1 0 0 0 0 0 0 0 2 2 2 3 0 1 0 0 0 0 0 0 0 0 0 0 
0 0 0 0 0 0 0 0 0 0 0 0 0 0 0 0 0 0 1 0 0 0 1 0 0 1 0 2 0 0 0 0 0 0 0 0 0 0 0 0 

0 0 0 0 0 0 0 2 1 0 0 1 2 2 0 1 0 0 1 0 0 0 0 0 1 1 1 3 2 1 0 0 0 0 0 0 0 0 0 0 
0 0 0 0 0 0 2 0 3 0 1 0 0 0 0 0 1 1 0 1 0 1 0 1 1 0 0 1 3 0 0 0 0 0 0 1 0 0 0 0 
0 0 0 0 0 1 0 0 0 0 2 0 1 0 0 2 1 0 0 1 0 0 0 1 0 1 1 2 1 0 0 0 0 0 0 0 0 0 0 0 
0 0 0 0 0 1 1 0 0 1 1 3 3 2 2 2 1 0 0 0 0 2 0 2 2 1 0 2 2 1 0 0 0 0 0 0 0 0 0 0 
0 0 0 0 0 2 1 1 1 2 0 1 0 5 2 0 1 1 0 0 0 0 1 1 1 0 0 0 1 0 0 0 1 1 1 0 0 0 0 0 
1 0 0 0 0 0 0 0 0 0 0 0 1 1 1 0 1 0 2 1 0 0 0 0 2 1 1 0 0 1 0 0 1 0 0 0 0 0 0 0 
0 0 0 0 0 1 0 0 0 0 1 0 0 2 1 0 1 1 0 0 0 1 0 1 0 0 0 2 0 0 0 0 0 0 0 0 0 0 0 0 
1 0 1 0 0 0 1 1 0 1 1 1 2 1 2 0 1 0 0 1 1 0 0 0 0 0 1 1 1 0 0 0 1 0 0 0 0 0 0 0 
0 0 1 0 0 1 0 0 0 1 0 0 0 1 2 2 0 0 0 0 0 0 0 0 0 2 1 2 4 0 0 0 0 0 0 0 0 0 0 0 
1 0 0 0 0 0 0 0 0 1 0 1 2 2 3 1 1 0 0 1 2 0 0 2 1 1 1 1 2 0 2 0 0 0 0 0 0 0 0 0 
0 0 1 0 0 1 1 2 1 1 4 4 4 4 2 0 2 0 1 1 0 0 0 1 2 2 4 3 2 1 1 0 1 1 0 0 0 0 0 0 
0 0 0 0 0 0 1 1 4 1 0 3 1 1 0 1 0 1 0 0 0 0 0 0 1 2 0 0 0 0 0 0 0 0 0 0 0 0 0 0 
0 0 0 0 0 0 0 1 0 3 0 1 1 1 4 0 0 1 0 0 2 1 0 1 1 1 0 2 3 0 0 1 0 0 1 0 0 0 0 0 
0 0 0 0 0 0 0 0 4 2 6 8 5 3 2 1 0 1 0 0 0 0 0 1 0 2 0 4 2 0 1 0 0 0 0 0 0 1 0 0 
0 0 0 0 1 0 0 0 0 0 0 0 0 0 1 2 1 0 0 0 0 0 0 0 1 1 0 2 0 0 1 0 1 0 0 0 0 0 0 0 
1 0 0 0 1 0 0 0 0 0 1 1 1 0 1 1 0 2 0 1 0 0 0 0 1 2 0 2 2 0 1 0 0 0 0 0 0 0 0 0 
0 1 0 0 0 1 0 0 0 1 3 3 3 2 4 1 1 0 1 0 0 0 1 1 3 1 2 1 2 0 0 0 0 0 0 0 0 0 0 0 
0 0 0 0 0 0 1 0 1 1 0 1 0 0 1 2 0 1 0 0 1 0 1 0 1 1 0 1 3 0 2 1 0 0 0 0 0 0 0 0 
0 0 1 0 0 0 0 1 1 0 0 0 0 2 1 2 1 0 1 1 0 0 0 1 1 0 1 0 0 0 0 0 0 0 0 0 1 0 0 0 
0 0 0 0 0 0 0 1 2 1 1 0 4 3 3 3 0 1 0 1 0 2 1 1 2 4 1 2 3 2 1 0 0 0 0 1 0 0 0 0 
0 0 0 1 0 1 0 0 0 1 0 0 0 0 1 0 1 0 0 0 0 1 0 0 1 2 2 1 0 0 0 0 0 0 0 0 0 0 0 0 
0 0 0 0 0 0 0 0 0 0 1 0 1 1 0 0 0 0 1 0 0 0 1 1 0 0 2 3 0 0 0 0 1 0 0 0 0 0 0 0 
0 0 0 0 0 0 0 0 0 1 2 3 1 3 3 2 2 0 0 0 0 0 0 1 3 1 1 2 2 0 0 0 0 1 0 0 0 0 0 1 
0 0 0 0 0 0 0 0 0 0 0 0 1 0 0 0 0 0 0 0 0 0 0 0 0 0 0 0 0 0 0 0 0 0 0 0 0 0 0 0 

0 0 0 1 0 0 0 0 1 0 1 2 1 4 1 2 1 0 0 0 0 0 0 1 0 2 0 1 0 1 2 0 0 0 0 0 0 0 0 0 
0 0 0 0 0 1 0 3 0 0 0 0 0 1 2 1 1 1 0 0 0 0 0 2 1 0 1 0 0 0 0 0 0 0 1 0 0 0 0 0 
0 0 0 0 0 0 0 0 0 2 0 0 1 5 3 1 2 0 0 0 0 1 1 0 0 1 1 1 1 0 0 0 0 0 1 0 0 0 0 0 
1 0 0 0 0 0 0 0 2 3 3 1 0 2 2 0 0 1 0 0 0 3 1 1 2 5 5 4 1 0 0 0 0 0 0 0 0 0 0 0 
0 0 1 0 0 0 3 3 1 7 1 3 3 2 2 2 1 1 0 0 0 0 0 1 1 2 2 2 2 1 1 0 1 0 0 0 0 0 0 0 
1 0 0 1 1 1 3 0 2 1 0 1 2 4 2 1 1 1 0 0 1 1 1 1 0 0 1 0 2 0 2 0 0 1 0 0 0 0 0 0 
0 0 0 0 1 0 0 0 0 1 0 2 0 2 5 0 1 0 0 0 1 1 0 0 0 1 0 2 6 0 1 0 0 0 0 0 0 0 0 0 
0 0 0 0 0 1 0 2 1 5 5 4 3 8 5 0 0 1 0 0 0 0 3 3 2 4 1 6 3 2 0 0 0 1 0 0 0 0 1 0 
0 0 0 1 1 0 0 1 2 0 2 2 3 6 3 1 0 1 2 1 1 0 1 0 2 4 0 3 3 0 1 1 1 1 0 0 0 0 0 0 
1 1 0 0 0 0 0 0 0 1 0 4 1 2 4 0 1 0 0 1 0 1 0 0 1 0 1 2 3 3 3 0 0 0 0 0 0 0 0 0 
1 0 0 0 2 1 3 1 3 4 4 6 9 7 1 4 0 0 1 2 1 0 1 0 2 9 3 9 5 3 1 1 0 0 0 0 1 0 1 0 
0 0 0 1 1 2 2 0 1 2 2 3 7 1 3 1 3 3 1 0 1 0 1 1 3 2 1 4 3 4 1 1 0 0 0 0 0 0 0 0 
0 0 2 0 0 0 0 2 0 1 1 6 1 1 3 1 2 0 0 1 1 0 0 1 2 2 2 3 2 1 1 0 1 0 0 0 0 0 0 0 
1 0 0 2 1 1 1 0 5 2 5 4 7 10 10 3 2 0 1 2 0 2 4 3 2 5 3 7 5 2 1 3 1 0 0 0 1 0 0 0 
0 0 1 1 0 0 0 0 2 1 3 3 5 1 0 2 0 2 1 0 2 0 1 3 0 2 0 1 2 3 0 1 0 0 0 0 0 0 0 0 
0 0 0 0 0 0 0 1 1 1 1 0 1 1 3 0 1 1 1 1 0 1 1 1 0 2 1 1 1 0 1 0 2 0 0 1 0 0 0 0 
0 0 0 0 2 1 1 3 0 2 4 6 4 5 3 3 3 1 1 2 0 0 2 3 1 7 3 5 0 1 1 0 0 0 0 0 0 0 1 0 
0 0 0 0 0 1 0 1 0 2 2 2 2 2 6 2 0 2 1 1 2 0 0 1 1 1 1 2 1 0 2 1 0 1 0 0 0 0 0 0 
0 0 0 0 0 1 0 0 0 1 1 0 1 1 3 2 0 1 1 0 0 0 1 2 1 2 0 2 6 0 1 0 0 0 0 0 0 0 0 0 
0 0 0 0 0 2 2 1 0 1 1 2 2 7 5 2 0 0 0 1 0 1 1 0 2 1 4 4 4 0 1 1 1 1 0 0 0 0 0 1 
1 0 2 0 0 0 0 2 0 0 0 3 1 5 3 1 1 1 1 0 0 1 2 1 2 1 2 0 3 2 1 0 0 0 0 0 0 0 0 0 
0 0 0 0 0 0 0 0 0 0 1 0 0 0 2 0 0 2 1 0 0 1 0 0 2 0 1 2 1 0 0 0 0 0 0 0 0 0 0 0 
0 0 0 0 1 0 0 1 1 1 1 1 3 5 4 4 0 0 0 1 1 2 0 2 5 5 6 0 2 4 1 0 0 1 0 1 0 0 0 0 
0 0 0 0 0 1 0 1 1 1 1 0 4 3 1 1 1 0 0 0 1 0 0 0 0 0 1 0 0 0 0 0 0 0 0 0 0 0 0 0 

1 0 0 0 0 0 0 0 0 2 1 0 2 2 3 1 0 0 0 0 0 0 0 1 4 1 2 9 2 1 1 0 0 0 0 0 0 0 0 0 
0 0 0 0 0 0 1 2 1 0 0 1 1 4 4 1 0 0 0 2 1 0 0 1 1 1 4 4 3 1 1 0 1 0 0 0 0 0 0 0 
0 0 0 0 0 1 0 0 1 0 1 0 0 0 1 0 1 0 0 0 0 0 0 0 0 0 0 5 2 2 0 2 0 0 0 0 0 0 0 0 
0 0 0 1 0 0 1 1 0 7 2 3 2 8 2 1 0 0 0 0 0 0 1 0 0 1 2 3 4 0 1 1 0 1 0 0 1 0 0 0 
0 0 0 1 1 1 1 2 3 3 5 2 2 4 5 2 1 0 0 1 1 2 1 3 1 1 2 2 7 0 1 1 1 2 0 0 1 0 0 0 
0 0 0 0 0 0 0 0 1 1 2 0 7 1 4 1 1 2 0 0 0 0 0 0 0 2 2 3 4 0 0 0 0 0 0 0 0 0 0 0 
0 0 0 0 0 0 0 1 1 1 1 3 2 2 4 3 4 1 0 1 1 1 1 2 0 4 1 4 3 2 3 0 1 0 0 0 0 0 0 0 
0 0 0 0 1 0 1 3 5 4 3 2 3 5 6 0 2 0 0 0 0 2 0 1 4 2 3 6 6 0 0 0 0 1 0 0 0 0 0 0 
0 0 0 0 0 0 0 1 0 1 2 2 4 2 2 0 2 1 1 0 0 0 0 1 1 1 2 4 1 1 0 0 0 0 0 0 0 0 0 0 
1 0 0 0 0 0 1 2 0 3 3 4 5 7 1 2 4 1 0 1 0 0 0 1 3 6 4 7 5 2 3 1 0 0 1 0 1 0 0 0 
0 1 0 0 1 1 3 4 5 6 6 4 8 6 3 1 2 0 2 0 0 0 1 2 2 1 3 8 5 0 5 0 1 1 0 0 0 0 1 0 
0 0 1 1 0 1 2 1 1 2 3 2 3 3 3 3 3 0 1 0 0 0 1 2 1 0 2 4 4 1 3 0 1 0 0 0 0 0 0 0 
2 2 0 0 0 0 0 0 1 2 0 3 12 6 5 3 1 2 2 2 0 0 0 3 4 1 2 6 7 2 3 1 2 1 1 0 0 0 1 0 
0 0 0 0 0 0 1 2 5 3 7 12 16 11 11 7 1 2 3 0 1 2 2 2 2 3 5 9 3 5 2 0 0 0 1 1 1 0 0 0 
0 0 0 0 0 1 0 1 0 3 3 2 2 0 2 0 2 1 1 0 0 0 1 0 2 1 1 0 0 0 1 1 0 0 0 1 0 0 0 0 
0 0 0 0 0 0 0 0 0 3 3 5 5 10 6 3 1 0 6 1 0 1 0 2 1 7 2 2 1 5 3 0 0 0 1 0 0 1 0 0 
0 0 0 0 3 1 0 1 3 3 3 5 4 5 3 3 2 1 2 3 0 3 0 1 0 5 3 9 3 4 3 2 0 0 1 0 0 0 0 0 
0 0 0 1 0 0 0 1 0 0 1 3 2 2 3 1 0 0 1 0 1 0 1 0 0 0 0 1 0 1 0 0 0 0 0 0 0 0 0 0 
0 0 0 0 0 0 0 0 0 0 3 2 2 5 4 0 3 1 1 2 0 0 2 0 2 2 2 4 3 1 2 1 0 0 0 0 1 0 0 0 
0 0 1 1 0 0 1 1 3 2 4 5 4 4 10 4 3 0 1 0 0 2 3 1 2 9 2 6 4 2 0 1 0 0 0 0 1 0 0 0 
0 0 0 0 0 0 0 0 0 0 3 5 1 3 2 1 0 0 0 0 0 0 0 1 0 0 3 4 1 0 2 1 0 0 0 0 0 0 0 0 
0 1 0 0 0 0 0 1 0 0 0 3 1 3 3 0 1 1 1 0 0 2 0 1 0 2 3 2 1 0 0 1 0 0 1 0 0 0 0 0 
0 0 0 0 0 0 0 1 1 1 3 2 7 6 6 1 4 1 1 0 0 2 1 5 4 2 1 2 3 0 1 0 0 0 0 0 0 0 0 0 
0 0 0 1 0 2 0 0 0 0 0 0 0 1 1 1 1 1 0 0 0 0 1 1 1 0 0 0 0 0 0 0 0 0 0 0 0 0 0 0 

0 1 0 0 0 0 0 2 3 2 2 5 0 7 6 2 1 0 0 2 0 1 1 3 1 7 4 6 7 2 3 1 0 0 0 0 0 0 0 0 
0 0 1 0 1 0 0 3 5 1 1 2 1 6 4 2 1 3 0 1 2 5 1 2 2 5 3 1 3 5 0 1 0 0 0 0 0 0 0 0 
0 0 0 0 0 0 0 0 1 1 3 3 2 4 4 4 1 0 0 2 0 0 0 0 3 4 2 7 2 6 5 0 0 1 0 0 0 0 0 0 
1 0 0 0 0 0 0 0 1 3 5 2 0 6 4 3 2 1 1 0 1 1 1 2 3 4 2 5 4 2 2 2 0 0 0 0 0 0 0 0 
0 0 0 0 2 0 1 5 10 15 10 8 6 8 9 4 2 2 3 1 0 0 3 6 3 8 2 12 7 4 3 1 1 0 1 0 0 0 0 0 
0 1 0 0 1 1 1 1 0 3 2 2 2 8 10 4 4 3 2 1 0 1 1 1 2 0 4 3 5 5 3 2 1 1 0 0 0 0 1 0 
2 0 1 1 0 0 1 0 1 5 4 2 2 7 7 3 6 0 3 0 0 1 1 0 1 4 3 6 8 3 0 0 0 1 0 0 1 0 0 0 
0 0 0 1 2 1 3 4 6 9 12 6 12 23 11 1 1 2 4 1 2 2 2 4 7 7 1 8 8 1 1 1 2 0 1 0 1 0 0 0 
0 0 0 0 1 0 3 3 3 4 5 4 12 10 11 7 5 1 0 1 0 3 2 1 5 6 3 5 7 3 3 0 1 0 0 0 0 0 0 1 
1 1 1 1 0 0 2 1 2 3 5 6 8 7 10 2 2 2 7 2 4 1 0 3 6 7 5 8 8 1 2 1 0 0 0 0 1 0 0 0 
0 0 0 2 2 1 2 3 4 10 12 22 17 16 11 4 3 3 2 2 1 1 2 6 9 7 9 15 11 6 3 3 1 1 0 0 0 0 0 0 
0 1 2 0 1 1 1 1 3 5 4 5 11 6 5 4 2 1 1 2 3 2 0 1 1 3 1 8 8 2 6 2 2 2 0 0 0 0 0 0 
1 0 1 2 1 0 1 1 2 3 4 10 13 12 9 6 1 2 4 0 1 1 2 4 0 5 6 9 9 3 2 0 0 1 0 1 1 0 0 0 
0 0 2 0 1 1 4 6 6 7 18 28 18 37 14 6 5 3 4 2 0 2 4 3 11 7 5 12 10 2 2 1 0 3 0 1 0 0 0 0 
0 0 0 0 0 2 2 3 4 8 7 8 12 9 15 13 5 1 0 1 0 0 2 2 1 4 5 5 5 2 4 0 1 0 0 0 0 0 0 0 
0 1 0 0 0 1 0 0 1 1 0 3 8 8 6 1 5 3 3 2 0 0 1 1 2 0 2 5 8 3 0 1 2 2 2 0 0 0 0 0 
0 1 0 0 0 0 2 2 4 7 9 13 13 18 7 4 1 0 1 0 0 3 0 4 7 11 7 15 4 0 0 0 2 1 0 1 1 0 0 0 
0 0 0 0 0 0 3 3 0 1 3 7 4 10 5 4 4 1 1 4 3 2 0 3 3 2 4 3 4 1 0 0 0 0 0 0 0 0 0 0 
0 0 0 1 0 0 0 2 1 4 2 4 4 8 9 2 7 2 1 1 5 1 2 0 0 1 1 5 3 0 2 0 1 0 2 1 0 0 0 0 
0 1 0 1 0 0 2 3 4 4 8 2 17 12 17 3 6 1 0 4 1 3 5 5 12 11 7 10 5 1 1 3 1 0 0 1 0 0 0 1 
0 0 0 0 0 1 1 1 4 0 2 5 9 5 8 3 4 1 2 1 2 4 4 2 5 4 2 7 4 5 1 1 0 0 0 0 0 0 1 0 
0 0 0 1 0 0 1 1 1 1 1 2 3 2 7 6 4 2 4 0 0 0 0 2 1 1 4 3 2 1 1 1 1 0 0 0 0 0 0 0 
1 0 0 0 0 1 0 1 2 0 5 5 12 9 8 5 2 1 0 1 0 1 4 0 6 14 3 7 4 1 0 0 0 0 0 0 0 1 0 0 
0 0 0 0 0 0 0 0 1 2 2 4 1 3 3 2 1 3 0 1 0 1 2 0 3 3 1 0 3 2 0 0 0 0 0 0 0 0 0 0 

0 0 1 0 0 2 1 9 4 3 2 8 2 11 4 4 1 0 0 1 0 1 0 7 2 8 3 24 6 2 3 0 0 0 0 0 0 0 0 0 
0 0 0 0 1 3 2 1 3 2 2 1 4 2 8 3 1 1 1 0 1 0 1 3 0 2 4 10 4 5 1 1 1 2 0 1 0 1 0 0 
0 0 0 1 0 0 0 0 0 3 3 4 2 3 3 3 2 0 0 0 0 0 0 0 1 2 6 13 3 2 0 0 0 0 1 0 0 0 0 0 
0 0 0 0 1 1 0 0 1 8 12 8 1 10 19 2 5 0 1 0 0 0 5 4 3 5 5 17 11 3 2 0 0 0 1 0 0 0 0 0 
0 1 2 0 0 1 2 0 5 11 3 3 9 12 14 6 3 4 4 1 1 2 2 3 5 2 3 8 13 4 3 4 1 0 1 0 0 0 0 0 
0 0 0 0 1 0 0 0 3 3 3 2 1 3 6 4 1 2 2 0 0 1 0 1 2 4 2 3 6 2 3 2 0 0 0 0 0 0 0 0 
0 0 0 0 1 1 2 1 3 10 3 7 5 16 13 10 2 3 1 1 2 1 2 1 1 6 8 9 12 1 1 1 5 1 1 0 0 1 0 0 
0 0 0 1 2 1 3 3 8 9 6 4 5 9 15 6 3 1 1 1 1 0 3 4 1 6 5 11 14 5 3 1 1 1 0 1 0 0 0 0 
0 0 0 0 0 0 1 1 1 11 2 5 4 8 8 4 1 2 1 0 0 1 1 0 3 2 0 2 3 0 6 2 0 0 1 0 0 0 0 0 
1 1 1 0 1 2 1 1 2 9 6 18 13 13 21 8 7 4 4 1 0 0 1 4 0 6 6 16 12 3 4 0 1 1 0 0 0 0 0 0 
0 1 1 1 0 4 3 6 6 9 14 23 15 18 13 7 2 3 0 1 2 1 2 4 6 6 8 20 14 3 3 3 1 1 1 0 0 0 0 0 
3 0 0 1 1 0 1 2 4 5 6 13 12 10 6 4 4 2 1 2 0 0 4 0 2 1 1 7 5 2 2 1 0 1 0 2 0 0 0 0 
0 1 0 0 2 1 1 4 3 11 9 17 27 26 23 6 8 2 2 1 3 3 3 4 2 8 5 13 14 3 3 1 1 0 0 0 1 0 0 1 
0 0 1 0 0 0 1 5 7 13 7 30 28 37 20 5 2 4 0 1 0 3 0 4 4 4 6 16 9 2 2 0 0 0 0 0 0 1 0 1 
1 1 0 0 0 0 0 2 2 1 3 6 11 7 7 6 0 5 0 1 1 0 1 1 2 1 8 3 5 0 2 1 1 0 1 0 1 0 0 0 
0 0 0 0 0 0 0 3 1 3 1 10 11 17 17 4 6 1 1 2 2 0 2 4 0 3 7 5 9 2 4 1 3 1 0 0 1 0 0 1 
0 0 1 0 1 0 2 2 2 3 9 9 19 7 12 4 2 2 1 4 0 1 3 2 4 3 10 8 9 2 3 2 0 1 1 0 0 0 0 1 
1 0 1 0 1 1 2 0 3 1 4 5 8 9 8 4 1 0 1 0 1 0 2 1 1 8 3 4 4 0 2 0 1 0 1 0 0 0 0 0 
0 0 1 0 0 1 0 3 1 6 4 6 9 16 19 12 8 1 5 2 4 1 1 3 2 7 10 12 13 4 1 2 1 1 3 1 1 0 0 0 
0 0 1 0 0 0 3 1 5 2 7 6 20 17 13 13 8 5 0 1 3 2 2 3 7 9 7 17 7 6 3 1 1 1 0 1 0 0 0 0 
1 0 1 0 0 0 0 0 3 2 2 3 6 8 4 2 5 1 1 2 0 1 4 2 2 6 6 9 5 3 2 1 1 0 0 0 0 1 0 0 
0 0 0 0 0 1 0 0 2 4 1 2 5 22 12 5 3 4 2 2 0 1 1 2 2 10 4 7 8 2 1 1 0 2 0 0 0 0 0 0 
1 0 0 0 0 0 0 2 1 2 1 5 9 19 5 5 4 1 0 0 4 2 5 3 9 16 7 4 2 1 1 0 0 0 0 0 0 0 0 0 
0 0 0 0 1 0 1 0 0 1 3 4 1 1 6 3 2 1 3 0 0 0 1 2 0 0 0 0 1 0 0 0 0 0 1 0 0 0 0 0 

0 0 0 0 0 1 0 10 7 7 6 7 4 18 13 7 3 2 1 1 1 0 2 9 2 16 3 26 20 6 2 1 2 0 0 0 0 0 0 0 
2 0 0 0 1 3 0 10 2 7 8 3 12 19 11 5 10 3 0 1 0 1 0 5 5 7 18 18 28 8 8 3 3 3 1 0 0 0 0 1 
0 0 0 3 0 1 3 5 5 14 15 5 18 28 24 15 7 4 2 2 2 0 1 5 4 19 28 42 19 10 4 1 1 1 0 0 0 1 0 0 
0 0 0 0 0 1 2 1 3 22 10 4 3 18 26 5 3 3 3 4 3 0 2 7 3 6 11 37 28 7 2 5 0 0 1 0 2 0 1 0 
1 0 1 0 1 1 4 4 17 24 18 14 15 32 36 13 9 10 4 3 1 1 2 1 10 21 21 33 29 11 4 4 1 0 3 0 1 0 1 0 
1 1 0 0 1 1 7 1 15 12 16 15 23 59 37 19 14 5 4 3 0 1 6 4 12 15 37 35 22 10 3 5 1 2 2 2 1 0 1 0 
1 0 1 2 1 1 4 1 4 15 13 11 13 34 42 7 10 5 3 0 2 3 4 3 3 16 17 23 29 10 5 0 4 4 2 1 1 0 0 0 
1 3 0 1 5 2 6 10 13 25 23 7 38 55 36 10 6 6 2 3 7 1 1 6 5 20 13 32 27 8 9 3 2 1 2 0 1 0 0 0 
0 1 0 0 2 0 0 2 5 11 19 22 29 49 35 8 6 1 3 1 2 3 4 3 8 14 26 41 27 14 6 7 1 3 0 1 0 0 1 0 
1 2 2 0 1 1 3 2 2 6 9 20 29 41 36 8 18 15 4 4 2 1 2 4 7 14 19 28 36 7 6 2 5 2 0 0 0 0 0 1 
2 1 2 3 2 3 6 4 9 23 30 57 81 86 46 7 2 3 5 7 2 4 4 2 11 9 34 59 39 13 11 2 2 2 2 1 0 0 0 0 
0 3 1 2 4 4 5 5 17 23 30 119 184 98 47 13 12 6 7 3 3 3 5 6 11 15 34 31 37 12 6 3 4 2 1 1 0 0 0 0 
0 1 2 2 0 1 2 6 6 21 25 71 119 79 47 12 14 5 7 2 3 1 2 5 1 12 13 41 28 9 7 7 3 2 1 2 1 1 1 1 
1 0 1 4 3 0 6 9 15 31 43 62 134 141 53 13 5 7 4 4 5 5 1 2 14 24 34 61 40 13 6 4 4 0 1 1 0 0 1 1 
1 0 0 0 1 2 1 6 6 12 10 33 55 69 38 20 7 7 6 7 2 1 1 2 11 16 42 54 18 17 8 6 1 3 2 2 0 1 1 1 
0 0 1 0 1 3 2 4 5 4 9 13 33 39 42 8 14 2 5 2 7 5 2 3 3 6 16 22 29 11 8 0 0 1 1 1 2 0 0 0 
1 1 2 0 1 0 3 2 5 11 14 32 46 92 42 13 7 7 3 2 2 1 2 4 8 18 31 61 18 9 4 3 0 5 0 0 0 0 0 0 
0 0 1 1 0 1 2 2 1 2 8 26 35 81 49 5 8 7 3 1 2 3 4 2 18 18 29 27 15 8 3 1 3 1 1 1 1 0 0 1 
1 0 0 1 0 1 0 0 0 9 7 16 14 68 72 10 9 5 5 8 3 2 2 7 6 13 9 24 22 7 6 1 0 3 1 0 1 1 0 1 
0 0 0 3 2 2 0 2 6 4 11 26 38 119 91 19 9 4 4 4 4 2 10 5 20 9 24 47 34 6 3 0 2 0 1 0 1 1 0 1 
1 0 0 2 0 0 1 1 3 1 4 19 28 111 115 13 9 9 0 1 5 3 5 3 12 30 31 29 16 10 10 0 0 1 0 3 0 3 1 0 
1 1 1 0 1 0 0 4 0 3 3 5 12 50 59 9 9 3 8 3 0 3 3 4 3 7 27 20 26 3 7 1 3 0 0 1 0 0 0 0 
0 0 0 0 1 1 3 3 5 1 5 10 27 47 60 20 1 0 3 4 5 1 8 14 25 27 11 23 16 0 4 2 0 1 0 0 0 0 0 0 
0 2 0 0 1 0 1 1 2 6 5 3 16 37 68 23 11 4 4 3 2 5 2 6 9 8 8 4 6 0 0 2 1 0 0 1 0 1 0 0 

1 0 0 0 1 1 1 27 16 15 3 12 4 42 30 9 2 1 4 1 0 2 1 1 1 6 13 63 29 0 4 1 2 2 2 0 0 0 0 0 
2 0 1 1 2 4 4 11 12 5 10 6 13 30 37 7 6 5 7 4 1 2 0 2 3 9 51 36 31 18 1 6 4 3 3 1 1 0 2 0 
1 0 0 1 0 1 1 4 7 11 4 15 14 34 28 10 8 1 0 2 0 1 3 1 5 22 60 42 32 13 2 5 0 5 1 0 0 1 1 0 
1 2 0 0 0 1 0 4 12 31 20 7 8 49 51 8 5 2 3 1 3 0 1 1 3 7 68 66 40 5 5 2 4 3 1 2 0 1 0 0 
0 0 0 1 1 0 6 4 15 33 20 14 17 106 69 13 10 9 5 5 1 3 2 2 4 8 72 56 26 9 7 4 3 2 2 0 1 1 0 1 
1 0 1 0 1 2 2 4 8 27 18 10 25 143 62 18 12 7 3 1 1 3 7 6 7 18 91 67 29 19 11 7 3 1 1 2 1 0 0 0 
0 0 0 0 2 1 2 4 8 30 38 17 18 228 82 13 15 4 1 3 4 2 3 2 5 16 82 52 39 10 6 3 3 0 1 1 3 0 0 0 
1 1 0 1 2 0 3 6 8 15 19 13 27 174 49 11 6 4 1 2 5 2 1 1 2 13 44 58 33 8 7 5 4 0 1 1 0 1 0 1 
0 0 0 0 3 4 3 6 7 14 22 24 38 178 41 18 13 6 6 1 5 1 2 8 9 31 65 47 34 12 10 4 1 3 2 0 1 1 1 1 
1 2 1 3 1 1 0 5 7 18 22 31 50 198 60 15 19 6 7 1 2 2 2 9 7 11 43 63 59 13 6 5 4 2 2 1 0 1 0 1 
3 1 1 2 2 1 2 6 14 25 26 71 91 249 33 14 11 6 1 1 2 2 1 4 2 14 92 100 28 7 5 3 3 0 1 2 0 0 3 1 
5 1 1 4 6 6 3 7 14 38 51 261 315 198 60 35 12 9 15 3 1 3 5 4 13 33 88 78 35 8 11 7 5 2 0 1 3 1 1 2 
1 1 2 2 1 5 1 17 9 28 22 153 546 233 90 25 12 8 6 3 6 2 1 7 3 17 56 112 47 6 10 1 7 3 3 0 0 0 1 0 
2 1 1 0 3 1 1 3 11 18 35 52 119 194 41 15 6 3 2 4 0 0 4 3 5 15 73 898 59 12 10 4 0 1 0 2 0 2 0 1 
1 0 2 0 0 1 7 2 12 13 23 56 74 180 38 22 17 11 9 4 5 1 3 5 5 20 66 117 40 16 5 3 4 2 1 1 1 0 0 0 
0 2 1 2 2 1 1 6 4 9 11 45 60 240 54 13 20 6 5 5 3 4 3 3 4 16 54 226 46 9 4 3 4 0 4 0 0 1 1 0 
0 1 0 0 0 2 3 3 7 11 14 40 51 130 30 6 5 5 3 1 5 1 2 2 3 8 68 75 21 6 3 3 1 1 1 1 0 0 1 0 
1 0 2 0 2 2 0 2 1 8 15 28 36 103 44 17 12 5 6 3 6 3 2 9 5 25 65 60 34 17 9 5 3 0 1 2 0 2 1 1 
2 0 0 1 1 2 2 2 0 4 7 24 45 188 87 17 9 6 12 4 3 3 3 4 3 23 47 61 43 8 11 4 1 0 0 0 0 1 0 0 
2 1 1 0 1 3 4 1 5 9 11 27 49 194 72 21 6 4 6 4 3 3 1 5 9 17 58 60 18 7 3 3 1 1 0 0 1 0 0 0 
0 0 0 2 0 1 4 2 5 3 10 21 32 147 101 19 10 7 4 5 2 3 5 16 18 32 84 51 22 13 5 2 3 0 1 0 1 0 0 0 
2 1 1 0 0 5 0 4 0 4 7 28 16 98 180 11 22 3 5 5 6 4 8 10 6 38 82 34 28 9 7 1 0 1 0 1 0 0 0 0 
2 0 0 0 1 0 3 0 3 3 13 23 18 86 173 24 4 3 1 3 5 3 4 9 18 48 34 31 10 2 2 1 2 0 0 0 0 0 0 0 
0 1 1 1 0 1 4 3 2 8 7 20 29 113 321 49 12 8 3 3 4 3 2 3 9 14 10 4 4 3 0 1 1 1 0 0 0 0 1 0 

0 0 0 1 0 2 5 58 448 20 8 6 11 373 140 4 5 0 0 2 1 1 0 0 0 2 152 74 28 3 0 0 0 0 0 1 0 0 0 0 
1 1 0 3 0 6 10 26 348 23 14 8 19 287 106 13 5 3 2 0 1 1 0 0 2 0 116 28 13 4 2 1 3 0 0 0 0 0 0 2 
1 0 0 1 3 1 6 26 299 45 19 12 14 400 55 15 9 5 0 1 2 1 0 1 1 2 111 24 10 5 2 1 1 0 1 0 0 0 0 0 
1 0 0 0 2 3 2 11 70 75 41 5 7 122 94 4 5 1 2 2 1 2 0 1 1 4 173 62 39 2 1 0 2 1 1 0 1 1 1 0 
0 2 3 2 2 1 8 14 100 334 57 14 22 359 73 6 6 4 3 2 2 2 1 2 2 7 204 51 15 2 1 1 0 1 1 1 0 0 0 0 
1 1 0 1 0 3 8 17 55 422 56 24 11 43 20 13 9 9 3 3 3 0 1 2 0 9 52 21 10 6 3 2 1 1 2 1 0 0 0 1 
2 0 0 1 1 3 5 9 14 306 116 14 15 46 46 8 4 1 4 1 1 2 1 1 1 5 166 52 21 5 0 3 2 0 1 0 0 0 2 1 
3 3 3 1 2 1 7 13 32 227 172 22 24 39 19 8 7 2 2 2 0 0 3 3 2 13 139 53 13 4 4 3 2 1 2 1 0 0 0 0 
1 1 2 0 3 5 4 17 12 158 540 33 22 16 13 6 1 1 3 1 0 1 0 1 1 8 25 9 13 3 3 1 2 0 1 1 1 1 1 0 
0 0 0 1 1 5 1 9 9 51 338 38 31 38 33 10 10 4 4 4 1 3 1 1 1 7 49 41 46 2 5 0 1 0 2 0 2 0 0 0 
1 0 7 0 3 2 7 15 17 33 284 102 43 35 18 7 5 6 2 2 0 0 2 7 4 11 552 117 27 7 1 4 1 2 2 0 0 0 0 0 
5 1 1 3 1 4 2 10 12 28 337 258 55 27 23 11 7 6 3 4 2 2 2 4 7 4 36 28 11 2 3 4 0 0 0 3 2 1 0 0 
2 1 3 2 3 1 4 9 6 31 68 201 86 54 66 12 6 7 3 3 4 2 1 4 1 14 45 99 44 6 4 3 7 0 2 1 0 1 2 1 
0 1 2 3 2 3 1 10 13 22 62 260 64 60 27 8 8 4 0 2 2 1 5 2 8 6 33 88 36 8 5 3 0 1 1 0 1 0 2 1 
1 2 0 4 1 2 2 3 10 21 35 397 54 20 16 14 5 4 3 2 2 1 4 2 2 5 17 21 12 6 4 4 0 2 0 2 0 0 0 1 
1 0 0 1 0 2 1 4 6 10 26 278 130 26 36 5 9 5 3 0 3 2 1 0 0 8 24 70 34 4 4 0 3 2 2 1 1 0 0 0 
1 1 2 2 0 1 2 4 6 15 23 258 212 27 28 7 4 4 0 0 1 0 0 1 5 9 114 73 17 2 3 3 4 1 0 0 0 0 0 0 
0 0 0 1 0 1 6 3 5 7 16 110 273 31 22 13 9 3 2 2 2 1 3 2 4 7 35 19 12 5 4 2 1 1 0 0 2 1 0 1 
2 2 0 1 0 3 1 2 3 4 6 81 385 27 26 9 11 4 2 5 1 6 4 4 6 5 76 54 37 4 11 0 2 0 1 1 0 1 0 0 
0 1 2 0 0 3 6 3 0 12 20 42 306 52 34 5 6 4 2 1 1 3 3 5 10 14 496 97 19 7 7 2 2 1 0 0 1 0 0 0 
2 1 0 1 0 3 3 3 2 5 7 26 279 47 23 14 7 6 2 3 5 5 1 10 12 35 489 59 24 8 4 4 2 1 0 1 0 0 2 0 
0 1 0 1 1 1 3 2 4 10 5 33 177 56 51 11 14 6 2 2 3 5 5 12 6 45 1479 64 29 3 5 4 2 1 0 1 0 1 0 0 
0 1 0 0 2 1 2 2 6 6 9 21 138 107 53 11 6 2 3 2 5 1 3 13 35 69 326 55 10 4 4 2 1 0 0 1 1 0 0 0 
0 2 0 0 1 1 1 3 3 14 8 19 293 213 68 24 16 8 4 5 0 3 3 3 16 46 275 26 11 4 3 1 0 0 0 0 2 0 0 0 

1 1 1 2 1 4 3 26 61 18 12 10 8 137 86 6 4 0 2 0 1 0 0 0 0 2 6 31 14 5 2 1 1 1 1 0 0 0 0 0 
2 0 1 0 2 0 3 6 31 24 21 9 17 25 45 9 12 7 2 3 4 3 1 3 6 2 3 5 8 3 4 3 1 3 0 1 1 0 1 0 
4 0 4 2 3 3 4 14 32 23 10 10 15 22 43 9 3 4 5 2 4 0 2 1 0 4 5 5 8 5 0 1 4 1 0 2 0 0 0 3 
3 1 0 1 1 2 1 8 20 39 51 10 16 15 39 11 12 4 4 0 0 1 0 1 0 5 2 24 14 1 3 2 1 1 1 0 0 1 0 0 
1 0 4 0 0 0 4 5 20 43 29 17 12 14 27 9 9 1 3 2 1 0 1 2 2 3 3 13 15 2 6 0 1 1 1 2 0 0 2 0 
1 1 1 3 1 9 6 12 32 50 36 14 20 15 23 7 7 7 3 2 1 0 3 1 1 3 8 4 11 2 7 1 3 5 1 0 2 2 0 1 
1 2 0 2 1 1 2 11 14 38 62 11 18 15 18 5 6 2 4 2 2 0 0 5 2 3 4 8 19 4 3 0 2 1 0 1 0 1 1 0 
4 0 2 1 5 2 4 7 11 17 31 17 8 7 11 6 4 4 3 0 1 0 2 3 1 4 1 5 11 1 6 4 0 5 1 0 0 1 0 1 
2 2 3 4 5 2 4 14 16 32 55 20 10 12 11 5 5 6 4 3 3 1 1 4 0 6 2 4 7 4 1 9 7 1 0 0 0 0 0 1 
3 2 0 2 3 7 3 11 3 51 51 28 26 12 21 4 4 3 4 2 0 0 0 2 2 4 2 25 21 5 5 3 1 0 0 1 0 1 1 1 
1 1 1 2 1 2 4 5 10 16 31 24 22 15 9 5 1 3 2 5 0 1 0 2 2 4 9 27 16 4 1 4 2 0 1 1 1 0 0 0 
1 2 2 2 3 3 7 8 9 28 35 25 26 12 20 7 8 8 5 3 1 2 3 3 2 5 10 8 12 8 6 4 5 1 0 2 0 4 2 0 
3 0 1 3 1 5 1 5 5 20 29 46 41 25 25 6 7 2 6 2 3 3 2 3 2 9 5 12 19 4 13 3 3 0 1 1 2 0 1 1 
0 0 1 0 0 3 3 4 4 8 38 44 22 28 14 7 3 1 1 2 1 0 1 4 4 4 9 17 15 4 3 1 1 1 1 0 0 2 3 1 
2 2 1 1 1 1 4 7 6 22 21 58 48 22 17 14 11 7 3 5 4 4 5 6 2 6 13 9 7 8 4 3 6 4 3 1 0 0 0 2 
0 1 2 1 2 4 2 5 5 19 32 45 68 21 16 5 3 4 4 3 2 2 4 3 4 3 9 12 15 4 3 1 3 1 1 1 1 0 0 0 
0 0 0 1 2 2 1 6 5 7 22 41 72 28 7 4 2 2 1 2 0 2 2 0 3 3 16 22 12 5 1 1 1 1 0 0 1 0 0 0 
2 0 1 2 3 2 2 5 9 12 11 40 41 14 15 7 11 5 2 4 2 3 2 3 1 9 6 11 8 5 3 4 2 4 3 1 1 0 0 1 
1 1 2 1 0 5 1 7 6 6 12 44 56 15 23 8 4 7 8 4 2 4 2 2 2 9 12 16 11 6 5 2 1 0 1 1 2 0 0 0 
0 1 1 2 0 2 0 3 4 7 16 22 65 30 9 7 2 2 5 2 3 2 2 5 3 14 30 44 22 8 1 0 4 1 1 1 0 0 0 1 
1 1 2 0 3 3 1 4 2 5 4 27 51 20 13 9 8 2 4 3 3 4 5 11 16 24 36 31 13 8 12 7 0 1 1 2 1 0 3 3 
0 2 0 1 1 4 1 4 2 8 7 29 44 23 19 11 11 4 3 4 4 5 4 4 7 31 52 26 27 7 9 3 2 1 0 0 1 0 1 0 
2 0 1 0 0 0 0 1 2 5 9 27 51 61 21 6 3 1 3 2 2 1 7 8 18 38 42 32 8 2 1 0 2 1 1 1 0 0 0 2 
0 1 1 0 1 2 4 3 8 8 19 42 156 139 34 20 8 6 7 7 8 4 5 15 22 49 40 27 17 10 10 0 2 2 1 1 0 1 0 0 

0 0 0 3 1 3 3 13 9 11 4 6 4 20 13 1 3 2 1 0 0 0 0 1 1 1 2 12 17 0 2 2 1 0 0 0 0 0 0 1 
0 0 1 0 0 4 0 6 3 5 6 1 4 8 14 4 2 1 1 2 0 0 0 2 0 1 3 1 4 2 3 1 1 0 0 0 0 0 1 0 
0 0 0 0 0 0 0 1 5 6 5 6 4 5 4 1 2 0 2 0 0 0 1 1 0 1 2 2 3 0 1 3 0 0 0 0 0 0 0 0 
0 0 0 0 2 4 1 4 7 14 7 4 7 4 13 5 4 0 1 2 0 0 0 1 1 3 1 7 9 0 1 1 0 0 1 0 0 0 0 0 
0 1 1 1 1 3 3 5 7 10 8 4 3 8 8 5 2 1 2 1 0 2 2 2 1 2 2 5 5 0 1 1 0 0 0 1 1 0 0 1 
1 0 0 0 1 1 2 3 3 8 11 5 8 2 9 4 3 2 1 2 1 0 1 2 2 1 1 0 1 0 3 0 1 0 0 1 0 0 0 0 
0 2 0 0 1 2 3 10 7 12 16 10 12 2 15 2 8 3 2 1 2 0 1 2 2 0 2 3 7 1 3 7 2 2 0 1 0 0 0 0 
0 0 1 1 2 1 5 4 6 12 10 7 4 8 9 0 1 0 2 0 1 0 0 0 2 3 1 2 7 4 2 1 0 0 1 0 0 1 0 0 
1 0 0 1 0 2 1 5 9 8 14 9 7 3 5 1 2 0 2 0 0 1 0 0 1 4 2 3 6 1 5 3 1 3 0 0 1 0 1 0 
3 1 0 0 2 1 1 4 4 12 17 10 12 13 11 3 3 3 2 0 2 1 0 4 3 2 1 12 15 1 5 3 2 0 1 1 0 1 0 0 
2 0 1 0 2 2 0 3 5 7 8 8 10 10 7 3 3 2 1 0 2 1 1 2 1 2 0 2 4 3 1 1 1 0 0 0 0 0 0 1 
0 0 1 1 2 2 0 4 4 7 13 9 8 7 5 3 3 2 0 1 1 1 1 0 0 3 5 2 17 3 3 1 2 2 0 1 0 0 0 1 
0 0 2 1 2 2 2 2 6 8 11 17 21 11 15 2 7 5 4 2 2 0 1 1 2 5 7 12 10 5 4 2 2 0 1 0 1 0 0 1 
0 1 1 0 1 3 0 0 6 10 9 12 11 8 6 5 4 1 1 1 1 2 2 0 0 2 3 4 4 2 2 1 1 1 1 0 0 2 1 0 
1 0 1 0 3 2 2 5 5 10 12 15 8 8 11 6 6 2 2 4 0 2 0 0 2 5 3 2 5 3 4 3 2 0 0 0 0 0 0 0 
1 1 0 1 0 5 2 7 3 7 13 13 34 13 17 4 5 1 4 3 1 3 2 3 2 6 9 9 9 3 9 2 2 2 0 1 1 0 0 0 
0 0 3 1 3 2 2 3 4 7 5 14 15 10 9 3 4 2 2 1 1 1 1 1 1 2 3 10 3 3 1 0 1 1 0 0 1 0 1 0 
2 0 0 0 1 1 1 4 4 8 6 13 12 9 12 3 6 0 1 4 0 1 0 0 4 5 1 4 3 4 2 2 0 1 0 0 0 1 0 0 
1 0 0 4 0 2 3 1 4 4 6 14 29 10 15 2 6 3 0 2 1 0 1 2 4 9 6 9 11 6 2 4 4 0 3 3 1 0 1 0 
1 0 1 0 0 1 1 2 2 1 5 9 12 3 8 2 5 1 0 1 0 2 1 9 5 3 8 9 6 2 0 2 0 0 0 0 0 0 1 0 
2 0 0 0 1 3 0 1 3 5 4 10 12 7 5 5 4 3 1 3 3 1 1 4 8 12 9 8 5 3 0 0 0 1 0 1 0 0 0 0 
2 0 1 0 1 1 1 2 2 8 3 11 13 9 13 2 16 3 2 1 2 2 4 8 1 17 10 8 16 11 4 2 1 0 2 0 0 0 0 0 
1 0 0 0 0 0 3 2 4 6 6 2 13 13 8 6 3 2 1 0 0 2 2 5 13 10 12 11 7 2 1 0 2 1 0 0 0 0 0 0 
0 0 0 0 0 2 2 3 2 10 10 9 32 28 19 11 8 7 4 2 3 5 8 5 13 20 16 13 6 6 4 1 2 2 0 4 1 1 0 0 

2 0 0 0 0 1 1 10 5 7 2 3 0 10 7 3 0 0 0 0 0 1 0 0 0 3 1 1 5 1 1 0 1 0 0 0 0 0 0 0 
0 0 0 0 0 1 1 1 1 3 4 3 2 3 7 2 0 1 1 0 2 0 0 1 1 0 0 2 2 2 2 1 1 3 0 0 0 2 0 0 
0 0 3 0 0 1 3 3 3 4 5 2 2 8 3 2 1 0 1 1 1 0 1 0 1 1 0 2 5 2 5 0 1 0 1 0 0 0 0 1 
1 0 0 0 0 1 0 1 1 7 7 0 2 3 7 1 2 1 1 0 1 0 0 0 0 0 1 1 5 0 2 0 2 1 0 0 0 0 0 0 
1 1 1 0 0 1 1 1 2 5 8 4 5 1 4 3 4 3 1 2 1 1 0 0 0 0 1 3 0 0 1 0 1 0 1 0 0 0 0 0 
0 3 0 0 0 0 3 4 7 15 13 4 4 5 3 2 3 2 0 1 0 0 0 2 1 0 2 0 2 1 3 0 0 0 1 1 0 0 0 0 
0 0 0 0 1 1 1 4 2 3 7 3 4 3 3 4 1 0 2 2 1 2 1 0 0 2 0 1 4 3 1 0 1 0 1 0 1 0 1 0 
2 1 0 1 1 2 4 1 3 7 2 3 1 9 2 1 2 0 0 0 1 0 1 3 1 1 0 2 4 3 0 0 1 1 0 0 0 0 0 0 
0 1 3 1 0 3 1 4 6 12 5 5 6 4 2 3 3 2 0 0 1 1 3 0 1 0 1 3 9 2 1 0 2 1 0 0 2 0 0 0 
0 0 1 2 1 3 1 3 3 2 3 7 10 5 3 1 2 1 2 2 2 1 0 0 1 0 2 3 4 1 0 0 3 1 3 0 0 0 0 0 
0 0 1 1 0 1 0 1 5 4 7 1 8 4 4 1 0 5 0 0 1 0 0 0 1 3 1 8 7 2 0 1 2 0 0 1 0 0 0 0 
1 2 2 0 1 1 2 2 3 6 11 6 5 2 3 0 3 5 0 0 1 2 1 3 1 2 2 2 4 1 4 1 3 2 0 0 0 0 0 1 
0 0 0 1 2 1 1 5 5 4 2 3 8 9 8 1 3 1 0 2 0 0 2 0 1 2 3 3 4 1 0 1 4 1 0 0 0 0 0 0 
1 1 0 0 0 2 3 3 2 3 3 7 11 13 2 3 3 2 3 1 0 0 0 3 0 4 2 6 4 0 2 0 1 0 2 0 0 0 0 1 
1 0 0 1 3 0 0 2 1 5 2 6 7 7 5 4 1 1 2 1 0 0 1 2 1 0 1 2 2 2 1 1 1 0 1 0 0 1 1 0 
0 0 0 0 3 1 1 2 0 4 3 9 9 1 8 2 3 2 3 2 1 1 1 1 2 2 1 4 5 1 0 1 2 0 0 0 0 0 0 0 
0 0 1 0 0 1 3 1 0 2 7 10 11 3 4 1 1 0 2 1 1 0 0 0 2 5 8 2 1 2 0 0 0 1 0 0 0 1 0 0 
0 1 0 0 1 1 0 1 0 6 3 6 8 6 5 2 3 3 2 2 1 0 1 1 2 4 1 3 3 2 2 3 0 2 0 0 0 0 1 2 
0 0 0 1 1 1 2 2 2 3 4 10 7 8 3 7 6 0 4 1 2 3 2 2 0 3 5 4 9 1 1 0 2 3 0 0 0 0 0 0 
1 0 0 0 0 0 4 3 5 4 4 3 6 7 7 2 3 1 0 2 2 0 1 3 1 3 7 10 6 0 0 2 1 0 0 0 0 0 0 0 
1 2 0 2 1 0 1 0 1 4 5 5 3 4 3 8 5 4 2 2 3 1 3 2 3 2 9 5 5 4 5 1 3 1 0 1 1 0 1 0 
0 1 1 0 0 3 0 2 1 4 0 8 6 3 8 1 4 2 2 1 0 3 3 3 3 7 7 6 5 2 2 1 2 2 2 0 0 0 1 0 
1 0 0 0 0 0 1 1 1 2 3 8 11 11 1 1 2 0 0 0 3 1 2 3 9 8 2 4 1 3 0 0 0 0 1 0 0 0 0 0 
0 0 0 1 0 0 3 3 3 1 2 6 14 9 11 4 0 2 1 1 3 3 1 5 4 8 1 1 3 3 3 1 0 1 0 0 0 0 0 0 

0 0 0 1 0 2 3 2 2 2 1 1 1 7 9 0 2 1 0 0 0 0 0 1 0 1 1 1 3 2 0 1 0 0 0 0 0 0 0 0 
0 0 0 0 1 2 0 1 0 0 1 0 3 1 1 1 1 1 2 0 0 0 0 0 0 1 0 0 3 3 0 2 0 0 0 0 0 0 0 0 
1 0 0 0 0 0 0 1 0 0 1 1 2 1 3 0 2 1 0 0 1 0 0 0 1 0 0 0 1 1 2 1 1 0 0 0 0 0 0 1 
0 0 0 0 0 1 0 0 1 4 3 1 1 2 0 0 5 1 1 0 1 0 1 0 0 1 1 1 2 0 0 0 0 1 1 0 0 0 0 0 
0 0 0 0 0 1 1 0 0 5 5 1 1 1 0 1 1 0 0 1 1 0 1 0 0 0 1 1 2 1 1 0 1 1 0 1 0 0 0 0 
0 0 0 0 0 0 0 3 2 2 3 4 2 2 0 2 1 2 0 0 0 0 0 0 0 1 0 0 2 0 3 3 0 1 0 0 0 0 0 0 
1 1 0 0 0 1 1 2 2 0 6 3 4 4 4 3 2 0 0 1 1 0 1 0 0 0 0 1 3 0 1 1 1 1 0 0 0 0 0 0 
0 0 0 1 0 0 2 0 1 2 2 0 5 2 2 1 2 0 1 2 1 0 0 0 1 0 3 1 1 0 0 1 0 0 0 0 0 0 1 0 
0 0 0 0 1 1 0 0 3 5 1 1 2 3 6 0 0 1 2 0 0 0 0 0 0 2 0 0 0 3 2 2 0 0 0 0 1 0 0 0 
1 0 0 0 0 1 1 3 2 2 4 3 12 1 9 1 3 1 1 0 1 0 0 1 0 1 1 1 3 0 3 0 3 0 1 0 0 0 0 0 
1 0 0 0 0 0 1 2 1 1 0 3 5 1 2 1 0 1 1 0 0 0 0 0 0 1 0 3 1 0 0 0 1 0 0 0 1 0 0 0 
0 2 0 0 0 4 0 4 2 4 3 1 2 3 4 4 1 0 0 0 0 0 0 0 2 2 0 2 6 0 1 2 2 1 0 0 0 0 0 1 
1 0 0 1 1 2 0 3 2 4 6 2 5 1 10 2 4 0 0 2 0 0 1 0 1 2 1 4 7 1 0 1 4 0 1 0 0 0 0 0 
0 0 0 0 0 0 0 1 0 2 7 5 4 2 2 1 1 2 0 0 0 0 1 1 1 1 0 2 1 2 1 0 0 0 0 1 1 0 0 0 
0 0 0 0 0 0 0 1 2 5 0 4 8 6 6 3 3 2 2 1 0 1 1 3 1 0 2 1 4 2 1 1 0 2 0 1 0 0 0 0 
0 0 0 0 1 2 1 4 3 10 1 2 7 5 7 1 3 0 0 2 0 2 3 0 1 2 4 1 3 0 3 0 0 0 1 0 0 0 1 0 
1 0 0 0 1 0 2 0 2 2 1 5 3 2 3 0 1 0 1 0 0 0 1 0 2 1 2 1 2 0 2 0 1 0 0 0 0 0 0 0 
0 0 0 0 0 2 1 2 1 3 3 2 3 5 3 1 2 2 2 0 0 1 1 3 1 0 2 1 1 2 0 0 1 1 1 0 0 0 0 1 
0 0 0 3 3 1 0 1 2 5 1 5 7 5 6 5 5 2 2 1 0 0 0 0 0 2 2 1 6 0 0 0 1 1 0 1 0 0 1 0 
2 0 0 0 0 1 1 0 0 2 0 2 4 7 1 1 0 0 0 0 0 0 1 1 0 1 2 3 1 4 1 0 0 0 0 0 0 0 0 0 
2 0 0 0 1 0 1 2 1 3 2 5 4 1 2 2 0 1 0 1 0 2 1 2 2 5 4 1 5 2 1 0 2 0 0 0 0 0 0 0 
0 0 0 0 0 0 2 1 0 3 2 3 3 5 3 3 2 0 2 2 1 0 0 0 2 3 3 2 7 1 4 1 1 0 0 0 1 0 1 0 
0 0 1 0 0 1 0 0 1 2 3 1 3 5 3 0 0 0 0 0 2 0 1 7 2 8 1 0 0 0 1 0 0 0 0 0 0 0 0 0 
0 0 0 0 0 0 5 4 6 2 5 11 10 10 8 6 3 3 1 1 1 7 5 10 4 10 2 6 9 3 1 0 2 0 1 0 0 0 0 0 

0 0 0 0 0 0 0 5 0 0 1 0 1 6 4 0 1 0 0 0 0 0 0 1 0 0 0 4 1 1 0 0 0 0 0 0 0 0 0 0 
0 0 0 0 1 0 1 1 1 0 3 0 0 0 3 1 0 1 0 0 0 0 1 0 0 0 0 1 1 0 0 1 0 0 0 0 0 0 0 1 
0 0 0 0 0 0 2 0 3 0 2 4 0 0 2 0 0 0 0 0 0 1 0 0 0 1 0 1 0 1 1 1 0 0 0 1 0 0 0 0 
0 0 0 0 1 0 0 0 1 5 3 0 2 2 3 0 1 0 1 0 0 0 0 0 0 3 0 0 1 0 1 0 1 0 0 0 0 0 0 0 
1 1 0 0 0 0 1 3 1 0 0 1 1 2 2 0 0 1 0 1 1 0 0 0 0 0 0 2 0 1 0 0 0 0 0 1 0 0 0 0 
0 0 0 0 0 1 1 0 4 2 4 2 4 3 1 2 1 1 0 1 1 0 0 1 0 0 2 0 3 0 2 0 0 0 3 2 0 0 0 0 
0 1 2 0 1 0 0 0 0 1 3 0 1 0 1 1 0 0 1 0 0 0 0 0 0 0 0 1 3 0 1 0 0 0 0 0 0 1 0 0 
0 0 0 0 0 1 0 3 1 0 2 0 0 3 3 1 1 0 0 0 0 0 1 0 0 0 0 3 3 1 0 0 0 0 0 0 0 0 0 0 
0 0 0 0 1 1 0 0 1 1 2 2 4 0 1 1 1 1 0 0 1 1 0 0 0 0 2 0 2 0 1 1 2 0 1 0 0 0 0 0 
0 0 0 0 0 1 1 2 2 1 1 1 4 1 3 1 0 0 1 0 0 0 0 0 1 0 0 3 3 0 0 0 0 0 0 0 0 0 0 0 
1 0 0 0 0 0 0 0 3 1 3 4 1 4 1 1 0 1 0 0 0 0 2 0 0 0 2 1 1 1 1 0 1 0 0 0 0 0 0 0 
0 0 0 0 1 2 1 0 2 1 5 2 3 4 1 3 1 0 1 0 0 0 2 0 3 0 1 2 0 1 2 0 0 0 1 1 0 0 0 0 
1 1 0 0 0 0 0 2 1 1 2 0 1 2 1 1 1 0 1 0 1 0 0 0 0 1 2 0 3 1 4 1 0 0 0 0 0 1 0 0 
0 0 0 0 2 0 0 0 2 3 1 5 0 5 3 2 0 2 0 0 0 0 0 0 1 1 0 2 1 0 0 0 0 0 0 1 2 0 0 0 
1 0 0 0 1 0 0 1 0 2 4 4 3 0 4 2 0 1 2 1 1 0 0 0 0 1 0 2 1 1 1 0 1 1 0 0 1 0 0 0 
0 0 0 0 0 0 1 1 0 2 1 3 2 0 3 0 0 0 2 1 0 0 0 1 0 0 3 2 1 1 2 1 0 0 0 0 0 0 0 0 
0 0 1 0 0 1 1 1 1 1 3 3 5 5 4 0 0 0 0 0 0 1 1 2 0 1 3 5 1 0 1 0 0 0 0 0 0 0 0 0 
0 0 0 0 0 1 0 1 0 1 2 3 3 0 1 1 0 2 0 0 0 0 0 2 3 2 1 0 1 0 1 2 0 1 0 0 0 0 0 0 
0 0 0 0 1 0 0 0 1 1 1 1 3 1 4 3 2 1 1 1 0 0 0 1 0 1 1 1 2 0 2 1 0 0 0 0 0 1 0 0 
0 0 0 1 0 0 0 3 0 1 0 6 1 0 5 2 1 0 1 0 0 0 0 2 2 1 1 7 2 1 0 2 0 0 0 1 0 0 0 1 
0 0 0 0 0 2 1 1 0 2 0 1 3 0 0 2 2 1 1 0 0 1 1 2 3 2 4 4 0 3 0 0 2 1 1 1 0 0 0 0 
0 0 0 0 0 1 0 1 2 0 1 0 2 1 3 1 1 0 1 2 3 1 0 2 0 0 3 0 4 1 3 2 0 0 0 1 0 1 0 1 
1 0 0 0 0 1 0 1 2 2 2 2 5 3 3 0 3 0 1 0 0 2 4 3 2 5 3 1 2 0 0 1 0 0 0 0 0 0 0 0 
0 1 1 0 0 0 0 0 2 1 0 3 3 1 2 0 0 2 1 0 1 0 0 1 3 2 2 0 1 1 1 1 0 1 0 0 0 0 0 0 

0 0 0 0 0 0 0 2 1 0 0 0 0 2 1 2 0 0 0 1 1 0 0 0 0 0 0 0 2 0 0 0 0 1 0 0 0 0 0 0 
1 0 0 0 0 0 0 1 0 0 0 0 0 0 2 1 1 0 0 0 0 0 0 0 0 1 0 0 0 0 0 0 0 0 0 0 0 0 0 0 
0 0 0 1 0 0 0 0 0 0 0 0 0 1 0 0 1 1 0 0 0 0 0 0 0 0 0 0 1 0 0 0 0 0 0 0 0 1 0 0 
0 0 0 0 0 0 0 0 1 3 1 1 1 1 1 1 2 0 0 0 0 1 1 0 0 1 0 0 0 0 0 0 0 0 0 0 0 0 0 0 
0 0 0 0 0 0 1 0 0 0 0 0 0 1 1 0 0 0 0 0 0 0 0 0 0 0 0 0 1 1 1 0 0 0 0 0 0 0 0 0 
0 0 0 0 0 1 0 0 2 3 1 0 1 2 1 1 0 0 0 1 0 0 0 1 0 0 0 0 1 0 0 0 0 0 0 0 0 0 1 0 
1 0 0 0 0 0 1 0 1 0 1 0 2 2 1 0 0 0 0 0 0 0 0 0 0 0 0 0 3 0 0 0 0 0 1 0 0 0 0 0 
0 0 0 0 0 1 0 1 0 0 3 0 1 1 0 1 0 1 0 1 0 0 0 0 0 0 0 0 0 0 0 0 0 1 0 0 0 1 0 1 
0 0 0 0 0 1 1 0 1 4 3 2 0 1 2 0 0 0 1 0 0 0 0 0 0 0 0 1 1 3 1 1 0 0 0 0 0 0 0 0 
0 0 0 1 0 0 1 0 2 2 4 3 3 3 1 0 1 0 1 0 1 0 0 0 0 0 0 1 0 0 0 1 1 1 0 0 0 0 0 0 
0 0 0 1 1 0 0 1 1 1 0 0 1 2 0 1 1 0 0 0 0 0 0 0 1 0 2 0 2 0 0 0 0 0 0 1 0 0 0 0 
0 0 0 0 1 1 0 0 0 2 3 2 0 0 1 1 0 0 0 0 0 0 0 1 1 0 0 0 1 0 1 0 0 0 0 0 0 0 0 0 
1 0 0 0 0 2 1 2 2 3 3 1 2 3 1 0 0 0 0 0 0 0 1 0 0 2 0 1 3 0 4 0 0 0 0 0 0 0 0 0 
0 0 0 0 0 0 0 1 0 1 1 0 3 3 0 0 1 0 0 1 0 0 1 1 1 1 0 3 2 0 0 0 0 1 0 0 0 0 0 0 
0 0 0 0 0 0 0 0 1 3 1 1 1 5 0 0 1 1 0 1 0 0 1 0 2 1 0 0 0 1 2 2 1 0 0 1 0 1 0 0 
0 0 0 0 0 2 0 0 0 4 3 1 3 2 2 1 0 0 1 0 1 0 0 0 0 0 0 3 1 0 0 1 0 0 0 0 0 1 0 0 
0 0 0 0 1 0 0 1 0 0 1 2 1 0 2 1 0 1 0 0 0 1 0 0 0 1 1 2 0 0 1 0 0 0 0 0 0 0 0 0 
1 0 0 0 1 0 0 0 1 1 2 1 5 1 1 0 0 0 0 0 2 1 0 0 0 0 1 1 0 1 0 0 0 0 0 0 0 0 0 0 
0 0 0 0 0 0 0 0 1 1 1 2 3 0 1 2 2 1 0 1 0 0 0 0 0 2 0 1 2 0 0 0 1 0 1 0 1 0 0 0 
0 0 0 0 1 1 0 0 0 1 2 1 2 3 0 0 0 0 0 1 0 0 1 0 1 0 1 3 1 0 1 0 1 0 0 0 0 0 0 0 
0 0 0 0 0 0 0 0 0 1 1 2 1 2 0 1 0 0 0 0 1 0 1 0 0 1 1 0 2 1 1 0 0 0 0 0 0 0 0 0 
0 0 0 0 0 0 0 0 0 0 0 2 3 4 3 0 0 0 0 1 0 0 1 0 0 1 1 2 3 0 1 0 0 1 0 0 1 0 0 0 
0 0 0 0 0 0 0 1 2 0 0 2 1 4 0 1 0 0 0 0 0 0 1 0 2 1 0 0 3 0 1 0 0 0 0 0 0 0 0 0 
0 0 1 2 1 0 0 2 0 2 1 11 3 5 1 2 1 3 1 2 0 2 4 2 6 2 3 4 1 4 0 0 0 1 0 0 0 0 0 1 

0 0 0 0 0 0 0 1 0 0 1 0 0 1 1 2 1 0 0 0 0 1 0 0 0 0 0 0 1 0 0 0 0 0 0 0 0 0 0 0 
0 0 0 0 0 0 0 0 0 0 1 1 0 0 2 1 1 0 0 0 0 0 1 0 0 0 0 0 0 0 2 0 0 0 0 0 0 0 0 0 
0 0 0 0 0 0 0 0 0 0 1 0 2 1 1 0 1 0 1 0 0 0 0 0 0 0 0 0 0 1 0 0 1 0 0 0 0 1 0 0 
0 0 0 0 0 0 0 0 2 1 0 2 0 0 2 0 0 0 0 0 0 1 0 0 0 1 0 0 0 1 0 0 0 0 0 0 0 0 0 0 
0 0 0 0 0 0 0 0 1 0 0 1 0 1 1 0 0 0 0 0 0 0 0 0 0 0 0 0 0 0 0 0 0 0 0 0 0 0 0 0 
1 0 0 0 0 0 0 0 1 3 2 3 0 0 5 0 0 0 0 2 0 0 0 1 0 0 0 0 1 0 2 0 2 1 0 1 0 0 0 0 
1 0 0 0 0 0 0 1 0 1 1 1 0 0 0 0 0 0 0 0 0 0 0 0 0 0 0 1 0 0 0 0 0 0 0 0 0 0 0 0 
0 0 1 0 0 0 3 2 0 0 0 2 0 1 1 0 0 0 0 1 0 1 0 0 0 0 1 0 1 2 1 0 0 1 0 0 0 0 0 0 
0 0 0 0 0 0 0 0 1 0 0 0 1 1 0 0 0 0 1 0 0 0 0 0 0 1 1 1 1 0 0 0 0 0 0 0 0 0 0 0 
0 0 0 0 0 0 0 1 1 1 2 1 0 1 1 0 1 0 1 1 0 0 0 0 0 0 0 1 1 0 0 0 1 0 0 0 0 0 0 0 
0 0 0 0 0 0 1 0 1 2 2 2 2 1 2 0 1 0 0 0 0 0 0 0 0 0 2 2 3 0 0 0 0 0 0 1 0 1 0 0 
0 0 0 0 0 0 0 1 1 1 3 1 3 0 1 0 1 0 0 0 0 0 0 0 0 0 0 0 1 1 0 0 0 0 0 0 0 0 0 0 
0 0 0 0 0 0 0 0 0 1 0 0 1 1 1 0 0 0 0 0 0 0 0 0 0 1 0 1 0 2 0 1 0 0 0 0 0 0 0 0 
0 0 0 0 0 0 0 0 0 0 1 1 2 2 0 0 0 1 0 0 0 0 1 0 0 0 2 2 0 0 0 1 0 0 0 0 0 0 0 0 
0 0 0 0 0 0 0 1 1 0 1 2 2 3 2 0 1 0 0 2 1 1 0 1 0 0 0 0 0 1 1 0 0 0 0 0 0 0 0 0 
0 0 0 0 0 1 1 0 0 1 1 0 2 0 0 1 0 1 0 0 1 0 0 0 1 0 0 0 1 0 0 0 0 1 0 0 0 1 0 0 
0 0 0 0 0 1 0 0 1 0 0 3 4 4 0 0 0 0 0 0 0 0 1 1 0 0 1 0 1 0 1 0 0 0 0 0 0 0 0 0 
0 0 0 0 0 0 0 1 0 1 0 1 0 0 3 2 0 2 0 0 0 0 0 0 0 0 1 1 2 2 0 0 0 0 0 0 0 0 0 0 
0 0 0 0 0 0 0 0 0 3 0 1 2 3 2 1 1 1 0 1 0 0 0 0 0 0 0 1 2 0 0 0 0 0 0 0 0 0 0 0 
1 0 0 0 0 0 0 1 1 1 2 1 0 1 2 2 0 0 0 0 0 0 0 0 0 0 2 1 1 0 1 0 0 0 0 0 0 0 0 0 
1 1 0 0 0 0 0 0 0 0 1 0 0 0 1 0 0 0 0 0 0 0 1 0 0 1 2 1 1 1 1 0 0 0 0 0 0 0 0 0 
0 0 0 0 0 0 0 1 1 0 2 0 0 2 1 0 0 1 0 0 0 0 1 0 0 1 1 1 1 0 0 0 0 0 0 0 0 0 0 0 
0 0 0 0 0 1 0 0 0 1 2 3 1 3 3 2 1 0 0 0 0 0 0 1 2 5 1 1 0 0 0 0 0 0 0 0 0 0 0 0 
0 0 0 0 0 0 2 2 1 1 0 0 2 0 0 0 3 0 1 0 0 0 1 2 2 0 1 0 0 1 0 1 1 1 0 0 0 0 0 0 

0 0 0 0 0 0 0 0 1 1 0 0 1 1 1 0 2 0 0 0 0 0 0 0 0 0 0 2 0 0 0 0 0 0 0 0 0 0 0 0 
0 0 0 0 0 0 1 0 0 0 1 0 1 0 0 0 0 0 0 0 0 1 0 0 0 0 1 0 0 0 0 1 0 0 0 0 0 0 0 0 
0 0 0 0 0 0 0 0 0 1 0 0 0 0 0 0 0 1 0 0 0 0 0 0 0 0 0 0 0 0 0 0 0 0 0 0 0 1 0 0 
0 0 0 0 0 0 0 0 0 0 0 0 0 1 1 0 0 0 0 0 0 0 0 0 0 0 0 0 0 0 0 0 0 0 0 0 0 0 0 0 
0 0 0 0 0 0 0 0 0 0 0 0 0 2 0 0 1 0 0 0 0 0 0 0 0 0 0 0 0 0 1 0 0 0 0 0 0 0 0 0 
0 0 0 2 0 0 0 0 0 0 1 0 0 2 0 0 0 0 0 0 0 0 0 0 0 0 0 0 0 0 1 0 0 0 0 0 0 0 0 0 
0 0 0 0 0 0 0 0 0 0 0 0 0 1 0 0 0 0 0 0 0 0 0 0 0 1 0 0 1 0 0 0 0 0 0 0 0 0 0 0 
0 0 1 0 0 1 0 0 0 2 1 0 2 0 0 0 0 1 0 0 0 0 0 0 0 0 0 0 1 0 0 0 0 0 0 0 0 0 0 0 
0 0 0 0 0 0 2 0 0 1 0 0 2 3 1 0 0 0 0 0 1 0 0 0 0 0 1 0 0 0 0 1 0 0 0 0 0 0 0 0 
0 0 0 0 0 0 0 0 1 0 1 0 0 0 1 0 0 0 0 0 0 0 0 0 0 0 0 0 1 0 0 0 0 0 0 0 0 0 0 0 
0 1 0 0 0 0 1 0 0 0 0 0 0 2 0 0 0 0 0 0 0 0 0 0 0 0 0 0 1 0 0 1 0 0 0 0 0 0 0 0 
0 0 0 0 0 0 0 0 0 1 1 0 0 0 0 0 0 0 1 0 0 0 1 0 0 0 0 1 0 0 1 0 0 0 0 0 0 0 0 0 
0 0 0 0 0 0 0 1 1 0 0 0 1 0 1 1 0 0 1 0 1 0 1 0 0 0 0 3 0 0 0 0 0 0 1 0 1 0 0 0 
0 0 0 0 0 0 0 1 2 1 0 1 1 0 0 1 2 0 2 0 0 0 0 0 0 0 1 0 0 0 0 1 0 0 0 0 0 0 0 0 
0 0 0 0 0 0 0 0 0 2 2 0 0 0 0 0 0 1 0 0 0 0 0 0 1 0 0 1 2 1 0 0 0 0 0 0 0 0 0 0 
0 0 0 0 0 0 1 2 0 0 0 1 2 0 2 0 1 0 0 1 0 0 1 0 0 0 0 0 0 1 0 0 1 1 0 0 0 0 0 0 
0 0 0 0 0 0 0 0 0 1 0 0 0 1 0 0 0 0 0 0 0 0 0 0 0 0 0 0 0 0 1 0 0 0 0 0 0 0 0 0 
0 0 0 0 0 0 0 0 0 0 0 0 1 0 0 0 1 0 0 0 0 0 0 1 0 0 1 0 0 1 0 0 0 0 0 0 0 0 0 0 
0 1 0 0 0 0 0 0 0 1 1 1 0 0 0 0 0 0 0 0 0 0 0 0 0 0 1 0 0 1 1 0 1 0 0 0 1 0 0 0 
0 0 0 0 0 0 0 0 1 0 0 0 2 2 0 0 1 0 0 1 0 1 0 1 1 0 1 1 0 0 0 0 0 0 0 0 0 0 0 0 
1 0 0 0 0 0 0 0 0 0 0 0 0 1 1 1 0 0 1 1 0 0 0 0 0 0 0 1 0 0 0 0 0 0 0 0 0 0 0 0 
0 0 0 0 0 0 0 0 0 0 0 1 1 1 0 1 0 1 0 0 0 0 1 0 0 0 2 0 1 0 0 0 0 0 0 0 0 0 0 0 
0 0 0 0 0 0 0 0 0 1 0 0 0 2 0 0 0 0 0 1 0 0 0 0 1 0 0 1 1 1 0 0 0 0 0 0 0 0 0 0 
0 0 0 0 0 1 0 0 2 1 0 2 3 2 0 1 0 0 1 3 0 0 0 0 2 3 1 1 0 1 0 0 0 0 0 0 0 0 0 0 

0 0 0 0 0 0 0 0 1 0 0 0 0 1 0 0 0 0 1 0 0 0 0 0 0 0 0 0 1 1 0 0 0 0 0 0 0 0 0 0 
0 0 0 0 0 0 0 0 0 0 0 1 0 1 1 0 0 0 0 0 0 1 0 0 0 0 0 0 0 0 0 0 0 0 1 0 0 0 0 0 
0 0 0 0 0 0 0 0 0 0 0 0 0 0 0 0 0 0 0 0 0 0 0 0 0 0 1 0 0 0 0 1 0 0 0 0 0 0 0 0 
0 0 0 0 0 0 0 0 0 0 0 0 0 0 1 0 0 0 0 0 0 0 0 0 0 0 0 0 1 0 0 0 0 0 0 0 0 0 0 0 
0 0 0 0 0 0 0 0 0 0 0 0 1 0 0 0 0 0 0 0 0 0 0 0 0 0 0 0 0 0 0 0 0 0 0 0 0 0 0 0 
0 0 0 0 0 0 0 0 1 0 0 0 1 1 0 0 0 0 1 0 0 0 0 0 0 0 1 0 1 0 0 0 0 0 0 0 0 0 0 0 
1 0 0 0 0 0 0 0 1 1 0 1 0 1 0 0 0 0 0 0 0 0 0 1 0 0 0 0 0 0 0 0 0 0 0 0 0 0 0 0 
0 0 0 0 1 0 0 1 0 0 0 0 0 1 0 0 0 0 0 0 0 0 0 0 0 1 0 0 0 0 0 0 0 0 0 0 0 0 0 0 
0 0 0 0 0 0 1 0 0 0 0 0 0 0 0 0 0 0 1 1 0 0 0 0 0 0 0 1 0 0 1 0 0 0 0 0 0 0 0 0 
0 0 0 0 1 0 0 0 0 1 0 0 1 1 1 0 0 0 0 0 0 0 0 0 0 0 0 2 1 1 0 0 0 0 0 0 0 0 0 1 
0 0 0 0 0 0 1 0 1 1 0 2 0 1 1 1 0 0 0 1 0 0 0 0 0 0 0 0 1 0 0 0 0 0 0 0 1 0 0 0 
0 0 0 0 0 0 0 0 0 0 0 2 0 0 1 0 1 0 0 0 0 0 0 0 1 1 0 0 0 1 0 0 0 0 0 0 0 0 0 0 
1 1 0 0 0 1 0 0 0 0 0 2 2 0 0 0 0 1 0 0 0 1 1 0 0 1 0 0 0 0 0 0 2 0 0 0 0 0 1 0 
0 0 0 0 1 0 0 0 1 1 3 1 0 1 1 0 1 0 1 1 0 0 0 0 0 2 0 2 0 0 0 0 0 0 0 0 0 0 0 1 
0 0 0 0 0 0 0 0 1 1 0 0 0 0 0 2 1 0 0 0 0 0 0 0 0 0 1 0 0 0 0 0 0 0 0 0 0 0 0 0 
0 0 0 0 0 0 1 0 1 0 0 0 1 0 0 0 0 0 0 0 0 0 0 0 0 0 0 0 1 0 0 0 1 0 0 0 0 0 0 0 
0 0 0 0 0 0 0 0 0 0 1 0 2 0 0 0 0 0 0 0 0 0 0 0 0 0 0 0 0 2 1 0 0 0 0 0 0 0 0 0 
0 0 0 0 0 0 0 1 0 0 0 0 0 0 0 0 0 0 0 0 0 0 0 0 0 0 0 0 2 0 0 0 0 0 0 0 0 0 0 0 
0 0 0 0 0 0 1 0 0 0 0 0 0 0 0 0 1 0 0 0 0 0 0 0 1 0 0 0 0 0 0 0 0 0 0 0 0 0 0 0 
0 0 0 0 0 0 1 0 0 1 0 0 0 1 0 2 1 0 0 0 0 2 0 0 0 0 0 0 0 0 0 0 0 0 0 0 0 0 0 0 
0 1 0 0 0 0 0 0 0 0 0 0 2 0 1 0 0 0 0 0 1 0 1 0 1 0 1 1 0 1 2 0 1 0 0 0 0 0 0 0 
1 0 1 0 2 0 0 0 0 0 1 0 1 0 0 0 0 0 0 1 0 0 0 0 0 1 0 0 1 0 0 0 0 0 0 0 0 0 0 0 
0 0 0 0 0 0 0 1 0 0 0 0 0 1 1 0 0 0 0 0 0 0 0 0 2 0 1 0 1 0 0 0 0 0 0 0 0 0 0 0 
0 0 1 0 0 0 0 0 1 1 1 0 0 1 2 1 0 0 1 0 0 0 1 1 0 2 0 0 0 0 0 0 0 0 0 0 0 0 0 0 

0 0 0 0 0 0 0 0 0 0 0 0 1 2 0 0 1 0 0 0 0 0 0 0 0 0 0 0 0 0 0 0 0 0 0 0 0 0 0 0 
0 0 0 0 0 0 0 0 0 0 0 0 0 0 1 0 0 0 0 1 0 0 0 0 0 0 0 0 0 0 0 0 0 0 0 0 0 0 0 0 
0 0 0 0 0 0 0 0 0 0 0 1 0 0 0 0 0 0 0 0 0 0 0 0 0 0 0 0 1 0 0 0 0 0 0 0 0 0 0 0 
0 0 0 0 0 0 0 0 0 1 1 0 0 0 1 0 0 0 0 0 0 0 0 0 0 0 0 0 0 0 0 0 0 0 0 0 0 0 0 0 
1 0 0 0 0 0 0 0 0 0 0 0 1 0 0 1 0 0 0 0 0 0 0 0 0 0 0 1 0 0 0 0 0 0 0 0 0 0 0 0 
0 0 0 0 0 0 0 0 0 0 1 0 0 0 0 0 1 1 0 0 0 0 0 0 0 0 0 0 1 1 0 0 0 0 0 0 0 0 0 0 
0 0 0 0 0 0 0 0 0 1 0 0 0 0 0 0 0 0 0 0 0 0 0 0 0 0 1 0 0 0 0 0 0 0 0 0 0 0 0 0 
0 0 0 0 0 0 0 0 0 0 0 0 0 0 0 1 0 1 0 0 0 1 0 0 0 0 0 0 0 0 0 0 0 0 0 0 0 0 0 0 
0 0 0 0 0 0 0 0 1 0 2 0 0 1 0 1 0 0 0 0 0 0 0 0 0 0 0 0 0 0 0 0 0 0 0 0 0 0 0 0 
1 0 0 1 0 0 0 0 0 0 0 0 0 0 0 0 0 0 0 0 0 0 0 0 0 1 0 0 0 0 0 0 0 0 0 0 0 0 0 0 
0 0 0 0 0 0 1 0 0 1 0 0 0 0 0 0 0 0 0 0 0 0 0 0 0 0 0 1 0 0 0 0 0 0 0 0 0 0 0 0 
0 0 0 0 0 0 0 0 0 0 0 0 0 1 0 0 0 0 0 0 0 0 0 0 0 0 0 0 0 0 0 0 0 0 0 0 0 0 0 0 
0 1 0 0 0 0 0 0 0 0 1 1 0 0 0 1 0 0 0 0 1 0 0 0 0 0 0 0 0 0 0 0 0 0 0 0 0 0 0 0 
0 0 0 0 0 0 0 1 0 0 0 0 3 0 0 0 1 0 0 0 1 1 0 0 0 0 0 1 0 0 0 0 0 0 0 0 0 0 0 0 
0 0 0 0 0 0 0 0 0 1 0 0 0 0 0 0 0 1 0 0 0 0 0 0 0 0 0 1 0 0 0 0 0 0 0 0 0 0 0 0 
0 0 0 1 0 0 0 0 0 0 0 0 0 0 0 0 0 0 0 1 0 0 0 0 0 0 0 0 1 0 0 0 0 0 0 0 0 0 0 0 
0 0 0 0 0 0 0 1 0 0 0 0 0 0 0 0 1 1 0 0 0 0 1 0 0 0 0 0 0 0 0 0 0 0 0 0 0 0 0 0 
0 0 0 0 0 0 0 0 0 0 1 0 0 0 0 0 0 0 1 0 1 0 0 0 0 0 0 0 0 0 1 0 0 0 0 0 0 0 0 0 
0 0 0 0 0 0 0 0 0 0 0 1 0 0 1 0 0 0 1 0 0 0 0 0 0 0 0 0 0 0 0 0 0 0 0 0 0 0 0 0 
0 0 0 0 0 0 0 0 0 0 0 0 1 1 1 0 0 0 0 0 0 0 0 0 0 0 0 0 0 0 0 0 0 0 0 0 0 0 0 0 
0 0 0 0 0 0 0 0 0 0 1 0 0 0 0 0 0 0 0 0 0 1 0 0 0 0 0 0 1 0 0 1 1 0 0 0 0 0 0 0 
0 0 0 0 0 0 0 0 0 0 0 0 0 1 0 0 0 0 0 0 0 1 1 1 0 0 1 0 0 1 0 0 0 1 0 0 0 0 0 0 
0 0 0 0 0 0 0 0 0 0 0 0 0 1 0 1 0 0 1 0 0 0 0 0 0 1 0 0 0 0 0 0 0 0 0 0 0 0 0 0 
0 0 0 0 0 0 0 0 0 0 1 1 2 0 1 0 0 1 0 0 0 0 1 1 2 0 0 0 0 0 0 0 1 0 0 0 0 0 0 0 

0 0 0 0 0 0 0 0 0 0 0 0 0 0 1 0 0 0 0 0 0 0 0 0 0 2 0 0 0 0 0 0 1 0 0 0 0 0 0 0 
0 0 0 0 0 0 0 0 0 0 0 0 0 0 0 0 1 0 0 0 0 0 0 0 0 0 0 0 0 0 0 1 0 0 0 0 0 0 0 0 
0 0 0 0 0 0 0 0 0 0 1 0 0 0 0 1 0 0 0 0 0 0 0 0 1 0 0 0 0 0 0 0 0 0 0 0 0 0 0 0 
0 0 0 0 0 1 0 0 0 0 0 0 1 0 1 1 0 0 0 0 0 0 0 0 0 0 0 0 0 0 0 0 0 0 0 0 0 0 0 0 
0 1 0 0 0 0 0 0 0 2 0 0 1 0 0 0 0 0 0 0 0 0 0 0 0 0 0 0 0 0 0 0 0 0 0 0 0 0 0 0 
0 0 0 0 0 0 0 0 0 0 0 0 1 0 1 0 0 0 0 0 0 0 0 0 0 0 0 0 0 1 0 0 0 0 0 0 0 0 0 0 
0 0 1 0 0 0 0 2 0 0 0 1 0 0 0 0 0 0 0 0 0 0 0 0 0 0 0 0 0 0 0 0 0 0 0 0 0 0 1 0 
0 0 0 0 0 0 0 0 0 1 1 0 0 0 0 0 1 0 0 0 0 0 0 0 0 0 0 0 0 0 0 0 0 0 0 0 0 0 0 0 
0 0 0 0 0 0 0 0 0 0 0 0 0 0 0 0 0 1 0 0 0 0 0 0 0 0 0 1 0 0 0 0 0 0 0 0 0 0 0 0 
0 0 0 0 0 0 0 0 1 0 0 0 0 1 1 0 0 0 0 0 0 0 0 0 0 0 0 0 0 0 1 0 0 0 0 0 0 0 0 0 
0 0 0 0 0 0 0 0 0 0 1 0 1 0 0 0 0 0 0 0 0 0 0 0 0 0 1 0 1 0 0 0 0 0 0 0 0 0 0 0 
0 0 0 0 0 1 0 0 0 0 0 0 0 0 0 0 0 0 0 0 0 0 0 0 0 0 0 0 0 1 0 0 0 0 0 0 0 0 0 0 
0 0 0 0 0 0 0 0 0 0 0 0 0 0 0 1 0 1 0 0 0 0 0 0 0 0 0 0 0 0 0 0 0 0 0 0 0 0 0 0 
0 0 0 0 0 0 0 0 0 0 0 0 0 0 0 1 0 1 1 0 1 0 0 1 1 1 0 0 0 0 0 1 0 0 0 1 0 0 0 0 
0 0 0 0 0 0 0 0 0 0 0 0 2 2 1 0 0 0 0 0 0 0 0 0 0 0 0 0 0 0 0 0 0 0 0 0 0 0 0 0 
0 0 0 0 0 0 0 0 0 0 0 0 0 0 2 0 0 0 1 1 0 0 0 0 0 0 0 0 0 0 0 0 0 0 0 0 0 0 0 0 
0 0 0 0 0 1 0 1 0 1 0 0 0 0 0 0 0 2 0 0 0 0 0 0 0 0 1 0 1 1 1 0 0 0 0 0 0 0 0 0 
0 0 0 0 0 1 0 0 0 0 0 2 1 0 0 0 0 0 0 0 0 0 0 0 0 0 0 0 0 0 0 0 0 0 0 0 0 0 0 0 
0 0 1 0 0 0 0 1 0 0 0 1 1 0 0 0 0 0 0 0 0 0 0 0 0 0 0 1 0 0 0 0 0 0 0 0 0 0 0 0 
0 0 0 0 0 0 0 0 1 0 0 0 2 1 0 0 0 0 0 0 0 0 0 2 0 0 0 2 0 0 0 0 0 0 0 0 0 0 0 0 
0 0 0 0 1 0 0 0 0 0 0 0 0 1 0 0 0 0 0 0 0 0 0 0 1 0 0 0 0 0 0 0 0 0 0 0 0 0 0 0 
0 0 0 0 0 0 0 0 0 0 0 0 0 0 0 0 0 1 0 0 0 0 0 0 0 0 0 0 0 0 0 0 0 0 0 0 0 0 0 0 
0 0 0 0 0 0 0 0 0 1 1 0 0 1 0 0 1 0 0 0 0 0 1 0 0 0 0 0 0 0 0 0 0 1 0 0 0 0 0 0 
0 0 0 0 0 0 0 0 0 0 0 0 0 0 0 0 0 0 0 0 0 0 0 0 0 0 0 0 0 0 0 0 0 0 0 0 0 0 0 0 

0 0 0 0 0 0 0 0 0 0 0 1 0 0 0 0 0 0 0 0 0 0 0 0 0 0 0 0 0 0 0 0 0 0 0 0 0 0 0 0 
0 0 0 0 0 0 0 0 0 1 0 0 0 0 0 0 0 0 0 0 0 0 0 0 0 0 0 0 0 0 0 0 0 0 0 0 0 0 0 0 
0 0 0 0 0 0 0 0 0 0 0 1 0 1 1 0 0 0 0 0 0 0 0 0 0 0 0 0 0 0 0 0 0 0 0 0 0 0 0 0 
0 0 0 0 0 0 0 0 0 0 0 0 0 1 0 0 0 0 0 0 0 0 0 0 0 1 0 0 0 0 0 0 0 0 0 0 0 0 0 0 
0 0 0 0 0 0 0 0 0 0 0 0 0 1 0 0 0 0 0 0 0 0 0 0 0 0 0 1 0 0 0 0 0 0 0 0 0 0 0 0 
0 0 0 0 0 0 0 0 0 0 0 0 0 0 0 0 0 0 0 0 0 0 0 0 0 0 0 0 0 0 0 0 0 0 0 0 0 0 0 0 
0 0 0 0 0 0 0 0 0 0 0 1 0 0 0 0 0 0 0 0 0 0 0 0 0 0 0 0 0 0 0 0 1 0 0 0 0 0 0 0 
0 0 0 0 0 0 0 0 0 0 0 0 0 1 0 0 0 0 0 0 0 0 0 0 0 0 0 0 0 0 0 0 0 0 0 0 0 0 0 0 
0 0 0 0 0 0 0 0 0 1 0 0 1 0 0 0 0 0 0 0 0 0 0 0 0 0 0 0 0 0 0 0 0 0 0 0 0 0 0 0 
0 0 0 0 0 0 0 0 0 0 0 0 1 0 0 0 0 0 0 0 0 0 0 0 0 0 0 0 0 0 0 0 0 0 0 0 0 0 0 0 
0 0 0 0 0 0 0 0 0 0 0 1 0 0 0 0 1 0 0 1 0 0 0 1 0 0 0 0 0 0 1 0 0 0 0 0 0 0 0 0 
0 0 0 0 0 0 0 0 0 0 0 0 0 0 0 0 0 0 0 0 0 0 0 0 0 0 0 0 0 0 0 0 0 0 0 0 0 0 0 0 
0 0 0 0 0 0 0 1 0 0 0 0 0 0 1 0 0 0 1 0 0 0 0 0 0 0 0 0 0 0 0 0 0 0 0 0 0 0 0 0 
0 0 0 1 0 0 0 1 0 0 1 0 0 0 1 0 1 0 0 0 0 0 0 0 0 0 0 0 0 1 0 0 0 0 0 0 0 0 0 0 
0 0 0 0 0 0 0 1 0 0 0 0 0 0 0 0 0 0 0 0 0 0 0 0 0 0 0 1 0 0 0 0 0 0 0 0 0 0 0 0 
0 0 0 0 0 0 0 0 1 0 0 0 1 0 0 0 0 0 0 0 0 0 0 0 0 0 0 0 2 0 0 0 0 0 0 0 0 0 0 0 
0 0 0 0 0 0 0 0 0 0 0 1 0 2 0 0 0 0 0 0 0 0 0 1 0 0 0 0 0 0 0 0 0 1 0 0 0 0 0 0 
0 0 0 0 0 0 0 0 0 0 0 0 0 0 0 1 1 0 0 0 0 0 0 0 0 0 1 0 0 0 1 0 0 0 0 0 0 0 0 0 
0 0 0 0 0 0 0 0 0 0 0 0 1 0 0 0 0 0 0 0 1 0 0 0 0 0 0 0 0 0 0 0 0 0 0 0 0 0 0 0 
0 0 0 0 0 0 0 1 0 0 0 0 1 0 1 0 0 0 0 0 0 0 0 0 0 0 0 0 1 0 0 0 0 0 0 0 0 0 0 0 
0 0 0 0 0 0 0 0 1 0 0 1 0 0 0 0 0 0 0 0 0 0 0 0 0 0 2 0 0 0 0 0 0 0 0 0 0 0 0 0 
0 0 0 0 0 0 0 0 0 0 0 0 1 0 0 1 0 1 1 0 0 0 0 0 0 0 0 0 0 0 0 0 1 0 0 0 0 0 0 0 
0 1 0 0 0 0 0 0 0 0 0 0 1 1 1 0 0 0 0 0 0 0 0 0 0 0 0 0 0 1 1 0 0 0 0 0 0 0 0 0 
0 0 0 0 1 0 0 0 1 0 0 0 1 0 0 0 1 1 0 0 0 0 0 1 0 0 0 0 1 0 0 0 0 0 0 0 0 0 0 0 

0 0 0 0 0 0 0 0 0 0 1 0 0 1 0 0 0 0 0 0 0 0 0 1 0 0 0 0 0 0 0 0 0 0 0 0 0 0 0 0 
0 0 0 0 0 0 0 0 0 0 0 0 0 1 0 0 0 1 0 0 1 0 0 0 0 0 0 0 1 0 0 0 0 0 0 0 0 0 0 0 
0 0 0 0 0 0 0 0 0 0 0 0 0 0 0 0 0 0 0 0 0 0 0 0 0 0 1 0 0 0 1 0 0 0 0 0 0 0 0 0 
0 0 0 0 0 0 0 1 1 0 0 0 0 0 0 0 0 0 0 0 0 0 0 0 0 0 0 0 0 0 0 0 0 0 0 0 0 0 0 0 
0 0 0 0 0 0 0 1 0 0 0 0 0 1 0 0 0 0 0 0 0 0 0 0 0 0 0 0 0 0 0 0 0 0 0 0 0 0 0 0 
0 0 0 0 0 0 0 0 0 1 0 0 0 0 0 0 0 0 0 0 0 0 0 0 0 0 0 0 0 0 0 0 0 0 0 0 0 0 0 0 
0 0 0 0 0 0 0 0 0 0 1 0 0 0 0 0 0 0 0 0 0 0 0 0 0 0 0 0 0 0 1 0 0 0 0 0 0 0 0 0 
0 0 0 0 0 0 0 0 0 0 1 0 1 0 0 0 0 0 1 0 0 0 0 0 0 0 0 0 0 0 0 0 0 0 0 0 0 0 0 0 
0 0 0 0 0 0 0 0 0 0 0 0 0 0 0 0 1 0 1 0 0 0 0 0 0 0 0 0 0 0 0 0 0 0 0 0 0 0 0 0 
0 0 0 0 0 0 0 0 0 0 0 0 1 0 0 0 0 0 0 0 0 0 0 0 0 0 0 0 1 0 0 0 0 0 0 0 0 0 0 0 
1 0 0 0 0 0 0 0 0 0 0 0 0 0 0 1 0 0 0 0 0 0 0 0 1 0 2 0 1 0 0 0 0 0 0 0 1 0 0 0 
0 0 0 0 0 0 0 0 0 0 0 0 0 0 0 0 0 0 0 0 0 0 0 0 0 0 0 0 0 1 0 0 0 0 0 0 0 0 0 0 
0 0 0 0 0 0 0 0 0 0 0 0 1 0 1 0 0 0 0 0 0 0 0 0 0 0 1 0 0 0 0 0 0 0 0 0 0 0 0 0 
0 0 0 0 0 0 0 0 0 0 0 1 0 0 0 1 0 0 1 0 0 0 0 0 1 0 0 0 2 0 1 0 0 0 0 0 0 0 0 0 
0 0 0 0 0 0 0 0 0 0 0 1 0 0 0 0 0 0 0 0 0 0 0 1 0 0 0 0 0 0 0 0 0 0 0 0 0 0 0 0 
0 0 0 0 0 0 0 0 0 0 0 0 0 2 0 0 0 0 0 0 0 0 0 0 0 0 0 0 0 0 0 0 0 0 1 0 0 0 0 0 
0 0 0 0 0 0 0 0 0 0 0 0 0 0 0 0 0 0 0 0 0 0 0 0 0 0 0 0 0 0 0 0 0 0 0 0 0 0 0 0 
0 0 0 0 0 0 0 0 0 0 0 0 0 0 0 0 0 0 0 0 0 0 0 0 0 0 0 0 0 0 0 0 0 0 0 0 0 0 0 0 
0 0 0 0 0 0 0 0 0 0 0 0 0 1 0 0 0 0 0 0 0 0 0 0 0 0 0 0 0 0 1 0 0 0 0 0 0 0 0 0 
0 0 0 0 0 0 0 0 0 0 0 0 2 0 0 0 0 0 0 0 0 0 0 0 0 0 1 0 1 0 0 0 0 0 0 0 0 0 0 0 
0 0 0 0 0 0 0 0 0 0 0 0 0 0 1 0 0 0 0 0 0 0 0 0 0 0 0 0 0 0 0 0 0 0 0 0 0 0 0 0 
1 0 0 0 0 0 0 0 0 0 0 0 0 0 0 0 0 0 0 0 0 0 0 0 0 0 0 1 0 0 0 0 0 0 0 0 0 0 0 0 
0 0 0 0 0 0 1 0 0 0 0 0 0 0 0 1 0 0 0 0 0 0 0 0 0 0 1 0 0 0 0 0 0 0 0 0 0 0 0 0 
0 0 0 0 0 0 0 0 1 1 0 0 0 0 0 0 0 0 0 0 0 0 0 0 0 0 0 0 0 0 0 0 0 0 0 0 0 0 0 0 

0 0 0 0 0 0 0 0 0 0 0 0 1 0 1 0 0 0 0 0 0 0 0 0 0 0 0 0 0 0 0 0 0 0 0 0 0 0 0 0 
0 0 0 0 0 0 0 0 0 0 0 0 0 0 0 0 0 0 0 0 0 0 0 0 0 0 0 0 0 0 0 0 0 0 0 0 0 0 0 0 
0 0 0 0 0 0 0 0 0 0 0 0 0 0 0 0 0 0 0 0 0 0 0 0 0 0 0 0 0 0 0 0 0 0 0 0 0 0 0 0 
0 0 0 0 0 0 0 0 0 0 0 0 0 1 0 0 0 0 0 0 0 0 0 0 0 0 0 0 0 0 0 0 0 0 0 0 0 0 0 0 
0 0 0 0 0 0 0 0 1 0 0 0 0 0 0 0 0 0 0 0 0 0 0 0 0 0 0 0 0 0 0 0 0 0 0 0 0 0 0 0 
0 0 0 0 0 0 0 0 0 1 0 0 0 0 0 0 0 0 0 0 0 0 0 0 0 0 0 0 0 0 0 0 0 0 0 0 0 0 0 0 
0 0 0 0 0 0 0 0 0 0 0 0 0 0 0 0 0 0 0 0 0 0 0 0 1 0 0 0 0 0 0 0 0 0 0 0 0 0 0 0 
0 0 0 0 0 0 0 0 0 0 0 0 0 0 0 0 0 0 0 0 0 0 0 0 0 0 0 0 0 0 0 0 0 0 0 0 0 0 0 0 
0 0 0 0 0 0 0 0 0 0 0 0 0 1 0 0 0 0 0 0 0 0 0 0 0 0 0 0 1 0 0 0 0 0 0 0 0 0 0 0 
0 0 0 0 1 0 0 1 0 0 0 0 0 0 0 0 0 1 0 0 0 0 0 1 0 0 0 0 0 0 0 0 0 0 0 0 0 0 0 0 
0 0 0 0 0 0 0 0 0 1 0 1 0 0 1 0 0 0 0 0 0 1 0 0 0 0 0 1 1 0 0 0 1 0 0 0 0 1 0 0 
0 1 0 0 0 0 0 0 0 0 0 0 0 0 0 0 0 0 0 0 0 0 0 0 0 0 0 0 0 0 0 0 0 0 0 0 0 0 0 0 
0 0 0 0 0 0 0 0 0 0 0 0 0 1 0 0 0 0 0 0 0 0 0 0 0 0 0 0 0 0 1 0 0 0 0 0 0 0 0 0 
0 0 0 0 0 0 0 0 0 0 2 1 0 0 0 1 0 0 0 0 0 0 0 0 0 1 0 0 1 0 0 0 1 0 0 0 0 0 0 0 
0 0 0 1 0 0 0 0 0 0 0 0 0 0 0 1 0 0 0 0 0 0 0 0 0 0 0 0 0 0 0 0 0 0 0 0 0 0 0 0 
0 0 0 1 0 0 0 0 0 0 0 0 0 0 1 0 1 0 0 0 0 0 0 0 0 0 0 0 0 0 0 0 0 0 0 0 0 0 0 0 
0 0 0 0 0 0 0 0 0 0 0 1 0 0 0 0 0 0 0 0 0 0 0 0 0 1 0 0 0 0 0 0 0 0 0 0 0 0 0 0 
0 0 0 0 0 0 0 0 0 0 0 0 1 0 0 0 0 0 0 0 1 0 0 0 0 0 0 0 0 0 0 0 0 0 0 0 0 0 0 0 
0 0 0 0 0 0 0 0 0 0 0 0 0 1 0 0 0 0 0 0 0 0 0 0 0 0 0 0 0 0 0 0 0 0 0 0 0 0 0 0 
0 0 0 0 0 1 1 0 0 0 0 0 0 0 0 0 1 0 1 0 0 1 0 0 0 0 0 0 1 0 0 0 0 0 0 0 0 0 0 0 
0 0 0 0 0 0 0 0 0 0 0 0 0 0 0 0 0 0 0 1 0 0 0 0 0 0 0 0 0 0 0 0 0 0 0 0 0 0 0 0 
0 0 0 0 0 0 0 0 0 0 0 0 1 0 0 0 0 0 2 1 0 0 0 0 0 0 1 0 0 0 0 0 0 0 0 0 0 0 0 0 
0 0 0 0 0 1 0 0 0 0 0 0 1 0 0 0 0 0 0 0 0 0 0 0 0 0 1 0 0 0 0 0 0 0 0 1 0 0 0 0 
0 0 0 0 0 0 0 0 0 1 0 0 1 0 0 0 0 0 0 1 0 0 0 1 0 0 0 0 0 0 0 0 0 0 0 0 0 0 0 0 

0 0 0 0 0 0 0 0 0 0 0 0 0 0 0 0 0 0 0 0 0 0 0 0 0 0 0 0 0 0 0 0 0 0 0 0 0 0 0 0 
0 0 0 0 0 0 0 0 0 1 0 0 1 0 0 0 0 0 0 0 0 0 0 0 0 0 0 0 2 0 0 0 0 0 0 0 0 0 0 0 
0 0 0 0 0 0 0 0 0 0 0 0 0 0 0 0 0 0 0 0 0 0 0 0 0 0 0 0 0 0 0 0 0 0 0 0 0 0 0 0 
0 0 0 0 0 0 0 0 0 0 1 0 0 0 0 0 0 0 0 0 0 0 0 0 0 0 0 0 0 0 0 0 0 0 0 0 0 0 0 0 
0 0 0 0 0 0 0 0 1 1 0 0 0 0 0 0 0 0 0 0 0 0 0 0 0 0 0 0 0 0 0 0 0 0 0 0 0 0 0 0 
0 0 0 0 0 0 0 0 0 0 0 0 0 1 0 0 0 0 0 0 0 0 0 0 0 0 0 0 1 1 0 0 0 0 0 0 0 0 0 0 
0 0 0 0 0 0 0 0 0 0 0 0 0 0 0 0 1 0 0 0 0 0 0 0 0 0 0 0 0 0 0 0 0 0 0 0 0 0 0 0 
0 0 0 0 0 0 0 0 0 0 0 1 0 0 0 0 0 0 0 0 0 0 0 0 0 0 0 0 0 0 0 0 0 0 0 0 0 0 0 0 
0 0 0 0 0 0 0 0 0 0 0 0 0 0 0 0 0 0 0 0 0 0 0 0 0 0 0 0 0 0 0 0 0 0 0 0 0 0 0 0 
0 0 0 0 0 0 0 0 0 1 0 0 0 0 0 0 0 0 0 0 0 0 0 0 0 0 0 0 0 0 0 0 0 0 0 0 0 0 0 0 
0 0 0 0 1 1 0 0 0 0 0 0 0 0 0 0 0 0 0 1 0 0 0 0 0 0 0 0 0 0 0 0 0 0 0 0 0 0 0 0 
0 0 0 0 0 0 0 0 0 0 0 0 0 0 0 0 1 0 0 0 0 0 0 0 0 0 0 0 0 0 0 0 0 0 0 0 0 0 0 0 
0 0 0 0 0 0 0 0 0 0 0 0 0 0 0 0 0 0 0 0 0 0 0 0 0 0 0 0 0 0 0 0 0 0 0 0 0 0 0 0 
0 0 0 0 0 0 0 0 0 0 0 0 1 2 0 0 0 0 0 0 0 0 0 0 0 0 0 0 0 0 0 0 0 0 0 0 0 0 0 0 
0 0 0 0 0 0 0 0 0 0 0 0 0 0 0 0 0 1 0 0 0 0 0 0 0 0 0 0 0 0 0 0 0 0 0 0 0 0 0 0 
0 0 0 0 0 1 0 0 0 0 0 0 0 0 1 0 0 0 0 0 0 0 0 0 0 0 0 0 0 0 0 0 0 0 0 0 0 0 0 0 
0 0 0 0 0 0 0 0 1 0 0 0 1 0 0 0 0 0 0 0 0 0 0 0 0 0 0 0 0 0 0 0 0 0 0 0 0 0 0 0 
0 0 0 0 0 0 0 0 0 0 0 0 0 0 0 0 0 0 0 0 0 0 0 0 0 0 0 0 0 0 0 0 0 0 0 0 0 0 0 0 
0 0 0 0 0 0 0 0 0 0 0 1 0 1 0 0 0 0 0 0 0 0 0 0 0 0 0 0 0 0 0 0 0 0 0 0 0 0 0 0 
0 0 1 0 0 0 0 0 0 0 0 0 0 1 0 0 0 0 0 0 0 0 0 0 0 0 0 0 0 0 0 0 0 0 0 0 0 0 0 0 
0 0 0 0 0 0 0 0 0 0 0 0 0 0 0 0 0 0 0 0 0 0 0 0 0 0 0 0 0 0 0 0 0 0 0 0 0 0 0 0 
0 0 0 0 0 0 0 0 0 0 0 0 0 0 0 0 0 0 0 0 0 0 0 0 0 0 0 1 1 0 0 0 0 0 0 0 0 0 0 0 
0 0 0 0 0 0 0 0 0 0 1 0 1 0 0 0 0 0 0 0 0 0 0 1 0 0 0 0 0 0 0 0 0 0 0 0 0 0 0 0 
0 0 0 0 0 0 0 0 0 0 0 0 0 0 0 0 0 0 0 0 0 0 0 0 0 0 0 0 0 0 0 0 0 0 0 0 0 0 0 0 

0 0 0 0 0 0 0 0 0 0 0 0 0 0 0 0 0 0 0 0 0 0 0 0 0 0 0 0 0 0 0 0 0 0 0 0 0 0 0 0 
0 0 0 0 0 0 0 0 0 0 0 0 0 0 0 0 0 0 0 0 0 0 0 0 0 0 0 0 0 0 0 1 0 0 0 0 0 0 0 0 
0 0 0 0 0 0 0 0 0 0 0 0 0 0 0 0 0 0 0 0 0 0 0 0 0 0 0 0 0 0 0 0 0 0 0 0 0 0 0 0 
0 0 0 0 0 0 0 0 0 0 0 0 0 0 0 0 0 0 0 0 0 0 0 0 0 0 0 0 0 0 0 0 0 0 0 0 0 0 0 0 
0 0 0 0 0 0 0 0 0 0 0 0 0 0 0 0 0 0 0 0 0 0 0 0 0 0 1 0 0 1 0 0 0 0 0 0 0 0 0 0 
0 0 0 0 0 0 0 0 0 0 0 0 0 0 0 0 0 0 0 0 0 0 0 0 0 0 0 1 0 0 0 0 0 0 0 0 0 0 0 0 
0 0 0 0 0 0 0 0 0 0 0 0 0 0 0 0 0 0 0 0 0 0 0 0 0 0 0 0 0 0 0 0 0 0 0 0 0 0 0 0 
0 0 0 0 0 0 0 0 0 0 0 1 0 0 0 0 0 0 0 0 0 0 0 0 0 0 0 0 0 0 0 0 0 0 0 0 0 0 0 0 
0 0 0 0 0 0 0 0 0 0 0 0 0 0 0 0 0 0 0 0 0 0 0 0 0 0 0 0 0 0 0 0 0 0 0 0 0 0 0 0 
0 0 0 0 0 0 0 0 0 0 0 0 0 0 0 0 0 0 0 0 0 0 0 0 0 0 0 0 0 0 0 0 0 0 0 0 0 0 0 0 
0 0 0 0 0 0 0 0 0 0 0 0 0 0 0 0 0 0 0 0 0 0 0 0 0 0 0 2 0 0 0 0 0 0 0 1 1 0 0 0 
0 0 0 0 0 0 0 0 0 0 0 0 0 0 0 0 0 0 0 0 0 0 0 0 0 0 0 0 0 0 0 0 0 0 0 0 0 0 0 0 
0 0 0 0 0 0 0 0 0 0 1 0 0 0 1 0 0 0 0 0 0 0 0 0 0 0 0 0 0 0 0 0 0 0 0 0 0 0 0 0 
0 0 0 0 0 0 0 0 0 1 1 0 0 0 0 0 0 0 0 0 0 0 0 0 0 0 0 0 0 0 0 0 0 0 0 0 0 0 0 0 
0 0 0 0 0 0 0 0 0 0 0 0 0 0 0 0 0 0 0 0 0 0 0 0 0 0 0 0 0 0 0 0 0 0 0 0 0 0 0 0 
0 0 0 0 0 0 0 0 0 0 0 0 0 1 0 0 0 0 1 0 0 0 0 0 0 0 0 0 0 0 0 0 0 0 0 0 0 0 0 0 
0 0 0 0 0 1 0 0 0 0 0 0 0 0 0 0 0 0 0 0 0 0 0 0 0 0 0 0 0 0 0 0 0 0 0 0 0 0 0 0 
0 0 0 0 0 0 0 0 0 0 0 1 0 0 0 0 0 0 0 0 0 0 0 0 0 0 0 0 0 0 0 0 0 0 0 0 0 0 0 0 
0 0 0 0 0 0 0 0 0 0 0 0 0 0 0 0 0 0 0 0 0 0 0 1 0 0 0 0 0 0 0 0 0 0 0 0 0 0 0 0 
0 0 0 0 1 0 0 0 0 0 0 0 0 0 0 0 0 0 0 0 0 0 0 0 1 0 0 0 0 0 0 0 0 0 0 0 0 0 0 0 
0 0 0 0 0 0 0 0 0 1 0 0 0 0 0 0 0 0 0 0 0 0 0 0 0 0 0 0 0 0 0 0 0 0 0 0 0 0 0 0 
0 0 0 0 0 0 0 0 0 0 0 0 0 0 0 0 0 0 0 0 0 0 0 0 0 2 0 0 0 0 0 0 0 0 0 0 0 0 0 0 
0 0 0 0 0 0 0 0 0 0 0 0 0 1 0 1 0 0 0 0 0 0 0 0 0 0 0 1 0 0 0 0 0 0 0 0 0 0 0 0 
0 0 0 0 0 0 0 1 0 0 0 0 0 0 0 0 0 0 0 0 0 0 0 1 0 0 0 0 0 0 0 0 0 0 0 0 0 0 0 0 

0 0 0 0 0 0 0 0 0 0 0 0 0 1 0 0 0 0 0 0 0 0 0 0 0 1 0 0 0 0 0 0 0 0 0 0 0 0 0 0 
0 0 0 0 0 0 0 0 0 0 0 0 0 0 0 0 1 0 0 0 0 0 0 0 0 0 0 0 0 0 0 0 0 0 0 0 0 0 0 0 
0 0 0 0 0 0 0 0 0 0 0 1 0 0 0 0 0 0 0 0 0 0 0 0 0 0 0 0 0 0 0 0 0 0 0 0 0 0 0 0 
0 0 0 0 0 0 0 0 0 0 0 1 0 0 0 0 0 0 0 0 0 0 0 0 0 1 0 1 0 0 0 0 0 0 0 0 0 0 0 0 
0 0 0 0 0 1 0 0 0 0 0 0 0 0 0 0 0 0 0 0 0 0 0 0 0 0 0 0 0 0 0 0 0 0 0 0 0 0 0 0 
0 0 0 0 0 0 0 0 0 0 0 0 0 0 0 0 0 0 0 0 0 0 0 0 0 0 0 0 0 0 0 0 0 0 0 0 0 0 0 0 
0 0 0 0 0 0 0 0 0 0 0 0 0 0 0 0 0 0 0 0 0 0 0 0 0 0 0 0 0 0 0 0 0 0 0 0 0 0 0 0 
0 0 0 0 0 0 0 0 0 0 1 0 0 0 0 0 0 0 0 0 0 0 0 0 0 0 0 0 0 1 0 0 0 0 0 0 0 0 0 0 
0 0 0 0 0 0 0 0 0 0 0 0 0 0 0 0 0 0 0 0 0 0 0 0 0 0 0 0 0 0 0 0 0 0 0 0 0 0 0 0 
0 0 0 0 0 0 0 0 0 0 0 0 0 0 0 0 0 0 0 0 0 0 0 0 0 0 0 0 0 0 0 0 0 0 0 0 0 0 0 0 
0 0 0 1 0 0 0 0 0 0 0 0 0 0 0 0 0 0 0 0 0 0 0 0 0 0 0 1 0 0 0 0 0 0 0 0 0 0 0 0 
0 0 0 0 0 0 0 0 0 0 0 0 0 0 0 0 0 0 0 0 0 0 0 1 0 0 0 0 0 0 0 0 0 0 0 0 0 0 0 0 
0 0 0 0 0 0 0 1 0 0 0 0 0 0 0 0 0 1 0 0 0 0 0 0 1 0 1 0 0 0 0 0 0 0 0 0 0 0 0 0 
0 0 0 0 0 0 0 0 0 0 0 0 0 0 0 0 0 0 0 0 0 0 1 0 0 0 1 1 0 0 0 0 0 0 0 0 0 0 0 0 
0 0 0 0 0 0 0 0 0 0 0 0 0 0 0 0 0 0 0 0 0 0 0 0 0 0 0 0 0 0 0 0 0 0 0 0 0 0 0 0 
0 0 0 0 0 0 0 0 0 0 0 0 0 0 0 0 0 0 0 0 0 0 0 0 0 0 0 0 0 0 0 0 0 0 0 0 0 0 0 0 
0 0 0 0 0 0 0 0 0 0 0 0 1 0 0 0 0 0 0 0 0 1 0 0 1 0 0 0 0 0 0 0 0 0 0 0 0 0 0 0 
0 0 0 0 0 0 0 0 0 0 0 0 0 0 0 0 0 0 0 0 0 0 0 0 0 0 0 0 0 0 0 0 0 0 0 0 0 0 0 0 
0 0 0 0 0 0 0 0 0 0 0 0 0 0 0 0 0 0 0 0 0 0 0 0 0 0 0 0 0 0 1 0 0 0 0 0 0 0 0 0 
0 0 0 1 0 0 0 0 0 0 0 0 0 0 0 0 0 0 0 0 0 0 0 0 0 0 0 0 0 0 0 0 0 0 1 0 0 0 0 0 
0 0 0 0 0 0 0 0 0 0 0 0 0 0 0 0 0 0 0 0 0 0 0 0 0 0 0 0 0 0 0 0 0 0 0 0 0 0 0 0 
0 0 0 0 0 0 0 0 0 0 0 0 0 0 0 0 0 0 0 0 0 0 0 0 0 0 0 0 1 0 0 0 0 0 0 0 0 0 0 0 
0 0 0 0 0 0 0 0 0 0 0 0 0 0 0 0 0 0 0 0 0 0 0 0 0 0 0 0 0 0 0 0 0 0 0 0 0 0 0 0 
0 0 0 0 0 0 0 0 0 1 0 0 0 0 0 0 0 0 0 0 0 0 0 0 0 0 0 0 0 0 0 0 0 0 0 0 0 0 0 0 

0 0 0 0 0 0 0 1 0 0 0 0 0 0 0 0 0 0 0 0 0 0 0 0 0 0 0 0 0 0 0 0 0 0 0 0 0 0 0 0 
0 0 0 0 0 0 0 0 0 0 0 0 0 0 0 0 0 0 0 0 0 0 0 0 0 0 0 0 0 0 0 0 0 0 0 0 0 0 0 0 
0 0 0 0 0 0 0 0 0 0 0 0 0 0 0 0 0 0 0 0 0 0 0 0 0 0 0 0 0 0 0 0 0 0 0 0 0 0 0 0 
0 0 0 0 0 0 0 0 0 0 0 0 0 0 0 0 0 0 0 0 0 0 0 0 0 0 0 0 0 0 0 0 0 0 0 0 0 0 0 0 
0 0 0 0 0 0 0 0 1 0 0 0 0 0 0 0 0 0 0 0 0 0 0 0 0 0 0 0 0 0 0 1 0 0 0 0 0 0 0 0 
0 0 0 0 0 0 0 0 0 1 0 0 0 0 0 0 0 0 0 0 0 0 0 0 0 0 0 0 0 0 0 0 0 0 0 0 0 0 0 0 
0 0 0 0 0 0 0 0 0 1 0 0 0 0 0 0 0 0 0 0 0 0 0 0 0 0 0 0 0 0 0 0 0 0 0 0 0 0 0 0 
0 0 0 0 0 0 0 0 0 0 0 0 0 0 0 0 0 0 0 0 0 0 0 0 0 0 0 0 0 0 0 0 0 0 0 0 0 0 0 0 
0 0 0 0 0 0 0 0 0 0 1 0 0 0 0 0 0 0 0 0 0 0 0 0 0 0 0 0 0 0 0 0 0 0 0 0 0 0 0 0 
0 0 0 0 0 0 0 0 0 0 0 0 0 0 0 0 0 0 0 0 0 0 0 0 0 0 0 0 0 0 0 0 0 0 0 0 0 0 0 0 
0 0 0 0 0 0 0 0 0 0 0 0 0 0 0 0 0 0 0 0 0 0 0 0 0 1 0 0 0 0 0 0 0 0 0 0 0 0 0 0 
0 0 0 0 0 0 0 0 0 0 0 0 0 0 0 0 0 0 0 0 0 0 0 0 0 0 0 0 0 0 0 0 0 0 0 0 0 0 0 0 
0 0 0 0 0 0 0 0 0 0 0 1 1 0 0 0 0 0 0 0 0 0 1 0 0 0 0 1 0 0 0 0 0 0 0 0 0 0 0 0 
0 0 0 0 0 0 0 0 0 0 0 0 0 0 0 0 1 0 0 0 0 0 0 0 0 1 0 0 0 0 0 0 0 0 0 0 0 0 0 0 
0 0 0 0 0 0 0 0 0 0 0 0 0 0 0 0 0 0 0 0 1 0 0 0 0 0 0 0 0 0 0 0 0 0 0 0 0 0 0 0 
0 0 0 0 0 0 0 0 0 0 0 0 0 0 0 1 0 0 0 0 0 0 0 0 0 0 0 0 0 0 0 0 0 0 0 0 0 0 0 0 
0 0 0 0 0 0 0 0 1 1 0 0 0 0 0 0 0 0 0 0 0 0 0 0 0 0 0 1 0 0 0 0 0 0 0 0 0 0 0 0 
0 0 0 0 0 0 0 0 0 0 0 0 0 0 0 0 0 0 0 0 0 0 0 0 0 0 0 0 0 0 0 0 0 0 0 0 0 0 0 0 
0 1 0 0 0 0 0 0 0 0 0 0 0 0 0 0 0 0 0 0 0 0 0 0 0 0 0 1 0 0 0 0 0 0 0 0 0 0 0 0 
0 0 0 0 0 0 0 0 0 0 0 0 0 0 0 0 0 0 0 0 0 0 0 0 0 0 0 0 0 0 0 0 0 0 0 0 0 0 0 0 
0 0 0 0 0 0 0 0 0 0 0 0 0 0 0 0 0 0 0 1 0 1 0 0 0 0 0 1 0 0 0 0 0 0 0 0 0 0 0 0 
0 0 0 0 0 0 0 0 0 0 0 0 0 0 0 0 0 0 0 0 0 1 0 0 0 0 0 0 0 0 0 0 0 0 0 0 0 0 0 0 
0 0 0 0 0 0 0 0 0 0 0 0 0 0 0 0 0 0 0 0 0 0 0 0 0 0 0 0 0 0 0 0 0 0 0 0 0 0 0 0 
0 0 0 0 0 0 0 0 0 0 0 0 0 0 0 0 0 0 0 0 0 0 0 0 0 0 0 0 0 0 0 0 0 0 0 0 0 0 0 0 

0 0 0 0 0 0 0 0 0 0 0 0 0 0 0 0 0 0 0 0 0 0 0 0 0 0 0 0 0 0 0 0 0 0 0 0 0 0 0 0 
0 0 0 0 0 0 0 0 0 0 0 0 0 0 0 0 0 0 0 0 0 0 0 0 0 0 0 0 0 0 0 0 0 0 0 0 0 0 0 0 
0 0 0 0 0 0 0 0 0 0 0 0 0 0 0 0 0 0 0 0 0 0 0 0 0 0 0 0 0 0 0 0 0 0 0 0 0 0 0 0 
0 0 0 0 0 0 0 0 0 0 1 0 0 0 0 0 0 0 0 0 0 0 0 0 0 0 0 0 0 0 0 0 0 0 0 0 0 0 0 0 
0 0 0 0 0 0 0 0 0 0 0 0 0 0 0 0 0 0 0 0 0 0 0 0 0 0 0 0 0 0 0 0 0 0 0 0 0 0 0 0 
0 0 0 0 0 0 0 0 0 0 0 0 0 0 0 0 0 0 0 0 0 0 0 0 0 0 0 0 0 0 0 0 0 0 0 0 0 0 0 0 
0 0 0 0 0 0 0 0 0 0 0 0 0 0 0 0 0 0 0 0 0 0 0 0 0 0 0 0 0 0 0 0 0 0 0 0 0 0 0 0 
0 0 0 0 0 0 0 0 0 0 0 0 0 0 0 0 0 0 0 0 0 0 0 0 1 0 0 1 0 0 0 0 0 0 0 0 0 0 0 0 
0 0 0 0 0 0 0 0 0 0 0 0 0 0 0 0 0 0 0 0 0 0 0 0 0 0 0 0 0 0 0 0 0 0 0 0 0 0 0 0 
0 0 0 0 0 0 0 0 0 0 0 0 0 0 1 0 0 0 0 0 0 0 0 0 0 0 0 0 0 0 0 0 0 0 0 0 0 0 0 0 
0 0 0 0 0 0 0 0 0 0 0 0 0 0 0 0 0 0 0 0 0 0 0 0 0 0 0 0 0 0 0 0 0 0 0 0 0 0 0 0 
0 0 0 0 0 0 0 0 0 0 0 0 0 1 0 0 0 0 0 0 0 0 0 0 0 0 0 0 0 0 0 0 0 0 0 0 0 0 0 0 
0 0 0 0 0 0 0 0 0 0 0 0 1 0 0 0 0 0 0 0 0 0 0 0 0 0 0 0 0 0 0 0 0 0 0 0 0 0 0 0 
0 0 0 0 1 0 0 0 0 0 0 0 1 0 0 0 0 0 0 0 0 0 0 0 0 0 0 1 0 0 0 0 0 0 0 0 0 0 0 0 
0 0 0 0 0 0 0 0 0 0 0 0 0 0 0 0 0 0 0 0 0 0 0 0 0 0 0 0 0 0 0 0 0 0 0 0 0 0 0 0 
0 0 0 0 0 0 0 1 0 0 0 0 0 0 0 0 0 0 0 0 0 0 0 0 0 1 0 0 0 0 0 0 0 0 0 0 0 0 0 0 
0 0 0 0 0 0 0 0 0 1 0 0 0 0 0 0 0 0 0 0 0 0 0 0 0 0 0 1 0 0 0 0 0 0 0 0 0 0 0 0 
0 0 0 0 0 0 0 0 0 0 0 0 0 0 1 0 0 0 0 0 0 0 0 0 0 0 0 0 0 0 0 0 0 0 0 0 0 0 0 0 
0 0 0 1 0 0 0 0 0 0 0 0 0 0 0 0 0 0 0 0 0 0 0 0 0 0 0 0 0 0 0 0 0 0 0 0 0 0 0 0 
0 0 0 0 0 0 0 0 0 1 0 1 0 0 0 0 0 0 0 0 0 0 0 0 0 0 0 0 0 1 0 0 0 0 0 0 0 0 0 0 
0 0 0 0 0 0 0 0 0 0 0 0 0 0 0 0 0 0 0 0 0 0 0 0 0 0 0 0 0 0 0 0 0 0 0 0 0 0 0 0 
0 0 0 0 0 0 0 0 0 0 0 0 0 1 0 1 0 0 0 0 0 0 0 0 0 0 0 0 0 0 0 0 0 0 0 0 0 0 0 0 
0 0 0 0 0 0 0 0 0 0 0 0 0 1 0 0 0 0 0 0 0 0 0 0 0 0 0 0 0 0 0 0 0 0 0 0 0 0 0 0 
0 0 0 0 0 0 0 0 0 0 0 0 0 0 0 0 0 0 0 0 0 0 0 0 0 0 0 0 0 0 0 0 0 0 0 0 0 0 0 0 

0 0 0 0 0 0 0 0 0 0 0 0 0 0 0 0 0 0 0 0 0 0 0 0 0 0 0 0 0 0 0 0 0 0 0 0 0 0 0 0 
0 0 0 0 0 0 0 0 0 0 0 0 0 0 0 0 0 0 0 0 0 0 0 0 0 0 0 0 2 0 0 0 0 0 0 0 0 0 0 0 
0 0 0 0 0 0 0 0 0 0 0 1 0 0 0 0 0 0 0 0 0 0 0 0 0 0 0 0 0 0 0 0 0 0 0 0 0 0 0 0 
0 0 0 0 0 0 0 0 0 0 0 0 0 0 0 0 0 0 0 0 0 0 0 0 0 0 0 1 1 0 0 0 0 0 0 0 0 0 0 0 
0 0 0 0 0 0 0 0 0 0 0 0 0 0 0 0 0 0 0 0 0 0 0 0 0 0 0 0 0 0 0 0 0 0 0 0 0 0 0 0 
0 0 0 0 0 0 0 0 0 0 0 0 0 0 0 0 0 0 0 0 0 0 0 0 0 0 0 0 0 0 0 0 0 0 0 0 0 0 0 0 
0 0 0 0 0 0 0 0 0 0 0 0 0 0 0 0 0 0 0 0 0 0 0 0 0 0 0 0 0 0 0 0 0 0 0 0 0 0 0 0 
0 0 0 0 0 0 0 0 0 0 0 0 0 0 0 0 0 0 0 0 0 0 0 0 0 0 0 0 1 0 0 0 0 0 0 0 0 0 0 0 
0 0 0 0 0 0 0 0 0 0 0 0 0 0 1 0 0 0 0 0 0 0 0 0 0 0 0 0 0 0 0 0 0 0 0 0 0 0 0 0 
0 0 0 0 0 0 0 0 0 0 0 0 0 0 0 0 0 0 0 0 0 0 0 0 0 0 0 0 0 0 0 0 0 0 0 0 0 0 0 0 
0 0 0 0 0 0 0 0 0 0 0 1 1 0 1 0 0 0 0 0 0 0 0 0 1 0 0 0 0 0 0 0 0 0 0 0 0 0 0 0 
0 0 0 0 0 0 0 0 0 0 0 0 0 0 0 0 0 0 0 0 0 0 0 0 0 0 0 0 0 0 0 0 0 0 0 0 0 0 0 0 
0 0 0 0 0 0 0 0 0 0 0 0 0 0 1 0 0 0 0 0 0 0 0 0 0 0 0 0 0 0 0 0 0 0 0 0 0 0 0 0 
0 0 0 0 0 0 0 0 0 0 0 0 0 0 0 0 0 0 0 0 0 0 0 0 0 0 0 0 0 0 0 0 0 0 0 0 0 0 0 0 
0 0 0 0 0 0 0 0 0 0 0 0 0 0 0 0 0 0 0 0 0 0 0 0 0 0 0 0 0 0 0 0 0 0 0 0 0 0 0 0 
0 0 0 0 0 0 0 0 0 0 0 1 0 0 0 0 0 0 0 0 0 0 0 0 0 0 0 0 0 0 0 0 0 0 0 0 0 0 0 0 
0 0 0 0 0 1 0 0 0 0 0 0 0 0 0 0 0 0 0 0 0 0 0 0 0 0 0 0 0 0 0 0 0 0 0 0 0 0 0 0 
0 0 0 0 0 0 0 0 0 0 0 0 0 0 0 0 0 0 0 0 0 0 0 0 0 0 0 0 0 0 0 0 0 0 0 0 0 0 0 0 
0 0 0 0 0 1 0 0 0 0 0 0 0 0 0 1 0 0 0 0 0 0 0 0 0 0 0 0 0 0 0 0 0 0 0 0 0 0 0 0 
0 0 0 0 0 0 0 0 0 0 0 0 0 0 0 0 0 0 0 0 0 0 0 0 0 0 0 0 0 0 0 0 1 0 0 0 0 0 0 0 
0 0 0 0 0 0 0 0 0 0 0 0 0 0 0 0 0 0 0 0 0 0 0 0 0 0 0 0 0 0 0 0 0 0 0 0 0 0 0 0 
0 0 0 0 0 0 0 0 0 0 0 0 0 0 0 0 0 0 0 0 0 0 0 0 0 0 0 0 0 0 0 0 0 0 0 0 0 0 0 0 
0 0 0 0 0 0 0 0 0 0 0 0 1 0 0 0 0 0 0 0 0 0 0 0 0 0 0 0 0 0 0 0 0 0 0 0 0 0 0 0 
0 0 0 0 0 0 0 0 0 0 0 0 0 0 0 0 0 0 0 0 0 0 0 0 0 0 0 0 0 0 0 0 0 0 0 0 0 0 0 0 

0 0 0 0 0 0 0 0 0 0 0 0 0 0 0 0 0 0 0 0 0 0 0 0 0 0 0 0 0 0 0 0 0 0 0 0 0 0 0 0 
0 0 0 0 0 0 0 0 0 0 0 0 0 0 0 0 0 0 0 0 0 0 0 0 0 0 0 0 0 0 0 0 0 0 0 0 0 0 0 0 
0 0 0 0 0 0 0 0 0 0 0 0 0 0 0 0 0 0 0 0 0 0 0 0 0 0 0 0 0 0 0 0 0 0 0 0 0 0 0 0 
0 0 0 0 0 0 0 0 0 0 0 0 0 0 0 0 0 0 0 0 0 0 0 0 0 0 0 0 0 0 0 0 0 0 0 0 0 0 0 0 
0 0 0 0 0 0 0 0 0 1 0 0 0 0 0 0 0 0 0 0 0 0 0 1 0 0 0 1 0 0 0 0 0 0 0 0 0 0 0 0 
0 0 0 0 0 0 0 0 0 0 0 0 0 0 0 0 0 0 0 0 0 0 0 0 0 0 0 0 0 0 0 0 0 0 0 0 0 0 0 0 
0 0 0 0 0 1 0 0 0 0 0 0 0 0 0 0 0 0 0 0 0 0 0 0 0 0 0 0 0 0 0 0 0 0 0 0 0 0 0 0 
0 0 0 0 0 0 0 0 0 0 0 0 0 2 0 0 0 0 0 0 0 0 0 0 0 0 0 0 0 0 0 0 0 0 0 0 0 0 0 0 
0 0 0 0 0 0 0 0 0 0 0 0 0 0 0 0 0 0 0 0 0 0 0 0 0 0 0 0 0 0 0 0 0 0 0 0 0 0 0 0 
0 0 0 0 0 0 0 0 0 0 0 0 0 0 0 0 0 0 0 0 0 0 0 0 0 0 0 0 0 0 0 0 0 0 0 0 0 0 0 0 
0 0 0 0 0 0 0 0 0 0 0 0 0 0 0 0 0 0 0 0 0 0 0 0 0 0 0 0 0 0 0 0 0 0 0 0 0 0 0 0 
0 0 0 0 0 0 0 0 0 0 0 0 0 0 0 0 0 0 0 0 0 0 0 0 0 0 0 0 0 0 0 0 0 0 0 0 0 0 0 0 
0 0 0 0 0 0 0 0 0 0 1 0 0 0 0 0 0 0 0 0 0 0 0 0 0 0 0 0 0 0 0 0 0 0 0 0 0 0 0 0 
0 0 0 0 0 0 0 0 0 0 0 0 0 0 0 0 0 0 0 0 0 0 0 0 0 0 0 0 0 0 0 0 0 0 0 0 0 0 0 0 
0 0 0 0 0 0 0 0 0 0 0 0 0 0 0 0 0 0 0 1 0 0 0 0 0 0 0 0 0 0 0 0 0 0 0 0 0 0 0 0 
0 0 0 0 0 0 0 0 0 0 0 0 0 0 0 0 0 0 0 0 0 0 0 0 0 0 0 0 0 0 0 0 0 0 0 0 0 0 0 0 
0 0 0 0 0 0 0 0 0 1 0 0 0 0 0 1 0 0 1 0 0 0 0 0 0 0 0 0 0 0 0 0 0 0 0 0 0 0 0 0 
0 0 0 0 0 0 0 0 0 0 0 0 0 0 0 0 0 0 0 0 0 0 0 0 0 0 0 0 0 0 0 0 0 0 0 0 0 0 0 0 
0 0 0 0 0 0 0 0 0 0 0 0 0 0 0 0 0 0 0 0 0 0 0 0 0 0 0 0 0 0 0 0 0 0 0 0 0 0 0 0 
0 0 0 0 0 0 0 0 0 0 0 0 0 0 1 1 0 0 0 0 0 0 0 0 0 0 0 0 0 0 0 0 0 0 0 0 0 0 0 0 
0 0 0 0 0 0 0 0 0 0 0 0 0 0 0 0 0 0 0 0 0 0 0 0 0 0 0 0 0 0 0 0 0 0 0 0 0 0 0 0 
0 0 0 0 0 0 0 0 0 0 0 0 0 0 0 0 0 0 0 0 0 0 0 0 0 0 1 0 0 0 0 0 0 0 0 0 0 0 0 0 
0 0 0 0 0 0 0 0 0 0 0 1 0 0 0 0 1 0 0 0 0 0 0 0 0 0 0 0 0 0 0 0 0 0 0 0 0 0 0 0 
0 0 0 0 0 0 0 0 0 0 0 0 0 0 0 0 0 0 0 0 0 0 0 0 0 0 0 0 0 0 0 0 0 0 0 0 0 0 0 0 

0 0 0 0 0 0 0 0 0 0 0 0 0 0 0 0 0 0 0 0 0 0 0 0 0 0 0 0 0 0 0 0 0 0 0 0 0 0 0 0 
0 0 0 0 0 0 0 0 0 0 0 0 0 0 0 0 0 0 0 0 0 0 0 0 0 0 0 0 0 0 0 0 0 0 0 0 0 0 0 0 
0 0 0 0 0 0 0 0 0 0 0 0 0 0 0 0 0 0 0 0 0 0 0 0 0 0 0 0 0 0 0 0 0 0 0 0 0 0 0 0 
0 0 0 0 0 0 0 0 0 0 0 0 0 0 0 0 0 0 0 0 0 0 0 1 0 0 0 0 0 0 0 0 0 0 0 0 0 0 0 0 
0 0 0 0 0 0 0 0 0 0 0 0 0 0 0 0 0 0 0 0 0 0 0 0 0 0 0 0 0 0 0 0 0 0 0 0 0 0 0 0 
0 0 0 0 0 0 0 0 0 0 0 0 0 0 0 0 0 0 0 0 0 0 0 0 0 0 0 0 0 0 0 0 0 0 0 0 0 0 0 0 
0 0 0 0 0 0 0 0 0 0 0 0 0 0 0 0 0 0 0 0 0 0 0 0 0 0 0 0 0 0 0 0 0 0 0 0 0 0 0 0 
0 0 0 0 0 1 0 0 0 0 0 0 0 0 0 0 0 0 0 0 0 0 0 0 0 0 0 0 0 0 0 0 0 0 0 0 0 0 0 0 
0 0 0 0 0 0 0 0 0 0 0 0 0 0 0 0 0 0 0 0 0 0 0 0 0 0 0 0 0 0 0 0 0 0 0 0 0 0 0 0 
0 0 0 0 0 0 0 0 0 0 0 0 0 0 0 0 0 0 0 0 0 0 0 0 0 0 0 0 0 0 0 0 0 0 0 0 0 0 0 0 
0 1 0 0 0 0 0 0 0 0 0 0 1 0 1 0 0 0 0 0 0 0 0 0 0 0 0 0 0 0 0 0 0 0 0 0 0 0 0 0 
0 0 0 0 0 0 0 0 0 0 0 0 0 0 0 0 0 0 0 0 0 0 0 0 0 0 0 0 0 0 0 0 0 0 0 0 0 0 0 0 
0 0 0 0 0 0 0 0 0 1 0 0 0 0 0 0 0 0 0 0 0 0 0 0 0 0 0 0 0 0 0 0 0 0 0 0 0 0 0 0 
0 0 0 0 0 0 0 0 0 0 0 1 1 0 0 0 0 0 0 0 0 0 0 0 0 0 0 1 0 0 0 0 0 0 0 0 0 0 0 0 
0 0 0 0 0 0 0 0 0 0 0 0 0 0 0 0 0 0 0 0 0 0 0 0 0 0 0 0 0 0 0 0 0 0 0 0 0 0 0 0 
0 0 0 0 0 0 0 0 0 0 0 0 0 0 1 0 0 0 0 0 0 0 0 0 0 0 0 0 0 0 0 0 0 0 0 0 0 0 0 0 
0 0 1 0 0 0 0 0 0 0 0 0 0 0 0 0 0 0 0 0 0 0 0 0 0 0 0 0 0 0 0 0 0 0 0 0 0 0 0 0 
0 0 0 0 0 0 0 0 0 0 0 0 0 0 0 0 0 0 0 0 0 0 0 0 0 0 0 0 0 0 0 0 0 0 0 0 0 0 0 0 
0 0 0 0 0 0 0 0 0 0 0 0 0 0 0 0 0 0 0 0 0 0 0 0 0 0 0 0 0 0 0 0 0 0 0 0 0 0 0 0 
0 0 0 0 0 0 0 0 0 0 0 0 1 0 0 0 0 0 0 0 0 0 0 0 0 0 0 0 0 0 0 0 0 0 0 0 0 0 0 0 
0 0 0 0 0 0 0 0 0 0 0 0 0 0 0 0 0 0 0 0 0 0 0 0 0 0 0 0 0 0 0 0 0 0 0 0 0 0 0 0 
0 0 0 0 0 0 0 0 0 0 0 0 0 0 0 0 0 0 0 0 0 0 0 0 0 0 0 0 0 0 0 0 0 0 0 0 0 0 0 0 
0 0 0 0 0 0 0 0 0 0 0 0 0 1 0 0 0 0 0 0 0 0 0 0 0 1 0 0 0 0 0 0 0 0 0 0 0 0 0 0 
0 0 0 0 0 0 0 0 0 0 0 0 0 0 0 0 0 0 0 0 0 0 0 0 0 0 0 0 0 0 0 0 0 0 0 0 0 0 0 0 

0 0 0 0 0 0 0 0 0 0 0 0 0 1 0 0 0 0 0 0 0 0 0 0 0 0 0 0 0 0 0 0 0 0 0 0 0 0 0 0 
0 0 0 0 0 0 0 0 0 0 0 1 0 0 0 0 0 0 0 0 0 0 0 0 0 0 0 0 0 0 0 0 0 0 0 0 0 0 0 0 
0 0 0 0 0 0 0 0 0 0 0 0 0 0 0 0 0 0 0 0 0 0 0 0 0 0 0 0 0 0 0 0 0 0 0 0 0 0 0 1 
0 0 0 0 0 0 0 0 0 0 0 0 0 0 0 0 0 0 0 0 0 0 0 0 0 0 0 0 0 0 0 0 0 0 0 0 0 0 0 0 
0 0 0 1 0 0 0 0 0 0 0 0 0 0 0 0 0 0 0 0 0 0 0 0 0 0 0 0 0 0 0 0 0 0 0 0 0 0 0 0 
0 0 0 0 0 0 0 0 0 0 0 0 0 0 0 0 0 0 0 0 0 0 0 0 0 0 0 0 0 0 0 0 0 0 0 0 0 0 0 0 
0 0 0 0 0 0 0 0 0 0 0 0 0 0 0 0 0 0 0 0 0 0 0 0 0 0 0 0 0 0 0 0 0 0 0 0 0 0 0 0 
0 0 0 0 0 0 0 0 0 0 0 0 0 0 0 0 0 0 0 0 0 0 0 0 0 0 0 0 0 0 0 0 0 0 0 0 0 0 0 0 
0 0 0 0 0 0 0 0 0 0 0 0 0 0 0 0 0 0 0 0 0 0 0 0 0 0 0 0 0 0 0 0 0 0 0 0 1 0 0 0 
0 0 0 0 0 0 0 0 0 0 0 0 0 0 0 0 0 0 0 0 0 0 0 0 0 0 0 0 0 0 0 0 0 0 0 0 0 0 0 0 
1 0 0 0 0 0 0 0 0 0 0 0 0 0 0 0 0 0 0 0 0 0 0 0 0 0 0 0 0 0 0 0 0 0 0 0 0 0 0 0 
0 0 0 0 0 0 0 0 0 0 0 0 0 0 0 0 0 0 0 0 0 0 0 0 0 0 0 0 1 0 0 0 0 0 0 0 0 0 0 0 
0 0 0 0 0 0 0 0 0 0 0 0 0 1 0 0 0 0 0 0 0 0 0 0 0 0 0 0 0 0 0 0 0 0 0 0 0 0 0 0 
0 0 0 0 0 0 0 0 0 0 0 1 0 0 0 0 0 0 0 0 0 0 0 0 0 0 0 0 0 0 0 0 0 0 0 0 0 0 0 0 
0 0 0 0 0 0 0 0 0 0 0 0 0 0 0 0 0 0 0 0 0 0 0 0 0 0 0 0 0 0 0 0 0 0 0 0 0 0 0 0 
0 0 0 0 0 0 0 0 0 0 0 0 0 0 0 0 0 0 0 0 0 0 0 0 0 0 0 0 0 0 0 0 0 0 0 0 0 0 0 0 
0 0 0 0 0 0 0 0 0 0 0 0 0 0 0 0 0 0 0 0 0 0 0 0 0 0 0 1 0 0 0 0 0 0 0 0 0 0 0 0 
0 0 0 0 0 0 0 0 0 0 0 0 0 0 0 0 0 0 0 0 0 0 0 0 0 0 0 0 0 0 0 0 0 0 0 0 0 0 0 0 
0 0 0 0 0 0 0 0 0 0 0 0 0 0 0 0 0 0 0 0 0 0 0 0 0 0 0 0 0 0 0 0 0 0 0 0 0 0 0 0 
0 0 0 0 0 0 0 0 0 0 0 0 0 0 0 1 0 0 0 0 0 0 0 0 0 0 0 0 1 0 0 0 0 0 0 0 0 0 0 0 
0 0 0 0 0 0 0 0 0 0 0 0 0 0 0 0 0 0 0 0 0 0 0 0 0 0 0 0 0 0 0 0 0 0 0 0 0 0 0 0 
0 0 0 0 0 0 0 0 0 0 0 0 0 0 1 0 0 0 0 0 0 0 0 0 0 0 0 0 0 0 0 0 0 0 0 0 0 0 0 0 
0 0 0 0 0 0 0 0 0 0 0 0 0 0 0 0 0 0 0 0 0 0 0 0 0 0 1 0 0 0 0 0 0 0 0 0 0 0 0 0 
0 0 0 0 0 0 0 0 0 0 0 0 0 0 0 0 0 0 0 0 0 0 0 0 0 0 0 0 0 0 0 0 0 0 0 0 0 0 0 0 

0 0 0 0 0 0 0 0 0 0 0 0 0 0 0 0 0 0 0 0 0 0 0 0 0 0 0 0 0 0 0 0 0 0 0 0 0 0 0 0 
0 0 0 0 0 0 0 0 0 0 0 0 0 0 0 0 0 0 0 0 0 0 0 0 0 0 0 1 0 0 0 0 0 0 0 0 0 0 0 0 
0 0 0 0 0 0 0 0 0 0 0 0 1 1 0 0 0 0 0 0 0 0 0 0 0 0 1 0 2 0 0 1 0 0 0 0 0 0 0 0 
0 0 0 0 0 0 0 0 0 1 0 0 0 0 0 0 0 0 0 0 0 0 0 0 0 0 0 0 0 0 0 0 0 0 0 0 0 0 0 0 
0 0 0 0 0 0 0 0 0 0 0 0 0 0 0 0 0 0 0 0 0 0 0 0 0 0 0 0 0 0 0 0 0 0 0 0 0 0 0 0 
0 0 0 0 0 0 0 0 0 0 0 0 1 0 0 0 0 0 0 0 0 0 0 0 0 1 0 0 0 0 0 0 0 0 0 0 0 0 0 0 
0 0 0 0 0 0 0 0 0 0 0 0 0 0 0 0 0 0 0 0 0 0 0 0 0 0 0 0 0 0 0 0 0 0 0 0 0 0 0 0 
0 0 0 0 0 1 0 0 0 0 0 0 1 0 0 0 0 0 0 0 0 0 0 0 0 0 0 0 0 0 0 0 0 0 0 0 0 0 0 0 
0 0 0 0 0 0 0 1 0 0 0 0 0 0 0 0 0 0 0 0 0 0 0 0 0 0 1 0 0 0 0 0 0 0 0 0 0 0 0 0 
0 0 0 0 0 0 0 0 0 0 0 1 0 0 0 0 0 0 0 0 0 0 0 0 0 0 0 0 0 0 0 0 0 0 0 0 0 0 0 0 
0 0 0 0 0 0 0 0 0 0 0 0 0 0 0 0 0 0 0 0 0 0 0 0 1 0 0 0 0 0 0 0 0 0 0 0 0 0 0 0 
0 0 0 0 0 0 0 0 0 0 0 0 0 0 0 0 0 0 0 0 0 0 0 2 0 0 0 0 0 0 0 1 0 0 0 0 0 0 0 0 
0 0 0 0 0 0 0 0 0 0 0 0 0 0 0 0 0 0 0 1 0 0 0 0 0 0 0 0 0 1 0 0 0 0 0 0 0 0 0 0 
0 0 0 0 0 0 0 0 0 0 0 0 0 0 0 0 1 0 0 0 0 0 0 0 0 0 0 0 1 0 0 0 0 0 0 0 0 0 0 0 
0 0 0 0 0 0 0 0 0 0 0 0 0 0 0 0 0 0 0 0 0 0 0 0 0 0 0 0 0 0 0 0 0 0 0 0 0 0 0 0 
0 0 0 0 0 0 0 0 0 0 0 0 0 0 0 0 0 0 0 0 0 0 0 0 0 0 0 0 0 0 0 0 0 0 0 0 0 0 0 0 
0 0 0 0 0 0 0 0 0 1 0 0 0 0 0 0 0 0 0 1 0 0 0 0 0 0 0 0 0 0 0 0 0 0 0 0 0 0 0 0 
0 0 0 0 0 0 0 0 0 0 0 0 0 0 0 0 0 0 0 0 0 0 0 0 0 0 0 0 0 0 0 0 0 0 0 0 0 0 0 0 
0 0 0 0 0 0 0 0 0 0 0 0 0 1 0 0 0 0 0 1 0 0 0 0 0 0 0 0 0 0 0 0 0 0 0 0 0 0 0 0 
0 0 0 0 0 0 0 0 0 0 0 0 0 0 0 0 0 0 0 0 0 0 1 0 0 0 0 0 0 0 0 0 0 0 0 0 0 0 0 0 
0 0 0 0 0 1 0 0 1 0 0 0 0 0 0 0 0 0 0 0 0 0 0 1 0 0 1 0 2 0 0 0 0 0 0 0 0 0 0 0 
0 0 1 0 0 0 0 0 0 0 0 0 0 0 0 0 0 0 0 0 0 0 0 0 0 0 0 0 0 0 0 0 0 0 0 0 0 0 0 0 
0 0 0 0 0 0 0 0 0 0 0 1 0 0 0 0 0 0 0 0 1 0 0 0 0 0 0 0 1 0 0 0 0 0 0 0 0 0 0 0 
0 0 0 0 0 0 0 0 0 0 0 0 0 0 0 0 0 0 0 0 0 0 0 0 0 0 0 0 0 0 0 0 0 0 0 0 0 0 0 0 

