#################################### 
# Matrix Size= (4,1,40)
# Resol      = (1,8,20)
# VoxelSize  = (4,0.125,2)
# nbVal      = 160
#################################### 
0 0 0 0 0 0 0 0 
0 0 0 0 0 0 0 0 
0 0 0 0 0 0 0 0 
0 0 0 0 0 0 0 0 
0 0 0 0 0 0 0 0 
0 0 0 0 0 0 0 0 
0 0 0 0 0 0 0 0 
1 5 2 2 0 3 5 2 
0 2 1 2 3 2 4 0 
0 1 1 0 2 0 0 1 
0 0 1 0 0 0 0 1 
1 0 0 0 0 0 0 0 
0 0 0 0 0 0 0 1 
0 0 0 0 0 0 0 1 
0 0 0 0 0 0 0 1 
0 0 0 0 0 0 0 0 
0 0 0 0 0 0 0 0 
0 0 0 0 0 0 0 0 
0 0 0 0 0 0 0 0 
0 0 0 0 0 0 0 0 
