#################################### 
# Matrix Size= (39.9997,23.9997,39.9995)
# Resol      = (40,24,40)
# VoxelSize  = (0.999993,0.999989,0.999989)
# nbVal      = 38400
#################################### 
0 1 0 2 0 1 0 1 3 0 0 0 0 0 0 0 0 0 0 0 0 0 0 1 0 0 0 0 0 0 0 0 0 0 0 0 0 0 0 0 
0 0 0 0 1 1 1 2 0 1 0 0 0 0 0 0 0 0 0 0 0 0 0 0 0 0 0 0 0 0 0 0 0 0 0 0 0 0 0 0 
0 0 0 0 0 0 0 0 0 0 0 0 0 0 0 0 0 0 0 0 0 0 0 0 0 0 0 0 0 0 0 0 0 0 0 0 0 0 0 0 
0 0 0 0 0 0 0 0 0 0 1 0 0 0 0 0 0 0 0 0 0 0 0 0 0 0 0 0 0 0 0 0 0 0 0 0 0 0 0 0 
0 1 0 0 0 1 3 1 1 0 3 0 0 0 0 0 0 0 0 0 0 1 1 0 0 0 0 0 0 0 0 0 0 0 0 0 0 0 0 0 
0 0 0 0 0 0 0 0 0 0 0 0 1 0 0 0 0 0 0 0 0 0 0 0 0 0 0 0 0 0 1 0 0 0 0 0 0 0 0 0 
0 0 0 0 0 0 0 0 0 3 0 0 0 0 0 0 0 0 0 0 0 0 0 0 0 0 0 0 0 0 0 0 0 0 0 0 0 0 0 0 
0 0 0 0 0 0 0 0 0 0 1 0 0 0 1 0 0 0 0 0 0 0 0 0 0 0 0 0 0 0 0 0 0 0 0 0 0 0 0 0 
0 0 0 0 0 0 0 0 0 0 0 0 0 0 0 0 0 0 0 0 0 0 0 0 0 0 1 0 0 0 0 0 0 0 0 0 0 0 0 0 
0 0 0 0 0 0 0 0 0 0 0 0 0 1 0 0 0 0 0 0 0 0 0 1 0 0 0 0 0 0 0 0 0 0 0 0 0 0 0 0 
0 0 0 0 0 0 0 0 0 1 0 2 0 1 0 0 0 1 0 0 0 0 0 0 0 0 1 0 0 0 0 0 0 0 0 0 0 0 0 0 
0 0 0 0 0 0 0 0 1 0 0 1 1 0 0 0 0 0 0 0 0 0 0 0 0 0 0 0 0 0 0 0 0 0 0 0 0 0 0 0 
0 0 0 1 0 0 0 0 0 0 0 0 0 0 0 0 0 0 0 0 0 0 0 0 0 2 0 1 0 0 0 0 0 0 0 0 0 0 0 0 
0 0 0 0 0 1 0 1 0 1 0 2 0 1 0 0 0 0 0 0 0 0 1 0 0 0 0 0 0 0 0 0 0 0 0 0 0 0 0 0 
0 0 0 0 0 0 0 0 0 0 0 0 0 0 1 0 0 0 0 0 0 0 0 0 0 0 0 0 0 0 0 0 0 0 0 0 0 0 0 0 
0 0 0 0 0 0 0 1 0 0 0 3 1 0 0 0 1 0 0 0 0 0 0 0 0 0 1 0 0 0 0 0 0 0 0 0 0 0 0 0 
0 0 0 0 0 1 0 0 0 1 2 1 0 0 0 0 0 0 0 0 0 0 0 0 0 0 0 0 0 0 0 0 0 0 0 0 0 0 0 0 
0 0 0 0 0 0 0 0 0 0 0 1 0 0 1 1 0 0 0 0 0 0 0 0 0 0 0 0 0 0 0 0 0 0 0 0 0 0 0 0 
0 0 0 0 0 0 0 0 0 0 0 0 1 0 1 0 0 1 0 0 0 0 0 0 0 1 0 0 0 0 0 0 0 0 0 0 0 0 0 0 
0 0 0 0 0 0 0 1 0 0 0 0 2 0 0 1 0 0 0 0 0 0 0 0 1 0 2 0 0 0 0 0 0 0 0 0 0 0 0 0 
0 0 0 0 0 0 0 0 0 0 0 0 0 0 0 0 0 1 0 0 0 0 0 0 0 0 0 0 0 0 0 0 0 0 0 0 0 0 0 0 
0 1 0 0 0 0 0 0 0 0 0 0 1 0 0 0 0 0 0 0 0 0 0 0 1 0 0 0 0 0 0 0 0 0 0 0 0 0 0 0 
0 0 0 0 1 1 1 0 0 0 0 1 0 0 0 0 0 0 1 0 0 0 0 0 1 0 0 0 0 0 0 0 0 0 0 0 0 0 0 0 
0 0 0 0 0 0 0 0 0 0 0 0 0 0 0 0 0 0 0 0 0 0 0 0 0 0 0 0 0 0 0 0 0 0 0 0 0 0 0 0 

0 1 0 0 1 0 0 1 1 0 0 0 0 0 0 0 0 0 1 0 0 0 0 0 0 0 0 0 0 0 0 0 0 0 0 0 0 0 0 0 
1 1 0 0 0 2 2 1 1 0 0 0 1 0 0 0 0 0 0 0 0 0 0 0 0 0 0 0 0 0 0 0 0 0 0 0 1 0 0 0 
0 0 0 0 0 0 0 0 0 2 1 2 0 1 0 0 0 0 0 0 0 0 0 0 0 0 0 0 0 0 0 0 0 0 0 0 0 0 0 0 
0 0 0 0 0 0 1 0 0 1 2 0 1 0 0 0 0 0 0 0 0 0 0 0 0 0 0 0 0 0 0 0 0 0 0 0 0 0 0 0 
0 0 0 0 0 0 1 3 1 3 0 2 0 0 0 0 0 0 0 0 0 0 0 0 0 0 0 0 0 0 0 0 0 0 0 0 0 0 0 0 
0 0 0 0 0 0 1 1 1 0 1 0 1 0 0 0 0 0 0 0 0 0 0 0 0 0 0 0 0 0 0 0 0 0 0 0 0 0 0 0 
0 0 0 0 0 0 1 0 0 1 1 0 0 0 0 0 0 0 0 0 0 0 0 0 0 0 0 0 0 0 0 0 0 0 0 0 0 0 0 0 
0 0 1 1 0 0 0 0 0 0 0 0 0 1 0 0 0 0 0 0 0 0 0 0 0 0 1 0 0 0 0 0 0 0 0 0 0 0 0 0 
0 0 0 0 1 0 0 0 0 0 0 1 0 0 0 0 0 0 0 0 0 0 0 0 0 0 0 0 0 0 0 0 0 0 0 0 0 0 0 0 
0 0 0 0 0 0 0 0 1 1 0 2 0 0 0 0 0 0 1 0 0 0 0 0 0 0 1 0 0 0 0 0 0 0 0 0 0 0 0 0 
0 0 0 0 0 0 0 0 1 2 0 1 0 0 0 0 0 0 0 0 0 0 0 0 1 0 0 0 0 0 1 0 0 0 0 0 0 0 0 0 
0 0 0 0 0 0 0 0 1 0 0 0 0 0 0 0 0 0 0 0 0 0 0 0 0 0 0 0 0 0 0 0 0 0 0 0 0 0 0 0 
0 0 0 0 0 0 0 0 0 0 0 0 0 0 0 0 0 0 0 0 0 0 0 0 0 1 0 1 0 0 0 0 0 0 0 0 0 0 0 0 
0 0 0 0 0 0 0 0 0 1 0 1 0 1 1 3 1 1 0 0 0 0 0 0 0 0 0 1 0 0 0 0 0 0 0 0 0 0 0 0 
0 0 0 0 0 1 0 0 0 0 0 1 0 3 0 0 0 0 0 0 0 0 0 0 0 0 0 1 0 0 0 0 0 0 0 0 0 0 0 0 
0 1 0 0 0 0 0 0 0 0 0 0 0 0 0 0 0 1 0 0 0 0 0 0 0 0 0 0 0 0 0 0 0 0 0 0 0 0 0 0 
0 0 0 0 0 0 0 0 1 1 0 5 1 1 0 0 0 0 0 0 0 0 0 0 0 0 0 0 0 0 0 0 0 0 0 0 0 0 0 0 
0 0 0 0 0 0 0 0 0 0 0 0 2 0 1 0 0 0 0 0 0 0 0 0 0 0 0 0 0 0 0 0 0 0 0 0 0 0 0 0 
0 0 1 0 0 0 0 0 0 0 0 0 0 0 0 0 0 0 0 0 0 0 0 0 0 0 1 0 0 0 0 0 0 0 0 0 0 0 0 0 
0 0 0 0 0 0 0 0 0 0 1 0 0 1 0 0 0 0 0 0 0 0 0 0 0 1 0 0 0 0 0 0 0 0 0 0 0 0 0 0 
0 0 0 0 0 0 0 0 0 0 0 0 0 0 0 2 0 0 0 0 0 0 0 0 0 0 0 0 0 0 0 0 0 0 0 0 0 0 0 0 
0 0 0 0 0 0 1 0 0 1 0 0 1 0 1 0 0 0 0 0 0 0 0 0 0 0 0 0 0 0 0 0 0 0 0 0 0 0 0 0 
0 0 0 0 0 0 0 0 0 1 0 0 2 0 0 0 0 0 0 0 0 1 0 0 0 0 0 0 0 0 0 0 0 0 0 0 0 0 0 0 
0 0 0 0 0 0 0 0 0 0 0 0 0 0 0 0 0 0 0 0 0 0 0 0 0 0 0 0 0 0 0 0 0 0 0 0 0 0 0 0 

0 0 0 0 0 1 0 5 0 0 1 0 0 0 0 0 0 0 0 0 0 0 0 0 0 0 0 0 0 0 0 0 0 0 0 0 0 0 0 0 
1 2 0 0 0 0 1 1 2 1 0 1 0 0 0 0 0 1 0 0 0 0 0 0 0 0 0 0 0 0 0 0 0 0 0 0 0 0 0 0 
0 0 0 0 0 0 0 0 1 0 0 1 1 1 0 0 0 0 0 0 0 0 0 0 0 0 0 0 0 0 0 0 0 0 0 0 0 0 0 0 
0 0 0 0 1 0 0 1 1 2 0 0 0 0 0 0 1 0 0 0 0 1 0 0 0 0 0 1 0 0 0 0 0 0 0 0 0 0 0 0 
0 0 0 0 2 0 0 1 0 1 2 0 0 0 0 0 0 0 0 0 0 0 0 0 0 1 0 0 0 0 0 0 0 0 0 0 0 0 0 0 
0 0 0 0 0 0 0 0 0 0 0 0 0 0 0 0 0 0 0 0 0 1 0 0 0 0 0 0 0 1 0 0 0 0 0 0 0 0 0 0 
0 0 0 0 0 0 0 0 0 0 0 1 0 1 0 0 0 1 0 0 0 0 0 0 0 0 0 0 0 0 0 0 0 0 0 0 0 0 0 0 
0 0 1 0 0 0 0 2 1 0 0 1 0 0 0 0 0 0 0 0 0 0 0 0 0 0 0 0 0 0 0 0 0 0 0 0 0 0 0 0 
0 0 0 0 0 0 0 0 0 0 0 0 1 0 0 0 1 0 0 0 0 0 0 0 0 0 0 0 0 0 0 0 0 0 0 0 0 0 0 0 
0 0 0 0 0 0 0 0 0 0 0 0 0 1 0 0 0 0 0 0 0 0 0 0 0 0 0 0 0 0 0 0 0 0 0 0 0 0 0 0 
0 0 0 0 0 0 1 0 1 1 2 1 1 0 0 1 1 0 0 0 0 0 0 0 0 1 0 0 0 0 0 0 0 0 0 0 0 0 0 0 
0 0 0 0 0 0 0 0 0 0 0 0 0 0 0 1 0 0 0 0 0 0 0 0 0 0 0 0 0 0 0 0 0 0 0 0 0 0 0 0 
0 0 0 0 0 0 0 0 1 1 0 2 0 0 0 0 0 0 0 0 0 0 0 0 0 0 0 0 0 0 0 0 0 0 0 0 0 0 0 0 
0 0 0 0 0 0 0 0 0 0 1 1 0 1 0 1 0 0 0 0 0 0 0 0 0 0 0 0 0 0 0 0 0 0 0 0 0 0 0 0 
0 0 0 0 0 0 0 0 0 0 0 0 0 0 0 0 0 0 0 0 0 0 0 0 0 0 0 0 0 1 0 0 0 0 0 0 0 0 0 0 
0 0 0 0 0 0 0 0 1 0 0 0 0 0 0 0 0 1 0 0 0 0 0 0 0 1 1 0 0 0 0 0 0 0 0 0 0 0 0 0 
0 0 0 0 1 0 0 0 0 0 1 1 0 0 0 0 0 0 0 0 0 0 0 0 0 0 0 1 0 0 0 0 0 0 0 0 0 0 0 0 
0 0 0 0 0 0 0 0 0 0 0 0 0 0 0 0 0 0 0 0 0 0 0 0 0 0 0 0 0 0 0 0 0 0 0 0 0 0 0 0 
1 0 0 0 0 0 0 0 0 0 0 0 0 0 0 0 0 0 0 0 0 0 0 0 0 0 0 0 0 0 0 0 0 0 0 0 0 0 0 0 
0 0 0 0 0 0 0 0 1 1 0 1 1 0 0 0 0 0 0 0 0 0 0 0 0 0 1 0 0 0 0 0 0 0 0 0 0 0 0 0 
0 0 0 0 0 0 1 0 0 0 0 0 0 0 0 0 0 0 0 0 0 0 0 0 0 0 0 0 1 0 0 0 0 0 0 0 0 0 0 0 
0 0 0 0 0 0 0 0 0 0 0 0 0 0 2 0 0 0 0 0 0 0 0 0 0 1 0 0 0 0 0 0 0 0 0 0 0 0 0 0 
0 0 0 0 0 0 0 0 0 0 0 1 0 0 0 1 0 0 0 0 1 0 0 0 0 0 0 0 0 0 0 0 0 0 0 0 0 0 0 0 
0 0 0 0 0 0 0 0 0 1 0 0 0 0 0 0 0 0 0 0 0 0 0 0 0 0 0 0 0 0 0 0 0 0 0 0 0 0 0 0 

0 0 0 1 1 0 1 5 4 0 0 0 0 0 0 0 0 0 0 0 0 0 0 0 0 0 1 0 0 0 0 0 0 0 0 0 0 0 0 0 
0 0 0 0 0 0 3 7 3 2 0 2 4 0 0 0 1 0 0 0 0 0 0 0 0 0 0 0 0 0 0 0 0 0 0 0 0 0 0 0 
0 0 0 1 0 1 0 1 0 2 2 1 0 0 0 0 0 0 0 0 0 1 0 0 0 0 0 0 0 0 0 0 0 0 0 0 0 0 0 0 
0 0 0 0 0 0 0 1 1 2 0 2 1 0 0 0 0 0 0 0 0 0 0 0 0 0 0 0 1 0 0 0 0 0 0 0 0 0 0 0 
0 1 1 2 1 0 2 1 2 7 3 1 0 0 0 1 1 0 0 0 0 0 0 0 0 1 0 0 1 0 0 0 0 0 0 0 0 0 0 0 
0 0 0 0 1 0 1 0 1 2 1 2 0 0 0 0 0 0 0 0 0 0 0 0 0 0 0 0 0 0 0 0 0 0 0 0 0 0 0 0 
1 0 0 0 0 0 0 0 0 3 0 0 0 0 0 0 0 0 0 0 0 0 0 0 0 0 0 0 0 0 0 0 0 0 0 0 0 0 0 0 
0 0 0 0 0 1 1 0 2 1 2 1 0 1 0 0 0 0 0 0 0 0 0 0 0 0 0 1 0 0 0 0 0 0 0 0 0 0 0 0 
0 0 0 0 0 0 0 0 0 1 0 0 0 0 0 0 0 0 0 0 0 0 0 0 0 0 0 0 0 0 0 0 0 0 0 0 0 0 0 0 
0 0 0 0 0 0 0 1 0 0 0 0 0 0 0 0 0 1 0 0 0 0 0 0 0 0 0 0 0 0 0 0 0 0 0 0 0 0 0 0 
0 0 0 0 0 1 0 3 0 2 0 3 4 0 0 0 0 0 0 0 0 0 0 0 0 1 0 2 1 0 0 0 0 0 0 0 0 0 0 0 
0 0 0 0 0 1 0 0 0 0 0 2 0 0 1 0 0 0 0 0 0 0 0 0 0 0 0 0 0 0 0 0 1 0 0 0 0 0 0 0 
0 0 0 0 0 1 0 0 0 0 0 0 2 1 1 0 1 0 0 0 0 0 0 0 0 0 0 0 0 0 0 0 0 0 0 0 0 0 0 0 
0 0 0 0 0 0 1 0 1 1 2 1 2 3 0 0 0 0 0 0 0 0 0 0 0 0 0 0 0 0 0 0 0 0 0 0 0 0 0 0 
0 0 1 0 0 0 0 0 0 0 2 0 2 0 1 1 1 0 1 0 0 0 0 0 0 1 0 1 1 0 0 0 0 0 0 0 0 0 0 0 
0 0 1 0 0 0 0 0 1 0 0 0 1 0 0 0 0 0 1 0 1 0 0 0 0 0 2 0 0 0 0 0 0 0 0 0 1 0 0 0 
0 0 0 1 0 0 0 0 0 1 2 3 1 1 0 0 0 0 0 0 0 0 0 0 0 0 1 0 0 0 0 0 0 0 0 0 0 0 0 0 
0 0 0 0 0 0 0 0 0 1 0 0 0 1 0 0 0 0 0 0 0 0 0 0 0 0 1 0 0 0 0 0 0 0 0 0 0 0 0 0 
0 0 0 0 0 0 1 0 0 0 0 0 0 0 0 0 0 0 0 0 0 0 0 0 0 0 0 0 0 0 0 0 0 0 0 0 0 0 0 0 
0 0 0 0 0 0 1 0 0 4 1 1 0 0 0 0 0 0 0 0 0 0 0 0 0 0 0 0 0 0 0 0 0 0 0 0 0 0 0 0 
0 0 0 0 0 0 0 0 0 1 0 0 0 0 0 1 0 0 0 0 0 0 0 0 0 0 0 0 0 0 0 0 0 0 0 0 0 0 0 0 
1 0 0 0 0 0 0 0 0 0 0 0 0 0 1 0 0 0 0 0 0 0 0 0 0 1 0 0 0 0 0 0 0 0 0 0 0 0 0 0 
0 0 0 0 0 0 0 0 1 1 0 0 1 3 1 0 0 1 0 0 0 1 0 0 1 0 0 0 0 0 1 0 0 0 0 0 0 0 0 0 
0 0 0 0 0 0 0 0 0 0 0 0 0 1 0 0 0 0 0 0 0 0 0 0 0 0 0 0 0 0 0 0 0 0 0 0 0 0 0 0 

0 0 0 0 0 5 2 10 3 2 1 0 2 0 0 1 0 0 0 0 0 0 0 0 0 0 0 0 0 0 0 0 0 0 0 0 0 0 0 0 
0 0 0 3 0 1 2 2 1 1 1 0 1 1 0 0 0 0 0 0 0 0 0 0 0 0 0 1 0 0 0 0 0 0 0 0 0 0 0 0 
0 0 0 0 0 0 0 2 0 0 1 0 2 0 1 0 0 0 0 0 0 0 0 0 0 0 0 0 0 0 0 0 0 0 0 0 0 0 0 0 
1 0 0 0 0 1 1 5 0 1 1 0 0 0 0 0 0 0 0 0 0 0 0 0 0 0 0 0 0 0 0 0 0 0 0 0 0 0 0 0 
0 0 1 0 1 1 5 3 1 3 2 1 0 0 0 0 0 0 0 0 1 0 0 0 0 0 0 0 0 0 0 0 0 0 0 0 0 0 0 0 
0 0 0 1 0 0 0 1 0 0 0 0 0 0 0 0 0 0 0 0 0 0 0 0 0 0 0 0 0 0 0 0 0 0 0 0 0 0 0 0 
0 0 0 0 0 1 0 1 0 1 1 0 0 0 1 0 2 0 0 0 0 0 0 0 1 0 1 0 0 0 0 0 0 0 0 0 0 0 0 0 
1 0 0 1 0 0 0 2 1 0 5 1 0 0 1 0 0 0 0 0 0 0 0 1 0 0 0 0 0 0 0 0 0 0 0 0 0 1 0 0 
0 1 0 0 0 0 1 0 1 0 0 1 0 0 1 1 0 0 0 0 0 0 0 0 0 0 0 0 0 0 0 0 0 0 0 0 0 0 0 0 
0 0 0 0 0 0 0 1 1 0 1 0 1 0 0 0 0 0 0 0 0 0 0 0 0 0 0 2 0 0 0 0 0 0 0 0 0 0 0 0 
0 0 0 0 1 1 0 0 1 1 2 1 2 1 0 0 0 0 0 0 0 1 0 0 0 1 0 0 0 0 0 0 0 0 0 0 0 0 0 0 
0 0 0 0 0 0 0 0 0 0 1 0 0 1 0 1 0 0 0 0 0 0 0 0 0 0 0 0 0 0 0 0 0 0 0 0 0 0 0 0 
1 0 0 0 0 0 0 1 0 1 1 2 1 1 0 0 0 0 0 0 1 0 0 0 0 0 0 0 0 0 0 0 0 0 0 0 0 0 0 0 
0 1 1 0 0 0 0 1 0 1 3 1 0 0 1 1 0 0 0 0 0 0 0 1 0 0 0 0 0 0 0 0 0 0 0 0 0 0 0 0 
0 0 0 0 0 0 0 0 0 0 0 0 1 0 1 0 0 0 1 0 0 0 0 0 0 0 0 0 0 0 0 0 0 0 0 0 0 0 0 1 
0 0 0 0 0 0 0 0 0 0 0 0 0 0 0 0 0 0 0 0 0 0 0 0 0 0 0 0 0 0 0 0 0 0 0 0 0 0 0 0 
0 0 0 0 0 0 0 0 1 0 0 0 0 0 1 0 0 0 0 0 0 0 0 0 0 0 0 0 0 0 0 0 0 0 0 0 0 0 0 0 
0 0 0 0 0 0 0 0 0 0 0 0 1 0 0 1 0 0 0 0 0 0 1 0 0 0 0 0 0 0 0 0 0 0 0 0 0 0 0 0 
1 0 0 0 0 0 0 0 0 0 0 0 0 0 0 0 0 0 0 0 0 0 0 0 0 0 0 0 0 0 0 0 0 0 0 0 0 0 0 0 
0 0 0 0 0 1 0 0 0 0 0 2 0 0 2 0 1 0 0 0 0 0 0 0 0 1 0 0 0 0 0 0 0 0 0 0 0 0 0 0 
0 0 0 0 0 0 0 0 0 0 0 0 0 0 1 0 0 0 0 0 0 0 0 0 0 0 0 0 0 0 0 0 0 0 0 0 0 0 0 0 
1 0 0 0 0 0 0 0 0 0 0 0 0 0 1 1 0 0 0 0 0 0 0 0 0 0 0 0 0 0 0 0 0 0 0 0 0 0 0 0 
0 0 0 0 0 0 0 0 0 0 0 0 0 1 1 0 0 0 0 0 0 0 0 0 0 0 0 0 0 0 0 0 0 0 0 0 0 0 0 0 
0 0 0 0 0 0 0 0 0 0 1 0 0 0 0 0 0 0 0 0 0 0 0 0 0 0 0 0 0 0 0 0 0 0 0 0 0 0 0 0 

0 0 0 1 0 2 1 11 5 4 4 0 0 0 0 0 0 0 0 0 0 0 0 0 0 0 0 0 1 0 0 0 0 0 0 0 0 0 0 0 
0 1 0 1 1 1 2 11 9 3 6 1 1 0 0 0 3 0 0 0 1 0 0 0 0 0 0 0 0 0 1 0 0 0 0 0 0 0 0 0 
0 0 0 0 0 0 5 2 1 5 2 1 3 1 0 1 0 0 0 0 0 0 0 0 0 0 0 0 0 0 0 0 0 0 0 0 0 0 0 0 
0 0 0 0 0 1 2 5 1 8 1 2 0 0 0 0 0 0 0 0 0 0 0 0 0 0 0 0 0 0 0 0 0 0 0 0 0 0 0 0 
0 0 2 1 1 6 6 5 3 9 6 3 1 0 1 1 0 0 1 0 0 0 0 0 0 0 0 0 0 0 0 0 0 0 0 0 0 0 0 0 
1 1 0 2 0 2 2 2 4 0 2 2 1 2 0 1 0 1 0 0 0 0 0 0 0 0 0 0 0 0 0 0 0 0 0 0 0 0 0 0 
0 0 0 0 0 0 0 0 2 2 1 1 2 0 0 0 0 0 1 0 0 0 0 0 0 0 0 0 1 0 0 0 0 0 0 0 0 0 0 0 
0 0 0 1 1 0 4 2 4 3 0 1 0 1 1 1 1 0 0 0 2 0 0 0 0 0 1 0 0 1 0 0 1 0 0 0 0 0 0 0 
0 0 1 0 0 0 1 2 1 2 0 1 2 1 0 1 0 0 0 0 0 0 0 0 0 0 0 0 0 0 0 0 0 0 0 0 0 0 0 0 
0 0 1 1 0 0 0 1 0 0 0 1 1 0 0 0 1 1 0 0 0 0 0 0 0 1 0 0 1 0 0 0 0 0 0 0 0 0 0 0 
1 0 0 0 1 0 2 1 1 2 1 5 7 1 2 2 0 0 1 1 0 0 0 0 0 0 0 1 0 0 0 0 0 0 0 0 0 0 0 0 
0 0 0 0 0 0 0 0 1 1 2 1 2 1 0 1 2 1 0 0 0 0 0 0 0 0 0 0 0 0 0 0 0 0 0 0 0 0 0 0 
0 0 0 0 0 0 0 2 0 1 2 0 2 1 0 0 0 0 0 0 0 0 0 0 0 0 0 0 0 0 0 0 0 0 0 0 0 0 0 0 
1 0 0 1 1 0 0 4 1 6 6 9 7 1 1 0 1 0 0 0 0 0 0 0 0 0 0 0 0 0 0 0 0 0 0 0 0 0 0 0 
0 0 0 1 0 0 0 0 1 1 2 4 3 2 0 0 0 0 0 0 1 0 0 0 0 0 0 0 0 0 0 0 0 0 0 0 1 0 0 0 
0 0 0 1 0 0 0 2 0 0 0 1 0 0 0 0 1 0 0 0 0 0 0 0 0 0 0 0 0 0 0 0 0 0 0 0 0 0 0 0 
0 0 0 0 0 1 1 1 1 0 1 4 2 0 0 1 1 1 0 0 0 1 0 1 0 0 1 0 0 0 0 0 0 0 0 0 0 0 0 0 
0 0 0 0 0 0 0 1 2 1 2 1 0 0 0 0 0 0 0 0 0 0 0 0 0 0 0 0 0 0 0 0 0 0 0 0 0 0 0 0 
0 0 0 0 0 1 0 0 0 0 0 1 0 0 1 0 0 0 1 0 0 0 0 0 0 0 0 0 0 0 0 0 0 0 0 0 0 0 0 0 
0 0 0 0 0 1 0 1 0 1 1 2 0 1 0 1 1 1 0 0 0 0 0 0 1 0 0 0 0 0 0 0 0 0 0 0 0 0 0 0 
0 0 0 0 0 0 0 1 0 0 0 0 1 1 1 0 1 0 0 0 0 0 0 0 0 0 0 0 0 0 0 0 0 0 0 0 0 0 0 0 
0 0 0 0 0 0 0 0 0 0 0 0 1 0 0 0 1 0 0 1 0 0 0 0 0 1 0 0 0 0 0 0 0 0 0 0 0 0 0 0 
0 0 0 0 0 0 0 0 0 0 1 1 0 2 1 0 0 0 0 0 0 0 0 0 0 1 0 0 0 0 0 0 0 0 0 0 0 0 1 0 
0 0 0 0 0 0 0 0 0 0 0 1 2 0 0 0 0 0 1 0 0 0 0 0 0 0 0 0 0 0 0 0 0 0 0 0 0 0 0 0 

1 0 0 1 0 8 1 13 14 5 9 8 1 0 1 1 1 1 0 0 0 0 0 0 0 0 0 0 0 0 0 0 0 0 0 0 0 0 0 0 
3 0 0 0 0 1 2 11 3 9 4 0 1 0 0 0 0 1 0 1 0 0 0 0 0 0 0 0 0 0 0 0 0 0 0 0 0 0 0 0 
1 1 0 0 0 0 0 6 1 1 3 3 2 0 0 1 0 0 0 0 0 0 0 0 0 0 0 0 0 0 0 0 0 0 0 0 0 0 0 0 
2 0 0 1 0 0 0 4 5 8 6 6 2 2 2 1 1 0 0 0 0 0 0 1 0 0 0 0 0 0 0 0 0 0 0 0 0 0 0 0 
1 1 0 0 2 1 5 9 4 6 2 3 1 0 0 0 0 0 0 0 0 0 0 0 1 0 0 0 0 0 0 0 0 0 0 0 0 0 0 0 
0 0 1 0 0 2 2 1 1 1 2 0 3 1 0 0 0 0 0 0 0 0 0 0 0 0 0 0 0 0 0 0 0 0 0 0 0 0 0 0 
0 0 0 0 0 0 0 1 3 2 3 1 4 0 2 0 2 0 2 0 0 0 0 0 0 0 0 0 0 0 0 0 0 0 0 0 0 0 0 0 
0 0 0 0 0 1 2 0 2 2 5 2 0 0 0 0 0 1 0 1 0 0 0 0 0 0 0 0 0 0 0 0 0 0 0 0 0 0 0 0 
0 0 0 0 1 0 3 1 1 2 2 1 0 0 1 0 0 0 0 0 0 0 0 0 0 0 0 0 0 0 0 0 0 0 0 0 0 0 0 0 
0 1 0 0 0 1 0 3 0 1 2 3 2 0 2 1 0 0 0 0 1 0 1 0 0 0 0 0 0 0 0 0 0 0 0 0 0 0 0 0 
0 1 0 1 1 1 0 1 4 3 0 10 4 3 0 0 0 0 0 0 0 0 0 0 0 0 0 0 0 0 0 0 0 0 0 0 0 0 0 0 
0 1 0 1 0 0 0 0 0 0 1 0 1 0 1 0 1 1 0 1 0 0 0 0 0 0 0 0 0 0 0 0 0 0 0 0 0 0 0 0 
1 0 0 0 0 0 0 0 0 3 1 2 0 0 0 0 0 0 0 1 0 0 0 0 0 0 0 0 0 0 0 0 0 0 0 0 0 0 0 0 
0 0 0 0 0 0 1 1 1 0 7 7 4 2 3 1 1 0 0 0 0 0 0 0 0 1 0 2 0 0 0 0 0 0 0 0 0 0 0 0 
0 0 0 0 0 0 1 0 1 0 0 0 2 0 1 1 0 0 0 0 0 0 0 0 0 0 0 0 0 0 0 0 0 0 0 0 0 0 0 0 
1 0 0 0 0 0 0 0 1 0 0 0 2 1 1 0 0 1 0 1 1 0 0 0 0 1 0 0 0 0 0 0 0 0 0 0 0 0 0 0 
0 0 0 0 0 0 3 1 0 2 1 1 1 0 0 1 0 0 0 0 0 0 0 0 0 1 1 0 0 0 0 0 0 0 0 0 0 0 0 0 
0 0 0 0 1 0 0 0 0 1 0 0 0 0 0 1 1 0 0 0 0 0 0 0 0 0 0 0 0 0 0 0 0 0 0 0 0 0 0 0 
0 0 0 0 0 0 0 0 0 0 0 0 2 0 1 0 0 0 0 0 1 0 0 0 0 0 0 0 0 0 0 1 0 0 0 0 0 0 0 0 
0 0 0 0 1 0 2 3 1 0 1 1 2 1 0 0 0 0 0 0 0 0 0 0 0 0 0 0 0 0 0 0 0 0 0 0 0 0 0 0 
0 0 0 0 0 0 0 0 0 0 0 1 1 0 0 0 0 0 0 0 1 0 0 0 0 0 0 0 0 0 0 0 0 0 0 0 0 0 0 0 
0 0 0 0 0 0 1 0 0 1 0 1 2 0 0 0 0 1 0 0 0 0 1 0 0 0 0 0 0 0 0 0 0 0 0 0 0 0 0 0 
0 0 0 0 0 0 0 1 1 1 1 3 2 1 0 0 1 0 0 0 0 0 2 0 0 2 0 0 0 0 0 0 0 0 0 0 0 0 0 0 
0 0 0 0 0 0 0 0 0 0 0 0 1 0 0 1 0 0 0 0 0 0 0 0 0 0 0 0 0 0 0 0 0 0 0 0 0 0 0 0 

2 0 0 0 1 9 7 19 22 8 3 4 1 0 0 1 0 0 0 0 0 0 0 0 0 0 0 0 0 0 0 0 0 0 0 0 0 0 0 0 
1 1 0 0 1 10 16 38 28 12 9 3 1 2 0 0 2 0 0 0 0 1 0 0 0 0 0 1 0 0 0 0 0 0 0 0 0 0 0 0 
2 0 2 1 2 4 18 30 41 28 6 11 5 1 0 0 1 1 1 0 0 1 0 0 0 0 0 0 0 0 0 0 1 0 0 0 0 0 0 0 
0 0 0 0 2 2 2 13 13 22 18 6 5 1 4 1 0 0 0 0 1 1 0 2 1 1 0 0 0 0 0 0 0 0 0 0 0 0 0 0 
0 1 1 2 10 7 8 15 16 30 10 3 4 1 1 0 1 0 0 0 0 0 0 0 1 0 0 1 1 1 1 0 0 0 0 0 0 0 0 0 
0 0 0 0 3 2 3 4 6 8 12 4 4 2 2 0 0 0 0 0 0 0 0 0 0 0 0 0 0 0 0 0 0 0 0 0 0 0 0 0 
0 2 0 1 0 1 3 4 4 5 9 5 3 0 0 0 0 0 1 0 2 0 0 0 0 0 1 0 0 0 0 0 0 0 0 0 0 0 0 0 
0 0 0 0 2 0 5 3 11 8 11 4 2 2 0 1 0 0 0 0 0 0 0 0 1 0 0 0 1 0 0 0 0 0 0 0 0 0 0 0 
0 0 1 0 0 0 0 4 3 4 4 5 5 1 1 0 0 1 1 1 0 0 0 0 0 0 0 0 0 0 0 0 0 0 0 0 0 0 0 0 
0 0 0 0 0 2 1 2 4 1 4 7 5 3 0 0 0 0 0 0 0 0 1 0 0 0 0 0 0 0 0 0 0 0 0 0 0 0 0 0 
0 0 0 0 1 2 2 2 4 9 5 11 8 3 1 1 1 0 0 0 0 0 0 0 0 0 1 0 1 0 0 0 0 0 0 0 0 0 1 0 
0 0 0 0 1 2 1 2 3 3 1 6 1 4 1 1 2 2 0 0 0 0 0 0 0 0 0 0 1 0 0 0 0 0 0 0 0 0 0 0 
0 2 0 0 0 0 0 0 1 3 1 3 4 3 1 1 1 0 0 0 0 1 0 1 0 1 0 0 0 0 0 0 0 0 0 0 0 0 0 0 
0 0 0 2 1 1 2 2 2 7 5 16 8 1 2 1 0 0 0 1 0 0 0 0 0 0 0 0 2 0 0 0 0 0 0 0 0 0 0 0 
0 0 0 0 0 0 0 0 1 1 4 10 6 1 3 1 2 0 0 0 0 0 0 0 0 0 0 0 0 0 0 0 0 0 0 0 0 0 1 0 
0 0 0 0 0 0 0 1 1 1 0 3 3 2 2 0 1 0 0 1 1 0 0 0 0 0 0 0 0 0 0 0 0 0 0 0 0 0 0 0 
1 0 0 1 0 0 2 2 1 1 2 7 5 4 0 1 0 0 0 0 0 0 0 0 0 0 0 1 0 0 0 0 0 0 0 0 0 0 0 0 
0 0 0 0 0 0 0 0 2 0 0 0 2 3 1 1 0 0 0 1 0 1 0 0 0 0 0 0 0 0 0 0 0 0 0 0 0 0 0 0 
0 0 0 0 0 0 0 0 3 0 2 1 2 0 1 1 2 0 0 0 0 0 1 0 0 2 0 0 0 0 0 0 0 0 0 1 0 0 0 0 
0 0 0 0 1 0 0 2 2 3 2 2 2 0 1 0 0 0 0 0 1 0 0 0 0 0 0 0 0 0 0 0 0 0 0 0 0 0 0 0 
0 0 0 0 0 1 1 1 2 2 0 3 2 0 3 0 0 1 1 0 0 0 0 0 0 0 0 0 0 1 0 0 0 0 0 0 0 0 0 0 
0 0 0 0 0 1 0 0 0 1 0 1 1 1 1 1 0 0 0 0 0 0 1 0 1 1 0 0 0 0 0 0 0 1 0 0 0 0 0 0 
0 1 0 0 0 0 1 3 0 0 1 2 2 2 2 2 0 0 0 0 0 0 0 0 0 1 0 0 0 0 0 0 0 0 0 0 0 0 0 0 
0 0 0 0 0 0 0 0 0 0 0 1 2 1 0 1 0 0 0 0 0 0 0 0 0 0 0 0 0 0 0 0 0 0 0 0 0 0 0 0 

0 1 0 0 2 6 5 218 152 10 6 3 0 3 1 0 0 1 0 0 0 0 0 1 0 0 0 0 1 0 0 0 0 0 0 0 0 0 0 0 
0 1 0 0 0 5 13 61 102 19 10 6 5 0 2 1 1 0 1 0 2 0 0 0 0 0 0 0 1 0 0 0 0 0 0 0 0 0 0 0 
1 2 2 1 7 14 18 37 81 29 13 9 4 1 1 1 2 0 0 0 0 0 0 1 0 0 0 0 0 0 0 0 0 0 0 0 0 0 0 0 
1 2 1 1 4 4 7 13 40 46 32 6 7 0 1 0 0 0 0 0 0 0 0 1 0 0 1 0 0 0 0 0 0 0 0 0 0 0 0 0 
3 0 2 0 2 3 3 3 21 31 21 4 3 2 1 1 1 0 0 0 2 3 0 0 0 1 0 0 0 1 0 0 0 0 0 0 0 0 0 0 
0 1 0 1 0 1 2 2 6 11 12 5 4 4 2 0 0 0 0 0 0 0 0 0 0 0 1 0 0 0 0 0 0 0 0 0 0 0 0 0 
0 1 1 1 0 0 3 5 3 16 16 7 6 1 1 1 1 1 0 2 1 0 0 0 0 0 0 0 0 0 0 0 0 0 0 0 0 0 0 0 
0 0 3 0 0 0 2 1 10 10 9 5 1 3 3 1 1 0 1 1 1 0 0 0 0 0 1 0 0 0 0 0 0 0 0 0 0 0 0 0 
0 1 1 0 1 1 0 4 3 3 10 6 2 2 1 2 0 0 0 0 0 0 0 0 0 0 0 0 0 0 0 1 0 0 0 0 0 0 0 0 
2 1 0 0 1 1 0 5 3 4 12 20 6 3 2 2 1 0 2 0 1 0 0 0 0 1 0 0 0 0 0 0 0 0 0 0 0 0 0 0 
1 0 0 2 0 0 2 2 5 8 9 18 10 3 1 2 0 1 1 0 0 0 0 0 0 0 0 0 0 0 0 0 0 0 0 0 1 0 0 0 
0 0 0 0 0 1 1 0 2 8 1 4 3 2 3 0 1 0 0 0 0 0 1 0 0 0 0 0 0 0 0 0 0 0 0 0 0 0 1 0 
1 0 0 0 0 0 0 2 0 3 4 7 9 4 3 2 2 0 2 1 1 0 0 0 1 0 0 0 0 0 0 0 0 0 0 0 0 0 0 0 
0 0 0 1 0 1 1 0 4 3 3 13 8 9 2 0 1 0 0 0 0 0 0 1 0 0 0 2 0 0 0 0 0 0 0 0 0 0 0 0 
0 0 0 0 0 1 0 0 0 1 1 7 3 1 2 1 0 0 0 0 0 1 0 0 0 0 0 0 0 0 1 0 0 0 0 0 0 0 0 0 
2 1 0 0 0 0 0 0 0 2 0 7 5 4 4 1 0 0 1 0 0 0 1 0 0 0 0 0 0 0 0 0 0 0 0 0 0 0 0 0 
0 0 0 0 0 0 0 2 3 3 4 4 5 0 2 2 0 0 0 0 0 0 0 0 0 0 0 0 0 0 0 0 0 0 0 0 0 0 0 0 
0 0 0 0 0 0 1 1 0 1 1 0 1 1 0 1 0 1 0 1 0 0 0 0 0 0 1 0 0 0 0 0 0 0 0 0 0 0 0 0 
0 0 0 0 0 1 0 0 0 1 3 8 1 3 3 1 0 0 3 0 1 0 1 0 0 0 1 0 0 0 0 0 0 0 0 0 0 0 0 0 
0 0 0 1 0 0 0 0 1 1 2 1 7 0 2 1 0 1 0 0 0 0 0 0 0 1 0 0 0 0 0 0 0 0 0 0 0 0 0 0 
0 0 0 0 1 0 0 0 1 0 0 0 0 1 0 1 1 0 0 0 0 0 0 0 0 0 0 0 0 0 0 0 0 0 0 0 0 0 0 0 
0 0 0 0 0 0 0 0 0 0 0 1 1 2 1 2 2 1 0 0 0 0 0 0 0 0 1 0 0 0 0 0 0 0 0 0 0 0 0 0 
0 0 0 0 1 0 0 0 3 1 2 4 3 6 6 1 0 0 0 0 0 1 1 0 1 0 0 0 0 0 0 0 0 0 0 0 0 0 0 0 
0 0 0 0 0 0 0 1 0 1 0 0 2 0 1 0 0 0 0 1 0 0 0 0 0 0 0 0 0 0 0 0 0 0 0 0 0 0 0 0 

1 0 0 2 2 7 8 559 248 12 5 6 3 1 1 1 0 1 0 0 0 0 0 0 0 0 0 1 0 0 0 0 0 0 0 0 0 0 0 0 
3 1 0 2 0 7 21 108 466 22 12 4 4 3 3 1 1 0 0 0 0 0 0 0 0 0 0 1 1 1 0 0 0 0 0 0 0 0 0 0 
0 3 0 1 3 4 7 31 314 26 19 7 3 3 3 2 0 0 0 0 0 0 0 0 0 1 0 0 1 0 0 0 0 0 0 0 0 0 0 0 
3 0 1 1 2 2 5 13 457 70 32 6 1 2 1 0 1 0 1 0 1 0 0 0 0 0 0 0 0 0 0 0 0 0 0 0 0 0 0 0 
0 2 1 2 3 5 12 27 278 180 42 9 1 8 3 2 1 1 0 3 2 0 0 0 0 1 0 0 1 0 0 0 0 0 0 0 0 0 0 0 
4 0 0 1 8 5 9 16 107 350 39 10 10 5 6 2 1 0 1 0 1 0 0 0 0 0 0 1 1 0 0 0 0 0 0 0 0 0 0 0 
0 1 0 1 0 0 0 8 23 276 58 9 11 3 2 2 4 1 1 0 0 0 0 0 0 0 0 2 0 0 0 0 0 0 0 0 0 0 0 0 
0 2 5 0 1 1 4 7 26 93 51 10 14 6 2 0 0 0 0 3 1 0 1 0 0 0 0 3 0 0 0 0 0 0 0 0 0 0 0 0 
0 1 1 1 3 1 2 7 9 48 67 20 6 5 4 2 2 3 0 1 0 3 0 0 0 0 0 1 0 0 0 1 0 0 0 0 0 0 0 0 
2 1 1 0 0 4 2 4 4 11 34 32 20 4 7 0 6 0 0 0 0 1 0 0 0 0 0 0 0 0 0 0 0 0 0 0 0 0 0 0 
1 0 2 1 2 1 7 6 8 25 54 50 26 7 4 0 0 1 0 1 0 1 0 1 1 0 1 0 1 1 0 0 1 0 0 1 0 0 0 0 
0 0 0 1 2 3 3 5 6 18 29 33 23 8 6 3 2 3 1 1 0 0 1 0 0 1 0 1 1 0 1 1 0 0 0 0 0 0 0 0 
0 1 1 1 0 1 1 6 4 3 12 16 14 0 10 0 3 1 0 0 1 0 0 0 0 0 0 1 0 1 0 0 0 0 0 0 0 0 0 0 
0 0 0 1 2 1 1 1 6 12 33 40 25 6 2 2 1 1 0 1 0 0 2 0 0 1 2 1 1 0 0 0 0 0 0 0 0 0 0 0 
0 0 0 2 4 4 2 1 5 9 8 12 12 6 3 0 2 1 0 0 1 1 0 0 0 1 0 0 1 1 0 0 1 1 0 0 0 0 0 0 
1 1 0 0 2 0 1 1 2 3 1 13 8 8 6 7 2 0 0 1 2 0 0 1 0 0 1 0 1 0 0 0 0 0 0 0 0 0 0 0 
0 1 1 2 0 0 0 0 3 7 12 24 16 6 4 2 2 0 1 0 0 1 0 0 1 1 0 0 0 0 0 0 0 0 0 0 0 0 0 0 
0 0 0 0 0 0 3 1 2 3 9 9 14 2 8 1 3 2 0 0 0 0 0 1 1 0 0 0 0 1 0 0 0 0 0 0 0 0 0 0 
0 0 0 0 2 1 0 0 1 3 1 7 4 1 3 2 1 0 0 0 0 1 0 0 0 1 0 0 0 0 0 0 0 0 0 0 0 0 0 0 
1 0 0 0 1 0 2 2 2 3 1 9 4 6 2 1 0 1 0 0 1 0 0 0 1 0 0 2 0 0 0 0 0 0 0 0 0 0 0 0 
0 0 0 1 0 0 1 0 1 2 2 4 4 2 4 0 2 0 0 2 0 1 0 0 0 1 2 0 0 2 0 0 0 0 0 0 0 0 0 0 
0 0 0 2 0 1 0 0 1 2 0 2 1 1 4 2 3 0 0 1 0 0 0 1 0 1 0 1 0 0 0 2 0 0 0 0 0 0 0 0 
0 0 1 1 0 0 1 2 1 2 3 4 10 10 5 1 1 1 2 0 0 0 0 0 2 0 1 0 0 0 0 0 0 0 0 0 0 0 0 0 
1 0 0 0 2 0 2 0 0 1 2 5 4 7 1 1 1 3 0 0 1 0 0 0 0 0 0 0 0 0 1 0 0 0 0 0 0 0 0 0 

0 0 0 1 1 8 6 37 36 14 5 6 4 0 1 1 0 0 0 0 0 0 0 0 1 0 0 0 0 0 0 0 0 0 0 0 0 0 0 0 
2 1 1 2 3 2 11 14 35 14 13 9 8 3 4 3 0 2 1 0 0 0 1 0 0 0 0 0 0 1 0 0 0 0 0 0 0 0 0 0 
6 0 3 2 3 5 7 21 28 25 14 5 3 2 4 2 1 0 0 0 2 0 0 1 1 0 0 0 2 0 0 1 0 0 0 0 0 0 0 0 
2 1 1 1 3 3 4 16 19 35 27 4 2 2 0 1 3 0 0 0 1 0 0 0 1 0 0 0 0 0 1 0 0 0 0 0 0 0 0 0 
4 1 3 1 3 1 5 9 31 39 25 9 9 1 3 1 1 1 0 0 0 0 0 0 0 0 0 1 0 1 0 0 0 0 0 0 0 0 0 0 
0 1 5 1 1 4 8 16 37 53 27 11 14 5 3 2 1 0 0 0 1 0 1 1 0 0 0 0 1 0 0 0 0 0 0 0 0 0 0 0 
0 0 0 2 1 7 4 10 33 84 49 5 13 4 4 2 2 0 0 0 0 1 0 0 0 1 1 2 0 0 0 0 0 1 0 0 0 0 0 0 
2 0 1 1 3 3 6 8 7 66 45 11 6 3 0 4 0 2 0 0 1 0 0 0 2 1 0 0 1 0 1 0 0 0 0 0 0 0 0 0 
3 1 0 3 3 2 5 8 9 69 119 12 11 6 3 1 2 1 1 0 0 1 0 0 0 0 0 1 0 0 0 0 0 1 0 0 0 0 0 0 
0 0 0 1 1 6 4 7 7 42 349 45 27 5 3 2 3 1 0 1 1 0 1 0 0 0 0 0 0 0 0 0 0 0 1 0 0 0 0 0 
0 0 0 1 2 1 2 4 6 16 118 52 24 16 8 3 2 0 2 1 0 0 1 2 0 2 0 1 0 1 0 0 0 1 0 0 0 0 0 0 
1 0 0 2 2 3 3 4 8 31 59 71 34 16 3 7 0 2 3 1 0 0 2 0 0 0 0 0 1 0 0 0 0 1 0 0 0 0 0 0 
0 1 2 2 1 0 1 4 7 13 51 85 63 9 10 1 10 1 3 1 2 1 0 1 0 1 0 1 1 1 1 0 1 0 0 0 0 0 0 0 
1 0 0 0 0 1 1 4 3 10 40 58 21 5 4 0 2 2 1 1 0 0 0 0 0 2 1 1 1 1 0 0 0 0 0 0 0 0 0 0 
0 0 0 0 0 2 2 1 3 1 12 16 14 5 5 2 2 1 0 1 0 0 0 0 0 0 1 1 1 0 0 0 0 0 0 0 0 0 0 1 
1 2 0 0 1 0 1 3 2 9 6 23 24 10 15 5 3 0 0 0 1 0 0 0 0 1 0 1 0 0 0 1 0 0 0 0 0 0 0 0 
1 0 1 2 3 1 0 1 6 4 13 18 21 7 4 2 2 1 2 0 0 1 0 3 2 2 0 2 0 0 0 0 0 0 0 0 0 0 0 0 
0 0 0 0 0 0 2 0 4 3 2 12 7 5 7 0 1 2 0 1 0 0 0 0 0 0 0 0 0 0 0 0 0 0 0 0 0 0 0 0 
1 1 0 0 0 0 1 1 1 0 1 6 4 6 6 0 1 1 2 1 0 2 2 1 2 2 1 0 0 0 0 0 1 0 0 0 0 0 0 0 
2 0 0 0 1 0 2 1 3 5 6 7 11 5 6 1 1 1 1 0 0 0 0 1 0 0 0 0 0 1 0 0 0 0 0 0 0 0 0 0 
0 0 0 0 0 0 0 0 1 1 2 8 1 2 4 2 0 1 0 0 0 0 0 1 0 0 0 0 0 0 0 0 0 0 0 0 0 0 0 0 
0 0 0 1 1 0 1 5 1 2 0 3 6 2 9 2 0 1 1 0 0 0 1 0 0 0 2 0 0 1 0 0 0 0 1 0 0 0 0 0 
0 0 0 0 0 0 1 0 2 2 1 12 14 21 7 1 0 0 1 0 1 0 0 0 2 1 2 0 0 0 0 0 0 0 0 0 0 0 0 0 
0 0 0 1 0 0 1 0 0 0 0 2 3 2 2 2 0 0 0 0 0 0 0 0 0 0 0 0 0 0 0 0 0 0 0 0 0 0 0 0 

1 0 0 1 0 6 2 11 14 7 3 2 2 0 0 0 0 0 0 0 0 0 0 0 0 0 0 0 0 1 0 0 0 0 0 0 1 0 0 0 
0 1 1 0 0 1 1 4 5 2 5 4 5 1 1 0 0 0 0 0 0 0 0 1 0 2 1 0 0 1 1 0 0 0 0 0 2 0 0 0 
0 0 1 1 0 1 0 2 6 2 3 3 1 1 2 1 0 0 1 0 0 1 1 0 0 0 0 1 0 0 0 1 0 0 0 0 0 0 0 0 
1 0 0 1 1 1 1 9 8 8 18 9 4 0 0 0 1 0 0 0 0 0 0 0 0 0 1 0 0 0 0 0 0 0 0 0 0 0 0 0 
2 0 0 2 2 3 3 8 2 7 3 4 1 2 1 0 1 1 1 0 1 0 0 0 0 1 1 1 0 1 0 0 0 0 0 1 0 0 0 0 
2 1 2 1 0 0 3 5 5 6 10 3 6 2 0 3 0 0 1 1 0 0 0 1 1 0 0 0 0 0 0 1 0 0 0 0 0 0 0 0 
1 0 1 4 1 2 2 11 14 12 14 12 9 2 0 0 3 1 0 0 0 0 0 1 1 0 1 0 0 0 0 0 0 0 0 0 0 0 0 0 
0 0 0 0 2 2 3 6 6 11 16 7 0 0 0 4 0 1 0 1 0 1 1 0 0 1 2 1 0 1 0 1 0 0 0 0 0 0 0 1 
3 0 1 0 1 1 6 6 1 10 9 4 5 6 2 3 0 1 0 2 0 1 0 1 1 1 0 2 0 0 0 0 1 0 0 0 0 0 0 0 
0 0 0 0 0 2 2 4 3 15 13 30 16 4 3 1 3 3 2 0 1 0 0 1 3 0 0 1 0 0 1 0 0 1 0 0 0 0 0 0 
1 0 0 3 3 1 0 3 7 6 25 31 9 4 1 4 2 0 1 1 0 0 0 0 1 1 0 0 1 0 0 0 1 0 0 0 0 0 0 0 
0 1 1 2 1 0 3 2 3 5 37 99 28 12 9 4 5 3 0 2 0 1 0 0 0 0 2 0 0 0 0 1 0 0 0 0 0 0 0 0 
0 0 0 1 1 3 1 2 5 14 35 397 66 15 10 4 6 1 8 0 2 2 1 0 3 4 2 0 0 0 0 0 1 0 0 0 0 0 1 0 
2 0 1 0 2 2 3 4 9 13 78 369 47 18 3 8 6 5 2 0 1 1 0 0 3 1 1 0 0 0 0 0 0 0 0 0 0 0 0 0 
0 0 0 0 2 0 0 3 10 12 42 327 78 16 10 7 6 2 2 2 0 0 2 0 0 0 1 0 0 0 1 1 0 0 1 0 0 0 0 0 
1 0 1 0 0 3 0 1 1 9 16 264 164 16 9 2 2 0 0 0 1 0 2 1 0 1 0 1 0 0 1 0 0 0 0 0 1 0 0 0 
1 0 1 1 2 2 3 2 9 18 35 151 117 21 6 2 1 1 0 1 1 5 1 0 2 0 1 0 2 1 0 1 0 0 0 0 0 0 0 0 
0 0 1 0 1 3 3 1 5 5 20 84 109 17 9 8 3 5 2 1 1 0 2 0 0 0 0 0 1 0 0 0 0 0 0 0 0 0 1 0 
1 1 0 0 0 1 1 3 0 5 4 40 41 9 12 5 4 3 3 1 1 1 1 1 0 0 0 0 0 1 1 0 0 0 0 0 0 0 0 0 
0 0 0 0 0 1 3 3 3 8 12 36 50 16 8 4 1 1 0 0 0 0 0 0 2 0 1 1 0 0 0 0 0 0 0 0 0 0 0 0 
0 0 0 2 0 1 4 4 4 5 6 26 56 27 10 6 3 2 2 0 2 1 1 1 1 1 1 2 0 0 0 0 0 0 0 0 0 0 0 0 
2 0 0 1 0 1 0 2 1 5 3 22 21 15 19 1 4 2 1 0 1 0 0 0 0 3 0 0 0 0 0 0 0 0 0 0 0 0 0 0 
0 0 1 0 3 0 3 3 2 3 11 19 30 36 13 6 2 0 1 1 0 0 1 1 4 2 1 1 1 0 0 0 0 1 0 0 0 0 0 0 
1 0 0 1 2 0 2 3 4 6 5 18 50 20 21 13 3 1 2 1 1 1 1 0 0 0 0 0 0 0 0 0 0 0 0 0 0 0 0 0 

0 1 0 2 0 2 0 11 8 3 2 3 0 0 0 0 0 0 0 0 1 0 0 0 0 2 1 1 2 0 0 0 0 0 0 0 0 0 0 0 
2 2 0 1 0 0 6 2 2 3 4 4 4 1 2 0 0 0 1 0 0 1 0 0 0 1 0 1 0 0 0 0 0 0 0 0 0 0 0 0 
1 1 0 1 0 3 1 4 1 2 6 1 1 2 1 1 2 2 0 1 0 0 0 1 0 1 1 0 1 0 0 1 0 0 0 0 0 0 0 0 
2 0 0 0 0 2 0 1 3 4 4 1 2 0 0 1 1 0 0 0 0 0 0 0 0 1 0 1 1 0 0 1 0 0 0 0 0 0 0 0 
0 0 0 0 0 1 2 1 6 4 8 0 5 3 1 1 0 0 2 1 2 0 0 1 0 1 0 1 0 0 0 0 0 0 0 0 0 0 0 0 
0 0 1 0 1 4 4 6 2 3 5 1 3 1 3 2 0 1 0 0 0 0 0 0 0 0 0 0 0 0 0 0 0 0 0 0 0 0 0 0 
1 1 0 0 1 1 1 0 1 3 4 1 2 1 2 0 1 2 1 0 0 0 0 0 0 0 0 0 1 0 0 1 0 0 0 0 0 0 0 0 
0 0 2 0 0 0 3 1 4 4 4 2 1 1 0 0 2 1 0 1 0 0 0 1 0 0 1 1 0 0 0 0 0 0 1 0 0 0 0 0 
1 1 1 2 3 1 2 4 3 3 5 2 2 1 3 1 2 0 1 0 0 1 1 0 0 0 0 0 0 0 0 1 0 0 0 0 0 0 0 0 
0 1 0 1 1 2 2 2 1 2 3 13 13 0 1 2 0 2 1 0 2 0 0 1 1 3 0 0 2 0 2 0 0 0 1 0 0 0 0 0 
1 1 0 1 1 0 0 5 1 7 7 16 8 5 3 2 1 1 0 1 0 2 0 0 0 4 2 1 3 0 0 0 0 0 0 0 0 0 0 0 
0 0 0 0 1 0 3 6 2 11 8 15 8 6 5 5 6 2 1 1 0 0 1 0 0 1 1 0 1 0 0 1 0 0 0 0 0 0 0 0 
1 1 0 1 0 4 5 3 1 8 7 17 26 9 8 3 7 0 0 0 2 1 1 0 1 0 0 1 0 0 0 0 0 0 0 0 0 0 0 0 
4 0 0 0 0 0 1 4 4 8 28 41 24 10 7 9 2 1 0 1 0 4 1 0 1 2 2 1 1 1 1 0 1 1 1 0 0 0 0 0 
3 2 3 1 1 1 5 5 4 20 14 51 35 19 14 5 4 3 2 3 2 1 2 0 0 0 0 0 0 0 2 1 0 1 0 0 0 0 0 0 
1 1 1 0 1 2 0 8 7 10 18 130 146 19 9 5 6 4 4 2 1 0 0 0 3 0 0 1 2 1 0 0 1 0 0 0 0 1 0 0 
1 0 1 0 0 1 0 3 0 8 27 121 107 17 5 2 1 4 1 0 2 0 0 0 1 0 1 1 1 0 0 0 1 0 0 0 1 0 0 0 
0 0 0 2 0 2 2 3 8 14 12 88 184 21 11 13 3 1 0 1 0 1 0 0 0 1 0 1 0 0 1 0 0 1 0 1 0 0 0 1 
3 1 1 0 1 2 3 7 0 8 13 73 331 17 19 4 1 4 3 0 1 1 0 0 0 0 1 1 1 0 0 0 0 0 0 0 0 1 0 0 
0 0 0 0 0 0 0 2 3 5 7 36 178 16 9 0 0 1 0 0 1 0 1 0 1 1 0 0 1 0 0 0 0 0 0 0 0 0 0 0 
0 2 2 1 0 0 3 2 5 4 11 50 223 41 23 7 3 3 0 1 2 1 1 0 1 1 0 2 1 0 0 0 0 1 0 0 0 0 0 0 
1 0 1 1 0 2 3 2 1 18 8 38 228 38 22 5 6 1 4 1 2 1 1 0 0 2 1 0 0 0 0 0 0 0 0 0 0 1 0 0 
0 0 0 0 0 0 2 3 7 5 10 26 88 74 14 2 2 0 0 1 1 2 0 1 1 4 1 2 1 0 0 0 0 1 0 0 0 0 0 0 
0 1 1 0 2 0 0 6 3 12 27 69 163 156 54 17 9 7 2 3 1 0 0 1 0 0 0 0 0 0 0 0 0 1 0 0 0 0 2 0 

0 0 0 2 0 2 0 4 4 2 1 0 2 0 0 0 1 0 0 0 0 0 0 0 1 1 0 1 0 0 0 0 0 0 0 0 0 0 0 0 
1 0 0 0 0 2 1 1 4 2 3 1 4 0 0 0 0 0 0 0 1 0 0 1 0 0 2 3 3 1 0 0 0 0 0 0 0 0 0 0 
0 0 0 0 0 1 3 0 1 0 2 1 1 2 0 1 0 1 0 0 0 0 0 0 0 2 1 1 2 0 0 0 0 0 0 0 0 0 0 0 
0 0 0 0 0 0 0 0 2 3 3 1 2 1 0 0 0 0 0 0 0 0 0 0 0 0 0 0 3 0 0 0 0 0 0 0 0 0 0 0 
1 0 0 1 0 1 1 2 2 0 1 1 0 4 3 0 0 0 0 1 0 0 0 1 1 0 1 0 0 0 0 1 0 0 0 0 1 0 0 0 
0 0 1 1 0 0 1 1 0 1 1 3 3 0 0 0 1 0 0 0 1 0 0 0 0 0 2 2 1 1 1 0 0 0 0 0 0 0 0 0 
1 0 2 0 0 1 1 1 2 1 2 0 3 2 2 0 2 1 1 0 0 0 0 0 1 0 0 2 2 0 1 0 0 0 0 0 0 0 0 0 
1 0 0 1 0 1 0 1 1 2 3 4 0 3 0 1 0 0 0 1 0 0 0 0 1 1 1 1 2 1 1 0 0 0 0 0 0 0 0 0 
0 0 2 0 0 0 1 0 3 0 2 1 1 2 0 0 1 1 0 0 0 0 0 0 0 0 1 1 2 1 0 0 0 0 0 0 0 0 0 0 
0 0 0 1 2 0 0 1 0 1 3 5 5 1 0 1 2 0 1 1 1 1 1 2 0 0 1 0 1 0 0 0 1 0 0 0 0 0 0 0 
0 0 1 0 1 0 0 3 1 2 2 5 3 1 1 0 0 1 0 0 0 0 1 1 0 2 0 2 0 1 2 0 0 1 0 0 0 0 0 0 
0 0 1 2 1 0 1 2 3 4 5 8 4 2 3 2 1 0 1 2 0 0 0 0 2 2 0 2 1 0 0 0 0 0 0 0 1 0 0 0 
1 0 0 1 0 4 2 5 1 6 3 9 14 2 9 1 5 1 2 0 1 0 1 0 1 1 1 2 2 0 0 0 1 0 0 0 0 0 0 0 
0 0 0 1 1 0 1 0 5 6 9 15 11 2 5 3 3 0 1 0 0 0 0 1 0 0 2 4 1 0 0 0 0 0 0 1 0 0 0 0 
0 1 0 0 1 2 0 2 0 13 7 12 11 8 6 6 3 0 2 0 2 1 1 2 1 1 0 1 1 2 3 0 0 0 1 0 0 1 1 0 
0 0 0 1 0 1 1 4 0 17 9 11 24 7 8 2 1 4 1 1 2 0 1 0 0 0 0 1 1 0 0 1 1 0 0 0 0 0 0 0 
1 1 0 4 0 0 2 0 4 4 10 20 10 4 3 1 2 0 2 2 0 2 2 0 3 3 0 4 1 1 1 0 0 0 0 0 0 1 0 0 
0 3 0 0 2 1 0 5 3 12 5 13 14 10 4 2 0 3 0 0 0 0 2 2 1 1 0 2 2 0 0 0 0 1 0 1 0 1 0 0 
0 0 1 1 0 1 2 8 0 17 10 29 28 6 13 1 0 1 2 0 1 0 1 0 1 0 1 3 1 0 0 0 0 0 0 0 0 0 0 0 
0 0 0 1 0 1 1 2 5 7 4 16 19 9 3 1 0 0 2 1 0 0 1 2 0 1 1 0 0 0 0 0 0 0 0 0 0 0 0 0 
0 1 0 0 1 3 1 1 3 5 6 9 31 11 6 3 2 0 0 0 1 1 0 0 1 2 2 2 1 2 0 0 0 0 0 0 0 1 0 0 
0 0 0 0 1 2 0 0 0 4 0 16 53 18 18 6 7 2 1 0 0 0 2 0 0 0 1 1 0 0 0 0 0 0 0 0 0 0 0 0 
0 0 0 1 0 1 1 0 2 3 3 11 154 60 6 6 2 1 0 0 0 3 1 1 3 1 3 2 0 0 0 0 0 0 1 0 0 0 0 0 
0 0 0 1 1 0 0 0 2 3 7 19 103 171 23 7 4 4 0 1 0 2 1 0 0 0 1 1 2 0 0 0 0 0 0 0 0 0 0 0 

0 0 0 0 0 1 3 4 3 0 0 0 0 0 2 0 1 0 0 0 0 0 0 1 0 1 0 4 1 0 1 0 0 0 0 0 0 0 0 0 
0 0 0 0 2 3 0 1 0 0 1 2 0 0 1 1 0 0 1 0 0 0 0 1 0 0 1 2 2 3 0 0 0 0 0 0 1 0 0 0 
0 1 0 0 0 0 1 1 1 0 0 1 0 1 0 1 0 0 1 0 0 0 0 0 0 1 1 3 3 0 0 0 0 0 0 0 0 0 0 0 
2 0 0 0 0 0 0 1 1 2 2 0 3 0 0 0 0 0 1 0 0 1 0 0 0 1 1 1 0 0 0 0 1 0 0 0 0 0 0 0 
0 0 0 0 0 0 2 1 1 3 0 1 0 0 0 1 1 0 1 0 0 0 0 1 3 0 1 2 2 0 1 1 0 1 0 0 0 0 0 0 
0 1 0 1 0 0 0 0 1 1 3 2 2 1 1 2 0 1 0 0 0 0 0 1 0 0 0 1 0 0 1 0 1 0 0 0 0 0 0 0 
0 0 0 0 0 1 1 0 2 1 1 0 2 1 0 0 0 0 0 0 0 0 0 1 0 0 1 3 5 1 0 0 0 2 0 0 0 0 0 1 
0 0 1 0 0 1 2 0 1 1 0 1 0 2 0 0 0 0 0 2 0 1 0 0 1 2 0 5 3 0 1 1 1 0 0 0 0 0 0 0 
0 0 2 0 1 0 1 1 0 3 2 2 0 0 0 0 0 0 0 0 1 0 0 0 0 0 0 0 0 1 2 3 1 0 0 0 0 0 0 0 
2 0 0 1 0 0 0 0 1 2 0 3 2 2 0 0 0 0 0 0 0 1 1 0 0 0 1 1 1 0 0 0 0 0 1 0 0 0 0 0 
0 0 0 0 0 2 1 3 0 1 2 0 3 3 1 0 1 0 0 0 0 0 0 3 2 5 5 2 0 1 0 0 0 0 0 0 0 0 0 0 
0 0 0 1 0 2 0 0 1 0 3 3 4 4 1 2 0 1 3 1 1 1 0 2 0 1 0 1 0 1 1 0 0 0 0 0 1 0 0 0 
0 0 0 0 0 1 2 0 1 2 1 3 5 2 4 2 0 1 0 0 1 1 1 1 2 1 1 0 2 0 1 1 0 0 0 0 0 0 0 0 
1 1 0 0 0 2 1 1 2 7 12 9 4 2 1 1 0 1 1 1 0 0 0 1 1 1 4 4 2 0 0 0 0 0 0 0 0 0 0 0 
2 0 0 1 0 1 0 0 0 3 3 7 4 6 2 2 1 1 2 0 2 0 1 0 0 0 0 1 0 0 1 0 2 0 0 0 0 0 0 0 
0 1 0 1 0 1 0 3 1 2 6 6 9 3 7 4 2 2 2 1 1 2 0 2 2 1 3 1 3 0 0 1 0 0 0 1 0 0 0 0 
0 0 0 0 0 0 1 3 1 4 12 8 9 4 0 0 0 1 0 0 0 2 0 3 2 2 0 1 3 0 0 1 0 0 0 0 0 0 0 0 
0 1 0 0 1 1 1 0 0 1 3 2 9 5 8 0 1 3 2 3 0 0 1 1 0 0 0 0 0 0 0 0 0 0 0 0 0 0 0 0 
0 1 0 1 0 0 2 0 0 4 2 3 13 3 4 1 2 0 3 0 0 0 1 1 1 1 1 0 1 0 1 0 0 0 0 0 0 0 0 0 
0 0 0 0 0 0 1 2 1 3 2 6 6 1 4 0 0 0 0 0 0 1 0 1 2 2 0 2 1 1 2 0 0 0 0 0 0 0 0 0 
0 1 1 0 0 0 0 2 2 5 6 8 6 2 6 0 2 0 0 0 0 1 0 0 0 4 1 0 0 1 1 0 0 0 0 0 0 0 0 0 
1 0 0 0 0 1 0 4 1 5 2 9 9 7 12 3 2 2 1 1 1 0 1 0 0 3 1 0 0 0 1 0 0 0 0 0 0 0 0 0 
2 0 0 0 0 0 0 0 0 0 2 10 20 16 4 0 0 0 0 0 1 2 1 2 1 2 3 3 1 0 0 0 1 0 0 0 0 1 0 0 
0 0 0 0 1 0 0 0 4 3 5 7 17 15 3 6 2 1 2 1 1 1 1 0 1 1 1 1 0 1 2 0 0 0 0 0 0 0 0 0 

0 0 0 0 0 1 0 2 3 1 0 0 0 1 0 0 0 0 0 0 0 0 0 1 0 2 0 5 4 0 1 0 0 0 0 0 0 0 0 0 
0 0 0 0 0 0 0 0 0 1 0 2 0 0 0 0 0 0 0 0 0 0 0 0 2 1 0 3 1 2 1 0 0 0 0 0 0 0 0 0 
0 0 0 0 0 0 1 1 0 0 3 2 0 0 1 0 1 0 0 0 0 0 0 0 0 0 2 6 5 1 0 0 0 0 0 1 0 0 0 0 
0 0 0 0 0 0 0 1 0 0 0 0 0 0 0 0 0 0 0 1 0 0 0 1 0 3 2 3 3 2 0 0 0 0 2 0 0 0 0 0 
0 0 0 0 0 0 1 0 0 1 0 0 1 0 1 0 0 1 0 0 1 0 0 3 0 2 1 5 6 1 2 0 0 1 0 0 0 0 0 0 
0 0 0 0 0 0 1 0 1 1 1 1 1 1 0 1 1 0 0 0 0 0 0 0 1 2 2 3 6 1 2 0 0 0 0 0 0 0 0 0 
0 0 0 0 0 1 0 1 3 0 1 0 2 1 0 0 0 0 1 0 0 2 0 0 1 0 0 1 1 2 0 0 0 0 0 0 0 0 0 0 
1 0 0 0 0 0 0 0 1 1 0 0 0 0 0 0 1 0 0 0 0 0 1 2 2 1 3 6 2 0 1 1 0 0 0 0 0 0 1 0 
0 0 0 0 0 0 0 1 0 2 0 0 0 1 0 0 0 1 0 0 0 0 0 0 1 0 2 3 1 2 3 1 0 0 1 1 0 0 0 0 
1 0 0 1 0 1 0 0 1 1 2 0 2 0 0 1 1 0 0 0 0 0 0 1 1 0 1 3 2 0 1 0 1 0 0 0 1 0 0 0 
0 1 0 1 0 0 1 0 0 2 0 4 2 2 0 1 0 0 0 1 0 0 0 1 4 5 2 4 3 1 4 0 0 0 0 0 0 0 0 0 
1 0 0 0 1 0 0 0 2 3 2 2 0 3 1 0 0 0 0 2 0 1 0 0 1 0 0 0 3 2 1 1 0 0 0 0 0 0 0 0 
0 0 0 1 0 0 0 0 0 2 3 2 7 0 2 2 1 0 0 0 1 0 0 1 0 2 1 2 4 0 1 0 0 0 0 0 0 1 0 0 
0 0 0 0 1 1 0 1 0 2 1 0 2 1 0 0 0 1 0 1 2 0 3 0 3 4 2 9 2 2 0 0 0 0 0 0 1 0 0 0 
0 0 1 0 0 0 0 1 1 2 5 3 5 2 0 0 0 0 1 1 0 1 1 0 1 1 1 1 0 1 1 0 1 0 1 0 1 0 0 0 
0 0 0 0 0 0 0 2 0 1 2 2 4 1 2 1 1 1 1 2 0 0 1 2 1 0 1 1 1 3 1 0 0 0 0 0 1 0 0 0 
1 0 0 0 0 1 4 0 1 1 0 4 2 1 1 1 0 0 0 1 1 1 0 3 6 0 1 10 3 1 2 1 0 0 0 0 0 0 0 0 
2 0 0 0 0 0 1 2 1 1 2 5 7 4 2 1 1 2 0 1 0 2 2 0 3 3 4 1 3 1 0 1 0 1 0 0 0 0 0 0 
2 0 1 0 0 0 0 1 0 0 3 4 6 5 5 1 4 1 2 1 0 2 0 0 1 1 2 1 2 0 0 2 0 0 0 0 0 0 0 0 
0 0 0 0 0 0 0 3 0 2 2 1 4 1 0 1 0 0 0 0 3 1 4 1 7 4 2 2 0 0 0 0 0 0 0 1 0 0 0 0 
1 0 0 0 1 1 0 0 3 1 0 3 2 0 3 2 1 1 0 1 1 0 2 1 3 0 2 1 1 0 1 1 0 0 0 0 0 0 0 0 
0 1 0 1 0 0 0 1 0 5 2 3 3 3 8 1 3 0 2 0 1 2 0 0 1 2 1 0 1 0 0 0 0 0 1 0 0 1 0 0 
1 1 0 0 0 1 0 0 0 1 0 2 3 4 1 1 0 0 0 0 2 2 3 4 1 14 6 1 0 0 0 0 3 0 0 0 0 0 0 0 
0 0 0 0 0 0 1 1 2 3 4 9 9 9 7 3 1 1 0 4 3 0 1 1 3 3 5 0 1 0 0 0 0 0 0 0 0 0 0 0 

0 0 0 0 0 1 0 0 2 1 0 0 0 0 0 0 0 0 1 0 0 0 0 1 1 1 6 6 6 2 2 0 1 1 0 1 1 0 0 0 
0 0 0 0 0 1 2 0 1 0 0 0 0 0 1 1 0 0 0 0 1 0 0 1 0 0 1 3 1 1 0 1 0 0 0 0 0 0 0 0 
0 0 0 0 0 0 1 0 2 1 0 0 1 1 0 1 0 0 0 1 0 0 0 1 0 0 1 5 3 1 1 0 0 0 1 0 0 0 0 0 
0 0 0 0 0 0 0 0 1 1 1 1 0 0 0 0 0 0 1 0 0 0 0 1 0 0 3 5 4 0 0 0 0 0 0 0 0 0 0 0 
0 1 0 0 0 0 0 1 0 1 0 0 0 0 0 0 0 0 0 0 0 0 0 3 0 1 7 9 5 1 1 0 0 0 0 0 0 0 0 0 
0 0 0 0 0 0 1 0 1 1 2 4 0 1 1 0 0 0 0 0 0 1 0 0 1 2 0 5 1 1 1 1 0 0 0 0 0 0 0 0 
0 0 0 0 0 0 0 1 0 0 0 1 0 1 0 0 0 1 0 0 0 1 0 1 1 3 1 2 6 3 1 1 0 0 0 0 0 0 0 0 
0 0 0 0 0 1 1 0 0 1 0 0 0 0 0 0 0 0 0 2 1 0 1 4 0 3 2 7 3 3 1 0 0 1 0 0 0 0 0 0 
0 0 0 0 0 1 0 2 2 0 0 1 0 0 1 0 2 0 0 0 0 0 0 0 2 0 1 5 5 0 0 3 0 0 0 0 0 0 0 0 
0 0 0 0 0 0 0 0 0 0 0 0 0 1 1 0 0 0 1 0 0 0 0 0 1 3 2 5 3 2 1 2 0 0 1 0 0 0 0 0 
0 0 0 0 0 2 0 0 1 0 0 6 0 0 0 0 0 1 0 1 1 0 1 2 5 4 3 6 5 3 2 3 1 0 2 0 0 1 0 0 
1 0 0 0 0 1 0 1 1 1 0 1 2 0 2 0 0 0 1 1 0 0 0 1 1 3 1 2 1 1 4 1 0 2 0 0 0 0 0 0 
0 0 0 0 1 0 0 0 0 1 0 2 2 0 1 1 0 1 1 1 0 0 2 1 1 0 1 5 8 2 1 0 0 0 0 0 0 0 0 0 
0 0 0 0 0 0 0 1 0 1 0 1 3 2 1 1 0 0 0 0 1 1 1 1 4 5 2 8 6 0 0 1 1 2 1 0 0 0 0 0 
0 0 0 0 1 1 1 1 1 1 1 5 1 3 3 1 1 1 2 0 1 0 0 1 1 2 4 5 2 1 0 0 0 0 0 0 0 1 0 1 
0 0 0 1 0 0 0 0 0 0 2 3 3 2 3 0 1 0 0 0 1 0 0 2 2 3 3 0 2 0 1 2 0 0 0 0 1 0 0 0 
0 0 0 0 0 3 3 1 1 1 2 5 4 1 1 1 0 0 0 0 2 0 1 2 7 6 2 10 7 1 0 1 0 0 0 1 1 0 0 2 
0 0 0 0 1 0 0 1 0 0 1 1 4 2 0 1 2 0 1 1 0 2 0 0 1 4 3 1 1 0 2 0 0 0 0 0 0 0 0 0 
1 0 0 0 0 3 0 1 1 3 0 2 1 1 0 1 1 0 0 1 0 2 1 2 1 0 6 3 1 0 0 0 1 0 0 0 0 0 0 0 
0 0 0 0 0 2 1 0 1 1 0 2 1 2 0 1 1 1 0 1 2 1 2 2 2 1 2 2 2 0 1 1 2 0 0 0 0 0 0 0 
0 0 1 0 0 0 0 1 2 1 1 1 3 4 0 1 1 0 1 0 1 0 0 3 3 2 0 0 0 1 0 0 0 0 0 0 1 0 0 0 
0 0 0 0 1 0 1 2 1 2 0 5 0 0 3 0 2 0 1 0 0 0 1 1 0 2 6 3 1 1 1 0 1 1 0 0 0 0 0 1 
0 0 0 0 0 1 0 0 1 1 1 2 1 3 0 1 2 0 1 2 1 0 2 3 7 10 6 2 3 1 0 0 1 0 0 1 0 0 1 0 
0 0 0 0 0 0 1 0 1 1 0 1 0 2 1 1 4 2 0 0 0 0 0 0 0 4 1 0 1 0 0 0 0 0 0 0 0 0 0 0 

0 0 0 0 0 0 0 1 1 0 0 0 0 0 0 0 0 0 0 0 0 1 1 0 0 4 2 17 9 2 0 0 2 0 0 0 0 0 0 0 
0 0 0 0 0 1 0 0 0 0 0 1 1 0 1 0 0 0 0 0 0 1 1 2 1 2 7 17 11 4 4 0 0 0 0 0 0 0 0 0 
0 0 0 0 0 0 0 0 0 0 0 0 1 1 0 1 0 0 0 0 0 0 1 1 2 0 1 16 14 7 2 1 0 0 1 0 0 0 0 0 
0 0 0 0 0 0 1 0 0 0 0 0 0 0 0 0 0 0 2 0 0 0 1 0 1 5 1 7 13 2 2 1 0 0 0 0 0 0 0 0 
0 0 0 0 0 0 0 1 0 1 1 0 0 1 0 0 0 3 0 0 0 0 1 0 1 3 4 6 9 1 2 2 2 1 0 0 0 0 0 0 
0 0 0 0 0 0 0 0 0 1 0 1 0 0 0 0 0 0 0 0 0 0 1 1 0 2 7 8 2 4 4 0 1 1 0 0 0 0 0 0 
0 0 0 0 0 0 1 0 0 1 0 0 0 0 1 1 0 0 1 0 0 0 1 1 1 2 0 6 11 4 3 0 0 0 0 0 0 0 1 0 
0 0 0 0 0 0 0 0 0 1 0 0 0 0 0 0 0 1 0 0 1 2 3 2 4 3 7 13 14 5 0 2 2 1 0 0 1 0 1 0 
0 0 1 0 0 0 0 0 1 1 1 0 0 0 0 0 0 0 1 1 0 2 1 1 2 4 3 8 5 7 3 1 0 0 0 0 0 0 0 0 
0 0 0 0 0 0 0 1 0 1 0 1 2 1 0 0 0 0 1 0 1 0 0 6 1 7 0 5 7 3 2 0 2 0 0 0 1 0 0 0 
0 0 1 0 0 0 0 0 0 0 0 1 2 0 1 0 0 0 0 1 1 0 1 1 5 6 8 11 8 3 3 2 0 1 0 0 1 0 0 0 
0 0 0 0 0 0 1 3 0 0 0 0 1 1 0 1 1 0 0 0 1 0 0 2 1 2 2 9 9 3 1 2 1 3 0 0 0 0 0 1 
0 0 0 0 0 0 1 0 0 0 0 1 2 0 1 0 0 0 0 1 0 2 1 1 0 2 1 12 7 2 1 2 1 0 0 0 0 0 0 0 
1 0 0 0 0 0 0 0 0 1 1 4 0 1 0 1 1 0 0 1 2 4 3 3 10 9 8 18 10 3 0 2 2 1 0 1 1 0 0 0 
0 0 0 0 0 0 0 0 2 2 2 2 3 2 1 2 0 0 0 0 0 1 0 6 3 5 9 11 5 6 6 2 1 2 1 0 0 0 0 0 
1 1 1 0 0 1 0 0 0 1 1 2 4 3 0 1 2 0 0 2 1 3 2 2 2 2 6 8 8 3 3 0 2 0 1 0 0 0 0 0 
0 0 0 0 0 0 1 0 0 0 1 1 0 0 1 0 0 0 0 2 1 3 3 2 9 3 11 15 8 3 1 2 1 0 0 1 0 0 0 0 
0 0 0 0 0 0 0 0 0 2 0 1 0 0 0 1 0 0 1 0 1 0 2 1 6 4 8 6 5 4 2 0 1 0 0 1 0 0 0 1 
0 0 0 0 0 1 0 0 0 4 0 1 0 1 1 2 0 0 0 1 0 0 0 2 1 3 6 2 2 2 3 0 1 1 0 0 1 0 0 0 
0 0 0 0 0 0 0 0 0 1 1 2 0 0 1 1 0 1 2 0 0 2 2 8 7 12 10 6 2 1 2 0 0 0 0 0 0 0 0 0 
0 0 0 0 0 0 1 0 0 0 0 0 1 0 0 0 0 1 0 0 0 1 1 3 6 7 8 2 1 3 0 0 0 0 1 0 0 0 0 0 
0 0 0 0 0 0 1 0 1 0 0 0 1 1 1 0 0 0 1 3 1 0 1 2 1 8 8 0 3 0 1 1 1 0 1 0 0 0 0 0 
0 0 0 0 0 0 1 0 1 0 1 1 1 2 1 1 2 2 1 3 3 8 6 2 21 18 20 4 3 1 0 1 0 1 0 0 0 1 0 0 
1 0 0 1 0 0 0 0 2 1 2 7 7 2 6 4 3 2 2 0 1 2 3 11 6 15 13 9 3 2 1 0 0 1 0 0 0 0 0 0 

0 0 0 0 0 0 0 0 0 0 0 0 0 0 0 0 0 0 0 1 0 0 0 3 0 2 8 35 14 3 1 3 1 0 0 0 0 0 0 0 
0 0 0 0 0 0 0 0 0 0 1 1 0 0 0 0 0 0 0 1 0 0 0 0 1 1 6 22 10 5 2 3 2 1 0 0 0 1 1 0 
0 0 0 0 0 0 1 1 0 0 0 0 0 0 0 0 0 0 0 0 0 1 0 0 0 0 3 10 6 9 0 0 1 0 0 0 0 0 0 0 
0 0 0 0 0 0 0 0 0 0 0 0 0 0 0 0 0 0 0 0 0 2 1 2 0 3 7 18 17 3 4 2 2 1 0 1 0 0 0 0 
0 0 0 1 0 0 1 0 1 0 0 0 1 0 0 0 0 0 1 1 0 1 1 2 5 3 6 24 9 6 5 2 0 1 1 2 0 1 1 0 
0 0 0 0 0 1 0 0 0 0 0 0 1 0 1 0 0 0 0 0 1 1 1 1 0 1 8 8 6 4 3 0 0 0 1 0 0 1 0 0 
0 0 0 0 0 0 0 0 0 0 0 0 1 0 0 0 0 0 0 0 0 0 2 1 2 5 6 11 15 4 1 3 1 2 2 0 0 1 0 0 
0 0 0 0 0 0 0 0 1 0 0 0 0 0 0 0 1 0 0 0 0 1 3 2 1 3 7 17 9 7 5 1 1 0 1 1 1 0 0 0 
0 0 1 0 0 0 0 1 0 0 0 0 0 0 0 0 1 0 1 0 0 0 0 1 2 5 4 10 4 2 6 2 0 1 0 0 0 0 0 1 
0 0 0 0 0 0 0 0 1 0 1 1 0 0 1 0 0 0 1 1 0 0 1 2 2 3 8 14 13 2 4 2 2 1 2 0 2 1 0 0 
0 0 1 0 0 0 0 1 0 0 0 1 0 0 0 0 0 1 0 0 1 0 0 1 1 5 10 18 16 3 4 3 0 2 0 0 0 0 0 0 
0 0 0 0 0 0 1 1 0 0 0 2 0 0 1 0 1 1 0 0 0 0 0 2 1 2 9 2 7 3 1 1 0 0 0 0 0 0 0 0 
1 0 0 0 0 0 0 0 2 1 0 0 1 0 1 0 1 0 1 0 2 2 0 6 5 1 4 25 22 3 6 1 1 0 1 2 1 0 0 1 
0 0 0 0 0 0 0 1 0 0 0 2 1 0 0 0 0 0 0 0 0 1 1 3 5 10 9 28 10 7 6 1 1 1 0 2 1 0 0 0 
0 0 0 0 1 0 1 0 0 2 1 0 2 1 0 2 1 1 0 0 0 0 3 0 2 10 6 11 12 4 2 2 2 0 0 1 2 2 0 0 
1 0 0 0 0 0 0 0 0 0 0 0 1 1 2 2 2 2 0 0 3 6 1 7 6 10 11 22 21 3 5 0 1 1 0 2 2 1 1 0 
0 0 0 0 0 0 0 1 0 0 1 1 2 1 0 0 0 1 0 0 3 2 3 4 5 15 12 18 8 2 4 2 2 1 1 1 0 0 0 0 
1 0 0 0 0 0 0 0 0 1 1 1 2 0 0 1 1 2 2 0 0 1 0 4 4 8 6 6 2 4 3 0 1 1 0 0 0 0 0 0 
1 0 0 0 0 0 0 0 0 1 0 1 0 2 0 1 0 0 0 0 0 2 0 3 1 6 15 4 6 0 2 1 2 0 3 0 0 1 0 0 
1 0 0 0 0 1 0 0 2 0 0 1 0 0 1 0 1 2 1 4 1 0 2 7 7 9 15 4 3 1 0 1 0 1 0 1 0 0 0 0 
0 0 0 0 1 0 0 0 0 1 3 0 1 1 0 1 0 0 1 0 0 2 0 2 7 9 15 4 5 4 2 0 0 0 1 0 0 2 0 0 
0 0 0 0 0 0 0 0 1 0 0 0 0 0 0 1 1 0 0 0 2 3 1 3 5 12 26 7 7 3 0 0 2 1 1 0 0 1 0 0 
0 0 0 0 0 1 0 1 0 0 0 1 3 3 2 1 0 1 0 1 1 4 5 8 16 30 28 12 5 1 1 1 1 0 0 1 2 0 0 0 
0 0 0 0 0 0 0 1 0 2 1 0 3 1 0 1 1 1 0 1 3 1 2 8 12 14 20 8 4 1 0 0 0 0 0 0 0 0 0 0 

0 0 0 0 0 0 0 0 0 0 0 0 0 0 0 0 1 0 0 0 0 1 1 3 3 4 8 462 60 4 6 2 2 2 0 0 0 0 0 0 
0 0 0 0 0 0 1 0 0 0 1 0 0 0 0 0 0 0 0 0 0 0 0 2 0 14 18 127 53 7 8 2 3 2 0 2 0 0 0 1 
0 0 0 0 0 0 0 0 0 0 1 0 0 0 0 0 0 0 1 1 4 0 2 3 2 9 24 138 37 13 4 5 1 3 0 0 0 0 0 0 
0 0 0 0 1 0 1 1 0 0 1 0 0 0 0 0 1 0 0 1 0 2 0 2 4 6 10 58 46 5 6 0 3 1 0 1 0 0 0 0 
0 1 0 0 0 0 0 0 0 0 0 0 0 0 0 2 1 0 0 0 0 2 0 3 3 7 31 92 42 8 11 4 2 2 1 1 1 1 1 0 
0 0 0 0 0 0 0 2 0 0 1 0 0 0 0 0 0 0 0 0 0 0 0 1 9 6 21 94 49 12 11 2 4 2 3 0 1 1 1 0 
0 0 0 0 0 1 0 0 0 1 0 0 0 0 0 0 0 1 0 0 1 0 4 2 0 7 8 39 37 5 5 2 0 3 0 0 0 0 1 0 
0 0 0 0 0 0 0 0 0 0 1 0 1 0 0 0 1 0 0 0 2 1 0 2 6 7 23 77 25 9 6 6 3 0 1 0 1 0 0 1 
0 0 0 0 0 0 0 1 1 0 0 0 0 1 1 0 0 1 0 0 0 2 3 0 2 13 25 57 39 15 8 4 6 3 0 3 0 0 1 1 
0 0 0 0 0 0 0 0 0 1 0 0 1 0 2 1 0 1 0 0 1 3 2 5 5 3 14 39 42 7 5 0 5 0 4 0 1 0 0 1 
0 0 0 0 0 0 0 3 0 0 0 0 2 0 0 0 0 2 1 1 0 0 3 4 9 12 35 67 36 7 3 6 2 2 1 1 1 0 0 1 
0 0 0 0 0 0 0 0 1 0 1 1 1 1 0 1 0 0 0 2 1 3 1 3 9 12 43 66 27 12 4 5 2 2 0 1 2 0 0 0 
0 0 0 0 0 0 0 0 0 1 0 0 2 0 0 2 0 0 1 2 2 1 2 0 4 11 17 44 50 13 9 3 2 1 1 1 1 1 0 1 
0 0 0 0 0 0 0 1 0 0 2 0 0 0 0 0 1 0 0 1 4 1 8 3 13 21 75 102 40 9 13 5 2 1 1 1 0 0 0 1 
0 0 0 0 0 0 0 0 2 0 0 0 0 0 0 1 0 0 1 2 3 5 1 4 13 24 102 91 27 13 10 2 5 0 5 0 2 0 1 0 
0 0 0 0 0 1 0 0 0 0 0 2 0 0 1 2 0 0 1 2 2 1 2 6 7 15 46 52 33 12 12 4 3 1 2 0 0 0 0 0 
0 0 0 0 0 0 0 0 0 0 0 1 0 2 0 1 3 1 3 2 3 1 10 8 15 26 53 56 30 3 7 2 1 1 0 0 0 1 0 0 
1 0 0 0 0 0 0 0 0 0 0 1 2 1 1 0 0 1 0 2 3 3 6 9 6 26 57 32 13 8 2 1 2 3 0 1 2 0 1 0 
0 0 0 0 0 1 0 0 0 1 2 0 0 0 0 0 0 0 1 1 2 0 4 5 6 21 75 13 12 3 4 2 2 2 0 0 0 0 0 0 
0 1 0 0 0 1 1 1 0 0 2 0 1 0 1 0 4 1 3 1 2 3 10 7 16 35 75 18 12 8 7 3 1 0 0 0 1 0 0 0 
0 0 0 0 0 1 0 0 0 1 1 1 0 0 1 0 0 1 1 2 3 5 4 8 24 105 289 35 14 11 2 5 0 0 0 1 0 1 0 0 
3 0 0 0 0 0 1 0 1 0 0 0 1 0 0 0 0 2 0 1 0 4 1 6 7 74 225 14 11 3 5 0 2 1 2 1 1 1 2 0 
0 0 0 0 0 0 1 0 0 0 1 0 4 0 0 0 1 0 1 1 4 5 10 20 52 250 194 26 6 3 3 0 0 1 0 1 0 0 0 2 
0 0 0 1 0 0 0 0 1 2 0 5 3 5 3 1 1 0 2 2 4 2 7 16 44 622 158 27 8 6 3 1 0 1 0 0 0 0 1 0 

0 0 0 0 0 0 0 0 0 0 0 0 0 0 0 0 0 0 1 0 0 0 0 1 1 2 8 190 68 5 1 2 3 2 0 0 0 0 0 0 
0 0 0 0 0 0 1 0 0 0 0 0 0 0 0 0 0 0 0 0 0 0 0 3 1 4 21 85 55 11 12 4 5 3 0 0 2 0 2 0 
1 1 0 0 0 0 1 0 0 1 0 0 1 0 0 1 0 0 0 0 0 1 1 0 4 5 12 90 43 16 11 0 2 2 6 1 0 1 0 0 
0 0 1 0 0 0 0 0 1 0 0 0 0 1 0 0 0 0 2 0 0 1 1 0 1 5 9 120 66 7 6 1 3 2 1 0 0 1 0 1 
0 0 0 0 0 0 0 0 0 0 1 0 0 1 0 0 0 0 0 0 0 0 0 2 2 7 17 106 57 11 12 3 4 2 3 0 0 1 1 0 
0 0 0 0 0 1 0 0 1 1 0 1 0 0 1 1 1 0 0 0 0 1 4 2 4 9 26 172 39 9 7 7 5 1 5 1 3 0 1 0 
0 0 0 0 0 0 0 0 1 0 0 0 0 1 1 0 1 0 0 0 1 1 0 0 3 4 12 120 71 8 12 4 5 1 1 0 0 0 1 1 
0 0 0 0 0 0 0 0 0 0 0 0 0 0 0 0 0 0 0 0 2 2 1 1 4 5 25 147 40 8 9 3 1 1 2 2 1 0 0 0 
0 0 0 0 0 0 0 0 0 0 0 0 0 0 1 0 0 0 0 1 0 2 0 4 3 8 26 214 38 11 10 4 3 2 0 4 0 0 1 0 
0 0 0 0 0 0 0 0 0 0 0 0 0 0 0 0 1 0 0 0 0 2 2 4 2 8 25 257 86 9 17 6 3 0 3 0 0 0 0 0 
0 1 0 0 0 0 0 0 1 0 0 0 0 0 0 0 1 0 0 0 0 2 1 1 2 9 51 238 41 13 9 4 6 2 1 0 0 0 2 0 
0 0 0 0 1 0 0 0 0 0 0 1 0 0 0 1 0 1 3 0 2 0 4 1 7 16 57 169 37 14 8 7 3 2 0 1 2 1 2 0 
0 0 0 0 0 0 0 0 0 1 0 1 0 1 0 0 0 1 1 1 2 5 1 8 5 16 41 243 58 7 12 6 3 1 2 3 1 0 0 0 
0 0 0 0 0 0 1 0 0 0 0 3 1 0 1 0 1 1 1 1 1 0 1 3 15 11 129 202 36 9 5 4 0 0 0 0 2 1 0 2 
0 0 0 0 0 0 1 0 0 0 1 0 1 0 3 0 1 1 2 2 0 3 8 9 8 22 279 138 48 22 14 8 6 2 1 2 1 0 1 2 
0 1 1 1 0 0 0 1 0 0 0 1 1 0 4 1 1 1 0 0 3 6 5 4 7 32 300 148 55 10 10 6 7 1 1 1 3 1 0 0 
0 0 0 0 0 1 0 0 1 0 1 0 0 0 1 1 0 0 0 2 1 2 4 4 15 28 84 61 26 7 6 2 0 0 0 1 0 0 0 0 
0 1 0 0 0 0 0 1 0 0 0 0 1 0 0 0 0 1 1 1 0 3 1 8 6 17 72 27 21 13 5 3 5 0 4 1 1 0 1 1 
0 0 0 0 0 0 0 1 0 0 0 0 2 0 0 0 2 1 0 0 2 3 1 4 7 17 204 23 15 2 7 4 4 2 0 1 1 0 2 0 
0 0 0 0 0 1 0 1 0 0 0 0 0 0 1 0 0 0 2 1 4 2 5 6 13 22 56 11 8 6 2 0 1 2 0 0 0 0 1 0 
0 0 0 0 0 0 0 0 0 0 2 1 1 0 0 1 1 2 0 1 4 2 4 15 14 47 136 21 13 3 6 2 3 4 2 1 2 2 3 1 
0 0 0 0 0 0 0 0 0 1 0 0 0 1 0 0 1 0 0 0 0 3 5 8 13 63 186 17 21 4 9 0 3 1 0 2 0 0 0 0 
0 0 0 0 0 0 1 1 1 0 0 1 4 1 1 1 0 1 2 0 4 3 12 14 37 156 142 20 7 1 2 1 3 1 0 1 2 0 0 1 
0 0 0 0 0 0 0 0 0 0 0 0 2 1 0 0 3 3 0 5 6 12 9 24 49 323 156 38 13 9 2 4 0 3 1 1 0 1 1 0 

1 0 0 0 0 0 0 1 0 0 0 1 0 0 0 0 0 0 0 0 0 0 2 4 3 8 7 34 24 5 4 0 1 0 0 0 0 0 0 0 
0 0 0 0 0 0 0 0 0 0 0 0 0 0 0 0 1 0 0 0 0 1 0 1 1 0 4 9 16 4 2 1 0 1 0 0 0 1 0 0 
0 0 0 0 0 0 0 0 0 0 0 0 0 0 0 0 0 1 0 1 0 0 0 0 1 2 4 7 9 3 2 4 1 0 0 0 0 1 0 0 
0 0 0 0 0 0 0 0 0 0 1 0 0 0 0 0 0 0 0 2 0 3 1 2 2 6 6 10 14 3 6 2 1 1 2 0 1 0 0 0 
0 0 0 0 0 0 0 0 0 0 0 0 0 0 0 0 0 0 0 0 0 2 2 2 0 1 8 12 12 7 5 4 1 0 0 0 0 0 0 0 
0 0 0 0 0 0 0 0 0 0 0 0 0 0 0 1 0 0 0 1 0 0 1 0 0 2 1 11 7 2 2 1 2 1 1 0 0 0 0 0 
0 0 0 0 0 0 0 0 0 0 0 0 0 0 0 0 0 1 0 0 1 1 1 3 3 4 7 15 36 1 3 1 1 0 0 1 0 0 0 2 
0 0 0 0 0 0 0 0 0 0 0 0 0 0 0 0 0 0 0 0 0 1 2 0 4 2 10 29 14 2 3 2 1 2 0 0 1 0 0 1 
0 0 0 0 0 0 1 0 0 0 0 0 0 0 0 1 0 0 0 0 0 0 1 1 1 2 4 19 14 7 3 3 0 0 1 0 0 0 0 0 
0 0 0 0 0 0 0 0 0 0 0 0 0 0 1 0 0 0 0 1 1 1 0 5 0 11 13 27 37 8 5 0 2 3 1 0 2 0 0 0 
0 0 0 0 0 0 0 0 0 0 0 0 0 0 0 0 0 0 0 0 0 0 1 7 2 12 26 36 14 4 3 3 1 0 0 0 1 0 0 1 
0 0 0 0 0 0 0 0 0 0 0 0 0 0 0 1 0 0 1 1 2 0 2 1 4 3 10 17 7 9 1 2 1 1 3 0 1 1 1 0 
0 0 0 0 0 0 1 0 0 0 0 0 0 0 0 0 2 0 1 0 0 2 0 4 0 5 18 35 39 5 3 1 3 1 1 0 0 2 1 0 
0 0 0 0 0 1 0 0 0 0 0 1 0 0 0 0 1 1 0 1 1 2 7 2 4 10 28 39 19 4 2 1 2 1 2 0 0 0 0 1 
0 1 0 0 0 0 0 1 0 0 0 2 1 0 0 0 0 0 0 0 0 0 2 6 2 7 16 19 15 9 6 2 0 2 0 1 1 0 0 0 
0 0 0 0 0 0 0 1 1 0 0 2 0 2 1 1 1 0 1 1 4 2 3 3 1 16 28 32 25 5 5 4 1 2 0 0 1 1 0 2 
0 0 0 0 0 0 0 0 0 0 0 0 1 1 0 1 0 1 1 0 1 4 5 6 10 19 11 14 9 1 5 0 0 1 0 0 0 1 1 0 
0 0 0 0 0 0 0 0 0 0 1 0 2 0 0 0 0 2 0 1 1 2 3 6 4 13 12 9 5 1 0 1 2 0 1 3 1 0 0 0 
0 0 0 0 0 0 0 0 0 0 0 0 0 0 0 0 0 0 0 3 2 2 2 4 5 11 18 7 7 3 3 3 2 0 3 1 0 0 1 0 
0 0 0 0 0 0 0 0 1 2 1 0 0 0 1 0 0 1 1 0 0 3 6 8 16 37 15 5 7 0 5 1 0 0 1 0 0 0 0 1 
0 0 0 0 0 0 0 0 0 0 0 0 2 0 0 0 1 1 3 0 3 5 4 8 11 20 16 12 14 5 3 1 0 1 0 0 0 0 0 0 
0 0 0 0 0 1 0 0 0 0 0 0 0 0 0 0 1 1 1 5 1 7 3 8 7 18 39 10 17 3 5 0 2 1 2 1 1 0 0 0 
0 0 0 0 0 0 0 0 0 1 0 0 0 1 0 0 0 1 2 2 2 2 15 20 25 30 29 3 1 3 1 1 0 1 1 2 0 0 0 0 
0 0 0 0 0 1 1 0 0 1 0 1 0 0 0 1 0 0 0 1 2 1 4 16 35 53 36 23 13 5 2 3 1 1 1 0 1 0 1 1 

0 0 0 0 0 0 0 0 0 0 0 0 0 0 0 0 0 0 0 0 0 1 2 0 1 2 0 17 4 1 0 0 0 0 0 0 0 0 0 1 
0 0 0 0 0 0 0 0 0 0 0 0 1 0 0 0 0 0 0 0 0 0 2 1 1 0 6 3 4 2 3 0 2 0 2 0 0 0 0 0 
0 0 0 0 0 1 0 0 0 0 0 0 0 0 0 0 0 0 0 0 1 1 0 2 1 2 2 5 6 2 0 1 1 1 2 0 1 0 3 0 
0 0 0 0 0 0 0 0 0 1 0 0 0 0 0 0 0 0 0 0 0 1 0 2 2 1 0 5 6 1 2 1 1 0 2 0 1 0 0 0 
0 0 0 1 0 0 0 0 0 0 0 0 0 0 0 0 0 0 0 0 0 1 1 1 3 0 5 4 6 0 1 3 4 0 1 1 1 0 0 0 
0 0 0 0 0 0 0 0 1 0 1 0 0 0 0 0 0 0 0 1 0 0 0 1 0 1 4 13 11 6 1 1 2 1 1 0 1 1 1 0 
0 0 0 0 0 0 0 0 0 0 0 0 0 0 0 0 0 0 0 0 0 1 0 2 1 2 10 5 6 4 2 2 3 1 0 0 0 0 0 2 
0 0 0 0 0 0 0 0 0 0 0 0 0 0 0 0 0 0 0 0 2 1 0 2 2 2 5 8 3 6 2 1 3 0 0 0 1 1 0 0 
0 0 0 0 0 0 0 0 0 0 0 0 0 0 0 1 0 0 0 1 0 0 1 2 3 7 7 9 4 7 8 3 5 1 1 0 0 0 0 1 
0 0 0 0 0 0 0 1 0 1 0 0 0 0 0 0 0 0 0 0 0 0 0 3 2 3 4 5 12 2 3 1 2 0 0 2 1 1 0 0 
0 0 0 0 0 0 0 0 0 0 0 1 0 0 1 0 0 0 0 0 0 0 3 4 2 2 12 14 5 3 0 2 1 0 1 0 0 0 1 0 
0 0 0 0 0 0 1 0 0 0 0 0 0 0 0 0 0 1 0 0 2 1 1 4 2 8 4 6 6 7 5 2 2 3 1 2 0 0 0 0 
0 0 0 0 0 0 0 0 1 1 0 1 1 0 1 0 1 0 0 1 0 3 2 5 2 6 8 10 20 1 6 1 2 1 0 1 0 0 2 1 
0 0 0 0 0 0 0 0 0 0 0 0 0 0 0 0 0 0 1 1 1 2 7 4 5 14 12 24 4 2 2 2 3 2 0 0 0 1 1 0 
0 0 0 0 0 0 0 0 1 0 0 1 0 0 0 0 0 0 1 0 1 2 1 2 1 7 6 5 15 3 3 5 0 2 2 0 1 0 0 1 
0 0 1 0 0 0 0 0 0 0 0 1 0 0 0 0 1 0 1 1 0 3 0 6 4 11 7 10 13 10 6 1 3 1 0 0 2 1 1 0 
0 0 0 0 0 0 0 0 0 0 0 0 1 0 0 1 0 0 1 0 2 1 4 3 9 10 12 13 14 4 4 1 1 0 0 0 0 0 0 1 
0 0 0 0 0 0 0 0 0 0 0 2 0 1 0 0 0 0 0 2 2 1 4 3 5 5 5 5 7 4 1 2 0 1 1 1 1 0 1 0 
0 0 0 0 0 0 0 0 0 0 0 0 0 0 0 0 0 1 0 2 0 5 2 6 3 10 11 2 2 1 6 3 3 1 0 0 1 0 1 0 
0 0 0 0 0 0 0 0 0 0 0 1 0 0 0 0 0 1 1 0 3 2 5 6 13 31 14 2 7 0 1 2 1 1 0 1 1 0 0 0 
0 0 0 0 0 0 0 0 0 0 0 0 0 0 0 1 0 0 1 1 0 2 4 4 9 8 11 3 7 4 2 3 1 0 0 1 1 1 0 0 
0 1 0 0 1 0 0 0 1 0 1 0 0 0 0 0 0 1 0 2 0 9 3 14 11 19 24 6 11 5 4 3 1 0 1 0 0 1 0 0 
0 0 0 0 1 0 0 0 1 0 0 2 0 1 1 0 0 0 1 1 2 5 10 13 24 37 15 11 3 2 0 0 1 0 0 0 0 0 0 0 
0 0 0 0 0 1 0 0 0 0 0 0 0 0 0 1 3 0 0 2 5 2 2 13 17 16 13 10 5 2 2 0 0 0 0 0 0 0 1 1 

0 0 0 0 0 0 0 0 0 0 0 0 0 0 0 1 0 0 0 2 0 2 0 2 0 2 0 5 4 2 0 0 0 0 1 0 0 0 0 0 
0 0 0 0 0 0 0 0 0 0 0 0 0 0 0 0 0 0 0 0 0 0 1 0 3 0 1 2 4 3 2 1 1 0 0 1 0 0 0 1 
0 0 0 0 0 0 0 0 0 0 0 0 0 0 0 0 0 0 0 1 0 1 1 4 0 1 2 2 2 3 2 0 0 0 0 0 0 0 0 0 
0 0 0 0 0 0 0 0 0 0 0 0 0 0 0 0 0 0 0 1 1 0 0 3 4 2 0 4 1 1 2 0 0 1 0 0 0 0 0 0 
0 0 0 0 0 0 0 0 1 0 0 0 0 0 0 0 0 0 0 1 3 1 2 2 1 2 2 1 1 1 0 3 1 1 1 1 0 0 0 0 
0 0 0 0 0 0 0 0 0 0 0 0 0 0 0 0 0 0 0 0 0 0 1 2 0 3 0 5 2 1 5 2 1 1 0 0 0 0 0 0 
0 0 0 0 0 0 0 0 0 0 0 0 0 0 0 0 0 0 1 1 1 1 1 2 4 5 5 4 4 1 3 2 1 2 2 0 0 0 0 0 
0 0 0 0 0 0 1 0 0 0 0 0 0 0 0 0 0 0 0 0 1 5 5 7 4 1 6 7 10 1 1 0 0 1 0 0 0 0 0 0 
0 0 0 0 0 0 0 0 0 0 0 0 1 0 0 0 0 0 1 0 0 0 1 1 1 3 5 5 4 3 0 1 1 1 1 0 3 0 0 0 
0 0 0 0 0 0 0 0 0 0 0 0 0 0 0 0 0 0 1 1 1 0 1 1 4 4 6 10 8 3 2 0 2 1 0 0 1 0 0 0 
0 0 0 0 0 0 0 2 0 0 0 1 0 0 0 0 1 0 0 1 2 2 4 4 9 11 8 11 7 4 3 4 2 0 0 0 0 0 0 0 
0 0 0 0 0 0 0 0 0 0 0 0 1 0 0 1 0 0 0 0 0 0 3 3 3 9 5 7 5 0 4 2 0 2 0 0 1 0 0 0 
0 0 2 0 0 0 0 0 0 0 0 1 1 0 1 0 1 2 0 1 0 1 2 2 4 8 12 9 9 2 5 2 0 2 0 1 0 0 0 2 
0 0 1 0 0 0 0 0 0 0 0 0 0 0 0 0 0 0 1 0 2 5 6 7 4 14 18 8 9 2 1 1 1 0 1 0 0 1 0 0 
0 0 0 0 0 0 0 0 0 0 0 0 0 0 0 0 0 0 1 0 1 1 2 5 9 13 8 6 7 5 2 5 2 1 2 0 0 0 0 0 
0 1 0 0 0 0 0 1 0 0 0 0 0 0 0 0 0 1 0 0 0 0 2 3 2 13 12 8 7 8 6 1 5 1 0 1 0 1 1 1 
0 0 0 1 0 1 0 0 0 0 0 0 0 0 1 0 0 0 0 0 1 1 7 9 16 28 22 8 12 1 3 0 2 0 0 0 0 0 1 1 
0 0 0 0 1 0 0 0 0 0 0 0 1 0 1 0 0 0 1 5 0 7 10 15 25 21 22 10 8 7 3 2 0 2 1 1 0 0 0 0 
1 0 1 0 0 0 0 0 0 0 0 0 0 0 0 1 1 2 0 3 2 7 3 11 8 29 29 11 9 5 6 1 3 1 0 0 0 0 0 1 
0 0 0 0 0 0 0 0 0 0 1 0 0 0 0 0 0 0 2 0 4 3 11 12 43 58 18 10 7 2 1 0 1 0 0 1 0 2 0 0 
0 0 0 0 0 0 0 0 0 0 0 0 0 0 1 0 0 0 2 2 0 3 4 17 38 34 22 9 2 6 2 1 1 2 0 1 0 0 0 0 
0 0 0 0 0 0 0 0 0 0 0 0 0 0 2 0 0 0 2 0 1 4 7 17 18 30 36 8 14 7 3 1 4 0 1 1 0 1 0 0 
0 0 0 0 0 0 0 0 0 0 0 0 0 0 1 2 1 0 2 2 2 4 11 21 103 105 32 11 3 1 2 0 0 1 0 0 0 0 0 0 
0 0 0 0 0 0 0 0 0 1 0 0 0 0 0 3 0 5 2 5 4 5 4 43 268 160 31 13 8 6 4 4 0 1 1 0 0 1 0 0 

0 0 0 0 0 0 0 0 0 0 0 0 0 0 0 1 0 1 1 0 1 1 1 3 0 2 1 8 3 0 0 0 1 0 0 0 0 0 0 1 
0 0 0 0 0 0 0 0 0 0 0 0 0 0 0 0 0 0 0 0 0 1 0 2 1 1 0 4 0 0 0 1 0 1 0 0 0 0 0 0 
0 0 0 0 0 0 0 0 0 0 0 0 0 0 0 0 0 0 0 0 1 0 0 4 0 4 2 2 1 1 2 0 2 0 0 0 1 0 0 0 
0 0 0 0 0 0 0 0 0 0 0 1 0 0 0 0 0 1 0 1 1 0 0 3 2 0 1 1 3 0 1 0 0 0 0 1 0 1 0 0 
0 0 0 0 0 0 0 0 0 0 0 0 0 0 0 0 0 0 0 0 0 3 2 3 1 1 2 2 3 2 3 0 1 1 1 0 0 0 0 0 
0 0 0 0 0 0 0 1 0 1 0 0 0 0 0 0 0 0 0 0 0 0 1 2 1 2 3 3 2 3 1 1 1 0 2 0 0 0 0 1 
0 0 0 0 0 0 0 0 0 0 0 0 0 0 0 0 0 1 0 2 0 2 1 3 2 9 5 1 7 1 1 1 2 0 0 0 1 0 0 0 
0 0 0 0 0 0 0 0 0 0 0 0 0 0 0 1 0 0 0 2 2 2 2 2 3 6 6 8 5 0 1 1 1 1 0 0 0 0 0 0 
0 0 0 0 0 0 0 0 0 0 0 0 0 0 0 0 0 0 0 0 1 0 1 0 1 0 3 2 2 2 1 0 0 0 0 0 0 0 1 1 
1 0 0 0 0 0 0 0 0 0 0 0 0 1 0 0 0 0 0 0 0 1 0 4 3 15 4 3 5 2 0 2 1 0 1 0 1 1 0 0 
0 0 0 0 0 0 0 0 0 0 0 0 0 0 0 0 0 0 0 0 0 1 5 3 3 14 12 7 2 4 3 2 0 1 0 0 1 0 0 0 
0 0 0 0 0 0 0 0 0 0 0 0 0 0 0 0 0 0 1 0 0 1 1 5 6 4 4 5 3 3 1 2 1 1 1 1 0 0 0 2 
1 0 0 0 0 0 0 0 0 0 0 0 0 0 0 0 0 1 0 1 0 2 2 7 2 13 19 5 9 3 5 1 3 0 1 0 0 0 0 0 
1 1 0 0 1 0 0 0 0 0 0 0 0 0 0 0 0 1 1 3 2 1 5 3 11 15 12 13 4 5 5 0 0 0 0 0 0 0 1 0 
0 0 0 0 0 1 0 0 0 0 0 2 0 0 0 0 0 1 0 0 0 4 4 4 12 12 12 7 6 3 1 2 3 1 1 0 1 0 0 0 
0 0 0 0 0 0 0 0 0 0 0 0 0 0 0 0 0 1 1 2 1 2 0 10 15 27 16 5 6 1 0 3 3 1 1 2 2 1 0 0 
0 0 1 0 0 0 0 0 0 0 1 0 0 0 0 1 0 0 1 0 2 3 8 8 38 29 16 8 7 1 1 1 2 0 1 0 1 0 0 0 
0 0 0 0 0 0 1 0 0 0 0 0 2 0 1 0 1 1 0 3 4 3 7 19 50 36 14 5 5 8 7 2 1 3 1 1 0 0 0 2 
0 0 0 0 0 0 0 0 0 0 0 0 0 0 0 0 0 0 0 2 0 4 4 9 34 62 36 5 5 6 1 2 0 1 2 0 0 0 1 0 
1 0 0 0 0 0 0 0 0 0 0 1 0 0 0 1 0 1 2 2 3 2 12 17 224 185 31 11 3 3 2 3 0 0 0 0 0 0 0 0 
1 0 0 1 0 0 0 0 0 0 0 0 0 0 0 1 0 1 3 0 3 5 3 12 108 58 12 6 8 5 2 4 1 1 0 0 1 1 1 1 
0 0 0 0 0 0 0 1 0 1 0 0 0 1 2 0 1 0 2 2 2 10 7 20 167 82 38 8 4 2 6 1 4 1 1 0 2 0 0 1 
0 0 0 0 0 0 0 0 0 0 1 1 0 1 1 0 0 0 0 0 1 4 3 14 154 143 37 7 3 0 0 1 0 0 0 0 0 0 0 1 
0 0 0 0 0 0 0 0 0 0 0 1 0 1 0 1 1 0 1 3 7 11 14 30 419 141 31 13 9 2 6 1 2 0 1 0 0 0 0 1 

0 0 0 0 0 0 0 0 0 0 0 0 0 0 0 0 0 1 1 0 0 1 2 1 4 1 0 1 2 0 0 0 0 0 0 0 0 0 0 0 
0 0 0 0 0 0 1 0 0 0 0 0 0 0 0 1 0 1 2 0 0 1 2 3 2 3 1 1 1 3 0 3 0 0 0 0 0 0 1 0 
0 0 0 0 0 0 0 0 0 0 0 0 0 0 0 0 0 0 0 0 0 0 0 4 5 0 0 1 0 0 0 0 1 0 0 0 0 0 0 0 
0 0 0 0 0 0 0 0 0 0 0 0 0 0 0 0 0 0 0 0 0 2 0 5 3 2 1 2 4 1 1 0 1 0 0 0 1 0 0 0 
0 0 0 0 0 0 0 0 0 0 0 2 0 0 0 1 1 1 0 1 0 2 2 3 4 7 7 5 1 2 1 0 0 0 0 0 0 0 0 0 
0 0 0 0 0 0 0 0 0 0 0 0 0 0 0 0 0 0 0 1 3 2 0 0 2 4 5 3 2 0 0 1 0 0 0 1 0 0 0 0 
0 0 0 0 0 0 0 0 0 0 0 0 0 0 0 0 0 0 0 1 0 2 0 3 4 10 18 1 2 1 3 2 1 0 1 0 0 0 0 0 
0 0 0 0 0 0 0 0 0 0 0 0 0 0 0 0 0 1 1 0 2 4 7 6 5 22 15 9 4 4 0 1 0 0 0 0 0 0 0 0 
0 0 0 0 0 0 0 0 0 1 0 0 1 0 0 0 0 0 0 1 0 4 4 0 3 8 13 5 7 2 1 0 0 2 0 0 0 0 0 0 
0 0 0 0 0 0 0 0 0 0 0 0 0 0 0 0 0 0 1 0 0 2 3 4 3 15 11 3 4 0 3 1 3 0 1 1 0 0 0 0 
2 0 0 0 0 0 0 0 0 0 0 0 0 0 1 0 1 1 0 0 2 3 7 10 22 49 16 5 8 1 5 1 2 1 0 0 0 0 0 0 
0 0 0 0 0 0 0 1 0 0 0 1 0 0 0 0 0 0 0 2 4 3 5 11 33 32 25 7 11 6 8 1 2 0 0 0 0 0 0 0 
0 0 0 0 0 0 0 0 0 0 1 0 0 0 0 0 2 0 0 2 0 3 3 11 13 31 37 4 6 2 3 0 1 1 0 0 0 0 0 0 
0 0 0 0 0 0 0 0 0 0 0 0 0 0 0 0 1 3 5 1 2 4 12 17 69 90 28 11 9 3 2 2 0 2 0 0 0 1 1 1 
0 0 0 0 0 0 0 0 0 0 0 0 0 0 0 1 1 1 2 0 3 3 6 15 389 128 18 9 8 1 7 1 1 1 0 0 2 0 0 0 
0 0 0 0 0 0 0 2 0 0 0 0 0 0 0 1 0 0 1 2 0 3 5 13 265 79 31 10 7 3 7 2 1 1 1 0 1 0 0 0 
0 1 0 0 0 0 0 1 0 0 1 0 0 1 1 2 0 0 1 0 4 3 7 18 184 87 17 6 9 2 1 0 0 0 0 0 0 0 0 0 
0 0 0 0 0 0 0 0 0 0 1 0 1 3 0 0 1 0 0 4 1 4 5 6 66 27 13 10 6 4 2 0 0 1 0 0 0 0 0 0 
0 0 0 0 0 0 0 0 0 0 0 0 0 0 0 1 0 0 1 2 0 0 2 5 69 58 52 5 6 3 4 3 3 1 0 0 0 1 0 0 
0 0 0 0 0 0 0 0 0 0 0 0 1 0 0 0 1 1 1 2 3 3 5 4 83 94 23 7 5 1 1 1 0 0 0 0 0 0 0 0 
0 1 2 0 0 0 0 0 0 0 0 0 0 0 0 3 0 0 0 1 0 2 1 10 17 17 11 12 5 3 2 1 0 0 0 1 0 0 1 0 
0 0 0 0 0 0 0 0 0 0 0 0 0 0 1 1 1 1 1 1 1 4 7 10 15 20 28 7 7 2 1 0 0 0 1 0 0 0 0 0 
0 0 0 0 0 0 0 0 0 0 0 0 0 0 0 0 0 1 0 1 3 2 5 8 23 36 14 6 0 1 2 1 0 0 1 0 1 0 0 0 
0 0 0 0 0 0 0 0 0 0 0 0 1 2 1 1 0 1 1 2 3 3 7 20 35 34 22 7 4 5 2 0 3 1 1 0 0 0 0 0 

0 0 0 0 0 0 0 0 0 0 0 0 0 1 0 2 0 0 1 2 1 2 1 5 1 2 1 1 0 3 0 0 1 1 0 0 0 0 0 0 
0 0 0 0 0 0 0 0 0 0 0 0 0 0 0 0 0 0 0 0 0 0 3 1 2 1 2 1 1 3 2 1 0 0 0 0 0 1 0 1 
0 0 0 0 0 0 1 0 0 0 0 0 0 0 0 0 0 0 0 0 0 0 1 1 2 6 2 0 1 0 0 1 0 0 0 0 0 0 0 0 
0 0 0 0 0 0 0 0 1 0 0 0 1 0 0 1 0 0 0 1 0 1 1 8 3 9 2 0 3 0 1 1 0 0 0 0 0 0 0 0 
0 0 0 0 0 0 0 0 0 0 0 1 0 0 0 0 0 1 1 2 1 2 6 6 5 9 7 6 3 0 2 0 0 0 1 0 0 0 0 1 
0 0 0 0 0 0 0 0 0 0 0 0 0 0 0 0 0 0 0 0 2 1 2 5 1 4 4 2 4 1 2 3 0 0 0 0 0 0 0 1 
0 0 0 0 0 1 1 1 0 0 0 0 0 0 0 0 0 0 0 1 0 1 5 6 5 24 23 2 3 2 2 1 1 1 1 1 0 0 0 0 
0 0 0 0 0 1 2 0 0 0 0 0 0 0 0 0 0 1 1 1 2 2 2 7 6 23 20 5 3 2 1 0 0 2 0 0 0 0 0 0 
0 0 0 0 0 0 0 0 0 0 1 0 0 1 0 1 0 0 1 0 0 0 0 5 8 11 11 6 3 0 2 1 1 0 0 0 0 0 0 1 
0 0 0 0 0 0 0 0 0 0 1 0 0 0 1 1 1 0 0 0 0 1 2 5 9 42 31 3 4 0 4 3 2 0 0 0 0 0 0 0 
1 0 0 0 0 0 0 0 0 1 0 0 0 1 1 0 1 0 1 0 1 4 4 10 59 78 35 12 2 1 1 1 3 0 0 0 2 0 0 2 
0 0 0 0 0 0 0 0 0 0 0 0 0 0 0 1 0 1 1 0 5 5 12 17 82 63 33 11 13 7 4 1 4 0 1 2 2 0 0 1 
0 1 0 0 0 0 0 0 0 0 0 0 0 0 0 1 0 1 0 0 1 8 5 8 124 63 31 7 14 3 5 2 2 0 1 2 0 0 1 0 
0 0 0 0 0 0 0 0 0 0 0 2 0 0 0 0 1 0 1 2 1 7 5 10 105 102 19 5 3 0 0 0 2 1 0 2 0 0 0 0 
1 0 0 0 0 0 0 0 1 0 0 0 0 0 1 1 1 2 0 4 1 5 6 13 97 35 17 12 7 3 6 4 3 1 0 0 0 1 1 2 
1 0 0 0 0 0 1 0 0 0 0 1 0 1 1 0 1 2 1 2 1 2 8 16 54 54 35 5 5 5 3 0 3 1 2 0 0 1 2 0 
0 0 0 0 0 0 0 0 0 0 0 1 1 0 0 0 0 0 1 1 3 5 8 7 28 37 16 12 5 2 1 1 0 0 1 0 0 0 0 0 
0 0 0 1 0 0 0 0 0 0 0 0 0 1 0 0 0 1 0 4 2 2 4 8 11 9 11 3 3 2 2 1 4 0 0 1 1 0 0 0 
0 1 0 0 0 0 0 0 0 0 0 0 0 0 0 0 0 0 0 4 0 3 2 8 8 15 12 3 8 2 5 1 1 0 1 0 0 0 1 0 
0 0 0 0 0 0 0 0 0 0 0 0 0 0 0 0 0 0 1 0 1 1 1 8 25 44 19 7 2 0 0 1 0 0 0 0 0 0 0 0 
0 0 0 0 0 0 0 0 1 0 0 0 1 0 1 0 0 1 0 1 2 3 3 6 10 9 11 5 4 4 2 1 2 0 1 1 0 0 0 1 
0 0 0 0 0 0 0 0 0 0 0 0 0 0 0 0 0 0 0 2 3 2 2 1 7 16 20 9 1 1 1 1 2 0 0 1 1 0 1 1 
0 0 0 0 0 0 0 0 0 0 0 1 1 0 0 0 1 1 1 0 4 2 6 2 15 26 10 5 5 2 0 0 1 1 0 0 0 1 0 0 
0 0 0 0 0 0 0 1 0 0 0 0 2 0 1 0 0 2 1 1 3 1 2 4 7 8 11 4 3 5 0 2 0 0 0 0 0 0 0 1 

1 0 0 0 0 0 0 0 0 0 0 0 0 1 0 0 0 1 1 0 1 1 2 10 6 3 4 3 1 0 1 0 0 0 1 0 0 0 0 0 
0 0 0 0 0 0 0 0 0 0 0 0 0 0 0 0 0 0 0 0 1 4 2 6 4 4 4 0 1 3 2 0 0 0 0 0 0 0 0 0 
0 0 0 0 0 0 0 0 0 0 0 0 0 1 0 0 0 0 0 0 1 0 2 5 5 1 7 1 3 2 1 1 1 0 0 0 0 0 0 0 
0 0 0 0 0 1 0 0 0 0 0 0 0 1 0 1 1 0 0 0 0 2 0 4 6 9 9 2 2 1 0 0 1 0 0 0 0 0 0 0 
0 0 0 0 0 0 0 0 0 0 0 0 0 0 2 1 1 0 1 1 2 6 5 11 23 23 15 9 3 5 1 0 0 3 0 1 0 0 0 0 
0 0 0 0 0 0 0 0 0 0 0 0 0 0 0 0 0 0 0 2 5 8 5 25 41 26 11 12 5 4 1 0 0 2 1 1 1 1 0 0 
0 0 0 0 0 0 0 0 0 1 0 1 0 0 0 0 0 1 0 1 0 4 2 10 20 39 33 5 4 4 1 0 1 0 2 0 0 1 0 0 
0 0 0 0 0 0 0 0 0 0 0 1 1 0 0 0 0 2 1 1 3 2 9 18 77 80 34 10 3 3 2 2 1 0 0 1 0 0 0 0 
0 0 0 0 0 0 0 0 0 0 0 0 0 0 0 0 0 1 0 0 4 4 3 14 240 55 23 8 8 3 1 2 2 0 0 0 0 1 0 0 
0 0 0 0 0 0 0 0 0 0 0 1 0 1 0 0 0 0 0 1 1 1 4 10 171 81 52 7 7 1 2 0 2 0 0 0 0 0 0 0 
0 0 0 0 0 0 0 1 0 0 0 0 0 0 0 0 0 0 1 0 4 4 6 11 177 123 29 7 8 0 1 0 1 0 1 0 0 0 1 0 
1 0 0 0 0 0 1 0 0 0 1 0 0 0 0 0 0 1 1 1 2 0 7 7 33 22 14 7 5 3 3 2 1 0 0 0 0 0 0 0 
0 0 0 0 0 0 0 0 0 0 0 0 0 0 0 1 0 1 1 4 1 3 4 9 30 29 33 5 7 1 5 0 2 0 1 0 1 1 1 1 
0 0 0 0 0 0 0 0 1 1 0 0 0 0 0 1 0 1 0 1 5 3 13 11 15 31 13 4 1 1 1 3 0 0 0 0 1 0 1 0 
0 0 0 0 0 0 0 0 0 1 0 0 0 1 0 0 0 0 2 1 2 0 5 7 12 7 6 2 2 2 0 1 0 1 1 0 0 0 0 0 
0 2 0 0 0 0 0 0 0 0 0 0 0 1 0 0 0 1 0 0 1 5 3 8 11 8 19 2 8 2 3 0 2 1 1 0 0 2 0 0 
0 0 0 0 0 0 0 0 0 0 0 1 1 0 1 0 0 0 0 2 0 1 6 6 5 14 8 4 2 1 6 1 0 0 0 0 0 0 0 0 
0 0 0 0 0 0 0 0 0 0 0 0 0 0 0 0 1 0 1 0 2 5 1 2 0 4 4 1 2 2 1 1 2 0 1 1 0 0 0 0 
0 0 0 0 0 0 0 0 0 0 0 0 0 0 0 1 0 1 0 1 1 1 1 1 3 12 8 3 2 0 0 0 2 0 1 1 1 0 0 0 
0 0 0 0 1 0 0 0 1 0 0 0 0 0 0 0 0 0 0 0 0 4 3 5 2 7 8 2 1 0 2 1 0 0 0 0 0 0 0 0 
0 0 0 0 0 0 0 0 0 0 0 0 0 0 0 2 1 0 0 1 0 3 1 3 5 3 11 5 2 0 2 0 1 1 0 0 0 0 0 0 
0 0 0 0 0 1 0 0 1 0 0 0 0 0 0 0 0 0 0 1 0 0 0 3 4 7 15 0 7 1 4 0 1 0 0 0 0 0 0 0 
0 0 0 0 0 0 0 0 0 0 0 0 0 0 0 0 0 0 1 0 1 0 2 6 6 10 4 3 1 0 0 0 0 0 0 0 0 0 0 0 
0 1 0 0 0 0 0 0 0 0 0 0 0 0 1 0 0 0 0 2 4 0 5 10 8 9 12 4 3 3 1 0 0 1 0 0 0 0 0 1 

0 0 0 0 0 0 0 0 0 0 0 1 1 0 0 0 0 1 1 1 0 7 4 22 9 8 6 2 1 1 0 0 0 0 1 0 0 0 0 0 
0 0 0 0 0 0 0 0 0 0 0 0 0 0 0 0 0 0 0 0 1 0 6 13 13 8 5 5 4 3 1 1 0 0 0 0 0 0 1 0 
0 0 0 0 0 0 0 0 0 0 0 0 0 0 0 0 0 0 1 0 3 2 2 4 6 8 6 2 3 1 0 0 0 0 0 0 0 0 0 0 
0 0 0 0 0 0 0 0 0 1 0 0 0 0 0 1 1 0 0 0 0 2 1 10 24 25 25 0 3 0 2 0 1 1 1 0 0 0 0 0 
0 0 0 0 0 0 0 0 0 0 0 0 1 1 1 0 0 1 1 1 2 5 3 17 44 49 22 12 5 3 2 1 2 0 1 1 0 1 1 1 
0 1 0 0 0 0 0 0 0 0 1 1 0 0 0 0 2 0 1 0 5 7 6 22 113 42 30 10 5 7 3 1 2 0 0 1 1 1 1 1 
0 0 0 0 0 0 0 0 0 0 0 0 0 0 0 0 0 0 0 1 2 5 3 15 159 80 48 5 9 1 2 1 1 0 0 1 0 1 1 0 
0 0 0 0 0 0 0 0 0 0 0 0 0 1 0 0 0 0 0 1 2 0 7 12 148 115 24 12 5 0 2 1 0 0 0 0 0 0 0 0 
0 1 0 0 0 0 0 0 0 0 0 0 0 0 0 1 0 1 0 1 1 3 4 6 50 39 13 13 7 1 3 1 0 1 1 2 0 0 0 0 
0 0 0 0 0 0 0 0 0 0 1 0 0 0 1 0 0 0 1 1 1 2 3 8 21 39 26 4 8 2 1 0 0 0 0 0 0 0 0 1 
0 0 0 0 0 0 0 0 0 0 0 1 1 0 0 1 0 0 1 0 0 2 6 6 9 47 18 3 3 1 2 0 0 0 0 0 1 0 0 0 
0 0 0 0 0 0 0 0 0 0 0 0 0 0 0 0 0 0 1 1 3 3 1 2 13 10 14 3 7 4 2 0 5 0 0 0 0 1 0 0 
0 0 0 0 0 0 0 0 0 0 0 0 0 0 0 0 0 1 1 0 0 0 4 4 6 10 14 2 3 5 4 1 1 1 1 0 0 0 0 0 
0 0 0 0 0 0 0 0 0 0 0 0 0 0 0 0 0 1 0 2 3 0 4 8 10 21 9 6 6 1 2 0 1 1 0 0 0 0 0 0 
0 0 0 0 0 0 0 1 0 0 0 0 0 0 0 0 0 0 0 0 2 2 2 2 10 3 20 8 2 1 4 2 0 0 0 0 0 0 1 0 
1 0 0 0 0 0 0 0 0 0 0 0 1 1 0 0 1 1 0 0 2 4 2 7 4 10 11 4 0 3 1 0 1 0 0 0 1 0 1 0 
0 0 0 0 0 0 0 0 0 0 0 0 0 0 0 0 0 0 1 2 1 3 3 7 9 9 6 2 0 2 4 0 0 0 1 0 0 0 0 0 
0 0 0 0 0 0 0 0 0 0 0 0 0 0 1 0 0 0 0 0 1 1 3 4 1 2 5 1 3 1 1 1 0 0 0 0 1 0 1 0 
0 0 0 0 0 0 0 0 0 0 1 0 0 0 0 0 0 0 0 2 1 1 2 2 3 6 4 0 0 2 0 3 0 0 0 0 1 0 0 0 
0 0 0 0 0 0 0 0 0 0 0 0 0 0 0 0 0 0 3 0 3 0 3 3 7 9 4 2 1 0 0 0 1 0 0 0 0 0 0 0 
0 0 0 0 0 0 0 0 0 0 0 0 0 0 0 0 0 0 0 0 0 0 0 1 1 5 3 6 2 0 2 0 1 0 0 0 0 1 0 0 
0 0 0 0 0 0 0 0 0 1 0 0 0 0 0 0 1 2 1 1 0 0 1 1 0 6 6 1 3 0 0 0 0 1 0 0 0 0 0 0 
0 0 0 0 0 0 0 0 0 0 0 2 0 0 1 0 0 0 0 0 3 1 2 4 7 8 2 2 2 0 0 0 0 0 0 0 0 0 0 0 
0 0 0 0 0 0 0 0 0 1 0 0 0 0 1 0 0 0 0 1 1 1 0 2 4 3 1 0 1 0 0 0 0 0 0 0 0 0 0 0 

0 0 0 0 0 0 0 1 0 0 1 0 0 0 0 0 0 0 0 2 1 5 3 35 34 19 5 2 3 0 0 0 1 0 0 0 1 0 0 0 
0 1 0 0 0 0 0 1 0 0 0 0 0 0 0 1 0 0 0 2 5 4 3 24 74 19 7 3 9 2 2 0 2 0 0 0 1 2 0 0 
0 0 0 0 0 0 0 0 0 0 0 0 0 1 0 0 0 1 0 3 6 5 11 41 238 44 10 8 6 1 1 0 1 1 1 1 0 0 0 1 
0 0 0 0 0 0 0 0 0 0 0 0 0 1 0 0 0 0 0 4 0 5 3 18 266 40 29 4 1 1 3 0 1 1 0 0 0 0 0 0 
0 0 0 0 0 0 0 0 1 0 1 1 0 0 0 0 0 1 0 2 2 5 10 30 468 62 9 3 4 2 2 2 1 1 0 0 0 0 0 0 
0 0 0 0 0 0 0 0 0 0 0 0 0 0 0 2 0 0 2 0 0 3 2 8 38 16 15 6 6 6 5 4 0 1 1 0 1 1 1 0 
0 0 0 0 0 1 0 0 0 0 0 0 0 0 0 2 0 1 0 1 1 2 4 7 29 39 35 4 3 2 3 0 0 0 0 0 1 0 0 0 
0 0 0 0 0 1 0 0 0 0 0 0 0 0 0 0 0 0 2 2 2 4 4 12 12 37 18 3 3 0 1 1 0 0 0 0 0 0 0 0 
0 0 0 0 0 0 0 0 0 0 0 0 0 0 1 0 0 0 0 1 1 1 1 3 9 2 3 3 1 1 0 2 0 0 0 0 0 0 0 0 
0 0 0 0 0 0 0 0 0 1 0 0 0 0 0 1 0 0 0 0 1 1 2 7 4 12 9 3 6 1 2 1 2 0 3 0 0 1 0 1 
0 0 0 0 0 0 0 0 0 0 0 0 0 1 0 0 1 0 2 1 2 1 4 10 5 7 6 5 4 0 0 0 0 1 0 0 0 0 0 0 
0 0 0 0 0 0 0 0 0 0 0 1 0 0 0 0 0 0 1 0 1 2 1 2 5 3 2 2 3 3 2 1 2 0 1 0 0 0 1 0 
0 0 0 0 0 0 0 0 0 0 0 0 0 0 1 0 0 0 1 0 0 2 0 0 8 8 9 4 4 1 3 1 0 1 0 1 0 0 0 0 
0 0 0 0 0 0 0 0 0 0 0 0 0 0 0 0 0 0 0 0 0 0 2 3 3 8 3 1 1 1 0 0 0 1 1 1 0 0 0 0 
0 0 0 0 0 0 0 0 0 0 0 0 0 0 0 0 0 0 0 0 0 1 1 2 1 5 3 3 1 2 0 0 0 1 2 0 0 0 0 0 
0 0 0 0 0 0 0 1 0 0 0 0 0 1 0 0 2 0 1 0 1 1 1 1 5 1 10 1 3 0 1 1 4 0 0 0 0 0 2 0 
0 0 0 0 0 0 0 0 0 0 0 0 0 1 0 0 0 0 1 0 1 1 0 4 0 5 2 1 4 0 1 0 0 0 0 0 0 0 0 0 
0 0 0 0 0 0 0 0 0 0 0 0 0 0 0 0 0 0 0 0 1 1 0 0 1 0 1 0 1 0 0 1 0 0 0 0 0 0 0 0 
0 0 0 0 0 0 0 0 0 0 1 0 0 1 0 0 0 0 0 0 1 1 3 3 4 6 3 0 3 3 0 0 1 0 0 0 0 0 0 0 
0 0 0 0 0 0 0 0 0 0 0 0 0 0 0 0 0 0 2 1 2 1 0 2 2 3 3 1 2 0 0 0 0 0 0 0 0 0 0 0 
0 0 0 0 0 0 0 0 0 0 0 0 0 0 0 0 0 0 1 0 1 0 0 1 4 5 3 3 1 1 1 0 1 0 0 1 0 0 0 0 
0 0 0 0 0 0 0 0 0 0 0 0 0 0 0 0 0 0 0 2 0 0 1 1 1 5 7 0 0 1 3 0 0 0 0 0 0 0 0 0 
0 0 0 0 0 0 0 0 0 0 0 0 0 0 0 0 0 0 0 0 0 2 0 1 1 4 2 0 1 1 0 0 0 0 0 0 0 0 0 0 
0 0 0 0 0 0 0 0 0 0 0 0 0 0 0 1 0 0 0 2 1 1 2 4 1 6 4 6 2 0 2 0 0 0 0 0 0 0 0 0 

0 0 0 1 0 0 0 0 0 0 0 0 0 0 0 1 0 0 0 0 0 3 4 58 408 16 4 1 2 0 1 1 0 0 1 0 0 0 1 0 
0 0 0 0 0 0 0 0 0 0 0 0 0 0 0 1 0 0 1 0 1 1 2 30 279 23 10 5 6 4 1 0 0 1 1 1 0 0 0 2 
0 0 0 0 0 0 0 0 0 0 0 0 2 0 0 0 3 0 1 0 3 2 6 8 110 17 13 4 3 3 2 4 1 2 1 0 0 0 1 0 
0 0 0 0 0 0 0 0 0 0 0 0 0 0 0 0 0 0 0 0 1 2 2 6 57 18 14 2 2 1 0 2 1 0 1 0 1 0 0 0 
0 0 0 0 0 0 0 0 1 0 0 0 0 0 0 1 1 0 1 1 1 2 3 17 15 24 9 3 3 1 1 0 0 0 0 1 0 0 0 0 
0 0 0 0 0 0 0 0 0 0 0 0 0 0 0 0 0 1 0 1 1 2 1 6 8 12 3 8 6 3 2 1 1 0 2 0 0 0 1 1 
0 0 0 0 0 0 1 0 0 0 0 0 0 0 0 0 0 0 0 2 1 4 4 6 10 17 18 3 3 1 1 2 2 1 0 0 0 0 0 0 
0 0 0 0 0 0 0 0 0 0 0 0 0 1 0 0 0 1 0 3 0 3 4 9 1 16 16 2 2 1 3 1 1 0 2 0 1 0 0 0 
0 0 0 0 0 0 0 0 0 0 0 0 0 0 0 0 0 0 0 1 1 2 2 3 1 4 5 2 3 5 1 1 0 1 0 0 0 0 0 0 
0 0 0 0 0 1 0 0 0 0 0 0 0 0 1 0 0 0 0 2 1 0 0 4 5 6 7 2 2 1 2 1 3 0 0 0 0 0 0 1 
0 0 0 0 0 0 0 0 1 0 0 0 0 0 0 0 0 0 0 0 2 5 5 5 4 12 11 6 3 0 0 1 0 0 0 0 0 0 0 0 
0 0 0 0 0 0 0 0 0 0 0 0 0 0 0 0 0 0 2 1 1 3 2 0 3 3 3 4 1 1 0 0 0 0 0 0 0 1 0 0 
0 0 0 0 0 0 0 0 0 0 0 0 0 0 0 0 0 0 0 0 0 0 2 1 2 1 2 3 3 1 2 0 0 0 0 0 0 0 0 0 
0 0 0 0 0 0 0 0 0 0 0 0 1 0 0 0 2 0 0 0 2 1 1 0 0 8 3 3 0 0 1 0 0 0 0 1 0 0 0 0 
0 0 0 0 0 0 0 0 1 0 0 0 0 0 0 0 0 0 0 0 0 1 0 4 0 0 1 0 0 1 1 0 1 0 0 1 1 0 0 0 
0 0 0 0 0 0 0 0 0 0 1 1 1 0 0 0 0 0 0 1 1 3 0 0 4 2 6 4 3 2 2 1 0 0 3 0 1 0 0 0 
0 0 0 0 0 0 0 1 0 0 0 0 0 0 0 0 0 0 0 0 1 1 0 0 0 2 1 3 0 0 0 0 0 0 0 0 0 0 0 0 
0 0 0 0 0 0 0 0 0 0 0 0 0 0 0 0 0 0 0 1 0 0 1 0 0 0 1 0 0 0 0 0 0 0 0 0 1 0 0 0 
0 0 0 0 0 0 0 0 0 1 0 0 0 0 0 0 0 1 0 0 0 1 2 0 0 0 4 0 3 0 0 0 0 0 0 0 1 0 0 0 
0 0 0 0 0 0 0 0 0 0 0 0 0 0 0 0 0 0 1 0 1 0 0 2 4 8 5 3 3 0 0 0 0 0 0 0 0 0 0 0 
1 0 0 0 0 0 0 0 0 0 0 0 0 0 0 1 0 0 0 1 0 0 1 2 2 1 0 1 2 1 1 1 0 0 0 0 0 0 0 0 
0 0 0 0 1 0 0 0 0 0 0 1 0 0 0 0 0 0 0 0 0 0 2 0 0 1 5 0 2 0 1 2 0 0 0 0 1 0 0 0 
0 0 0 0 0 0 0 0 0 0 0 0 0 0 1 1 0 0 0 1 0 1 0 1 2 7 1 0 1 0 0 0 0 0 0 0 0 0 0 0 
0 0 0 0 0 0 0 0 0 0 0 0 0 0 0 0 0 0 1 0 0 0 2 0 1 0 1 2 1 0 1 0 0 0 0 0 0 0 0 0 

0 0 0 0 0 0 0 0 1 0 0 0 0 0 0 0 0 0 0 0 0 2 1 39 52 9 4 2 1 0 1 0 0 0 0 0 0 0 0 0 
0 0 0 0 0 0 0 0 0 0 1 0 0 0 0 0 0 0 0 0 0 0 3 10 16 4 1 1 3 1 0 0 0 0 0 0 0 0 0 0 
0 0 0 0 0 0 0 0 0 0 0 0 0 0 0 1 0 0 0 2 1 1 3 4 3 5 1 1 1 2 1 1 0 1 0 0 0 0 1 0 
0 0 0 0 0 0 0 0 0 1 0 0 0 0 0 1 0 1 1 0 0 0 0 5 9 7 13 0 3 1 2 1 0 0 2 0 0 0 0 0 
0 0 0 0 0 0 0 0 0 0 0 1 0 0 0 0 0 0 0 0 1 2 5 2 4 7 7 2 0 1 0 0 0 0 0 0 0 1 0 0 
0 0 0 0 0 0 0 0 0 0 0 0 0 0 0 0 1 0 1 0 1 1 1 3 2 2 0 4 3 0 1 0 0 0 0 0 0 1 0 0 
0 0 0 1 0 0 0 0 0 0 0 0 0 0 0 0 0 0 0 2 1 3 1 3 6 9 8 0 3 2 1 0 0 0 0 1 0 0 0 0 
0 0 0 0 0 0 0 0 0 1 0 0 0 0 0 0 0 1 1 0 1 1 0 4 2 5 3 1 1 0 0 0 0 0 0 0 0 0 0 0 
0 0 0 0 0 0 0 0 0 0 0 1 0 0 0 0 1 0 0 0 1 0 1 0 0 1 6 3 1 1 1 0 0 0 1 0 0 0 0 0 
0 0 0 0 0 0 0 0 0 0 0 0 0 0 0 0 0 0 0 2 0 0 1 3 1 3 10 4 1 1 1 2 0 0 0 0 0 0 0 0 
0 0 0 0 0 0 0 0 0 0 0 0 0 0 0 0 0 0 0 0 0 1 1 0 1 6 1 1 0 0 1 0 0 0 0 0 0 0 0 0 
0 0 0 0 0 0 0 0 0 0 0 0 0 0 0 0 0 0 0 0 1 1 1 1 0 1 2 5 3 0 0 1 0 0 0 0 0 0 1 0 
0 0 0 0 0 0 0 0 0 0 0 0 0 0 0 0 0 0 0 0 0 2 0 1 0 1 4 2 2 1 2 1 0 1 0 0 0 0 0 0 
0 0 0 0 0 0 0 0 0 0 0 0 0 0 0 0 0 0 0 0 0 0 1 3 0 4 2 2 1 1 0 0 0 0 1 0 0 0 0 0 
0 0 0 0 0 0 0 0 0 0 0 0 0 0 0 1 0 0 0 0 0 1 0 0 1 0 4 2 0 2 0 0 1 0 0 0 0 0 0 0 
0 0 0 0 0 0 0 0 0 0 0 0 0 0 0 0 0 1 1 0 0 0 0 1 1 0 5 3 0 0 2 1 0 0 0 0 0 0 1 0 
0 0 0 0 0 1 0 0 0 0 0 0 0 0 0 0 0 0 0 0 1 0 0 0 0 4 1 0 1 1 0 0 0 0 0 0 0 0 0 0 
0 0 0 0 0 0 0 0 0 0 0 0 0 0 0 0 0 2 0 0 0 1 1 1 0 1 2 1 2 0 0 0 0 0 0 0 0 0 0 0 
0 0 0 0 0 0 0 0 0 0 0 0 0 0 0 0 0 0 0 1 0 0 0 1 0 1 1 0 1 0 0 0 0 0 0 0 1 0 0 0 
0 0 0 0 0 0 0 0 0 0 0 0 0 0 1 0 0 0 0 0 0 0 1 2 2 2 0 0 1 1 0 0 0 0 0 0 0 0 0 0 
0 0 0 0 0 0 0 0 0 0 0 0 0 0 0 0 0 0 0 2 0 0 0 0 0 0 0 0 1 1 0 0 0 0 0 0 0 0 0 0 
0 0 0 0 0 0 0 0 0 0 0 0 0 0 0 0 0 0 0 0 0 1 0 1 1 1 0 0 2 0 1 1 2 0 0 0 0 0 0 0 
0 0 0 0 0 0 0 0 0 0 0 0 0 0 0 0 0 1 0 0 0 2 0 0 2 2 0 0 1 0 0 0 1 0 0 0 0 0 0 0 
0 0 0 0 0 0 0 0 0 0 0 0 0 0 0 0 0 0 0 0 0 2 0 3 1 2 1 0 0 1 0 0 0 0 0 0 0 0 0 1 

0 1 0 0 0 0 0 0 0 0 0 0 0 0 0 0 0 0 0 0 1 0 2 10 13 1 4 1 2 1 0 0 1 0 0 0 0 0 0 0 
0 0 0 0 0 0 0 1 0 0 0 0 0 0 0 0 0 1 0 0 1 1 2 4 5 2 0 1 0 1 1 0 0 0 0 0 1 0 0 0 
0 0 0 0 0 0 0 0 0 1 0 0 0 0 0 0 0 0 0 0 0 0 2 6 2 1 0 3 2 2 3 1 1 0 0 0 1 0 0 1 
0 0 0 0 1 0 0 0 0 0 0 0 0 0 0 0 0 0 0 1 0 0 0 2 4 5 5 0 2 0 1 0 0 1 0 0 0 0 0 0 
0 0 0 0 0 0 0 0 0 0 0 0 0 0 0 0 0 1 0 0 0 0 1 5 2 5 5 2 2 1 0 0 1 0 0 0 0 0 0 0 
0 0 0 0 0 0 0 0 0 0 0 0 0 0 1 0 0 0 0 0 0 2 0 0 0 1 3 3 2 2 2 2 0 0 0 0 0 0 0 2 
0 0 0 0 0 0 0 0 0 0 0 0 0 0 0 0 0 0 0 0 1 1 0 1 0 3 5 0 3 0 1 1 1 0 0 0 1 0 0 0 
0 0 0 0 0 0 0 0 0 0 0 0 0 0 0 0 0 1 0 0 2 2 1 4 5 0 1 1 1 2 0 0 0 0 0 0 0 0 0 0 
0 0 0 0 0 0 0 0 0 0 0 0 0 0 0 0 1 0 0 0 0 1 0 0 1 0 4 1 1 1 1 0 0 0 0 0 0 0 0 0 
0 0 0 0 0 0 0 0 0 0 0 0 0 0 1 0 0 0 0 0 0 0 1 1 0 1 1 0 1 0 0 0 0 0 0 1 0 0 0 1 
0 0 0 0 0 0 0 0 0 0 1 0 0 0 0 0 0 0 1 1 1 0 0 1 2 2 3 1 1 1 1 0 0 0 0 0 0 0 0 0 
0 0 0 0 0 0 0 1 0 0 0 0 0 0 0 0 0 0 0 0 0 1 1 0 0 0 5 1 0 2 0 0 0 0 0 0 0 0 0 1 
0 0 0 0 0 0 0 0 0 1 0 0 0 0 0 0 0 0 0 0 0 0 1 0 0 0 2 3 0 1 1 0 2 0 0 0 0 0 0 0 
0 0 0 0 0 0 0 0 0 0 0 0 0 0 0 0 0 0 0 0 0 0 0 3 0 0 4 0 0 1 1 0 0 0 0 0 0 0 0 0 
0 0 0 0 0 0 1 0 0 0 0 0 0 0 0 0 0 0 0 1 0 0 0 1 0 0 0 0 0 0 0 0 0 0 0 0 0 0 0 0 
0 0 0 0 0 0 0 0 0 0 0 0 1 0 0 0 0 0 0 0 0 0 1 0 0 0 1 1 0 1 1 0 1 0 0 0 0 0 0 0 
0 0 0 0 0 0 0 0 0 1 1 0 0 0 0 0 0 0 0 0 1 0 3 0 1 2 0 0 1 0 0 0 0 0 0 0 0 0 0 0 
0 0 0 0 0 0 0 0 0 1 0 0 0 0 0 0 0 0 0 0 0 0 0 0 2 1 0 0 1 0 0 0 0 0 0 0 0 0 0 0 
0 0 0 0 0 0 0 0 0 0 0 0 0 0 0 0 0 0 1 0 0 0 0 0 1 1 1 4 0 0 0 0 0 0 0 0 0 0 0 0 
0 0 0 0 0 0 0 0 0 0 0 0 0 0 1 0 0 0 0 0 0 0 0 2 1 2 1 0 0 0 0 0 0 0 1 0 0 1 0 0 
0 0 0 0 0 0 0 0 0 0 0 0 0 0 0 0 0 0 0 0 0 0 0 0 0 0 1 3 0 1 0 0 0 0 0 0 0 0 0 0 
0 0 0 0 0 0 0 0 0 0 0 0 1 0 0 0 0 0 0 0 0 1 0 1 0 1 3 0 1 1 1 0 0 0 0 0 0 0 0 0 
0 0 0 0 0 0 0 0 0 0 0 0 0 0 0 0 0 0 0 1 0 2 1 0 2 2 1 0 0 3 1 0 0 0 0 0 0 0 0 0 
0 0 0 0 0 0 0 0 0 0 0 0 0 0 1 0 0 0 0 0 0 0 1 1 0 0 1 0 0 0 0 0 0 0 0 0 0 0 0 0 

0 0 0 0 0 0 0 0 0 0 0 0 0 0 0 0 0 0 0 1 0 1 1 4 3 0 0 1 0 0 1 0 0 0 0 0 0 0 0 0 
0 0 0 0 0 0 0 0 0 0 0 0 0 0 0 0 0 0 0 0 1 0 0 0 0 1 1 0 2 0 0 0 0 0 0 0 0 0 0 0 
0 0 0 0 0 0 0 0 0 0 0 0 0 0 0 0 0 0 0 0 0 1 2 0 1 1 0 1 0 0 0 0 0 0 0 0 0 0 0 0 
0 0 0 0 0 0 0 0 0 0 0 0 1 0 1 0 0 0 0 2 0 0 0 1 5 2 5 0 1 0 0 0 0 0 0 0 0 0 0 0 
0 0 0 0 0 0 0 0 0 0 0 1 1 0 0 0 0 0 0 0 0 0 0 1 0 0 1 0 1 0 1 0 0 0 0 0 0 0 0 0 
0 1 0 0 0 0 0 0 0 0 0 0 0 0 0 0 0 0 0 0 0 0 0 0 1 1 2 0 2 1 1 0 1 0 0 0 0 0 0 0 
0 0 0 0 0 0 0 0 0 0 0 0 0 0 0 0 0 0 0 0 1 0 1 2 3 4 5 0 3 0 1 0 1 1 0 0 0 0 0 0 
0 0 0 0 0 0 0 0 0 0 0 0 0 0 0 0 0 0 0 0 0 0 2 1 0 5 2 0 2 0 0 0 0 0 0 0 0 0 0 0 
0 0 0 0 0 0 0 0 0 0 0 0 0 0 0 0 0 0 0 0 0 0 1 1 1 1 4 1 2 0 1 0 0 0 0 1 0 0 0 0 
0 0 0 0 0 0 0 0 0 0 0 0 0 0 0 0 0 0 1 0 1 0 1 1 0 1 2 0 0 0 0 0 0 0 0 0 0 0 0 0 
0 0 0 0 0 0 0 0 0 1 0 0 0 0 0 0 0 0 0 0 0 0 2 0 0 2 3 1 0 1 0 0 0 0 0 0 0 0 0 0 
0 0 0 0 0 0 0 0 0 0 0 0 0 0 0 0 0 0 0 0 0 0 0 0 0 0 1 3 1 0 0 0 0 0 0 0 0 0 0 1 
0 0 0 0 0 0 0 0 1 0 0 0 0 0 0 0 0 1 0 2 0 0 0 0 0 0 2 0 1 0 3 0 0 1 0 0 0 0 0 0 
0 0 0 0 0 0 0 0 0 0 0 0 0 0 0 0 0 0 0 0 0 0 2 0 2 2 1 0 1 1 0 0 0 0 0 0 0 0 0 0 
0 0 0 0 0 0 0 0 0 0 0 0 0 0 0 0 0 0 0 1 0 0 3 0 0 0 0 2 1 1 0 0 0 0 0 0 0 0 0 0 
1 0 0 0 0 0 0 0 0 0 0 0 0 0 0 0 0 1 2 0 0 0 0 2 0 0 4 0 2 0 0 0 0 0 0 0 0 0 0 0 
0 0 0 1 0 0 0 0 0 0 0 0 0 0 0 0 0 0 1 0 0 0 0 2 1 2 2 1 0 0 0 0 0 0 0 0 0 0 0 0 
0 0 0 0 0 0 0 0 0 0 0 0 0 0 0 0 0 0 0 0 0 0 0 0 0 0 0 1 1 1 1 1 0 0 0 0 0 0 0 0 
0 0 0 0 0 0 0 0 0 0 0 0 0 0 0 0 0 0 0 0 0 0 0 0 2 1 0 1 1 0 0 0 0 0 0 0 0 0 0 0 
0 0 0 0 0 0 0 0 0 0 0 0 0 0 0 0 0 0 0 0 0 1 0 0 1 1 1 0 0 0 0 0 0 0 0 0 0 0 0 0 
0 0 0 0 0 0 0 0 0 0 0 0 0 1 0 0 0 0 0 1 0 0 0 0 0 1 0 0 0 0 0 0 0 0 0 0 0 0 0 0 
0 0 0 0 0 0 0 0 0 0 0 0 0 0 0 0 0 0 0 0 0 0 0 1 1 1 0 2 1 0 1 0 1 0 0 0 0 0 0 0 
0 0 0 0 0 0 0 0 0 0 0 0 0 0 0 0 0 0 0 0 0 0 1 3 0 0 0 0 0 0 0 0 0 0 0 0 0 0 0 0 
0 0 0 0 0 0 0 0 0 0 0 0 0 0 0 0 0 0 0 1 0 1 1 1 1 0 0 1 0 0 0 0 0 0 0 0 0 0 0 0 

0 0 0 0 0 0 0 0 0 0 0 0 0 0 0 0 0 0 1 0 0 2 0 3 2 1 0 0 0 0 0 1 0 0 0 0 0 0 0 0 
0 0 0 0 0 0 0 0 0 0 0 0 0 0 0 0 0 0 0 0 0 0 0 1 1 3 1 1 1 1 0 0 0 0 0 0 0 1 0 0 
0 0 0 0 0 0 0 0 0 0 0 0 0 0 0 0 0 0 0 1 0 0 0 1 1 0 0 0 0 0 0 0 0 0 0 0 0 0 0 1 
0 0 0 0 0 0 0 0 0 0 0 0 0 0 0 0 0 0 1 0 1 0 0 1 1 2 1 1 0 0 1 0 0 0 0 0 0 0 0 0 
0 0 0 0 0 0 0 0 1 0 0 0 0 0 0 0 0 0 0 0 1 0 3 5 0 3 1 2 0 0 0 0 0 0 0 0 0 0 0 0 
0 0 0 0 0 0 0 0 0 0 0 0 0 0 0 0 0 0 0 0 1 1 2 0 0 0 1 0 1 0 0 0 0 0 0 0 0 0 0 0 
0 0 0 0 0 0 0 0 0 0 0 0 0 0 0 0 0 0 0 0 0 1 1 0 1 0 3 0 0 0 0 0 0 0 0 0 0 0 0 0 
0 0 0 0 0 0 0 0 0 0 0 0 0 0 0 0 0 0 0 0 1 1 2 1 3 3 1 2 0 1 0 0 1 0 0 0 0 0 0 0 
0 0 0 0 0 0 0 0 0 0 0 0 0 0 0 0 0 0 0 0 0 1 0 2 1 0 0 0 0 1 0 0 0 0 0 0 0 0 0 0 
0 0 0 0 0 0 0 0 0 0 0 0 0 0 0 0 0 0 0 0 0 0 1 0 0 0 2 1 1 2 1 1 0 0 0 0 0 0 0 0 
0 0 0 0 0 0 0 0 0 0 0 0 0 0 0 0 0 0 0 1 0 1 0 1 1 1 4 1 0 0 0 0 0 0 0 0 0 0 0 0 
0 0 0 0 0 0 0 0 0 0 0 0 0 0 0 0 0 0 1 0 0 0 0 0 0 0 0 1 1 0 0 0 0 0 0 1 0 0 0 0 
0 0 0 0 0 0 0 0 0 0 0 1 0 0 0 0 0 0 0 0 0 0 0 1 1 1 0 2 1 0 1 1 0 0 0 1 0 0 0 0 
0 0 0 0 0 0 0 0 0 0 0 0 0 0 0 0 0 0 0 0 1 0 1 2 1 1 2 1 1 0 1 0 0 0 0 0 0 0 0 0 
0 0 0 0 0 0 0 0 0 0 0 0 0 0 0 0 0 0 1 0 1 0 0 0 1 0 0 0 1 0 0 0 0 1 0 0 0 0 0 0 
0 0 0 0 0 0 0 0 0 0 0 0 0 0 0 0 0 0 0 1 0 0 0 0 0 0 1 0 1 0 0 1 0 0 0 0 0 0 0 0 
0 0 0 0 0 0 0 0 0 0 0 0 0 0 0 0 0 0 0 0 0 0 2 2 0 2 0 0 0 0 0 1 0 0 0 0 0 0 0 0 
0 0 0 0 0 0 0 0 0 0 0 0 1 0 0 0 0 0 0 0 0 0 0 0 1 0 0 0 0 1 0 0 0 0 0 0 0 0 0 0 
0 0 0 0 0 0 0 0 0 0 0 0 0 0 0 0 0 0 0 0 0 1 1 0 0 1 0 2 0 0 1 0 0 0 0 0 0 0 0 0 
0 0 0 0 0 0 0 0 0 0 0 0 0 0 0 0 0 0 0 0 0 0 0 1 1 2 0 1 0 0 0 0 0 0 0 0 0 0 0 0 
0 0 0 0 0 0 0 0 0 0 0 0 0 0 0 0 0 0 0 0 0 0 0 0 0 0 0 1 1 0 0 0 0 0 0 0 0 0 0 0 
0 0 0 0 0 0 0 0 0 0 0 0 0 0 0 0 0 0 0 0 0 0 0 0 0 1 2 0 1 0 0 0 0 0 0 0 0 0 0 0 
0 0 0 0 0 0 0 1 0 0 0 0 0 0 0 0 0 0 0 0 0 0 0 0 1 1 0 0 1 0 0 1 0 1 0 0 0 0 0 0 
0 0 1 0 0 0 0 0 0 0 0 0 0 0 0 0 0 0 0 0 0 0 0 0 0 1 1 0 0 0 0 0 0 0 0 0 0 0 0 0 

0 0 0 0 0 0 0 0 0 0 0 0 0 0 0 0 0 0 0 0 0 0 1 3 0 0 0 0 0 0 0 0 0 0 0 0 0 0 0 0 
0 0 1 0 0 1 0 1 0 0 0 0 0 0 0 0 0 0 0 0 0 0 1 0 0 0 2 0 0 1 0 0 0 0 0 0 0 0 0 0 
0 0 0 0 1 0 0 0 0 0 0 0 0 0 0 0 0 0 0 0 0 0 0 0 0 0 1 1 0 0 0 0 0 0 0 0 0 0 0 0 
0 1 0 0 0 0 0 0 0 0 0 0 0 0 0 0 0 0 0 0 0 0 0 1 1 1 3 0 0 0 1 0 0 0 0 0 0 0 0 0 
0 0 0 0 0 0 0 0 0 0 0 0 0 0 0 0 0 0 1 0 0 2 0 2 1 0 1 0 0 2 0 0 0 0 0 0 0 0 0 0 
0 0 0 0 0 0 0 0 0 0 0 0 0 0 0 0 0 0 0 0 0 0 0 1 4 0 0 1 1 0 0 1 0 0 0 0 0 0 0 0 
0 0 0 0 0 0 0 0 0 0 0 0 0 0 0 0 0 0 0 0 1 1 0 1 1 2 2 0 0 0 1 0 0 0 0 0 0 0 0 1 
0 0 0 0 0 0 0 0 0 0 0 0 0 0 0 0 0 0 1 0 0 0 0 0 0 1 2 1 1 1 0 0 0 0 0 0 0 0 0 0 
0 0 0 0 0 0 0 0 0 0 0 0 0 0 0 0 0 1 0 0 0 1 0 0 0 1 0 0 0 0 0 0 0 0 0 0 0 0 0 0 
0 0 0 0 0 0 0 0 0 0 0 0 0 0 0 0 0 0 0 0 1 1 1 0 2 1 1 1 0 0 0 0 1 0 1 0 0 0 0 0 
0 0 0 0 0 0 0 0 0 0 0 0 0 0 0 0 0 0 0 0 0 0 0 0 0 4 1 2 1 0 0 1 0 1 0 0 0 0 0 0 
0 0 0 0 0 0 0 0 0 0 0 0 0 0 0 0 0 0 0 0 0 0 0 1 0 0 0 1 0 0 1 0 0 0 0 0 0 0 0 0 
0 0 0 0 0 0 0 0 0 0 0 0 0 0 0 0 0 0 0 0 1 0 1 1 1 0 1 0 1 0 0 0 0 0 0 0 0 0 0 0 
0 0 0 0 0 0 0 0 0 0 0 0 0 0 0 0 1 0 0 0 0 0 0 0 0 0 0 0 0 0 0 0 0 0 0 0 0 0 0 0 
0 0 0 0 0 0 0 0 0 0 0 0 0 0 0 0 0 0 0 0 0 0 0 0 0 0 0 0 0 0 0 0 0 0 0 0 0 0 0 0 
0 0 0 0 0 0 0 0 0 0 0 0 0 0 0 0 1 0 0 0 0 0 0 0 2 1 0 1 0 0 1 0 0 0 0 0 0 0 0 0 
0 0 0 0 0 0 0 0 0 1 0 0 0 0 0 0 0 0 0 1 1 0 1 0 0 1 1 0 0 0 0 0 0 0 0 0 0 0 0 0 
0 0 0 0 0 0 0 0 0 0 0 0 0 0 0 0 0 0 0 1 0 0 0 0 0 0 0 0 0 0 0 0 0 0 0 0 0 0 0 0 
0 0 0 0 0 0 0 0 0 0 0 0 0 0 0 0 0 0 0 0 0 1 0 0 0 0 0 0 0 0 1 0 0 0 0 0 0 0 0 0 
0 0 0 0 0 0 0 0 0 0 0 0 0 0 0 0 0 0 0 0 1 0 0 0 0 2 0 1 2 0 0 0 0 0 0 0 0 0 0 0 
0 0 0 0 0 0 0 0 0 0 0 0 0 0 0 0 0 0 0 0 0 0 0 1 0 0 0 0 0 0 0 0 0 0 0 0 0 0 0 0 
0 0 0 0 0 0 0 0 0 0 0 0 0 0 0 0 0 0 0 0 0 0 0 0 0 1 0 0 0 0 0 0 0 0 0 0 0 0 0 0 
0 0 0 0 0 0 0 0 0 0 0 0 0 0 0 0 0 0 1 0 0 0 0 0 0 0 0 1 0 0 1 0 1 0 0 0 0 0 0 0 
0 0 0 0 0 0 0 0 0 0 0 0 0 0 0 0 0 0 0 0 0 0 0 0 0 2 1 0 0 0 1 0 0 0 0 0 0 0 0 0 

0 0 0 0 0 0 0 1 0 0 0 0 0 0 0 0 0 0 0 0 0 0 0 1 1 0 0 1 0 0 0 0 0 0 0 0 0 0 0 0 
0 0 0 0 0 0 0 0 1 0 0 0 0 0 0 0 0 0 0 0 0 0 1 2 0 0 0 1 0 0 0 0 0 0 0 0 0 0 0 0 
0 0 0 0 0 0 0 0 0 0 0 0 0 0 0 0 0 0 0 0 0 0 1 1 1 0 0 1 0 0 0 0 0 0 0 0 0 0 0 0 
0 0 0 0 0 0 0 0 0 0 0 0 0 0 0 0 0 0 0 0 1 0 0 0 1 1 0 0 0 0 0 0 0 0 0 0 0 0 0 0 
0 0 0 0 0 0 0 0 0 0 0 0 0 0 0 0 0 0 0 0 0 0 0 3 0 1 0 2 0 0 0 0 0 0 0 0 0 0 0 0 
0 0 0 0 0 0 0 0 0 0 0 0 0 0 0 0 0 0 0 0 0 0 0 0 0 0 0 0 0 0 0 0 0 0 0 1 0 0 0 0 
0 0 0 0 0 0 0 0 0 0 0 0 0 0 0 0 0 0 0 0 1 0 0 0 0 2 1 0 1 0 0 0 0 0 0 0 0 0 0 0 
0 0 0 0 1 0 0 0 0 0 0 0 0 0 0 0 0 0 0 1 0 2 0 0 1 1 1 0 2 0 0 0 0 0 0 0 0 0 0 0 
0 0 0 0 0 0 0 0 0 0 0 0 0 0 0 0 0 0 0 0 0 0 1 0 0 0 0 0 0 0 0 0 0 0 0 0 0 0 0 0 
0 0 0 0 0 0 0 0 0 0 0 0 0 0 0 0 0 0 0 0 0 0 0 0 0 0 0 0 0 0 0 0 0 0 0 0 0 0 0 0 
0 0 0 0 0 0 0 0 0 0 0 0 1 0 0 0 1 0 2 0 1 1 0 1 0 3 1 1 2 0 0 0 0 0 0 0 0 0 0 0 
0 0 0 0 0 0 0 0 0 0 0 0 0 0 0 0 0 0 0 0 0 0 0 0 0 1 0 0 0 0 0 0 0 0 0 0 0 0 0 0 
0 0 0 0 0 0 0 0 0 0 0 0 1 0 0 0 0 0 0 0 0 0 1 0 0 0 1 1 0 0 0 0 0 0 0 0 0 0 0 0 
0 0 0 0 0 0 0 0 0 0 0 0 0 1 0 0 0 0 0 0 0 1 1 1 0 0 1 2 0 0 0 0 0 0 0 0 0 0 0 0 
0 0 0 0 0 0 0 0 0 0 0 0 0 0 0 0 0 0 0 0 0 0 0 0 0 0 0 0 0 0 0 0 0 0 0 0 0 0 0 0 
0 0 0 0 0 0 0 0 0 0 0 0 0 0 0 0 0 0 0 0 0 0 0 0 0 0 0 0 0 0 0 0 0 0 0 0 0 0 0 0 
0 0 0 0 0 0 0 0 0 0 0 0 0 0 0 1 0 0 0 0 0 0 1 2 0 0 0 0 0 0 0 0 0 0 0 0 0 0 0 0 
0 0 0 0 0 0 0 0 0 0 0 0 0 0 0 0 0 0 0 0 0 0 0 0 0 0 0 0 1 0 0 0 0 0 0 0 0 0 0 0 
0 0 0 0 0 0 0 0 0 0 0 0 0 0 0 0 0 0 0 0 0 0 0 0 0 1 2 0 0 1 0 1 0 0 0 0 0 0 0 0 
0 0 0 1 0 0 0 0 0 0 0 0 0 0 0 0 0 0 0 0 2 0 0 2 0 2 0 0 0 0 0 0 0 0 0 0 0 0 0 0 
0 0 0 0 0 0 0 0 0 0 0 0 0 0 0 0 0 0 0 0 0 0 0 0 0 0 0 1 0 0 0 0 0 0 0 0 0 0 0 0 
0 0 0 0 0 0 0 0 0 0 0 0 0 0 0 0 0 0 0 0 0 0 0 0 0 0 0 0 0 1 0 0 0 0 0 0 0 0 0 0 
0 0 0 0 0 0 0 0 1 0 0 0 0 0 0 0 0 0 0 0 0 0 0 1 0 1 0 0 0 0 0 0 0 0 0 0 0 0 0 0 
0 0 0 0 0 0 0 0 0 0 0 0 0 0 0 0 0 0 0 0 0 0 1 0 0 0 0 0 0 0 0 0 0 0 0 0 0 0 0 0 

0 0 0 0 0 0 0 0 0 0 0 0 0 0 0 0 0 0 0 0 0 0 0 2 1 0 0 1 0 0 0 0 0 0 0 0 0 0 0 0 
0 0 0 0 0 0 0 0 0 0 0 0 0 0 0 0 0 0 0 0 0 0 0 1 0 1 0 0 0 0 0 0 0 0 0 0 0 0 0 0 
0 0 0 0 0 0 0 0 0 0 0 0 0 0 0 0 0 0 0 0 0 0 0 1 0 0 0 0 1 0 0 0 0 0 0 1 0 0 0 0 
0 0 0 0 0 0 0 0 0 0 0 0 0 0 0 0 0 0 0 0 0 1 0 1 0 1 0 0 0 0 0 0 0 0 0 0 0 0 0 0 
0 0 0 0 0 0 0 0 0 0 0 0 0 0 0 0 0 0 0 0 0 0 0 0 0 0 0 0 0 0 0 0 0 0 0 0 0 0 0 0 
0 0 0 0 0 0 0 0 0 0 0 0 0 0 0 0 0 0 0 0 0 1 0 1 1 0 0 0 1 0 0 0 0 0 0 0 0 0 0 0 
0 0 0 0 0 0 0 0 0 0 0 0 0 0 0 0 0 0 0 0 0 0 0 0 0 0 2 0 0 0 1 0 0 0 0 0 0 0 0 0 
0 0 0 0 0 0 0 0 0 0 0 0 0 0 0 0 0 0 0 0 0 0 0 0 1 0 0 0 0 0 0 0 0 0 0 0 0 0 0 0 
0 0 0 0 0 0 0 0 0 0 0 0 0 0 0 0 0 0 0 0 0 0 0 0 0 0 0 0 0 0 0 0 0 0 0 0 0 0 0 0 
0 0 0 0 0 0 0 0 0 0 0 0 0 0 0 0 0 0 0 0 0 1 0 0 0 1 0 0 0 1 0 0 0 0 0 0 0 0 0 0 
0 0 0 0 0 0 0 0 0 0 0 0 0 0 0 0 0 0 0 0 0 0 0 0 0 2 0 1 1 0 0 1 0 0 0 0 0 0 0 0 
0 0 0 0 0 0 0 0 0 0 0 0 0 0 0 0 0 0 0 0 0 0 0 0 0 0 0 0 0 0 0 0 0 0 0 0 0 0 0 0 
0 0 0 0 0 0 0 0 0 0 0 0 0 0 0 0 0 0 0 0 0 0 0 1 1 0 0 2 0 1 0 0 0 1 0 0 0 0 0 0 
0 0 0 0 0 0 0 0 0 0 0 0 0 0 0 0 0 0 0 0 0 1 0 0 0 0 1 0 0 0 0 0 0 0 0 0 0 0 0 0 
0 0 0 0 0 0 0 0 0 0 0 0 0 0 0 0 0 0 0 0 0 0 0 0 0 0 0 0 0 0 0 0 0 0 0 0 0 0 0 0 
0 0 0 0 0 0 0 0 0 0 0 0 0 0 0 0 0 0 0 0 0 0 0 0 0 0 0 0 0 0 0 0 0 0 0 0 0 0 0 0 
0 0 0 0 0 0 0 0 0 0 0 0 0 0 0 0 0 0 0 0 0 1 0 0 0 0 2 1 0 0 0 0 0 0 0 0 0 0 0 0 
0 0 0 0 0 0 0 0 0 0 0 0 0 0 0 0 0 0 0 0 0 0 0 1 0 0 0 0 0 0 0 0 0 0 0 1 0 0 0 0 
0 0 0 0 0 0 0 0 0 0 0 0 0 0 0 0 0 0 0 0 0 0 0 0 0 0 1 0 0 0 0 0 0 0 0 0 0 0 0 0 
0 0 0 0 0 0 0 0 0 0 0 0 0 0 0 0 0 0 0 0 0 0 0 0 0 0 1 1 1 0 0 0 1 0 0 0 0 0 0 0 
0 0 0 0 0 0 0 0 0 0 0 0 0 0 0 0 0 0 0 0 0 0 0 0 0 0 0 0 0 0 0 0 0 0 0 0 0 0 0 0 
0 0 0 0 0 0 0 0 0 0 0 0 0 0 0 0 0 0 0 0 0 0 0 0 0 0 0 0 0 0 0 0 0 0 0 0 0 0 0 1 
0 0 0 0 0 0 0 0 0 0 0 0 0 0 0 0 0 0 0 0 0 0 1 0 0 0 2 0 0 0 0 0 0 0 0 0 0 0 0 0 
0 0 0 0 0 0 0 0 0 0 0 0 0 0 0 0 0 0 1 0 0 0 0 0 0 0 0 0 0 0 0 0 0 0 0 0 0 0 0 0 

0 0 0 0 0 0 0 0 0 0 0 0 0 0 0 0 0 0 0 0 0 0 0 1 0 0 0 0 0 0 0 0 0 0 0 0 0 0 0 0 
0 0 0 0 0 0 0 0 0 0 0 0 0 0 0 0 0 0 0 0 0 0 0 0 0 0 0 0 0 0 0 0 0 0 0 0 0 0 0 0 
0 0 0 0 0 0 0 0 0 0 0 0 0 0 0 0 0 0 0 0 0 0 0 0 0 0 0 0 0 0 0 0 0 0 0 0 0 0 0 0 
0 0 0 0 0 0 0 1 0 0 0 0 0 0 0 0 0 0 0 0 0 0 0 0 0 0 0 0 1 0 0 0 1 0 0 0 0 0 0 0 
0 0 0 0 0 0 0 0 0 0 0 0 0 0 0 0 0 0 0 0 0 0 0 0 0 0 0 0 0 0 0 0 0 0 0 0 0 0 0 0 
0 0 0 0 0 0 0 0 0 0 0 0 0 0 0 0 0 0 0 0 0 0 0 0 0 0 1 0 0 1 0 0 0 0 0 0 0 0 0 0 
0 0 0 0 0 0 0 0 0 0 0 0 0 0 0 0 0 0 0 0 0 0 0 0 1 0 0 1 1 0 1 0 0 0 0 0 0 0 0 0 
0 0 0 0 0 0 0 0 0 0 0 0 0 0 0 0 1 0 0 0 0 0 1 0 1 0 1 0 0 0 0 0 0 0 0 0 0 0 0 0 
0 0 0 0 0 0 0 0 0 0 0 0 0 0 0 0 0 0 0 0 0 0 0 0 0 0 0 0 0 0 0 0 0 0 0 0 0 0 0 0 
0 0 0 0 0 0 0 0 0 0 0 0 0 0 0 0 0 0 0 0 0 0 0 0 0 1 0 0 0 0 0 0 0 0 0 0 0 0 0 0 
0 0 0 0 0 0 0 0 0 0 0 0 0 0 0 1 0 0 0 0 2 1 0 1 0 1 0 0 1 0 0 0 0 1 0 0 0 0 0 0 
0 0 0 0 0 0 0 0 0 0 0 0 0 0 0 0 1 0 0 0 0 0 1 0 0 0 0 1 0 0 0 0 0 0 0 0 0 0 0 0 
0 0 0 0 0 0 0 0 0 0 0 0 0 0 0 0 0 0 0 0 0 0 0 0 0 2 0 0 1 0 0 0 0 0 0 0 0 0 0 0 
0 0 0 0 0 0 0 0 0 0 0 0 0 0 0 0 0 0 1 0 0 0 0 0 1 0 0 0 0 0 0 0 0 0 0 0 0 0 0 0 
0 0 0 0 0 0 0 0 0 0 0 0 0 0 0 0 0 0 0 0 0 0 0 0 0 0 0 0 0 0 0 0 0 0 0 0 0 0 0 0 
0 0 0 0 0 0 0 0 0 1 0 0 0 0 0 0 0 0 0 0 0 0 0 1 0 0 1 1 3 0 0 0 0 0 0 0 0 0 0 0 
0 0 0 0 0 0 0 0 0 0 0 0 0 0 0 0 0 0 0 0 0 1 0 2 0 1 0 0 0 1 1 0 0 0 0 0 0 0 0 0 
0 0 0 0 0 0 0 0 0 0 0 0 0 0 0 0 0 0 0 0 0 0 0 0 0 0 0 0 0 0 0 0 0 0 0 0 0 0 0 0 
0 0 0 0 0 0 0 0 0 0 0 0 0 0 0 0 0 0 0 0 0 0 0 0 0 0 0 0 0 0 1 0 0 0 0 0 0 0 0 0 
0 0 0 0 0 0 0 0 0 0 0 0 0 0 0 0 0 1 0 0 0 0 1 0 0 1 0 0 0 0 0 1 0 0 0 0 0 0 0 0 
0 0 0 0 0 0 0 0 0 0 0 0 0 0 0 0 0 0 0 0 0 0 0 0 0 0 0 0 0 0 0 0 0 0 0 0 0 0 0 0 
0 0 0 0 0 0 0 0 0 0 0 0 1 0 0 0 0 0 0 0 0 0 0 0 0 0 0 0 0 0 0 0 0 0 0 0 0 0 0 0 
0 0 0 0 0 0 0 0 0 0 0 0 1 1 0 0 0 0 0 1 0 0 0 0 0 1 0 0 0 0 0 0 0 0 0 0 0 0 0 0 
0 0 0 0 0 0 0 0 0 0 0 0 0 0 0 0 0 0 0 0 0 0 0 0 0 0 0 0 0 0 0 0 0 0 0 0 0 0 0 0 

0 0 0 0 0 0 0 0 0 0 0 0 0 0 0 0 0 0 0 0 0 0 0 1 0 0 0 0 0 0 0 0 0 0 0 0 0 0 0 0 
0 0 0 0 0 0 0 0 0 0 0 0 0 0 0 0 0 0 0 0 0 0 0 2 0 0 0 0 0 0 0 0 0 0 0 0 0 0 0 0 
0 0 0 0 0 0 0 0 0 0 0 0 0 0 0 0 0 0 0 0 0 0 0 1 1 0 0 0 4 0 0 0 0 0 0 0 0 0 0 0 
0 0 0 0 0 0 0 0 0 0 0 0 0 0 0 0 0 0 0 0 0 0 0 1 0 1 0 1 0 0 0 0 0 0 0 0 0 0 0 0 
0 0 0 0 0 0 0 0 0 0 0 0 0 0 0 0 0 0 0 0 0 0 0 1 0 1 0 1 0 0 0 1 0 0 0 0 0 0 0 0 
0 0 0 0 0 0 0 0 0 0 0 0 0 0 0 0 1 0 0 0 1 0 0 0 1 1 3 0 0 0 1 1 0 0 1 0 0 0 0 0 
0 0 0 0 0 0 0 0 0 0 0 0 0 0 0 0 0 0 0 0 0 1 0 1 0 1 0 0 0 0 0 0 0 0 0 0 0 0 0 0 
0 0 0 0 0 0 0 0 0 0 0 0 0 0 0 0 0 0 0 0 0 0 0 0 0 0 4 0 0 0 0 0 0 0 0 0 0 0 0 0 
0 0 0 0 0 0 0 0 0 0 0 0 0 0 0 0 1 0 0 0 0 1 0 0 0 0 0 1 0 1 1 3 0 0 0 0 0 0 0 0 
0 0 0 0 0 0 0 0 0 0 0 0 0 0 0 0 0 0 0 1 0 0 0 3 0 0 0 0 1 0 0 0 0 0 0 0 0 0 0 0 
0 0 0 0 0 0 0 0 0 0 0 0 0 0 0 0 0 0 0 0 0 1 0 1 0 0 0 0 0 0 0 0 0 0 0 0 0 0 0 0 
0 0 0 0 0 0 0 0 0 0 0 0 0 0 0 0 0 0 0 0 0 0 0 0 1 1 0 1 1 1 0 0 0 1 0 0 0 0 0 0 
0 0 0 0 0 0 0 0 0 0 0 0 0 0 0 0 0 0 0 0 1 0 0 2 0 0 1 0 0 0 0 0 0 0 0 0 0 0 0 0 
0 0 0 0 0 0 0 0 0 0 0 0 0 0 0 0 0 0 0 1 0 1 0 0 0 0 0 1 0 0 0 0 0 0 0 0 0 0 0 0 
0 0 0 0 0 0 0 0 0 0 1 1 0 0 0 0 0 0 0 0 1 0 0 0 0 0 0 0 0 1 0 0 0 0 0 0 0 0 0 0 
0 0 0 0 0 0 0 0 0 0 0 0 0 0 0 0 0 0 0 0 0 1 0 2 0 1 0 0 0 0 0 0 0 0 0 0 0 0 0 0 
0 0 0 0 0 0 0 0 0 0 0 0 0 1 0 0 0 0 0 0 0 0 0 0 1 0 0 1 0 0 0 0 1 0 0 0 0 0 0 0 
0 0 0 0 0 0 0 0 0 0 0 0 0 0 0 0 0 0 0 0 0 0 0 0 0 0 0 0 1 0 0 1 0 0 0 0 0 0 0 0 
0 0 0 0 0 0 0 0 0 0 0 0 0 0 0 0 0 0 0 0 1 0 0 0 0 0 1 0 0 0 0 0 1 0 0 0 0 0 0 0 
0 0 0 0 0 0 0 0 0 0 0 0 0 0 0 0 0 0 1 0 0 0 0 0 2 1 0 0 0 0 0 0 0 0 0 0 0 0 0 0 
0 0 0 0 0 0 0 0 0 0 0 0 0 0 0 0 0 0 0 1 1 0 0 0 0 0 0 0 0 0 1 0 0 0 0 0 0 0 0 0 
0 0 0 0 0 0 0 0 0 0 0 0 0 0 0 0 0 0 0 0 0 0 1 0 0 0 0 0 0 1 0 0 0 0 0 0 0 0 0 0 
0 0 0 0 0 0 0 0 0 0 0 0 0 0 0 0 0 0 0 0 0 0 0 0 1 0 0 0 0 0 0 0 0 0 0 0 0 0 0 0 
0 0 0 0 0 0 0 0 0 0 0 0 0 1 0 0 0 0 0 0 0 0 0 0 0 0 0 0 0 0 0 0 0 0 0 0 0 0 0 0 

