#################################### 
# Matrix Size= (39.9997,23.9997,39.9995)
# Resol      = (40,24,40)
# VoxelSize  = (0.999993,0.999989,0.999989)
# nbVal      = 38400
#################################### 
0 1 0 2 0 1 0 1 3 0 0 0 0 1 0 0 0 0 2 0 0 0 1 1 0 0 0 0 0 0 0 0 0 0 0 0 0 0 0 0 
0 0 0 0 1 1 1 2 0 1 0 0 0 0 0 0 0 2 0 0 0 0 0 0 0 1 0 0 1 0 1 0 0 0 0 0 0 0 0 0 
0 0 0 0 0 0 0 0 0 0 0 0 0 0 0 0 0 0 0 0 0 0 0 0 0 0 0 0 0 0 0 0 0 0 0 0 0 0 0 0 
0 0 0 0 0 0 0 0 0 0 1 0 0 1 0 0 0 1 1 0 0 0 0 0 0 0 0 0 0 0 0 0 0 0 0 0 0 0 0 0 
0 1 0 0 0 1 3 1 1 0 3 0 1 1 1 1 0 1 0 1 0 1 1 0 0 0 0 0 0 0 0 0 0 0 0 0 0 0 0 0 
0 0 0 0 0 0 0 0 0 0 0 0 1 0 0 0 0 0 1 0 0 0 0 0 0 1 0 0 0 0 1 0 0 0 0 0 0 0 0 0 
0 0 0 0 0 0 0 0 1 3 0 0 0 0 0 0 0 0 0 1 0 0 0 0 0 0 0 0 0 0 0 0 0 0 0 0 0 0 0 0 
0 0 0 0 0 0 0 0 0 0 1 0 1 0 1 0 0 1 0 0 0 0 0 0 0 0 0 0 0 0 0 0 0 0 0 1 0 0 0 0 
0 0 0 0 0 0 0 0 0 0 0 1 0 0 0 0 0 0 1 0 0 1 0 0 0 0 1 0 0 0 0 0 0 0 0 0 0 0 0 0 
0 0 0 0 0 0 0 0 0 0 0 0 0 2 0 0 0 1 0 0 0 0 0 1 0 0 0 0 0 0 0 0 0 0 0 0 0 0 0 0 
0 0 0 0 0 0 0 0 0 1 0 2 0 2 0 0 0 2 2 1 0 0 0 0 0 0 1 0 0 0 0 0 0 0 0 0 0 0 0 0 
0 0 0 0 0 0 0 0 1 0 0 1 2 0 0 0 0 0 0 0 0 0 0 0 0 0 0 0 0 0 0 0 0 0 0 0 0 0 0 0 
0 0 0 1 0 0 0 0 0 0 0 0 0 1 0 0 0 2 0 1 0 0 0 0 0 2 0 1 0 0 0 0 0 0 0 0 0 0 0 0 
0 0 0 0 0 1 0 1 0 1 0 2 0 2 0 0 0 0 1 1 0 0 1 0 0 0 0 0 0 0 0 0 0 0 0 0 0 0 0 0 
0 0 0 0 0 0 0 0 0 0 0 0 0 0 1 0 0 0 0 0 0 0 0 0 0 0 0 0 0 0 0 0 0 0 0 0 0 0 0 0 
0 0 0 0 0 0 0 1 0 0 0 3 1 0 0 0 1 0 0 0 0 0 0 0 0 0 1 0 0 0 0 0 0 0 0 0 0 0 0 0 
0 0 0 0 1 1 0 0 0 1 2 1 0 0 0 0 2 0 0 0 0 1 0 0 0 0 0 0 0 0 0 0 0 0 0 0 0 0 0 0 
0 0 0 0 0 0 0 0 0 0 0 1 0 0 1 1 0 0 0 0 1 0 0 0 0 0 0 0 0 0 0 0 0 0 0 0 0 0 0 0 
0 0 0 0 0 0 0 0 0 0 1 0 1 0 1 0 0 1 0 0 1 0 0 0 0 1 0 0 0 0 0 0 0 0 0 0 0 0 0 0 
0 0 0 0 0 0 0 1 0 0 0 1 2 0 2 2 2 0 0 0 0 0 0 0 1 0 2 0 0 0 0 1 0 0 0 0 0 0 0 0 
0 0 0 0 0 0 0 0 0 0 0 0 0 0 0 0 0 1 0 0 0 0 0 0 0 0 0 0 0 0 0 0 0 0 0 0 0 0 0 0 
0 1 0 0 0 0 0 0 0 0 0 0 1 0 0 0 0 0 0 1 0 0 0 0 1 0 0 0 0 0 0 0 0 0 0 0 0 0 0 0 
0 0 0 0 1 1 1 0 0 0 0 2 0 0 0 0 1 3 2 1 0 0 0 0 1 0 0 0 0 0 0 0 0 0 0 0 0 0 0 0 
0 0 0 0 0 0 0 0 0 0 0 1 0 0 0 0 0 0 0 0 0 0 0 0 0 0 0 0 0 1 0 0 0 0 0 0 0 0 0 0 

0 1 0 0 1 0 0 1 1 0 0 0 0 0 0 0 0 1 4 2 0 0 0 0 0 0 0 0 0 0 0 0 0 0 0 0 0 0 0 0 
1 1 0 0 0 2 2 1 1 0 0 0 1 0 0 0 0 2 0 0 0 0 0 0 0 0 1 0 0 0 0 0 0 0 0 0 1 0 0 0 
0 0 0 0 0 0 0 0 0 2 1 2 0 1 0 0 0 0 0 0 0 0 0 1 0 0 0 0 0 0 0 0 0 0 0 0 0 0 0 0 
0 0 0 0 0 0 1 0 0 1 2 0 1 0 0 0 0 2 1 0 1 0 0 0 0 0 0 0 0 0 0 0 0 0 1 0 0 0 0 0 
0 0 0 0 0 0 1 3 1 3 0 2 0 0 1 0 0 1 0 0 0 0 0 0 0 0 0 0 0 0 0 0 0 0 0 0 0 0 0 0 
0 0 0 0 0 0 1 1 1 0 1 0 1 0 0 0 0 1 0 1 0 0 0 0 1 0 0 0 0 0 0 0 0 0 0 0 0 0 0 0 
0 0 0 0 0 0 1 0 0 1 1 0 0 0 0 0 0 1 0 0 0 0 0 0 0 0 0 1 0 0 0 0 0 0 0 0 0 0 0 0 
0 0 1 1 0 0 0 0 0 0 0 0 0 1 1 2 0 2 0 0 0 0 0 0 0 0 1 0 0 0 0 0 0 0 0 0 0 0 0 0 
0 0 0 0 1 0 0 0 0 0 0 1 0 0 0 0 0 0 0 0 0 0 0 0 0 0 0 0 0 0 0 0 0 0 0 0 0 0 0 0 
0 0 0 0 0 0 0 0 1 1 0 2 0 0 0 0 1 0 1 2 0 0 0 1 0 0 1 0 0 0 0 0 0 0 0 0 0 0 0 0 
0 0 0 0 0 0 0 0 1 2 0 1 0 1 0 0 1 2 1 1 1 0 0 0 1 0 0 0 0 0 1 0 0 0 0 0 0 0 0 0 
0 0 0 0 0 0 0 0 1 0 0 0 0 0 0 0 0 0 0 1 0 0 0 0 0 0 0 0 0 0 0 0 0 0 0 0 0 0 0 0 
0 0 0 0 0 0 0 0 0 0 0 0 0 0 0 1 0 0 1 1 0 0 0 0 0 1 0 1 0 0 0 0 0 0 0 0 0 0 0 0 
0 0 0 0 0 0 0 0 0 1 0 1 0 1 1 3 2 1 1 0 0 0 0 0 0 0 0 1 0 0 0 0 0 0 0 0 0 0 0 0 
0 0 0 0 0 1 0 0 0 0 0 1 0 3 0 0 0 1 0 0 0 0 0 0 0 0 0 1 0 0 0 0 0 0 0 0 0 0 0 0 
0 1 0 0 0 0 0 0 0 0 0 0 0 1 0 0 1 1 0 1 0 0 0 0 0 0 0 0 0 0 0 0 0 0 0 0 0 0 0 0 
0 0 0 0 0 0 0 0 1 1 0 6 1 1 1 0 2 1 0 0 0 0 0 0 0 0 0 0 0 0 0 0 0 0 0 0 0 0 0 0 
0 0 0 0 0 0 0 0 0 0 0 0 2 1 1 0 0 0 1 0 0 0 0 0 0 0 0 0 0 0 0 0 0 0 0 0 0 0 0 0 
0 0 1 0 0 0 0 0 0 0 0 0 0 0 0 0 0 0 0 0 0 0 0 0 0 0 1 0 0 0 0 0 0 0 0 0 0 0 0 0 
0 0 0 0 0 1 0 0 0 0 1 0 0 1 0 0 0 1 0 0 0 0 1 0 0 1 0 0 0 0 0 0 0 0 0 0 0 0 0 0 
0 0 0 0 0 0 0 0 0 0 1 0 0 0 0 2 0 0 0 1 0 0 0 0 0 0 0 0 0 0 0 0 0 0 0 0 0 0 0 0 
0 0 0 0 0 0 1 0 0 1 0 0 1 1 1 0 0 0 0 0 0 0 0 0 0 0 0 0 0 0 0 0 0 0 0 0 0 0 0 0 
0 0 0 0 0 0 0 0 0 1 0 0 2 0 0 1 1 0 0 0 1 2 0 0 0 0 0 0 0 0 0 0 0 0 0 0 0 0 0 0 
0 0 0 0 0 0 0 0 0 0 0 0 0 0 0 0 0 0 0 0 0 0 0 0 0 0 0 0 0 0 0 0 0 0 0 0 0 0 0 0 

0 0 0 0 0 1 0 5 0 0 1 0 0 0 0 1 0 0 2 2 0 1 0 0 0 0 0 0 0 0 0 0 0 0 0 0 0 0 0 0 
1 2 0 0 0 0 1 1 2 1 0 1 0 0 0 0 1 2 1 0 0 0 0 0 0 0 0 0 0 0 0 0 0 0 0 0 0 0 0 0 
0 0 0 0 0 0 0 0 1 0 0 1 1 1 0 0 0 0 0 0 0 0 0 0 0 0 0 0 0 0 0 0 0 0 0 0 0 0 0 0 
0 0 0 0 1 0 0 1 1 2 0 0 0 0 0 1 1 0 0 0 0 1 0 0 0 0 0 1 0 0 0 0 0 1 0 0 0 0 0 1 
0 0 0 0 2 0 0 1 0 1 2 0 0 0 0 1 0 2 1 0 1 0 0 0 0 1 0 0 0 0 0 0 0 0 0 0 0 0 0 0 
0 0 0 0 0 0 0 0 0 0 0 0 0 1 0 0 0 1 0 0 0 2 0 0 0 0 0 0 0 1 0 0 0 0 0 0 0 0 0 0 
0 0 0 0 0 0 0 0 0 0 0 1 0 1 0 0 0 3 0 0 0 0 0 0 0 0 0 0 0 0 0 0 0 0 0 0 0 0 0 0 
0 0 1 0 0 0 0 2 1 0 0 1 0 0 0 0 0 1 1 0 1 0 0 0 0 0 0 0 0 0 0 0 0 0 0 0 0 1 0 0 
0 0 1 0 0 0 0 0 0 0 0 0 1 0 0 0 1 1 0 1 0 0 0 0 0 0 0 0 0 0 0 0 0 0 0 0 0 0 0 0 
0 0 0 0 0 0 0 0 0 0 0 0 1 2 0 0 0 1 0 0 2 0 0 0 0 0 0 0 0 0 0 0 0 0 0 0 0 0 0 0 
0 0 0 0 0 0 1 0 1 1 2 1 1 0 0 1 2 0 1 1 0 0 0 0 0 1 0 0 0 0 0 0 0 0 0 0 0 0 0 0 
0 0 0 0 0 0 0 0 0 0 0 0 0 0 0 1 0 0 0 0 0 0 0 0 0 0 0 0 0 0 0 0 0 0 0 0 0 0 1 0 
0 0 0 0 0 0 0 0 1 1 0 2 0 0 0 0 2 1 1 0 0 0 0 0 1 0 0 0 0 0 0 0 0 0 0 0 0 0 0 0 
0 0 0 0 0 0 0 0 0 0 2 1 0 1 0 2 0 1 2 0 0 0 0 0 0 0 0 0 0 0 0 0 0 0 0 0 0 0 0 0 
0 0 0 0 0 0 0 0 0 0 0 0 0 0 0 0 0 0 0 1 0 0 0 0 0 0 0 0 0 1 0 0 0 0 0 0 0 0 0 0 
0 0 0 0 0 0 0 0 1 0 0 0 0 0 0 0 0 1 0 0 0 0 0 0 0 1 2 0 0 0 0 0 0 0 0 0 0 0 0 0 
0 0 0 0 1 0 0 0 0 0 1 1 0 0 0 0 0 0 1 0 0 0 0 1 0 0 0 1 0 0 0 0 0 0 0 0 0 0 0 0 
0 0 0 0 0 0 0 0 0 0 0 1 0 0 0 0 0 0 0 0 0 0 0 0 0 0 0 0 0 0 0 0 0 0 0 0 0 0 0 0 
1 0 0 0 0 0 0 0 0 0 0 0 0 0 0 0 1 0 0 0 0 0 0 0 0 1 0 0 0 0 0 0 0 0 0 0 0 0 0 0 
0 0 0 0 0 0 0 0 1 1 0 1 1 1 1 0 0 0 0 0 0 0 0 0 0 0 1 0 0 0 0 0 0 0 0 0 0 0 0 0 
0 0 0 0 0 0 1 0 0 0 0 0 0 0 0 1 0 0 0 0 0 0 0 0 0 0 0 0 1 0 0 0 0 0 0 0 0 0 0 0 
0 0 0 0 0 0 0 0 0 0 0 0 0 0 2 0 0 0 0 0 0 0 0 0 0 1 0 0 0 0 0 0 0 0 0 0 0 0 0 0 
0 0 0 0 0 0 0 0 0 0 0 1 1 0 2 1 0 1 0 0 1 0 0 0 0 0 0 0 0 0 0 0 0 0 0 0 0 0 0 0 
0 0 0 0 0 0 1 0 0 1 0 0 0 0 0 0 0 0 0 0 0 0 0 0 0 0 0 0 0 0 0 0 0 0 0 0 0 0 0 0 

0 0 0 1 1 0 1 5 4 0 0 0 0 0 0 0 0 0 4 0 0 0 0 0 0 0 1 0 0 0 0 0 0 0 0 0 0 0 0 0 
0 0 0 0 0 0 3 7 4 2 0 2 4 1 0 1 2 3 0 2 1 0 0 0 0 0 0 0 0 0 0 0 0 0 0 0 0 0 0 0 
0 0 0 1 0 1 0 1 0 2 2 1 0 0 0 0 0 1 2 0 2 1 0 0 1 0 0 0 0 0 0 0 0 0 0 0 0 0 0 0 
0 0 0 0 0 0 0 1 1 2 0 2 1 0 0 0 1 0 0 1 0 0 0 0 0 0 0 0 1 0 0 0 0 0 0 0 0 0 0 0 
0 1 1 2 1 0 2 1 2 7 3 1 0 0 0 1 1 1 0 0 0 0 0 1 0 1 0 0 1 1 0 0 0 0 0 0 0 0 0 0 
0 0 0 0 1 0 1 0 1 2 1 2 0 0 0 0 0 0 0 0 0 0 0 0 1 0 0 0 0 0 0 0 0 0 0 0 0 0 0 0 
1 0 0 0 0 0 0 0 0 3 0 0 0 0 0 1 0 0 0 0 0 0 0 0 0 0 0 0 0 0 1 0 0 0 0 0 0 0 0 0 
0 0 0 0 0 1 1 0 2 1 2 1 1 1 0 0 1 4 2 1 0 0 0 1 1 1 0 1 0 0 0 0 0 0 0 0 0 0 0 0 
0 0 0 0 0 0 0 1 0 1 0 1 0 0 0 0 0 1 0 0 0 0 0 0 0 0 0 0 1 0 0 0 0 0 0 0 0 0 0 0 
0 0 0 0 0 0 0 1 0 0 0 0 0 0 0 0 0 1 0 2 0 0 0 1 0 0 0 0 0 0 0 0 0 0 0 0 0 0 0 0 
0 0 0 0 0 1 0 3 0 2 0 3 5 0 0 1 1 0 1 2 3 0 0 0 0 1 0 3 1 0 0 0 0 0 0 0 0 0 0 0 
0 0 0 0 0 1 0 0 0 0 0 2 0 0 1 1 0 0 1 0 0 0 0 0 0 0 0 0 0 0 0 0 1 0 0 0 0 1 0 0 
0 0 0 0 0 1 0 0 0 0 0 0 2 2 1 0 1 0 0 0 0 0 0 0 0 0 0 0 0 0 0 0 0 0 0 0 0 0 0 0 
0 0 0 0 0 0 1 0 1 1 2 1 2 3 0 1 1 1 0 0 1 0 0 0 0 0 0 0 0 0 0 0 0 0 0 0 0 0 0 0 
0 0 1 0 0 0 0 0 0 0 2 0 2 0 1 1 1 0 3 0 0 0 0 0 0 1 0 1 1 0 0 0 0 0 0 0 0 0 0 0 
0 0 1 0 0 0 0 0 1 0 0 0 1 0 0 0 0 0 1 0 1 0 0 0 0 0 2 0 0 0 0 0 0 0 0 0 1 0 0 0 
0 0 0 1 0 0 0 0 0 1 2 3 1 1 0 0 0 0 0 0 0 0 0 0 0 0 1 0 0 0 0 0 0 0 0 0 0 0 0 1 
0 0 0 0 0 0 0 0 0 2 0 0 0 1 0 0 0 0 0 0 0 0 0 0 0 0 1 0 0 0 0 0 0 0 0 0 0 0 0 0 
0 0 0 0 0 0 1 0 0 0 0 0 0 1 0 0 0 0 0 0 0 0 0 0 1 0 0 0 0 0 0 0 0 0 0 0 0 0 0 0 
0 0 0 0 0 0 1 0 0 4 1 1 0 1 0 1 1 1 0 1 0 0 0 0 0 0 0 0 0 0 0 0 0 0 0 0 0 0 0 0 
0 0 1 0 0 0 0 0 0 1 0 0 0 0 0 1 0 0 0 0 0 0 0 0 0 0 0 0 1 0 0 0 0 0 0 0 0 0 0 0 
1 0 0 0 0 0 0 0 0 0 0 0 0 1 1 0 0 0 0 0 1 0 1 0 0 1 0 0 0 0 0 0 0 0 1 0 0 0 0 0 
0 0 0 0 0 0 0 0 1 1 0 0 1 3 1 1 5 2 1 0 0 1 0 0 1 0 0 0 0 0 1 0 0 0 0 0 0 0 0 0 
0 0 0 0 0 0 0 0 0 0 0 1 0 1 0 0 0 0 0 0 0 0 0 0 0 0 0 0 0 0 0 0 0 0 0 0 0 0 0 0 

0 0 0 0 0 5 2 10 3 2 1 0 2 1 0 1 0 5 2 0 0 1 0 0 0 0 0 0 0 0 0 0 0 0 0 0 0 0 0 0 
0 0 0 3 0 1 2 2 1 1 1 0 1 1 1 0 0 3 0 0 1 1 1 0 0 0 0 1 0 0 0 0 0 0 0 0 0 0 0 0 
0 0 0 0 0 0 0 2 0 0 1 0 2 0 1 0 1 1 1 0 0 0 1 0 0 0 0 0 0 0 0 1 0 0 0 0 0 0 0 0 
2 0 0 0 0 1 1 5 0 1 1 0 0 0 0 1 1 2 2 2 1 1 0 0 0 0 0 1 0 0 0 0 0 0 0 0 0 0 0 0 
0 0 1 0 1 1 5 3 1 3 2 1 1 3 1 1 1 4 2 0 1 0 1 0 0 0 0 0 0 0 0 0 0 0 0 0 0 0 0 0 
0 0 0 1 0 0 0 1 0 0 0 0 0 0 1 0 0 0 0 0 1 0 0 0 0 0 0 0 0 0 0 0 0 0 0 0 0 0 0 0 
0 0 0 0 0 1 0 1 0 1 1 0 1 0 1 0 3 3 2 0 0 0 1 1 1 0 1 0 0 0 0 0 0 0 0 0 0 0 0 0 
1 0 0 1 0 0 0 2 1 0 5 2 0 0 2 1 2 3 1 1 0 1 0 2 0 0 0 0 0 0 0 0 0 0 0 0 0 1 0 0 
0 1 0 0 0 0 1 0 1 0 0 1 0 1 1 1 1 1 1 1 0 0 0 1 0 0 1 0 0 0 0 0 0 0 0 0 0 0 0 0 
0 1 0 0 0 0 0 1 1 0 1 0 1 0 0 1 0 1 1 1 1 0 0 0 0 0 1 2 0 0 0 0 0 0 0 0 0 0 0 0 
0 0 0 0 1 1 0 0 1 1 2 1 2 2 0 0 2 3 0 0 0 1 0 0 0 1 0 0 0 0 0 0 0 0 0 0 0 0 0 0 
0 0 0 0 0 0 0 0 0 0 1 0 0 1 0 1 0 0 0 0 0 1 0 0 0 0 0 0 0 0 0 0 0 0 0 0 0 0 0 0 
1 0 0 0 0 0 0 1 1 1 1 2 1 1 1 0 0 0 1 1 1 0 0 0 0 0 0 0 0 0 0 0 0 0 0 0 0 0 0 0 
0 1 1 0 0 0 0 1 0 1 3 1 0 1 3 2 1 0 2 1 0 0 0 1 0 0 0 0 0 0 0 0 0 0 0 0 0 0 0 0 
0 0 0 0 0 0 0 0 0 0 0 0 2 0 1 0 0 0 3 0 0 0 1 0 0 0 0 0 0 0 0 0 0 0 0 0 0 0 0 1 
0 0 0 0 0 0 0 0 0 0 0 0 0 0 0 1 0 0 1 0 0 0 0 0 0 0 0 0 0 0 0 0 0 0 0 0 0 0 0 0 
0 0 0 0 0 0 0 0 1 0 0 1 0 0 1 0 0 2 0 0 0 0 0 0 0 0 0 0 0 0 0 0 0 0 0 0 0 0 0 0 
0 0 0 0 0 0 0 0 0 0 0 0 1 0 0 1 0 0 0 0 0 0 1 0 1 0 0 0 0 0 0 0 0 0 0 0 0 0 0 1 
1 0 0 0 0 0 0 0 0 0 0 0 0 0 0 1 0 0 1 0 0 0 1 0 0 0 0 0 0 0 0 0 0 0 0 0 0 0 0 0 
0 0 0 0 0 1 0 0 0 0 0 2 0 0 2 0 2 1 1 0 0 0 0 0 0 1 1 0 0 0 0 0 0 0 0 0 0 0 0 0 
0 0 0 0 0 0 0 0 0 0 0 0 0 0 1 0 0 1 0 0 0 0 0 0 0 0 0 0 0 0 0 0 0 0 0 0 0 0 0 0 
1 0 0 0 0 0 0 0 0 0 0 0 0 1 1 1 1 0 0 0 0 0 0 0 0 0 0 0 0 0 0 0 0 0 0 0 0 0 0 0 
0 0 0 0 0 0 0 0 1 0 0 0 0 1 1 0 1 2 0 0 0 0 0 0 0 0 0 0 0 0 0 1 0 0 0 0 0 0 0 0 
0 0 0 0 0 0 0 0 0 0 2 0 0 0 0 0 1 0 0 0 0 0 0 0 0 0 0 0 0 0 0 0 0 0 0 0 0 0 0 0 

0 0 0 1 0 2 1 11 5 4 4 3 0 0 2 0 2 5 1 1 2 0 0 0 0 0 0 0 1 0 0 0 0 0 0 0 0 0 0 0 
0 1 0 1 1 1 2 11 9 3 7 2 1 1 1 2 4 6 1 2 3 0 1 0 0 0 0 0 0 0 1 0 1 0 0 0 0 0 0 0 
0 0 0 0 0 0 5 2 1 5 2 1 3 1 0 2 0 0 3 0 2 0 0 0 0 0 0 0 0 0 0 0 0 0 0 0 0 0 0 0 
0 0 0 0 0 1 2 5 1 8 1 2 0 0 1 1 3 3 3 0 1 0 0 1 0 0 0 0 0 0 0 0 0 0 0 0 0 0 0 0 
0 0 2 1 1 6 6 5 3 9 6 3 2 1 1 2 1 5 6 0 0 0 2 0 0 0 0 1 0 0 0 0 0 0 0 0 0 0 0 0 
1 1 0 2 0 2 2 2 4 1 2 3 1 3 1 2 0 4 3 1 1 0 0 1 0 0 0 1 1 0 0 0 0 0 0 0 0 0 0 0 
0 0 0 0 0 0 0 0 2 2 1 1 2 0 0 0 0 1 4 0 0 1 0 0 2 0 0 0 1 0 0 0 0 0 0 0 0 0 0 0 
0 0 0 1 1 0 4 2 4 3 1 1 1 1 1 3 2 3 4 6 3 1 0 0 1 0 2 0 0 1 0 0 1 0 0 0 0 0 0 1 
0 0 1 0 0 0 1 2 1 2 0 1 2 1 0 2 1 0 3 2 1 0 0 0 0 0 1 0 0 0 0 0 0 0 0 0 0 0 0 0 
0 0 1 1 0 0 0 1 0 0 0 1 1 0 0 0 1 2 0 0 1 0 0 0 0 1 0 0 1 0 0 0 0 0 0 0 0 0 0 0 
1 0 0 0 1 0 2 1 1 2 1 5 7 1 6 2 0 3 3 3 2 0 0 0 0 0 0 1 0 0 0 0 0 0 0 0 0 0 0 0 
0 0 0 0 0 1 0 0 1 1 2 1 2 2 0 1 4 2 0 3 0 0 0 0 0 0 0 0 0 0 0 0 0 0 0 0 0 0 0 0 
0 0 0 0 0 0 0 2 0 1 2 0 2 1 1 1 0 0 0 0 1 0 1 0 0 0 0 0 0 0 0 0 0 0 0 0 0 0 0 0 
1 0 0 1 1 0 0 4 1 6 6 9 8 2 1 0 2 0 1 1 1 1 0 0 0 0 0 0 0 0 0 0 0 0 0 0 0 0 0 0 
0 0 0 1 0 0 1 0 1 1 2 4 3 2 0 0 1 0 1 0 1 0 0 0 0 0 0 0 0 0 0 0 0 0 0 0 1 0 0 0 
0 0 0 1 0 0 0 2 0 0 0 1 0 1 0 0 1 1 0 0 0 0 0 0 0 0 0 0 1 0 0 0 0 0 0 0 0 0 0 0 
0 0 0 0 0 1 1 1 1 0 2 4 2 1 3 6 2 4 1 0 0 1 0 1 0 0 1 0 0 0 0 0 0 1 0 0 0 0 0 0 
0 0 0 0 0 0 0 1 2 1 2 1 0 0 0 1 0 0 0 0 0 1 0 0 0 0 0 0 0 0 0 0 0 0 0 0 0 0 0 0 
0 0 0 0 0 1 0 0 0 0 1 1 0 0 1 1 0 0 2 0 0 0 0 0 0 0 0 0 0 0 0 0 0 0 0 0 0 0 0 0 
0 0 0 0 0 1 0 1 1 1 1 2 0 1 2 1 2 3 2 0 0 0 1 0 1 0 0 0 0 0 0 0 0 0 0 0 0 0 0 0 
0 0 0 0 0 0 0 1 0 0 0 0 1 1 1 0 1 0 0 1 0 1 0 0 0 0 0 0 0 0 0 0 0 0 0 0 0 0 0 0 
0 0 0 0 0 0 0 0 0 0 0 0 1 0 0 0 1 1 0 1 0 0 0 0 2 1 0 0 0 0 0 0 0 0 0 0 0 0 0 0 
0 0 0 0 0 0 0 0 0 0 1 1 1 2 1 2 1 3 0 1 0 0 0 0 0 1 0 0 0 0 0 0 0 0 0 0 0 0 1 0 
0 0 0 0 0 0 0 1 0 0 0 1 2 0 0 0 0 0 1 0 0 0 0 0 0 0 0 0 0 0 0 0 0 0 0 0 0 0 0 0 

1 0 0 1 0 8 1 13 14 6 9 9 1 0 3 4 1 9 6 2 3 1 0 0 1 1 0 1 0 0 0 0 0 0 0 0 0 0 0 0 
3 0 0 0 0 1 2 11 4 9 4 1 2 0 0 1 1 11 2 4 2 0 1 0 1 0 0 0 0 0 0 0 0 0 0 0 0 0 0 0 
1 1 0 0 0 0 0 6 1 1 3 3 2 2 0 1 0 0 1 0 0 0 0 1 0 0 0 0 0 0 0 0 0 0 0 0 0 0 0 0 
2 0 0 1 0 0 0 4 5 8 6 8 2 2 3 2 2 5 4 2 0 0 0 1 0 0 0 0 0 0 0 0 0 0 0 0 0 0 0 0 
1 1 0 0 2 1 5 9 4 6 3 3 3 1 0 1 4 4 3 2 1 0 1 0 1 0 0 0 0 0 0 0 0 0 0 0 0 0 0 0 
0 0 1 0 0 2 2 1 1 1 2 0 3 2 1 2 0 2 1 3 0 0 0 0 0 0 0 0 0 0 0 0 0 0 0 0 0 0 0 0 
1 0 0 0 0 0 0 1 3 2 4 2 6 0 2 0 2 0 3 2 2 0 0 1 0 0 0 0 0 0 0 0 0 0 0 0 0 0 0 0 
0 0 0 0 0 1 2 0 2 2 5 2 0 1 1 2 4 7 3 3 0 0 0 0 0 0 0 0 0 0 0 0 0 0 0 0 0 0 1 0 
0 0 0 0 1 0 3 1 1 2 2 1 0 1 1 2 1 0 0 0 2 0 0 0 0 1 0 0 0 0 0 0 0 0 0 0 0 0 0 0 
0 1 0 0 0 1 0 3 0 1 2 3 2 1 2 2 1 2 0 3 1 0 2 0 0 1 0 0 0 0 0 0 0 0 0 0 0 0 0 0 
0 1 0 1 1 1 0 1 4 3 0 11 4 4 1 2 2 1 2 3 1 0 0 1 0 0 1 0 0 0 0 1 0 0 0 0 0 0 0 0 
0 1 0 1 0 0 0 0 0 0 1 0 1 0 2 1 1 2 1 1 0 0 0 1 0 1 0 0 0 0 0 0 0 0 0 0 0 0 0 0 
1 0 0 0 0 0 0 0 0 3 1 2 1 1 0 0 0 0 0 3 0 0 1 0 0 0 0 0 0 0 0 0 0 0 0 0 0 0 0 0 
0 0 0 0 0 0 2 1 1 0 7 7 4 2 9 1 1 2 2 3 1 0 0 0 0 1 0 2 0 0 0 0 0 0 0 0 0 0 0 0 
0 0 0 0 0 0 1 0 1 0 0 0 2 0 1 1 0 0 0 0 0 0 0 0 0 0 0 0 0 0 0 0 0 0 0 0 0 0 0 0 
1 0 0 0 0 0 0 0 1 0 0 1 2 1 1 0 0 1 0 1 1 0 0 0 0 1 0 0 0 0 0 0 0 0 0 0 0 0 0 0 
0 0 0 0 0 0 3 1 0 2 1 1 1 1 0 2 3 4 2 0 1 0 0 0 0 1 2 0 0 0 0 0 0 0 0 0 0 0 0 0 
0 0 0 0 1 0 0 0 0 1 0 0 0 0 0 1 1 0 1 0 0 0 0 0 0 0 0 0 0 0 0 0 0 0 0 0 0 0 0 0 
0 0 0 0 0 0 0 0 0 0 0 0 2 0 1 1 1 2 1 0 1 0 0 0 0 0 0 0 0 0 0 1 0 0 0 0 0 0 0 0 
0 0 0 0 1 0 2 3 1 0 1 1 4 2 0 0 1 3 3 0 0 0 0 0 0 0 0 0 1 0 0 0 0 0 0 1 0 0 0 0 
0 0 0 0 0 0 0 0 0 1 0 1 2 0 1 0 1 0 0 0 1 1 0 0 0 0 0 0 0 0 0 0 0 0 0 0 0 0 0 0 
0 0 0 0 0 0 1 0 0 1 0 1 2 0 0 1 0 1 0 0 0 0 1 0 1 0 0 0 0 0 0 0 0 0 0 0 0 0 0 0 
0 0 0 0 0 0 0 1 1 1 1 4 3 2 0 3 2 1 0 0 1 1 3 0 0 2 0 0 0 0 0 0 0 0 0 0 0 0 0 0 
0 0 0 0 0 0 0 0 0 0 0 0 1 0 0 1 0 0 0 0 0 1 0 0 0 0 0 0 0 0 0 0 0 0 0 0 0 0 0 0 

3 0 0 0 1 10 7 20 22 9 3 4 1 2 0 4 3 24 10 3 0 1 0 0 0 0 0 0 0 0 0 0 0 0 0 0 0 0 0 0 
1 2 0 0 1 10 16 38 28 12 9 3 1 2 0 2 5 17 7 3 4 5 1 2 2 0 0 1 0 2 0 0 0 0 0 0 0 0 0 0 
2 0 2 1 2 4 18 30 41 28 6 11 5 1 1 1 2 5 7 4 5 2 1 0 0 0 0 0 1 0 0 0 1 0 0 0 0 0 0 0 
0 0 0 0 2 2 2 13 13 22 18 6 6 1 4 2 2 7 2 2 7 2 0 2 1 1 0 0 0 0 0 0 0 0 0 0 0 0 0 0 
0 1 1 2 10 8 9 15 16 30 10 5 4 2 4 4 1 11 8 3 2 2 2 0 1 0 0 1 2 1 1 0 0 0 0 0 0 0 0 0 
0 0 0 0 3 2 3 4 6 8 12 5 4 3 3 0 1 2 2 1 1 1 0 0 0 0 0 0 0 0 0 0 0 0 0 0 0 0 0 0 
0 2 0 1 0 1 4 4 4 6 9 5 3 1 0 3 2 3 2 0 3 0 1 0 0 0 1 0 0 0 1 0 0 0 0 0 0 0 0 0 
0 0 0 0 2 0 5 3 11 8 11 4 2 3 2 8 7 9 6 2 4 0 0 2 1 0 0 0 1 0 0 0 0 0 0 0 0 0 0 0 
0 0 1 0 0 0 0 4 3 4 4 5 6 1 1 0 0 3 4 1 1 0 1 0 0 0 0 0 0 0 0 0 0 0 0 0 0 0 0 0 
0 0 0 0 0 2 1 2 4 1 5 7 5 3 1 0 2 0 2 4 0 2 1 0 0 0 0 0 0 0 0 0 0 0 0 0 0 0 0 0 
0 0 0 0 1 3 2 2 4 9 6 11 8 4 5 4 3 3 3 2 2 1 2 0 0 0 1 0 1 0 0 0 0 0 1 0 0 0 1 0 
0 0 1 0 1 2 1 2 3 3 1 7 1 4 2 1 3 2 5 1 0 0 0 0 0 1 0 0 1 0 0 0 0 0 0 0 0 0 0 0 
0 2 0 0 0 1 0 0 1 3 1 3 5 3 1 1 3 1 2 1 0 1 0 1 0 1 0 0 0 0 0 0 0 0 0 0 0 0 0 0 
0 0 0 2 2 1 2 2 2 8 6 18 10 3 4 3 1 1 1 3 1 3 0 0 0 0 0 0 2 1 0 0 1 0 0 0 0 0 0 0 
0 0 0 0 0 0 0 0 1 1 4 10 8 1 4 1 4 0 0 0 1 0 0 0 0 0 0 0 0 0 0 0 0 0 0 0 0 0 1 0 
0 0 0 0 0 0 0 1 1 1 0 3 3 2 2 0 2 1 0 1 1 0 0 0 0 0 0 0 0 0 0 0 0 0 0 0 0 0 0 0 
1 0 0 1 0 0 2 2 1 1 2 7 5 4 1 1 1 1 1 0 0 0 0 0 0 0 0 1 0 0 0 0 0 0 0 0 0 0 0 0 
0 0 0 0 0 0 0 0 2 0 1 0 2 4 1 2 2 0 1 2 0 1 0 0 0 0 0 0 0 0 0 0 0 0 0 0 0 0 0 0 
0 0 0 0 0 0 0 0 3 0 2 1 2 0 1 2 2 0 0 2 1 0 1 1 0 2 0 0 0 0 0 0 0 0 0 1 0 0 0 0 
0 0 0 0 1 0 0 2 2 3 2 3 3 3 1 1 2 3 0 1 1 1 0 0 0 0 0 0 0 0 0 0 0 0 0 0 0 0 0 0 
0 0 0 0 0 1 1 1 2 2 0 3 2 0 5 1 0 1 3 0 0 0 0 0 0 0 0 0 0 1 0 0 0 0 0 0 0 0 0 0 
0 0 0 0 1 1 0 1 0 2 0 1 1 1 1 1 1 0 2 0 0 0 1 0 1 1 0 0 0 0 0 0 0 1 0 0 0 0 0 0 
0 1 0 0 0 0 1 3 0 0 1 2 2 3 4 2 1 3 0 1 0 0 0 1 0 1 0 0 0 0 0 0 0 0 0 0 0 0 0 0 
0 0 0 0 0 0 0 0 0 0 0 1 2 1 0 3 1 0 0 0 0 0 0 0 0 0 0 0 0 0 0 0 0 0 0 0 0 0 0 0 

0 1 0 0 2 6 5 218 152 10 6 3 0 6 2 6 3 51 21 8 3 4 2 1 0 0 0 0 2 0 0 0 0 0 0 0 0 0 0 0 
0 1 0 0 0 5 13 61 102 19 10 6 5 0 4 3 10 19 12 5 3 3 1 1 1 0 1 0 1 0 0 0 0 0 0 0 0 0 0 1 
1 3 2 1 7 14 18 37 82 29 13 9 5 4 1 2 3 10 4 3 1 1 1 1 0 0 1 0 0 0 1 0 0 0 0 0 0 0 0 0 
1 2 1 1 4 4 7 13 40 46 32 6 7 2 1 4 1 12 14 3 7 1 3 1 0 0 2 0 1 0 0 0 0 0 0 0 0 0 1 0 
3 0 2 0 2 3 4 3 22 31 22 4 3 3 1 3 4 19 9 6 4 4 0 1 0 2 0 0 0 1 0 0 0 0 0 0 0 0 0 1 
0 1 0 1 0 1 2 2 6 11 12 5 5 4 3 1 1 3 1 1 0 3 1 1 0 0 1 0 0 0 0 0 0 0 0 0 0 0 0 0 
0 1 1 1 0 1 3 5 3 16 16 8 7 5 1 4 6 10 2 3 3 2 0 0 0 0 0 0 0 0 0 0 0 0 0 0 0 0 0 0 
0 0 3 0 0 0 3 1 10 10 11 5 2 4 3 10 6 11 7 7 3 0 0 0 0 0 1 0 0 0 0 0 0 0 1 0 0 0 0 0 
0 1 1 0 1 1 0 4 3 3 10 6 2 2 1 3 2 0 4 3 2 1 1 1 0 0 0 0 0 0 0 1 0 0 1 0 0 0 0 0 
2 1 0 0 1 1 0 5 3 4 12 20 7 3 4 2 2 2 7 1 2 1 1 1 0 1 0 1 0 0 0 0 0 0 0 0 0 0 0 0 
1 0 0 2 0 0 2 2 5 9 9 21 12 4 7 9 6 3 8 0 5 1 2 2 0 0 1 0 0 0 0 0 0 0 0 0 1 0 0 0 
0 1 0 0 0 1 1 0 2 8 1 4 3 2 4 2 2 0 2 1 1 1 2 1 1 0 0 0 0 1 0 0 0 0 0 0 0 0 2 0 
1 0 0 0 0 0 0 2 0 3 4 7 9 7 4 4 2 3 5 2 5 1 1 0 1 0 0 0 0 0 0 0 0 0 0 0 0 0 0 0 
0 0 0 1 0 1 1 0 5 3 4 14 8 11 5 2 3 6 4 2 1 0 1 1 0 1 0 2 1 0 0 0 0 0 0 0 0 0 0 0 
0 0 0 0 0 1 0 0 0 1 1 7 3 1 2 4 2 1 1 0 0 2 0 1 0 0 0 0 0 0 1 0 0 0 0 0 0 0 0 0 
2 1 0 0 0 0 0 0 0 2 0 7 5 4 5 2 0 1 1 1 0 1 1 0 0 0 0 0 0 0 0 0 0 0 0 0 0 0 0 0 
0 0 0 0 0 1 0 2 3 3 4 5 6 0 5 4 4 2 3 2 2 1 0 0 0 0 0 0 0 0 0 0 0 0 0 0 0 0 0 0 
0 0 0 0 0 0 1 1 0 1 1 0 1 1 0 1 0 1 1 2 0 0 0 1 0 0 1 0 0 0 0 0 0 0 0 0 0 0 0 0 
0 0 0 0 0 1 0 0 0 1 3 8 1 3 5 2 0 2 4 0 1 1 3 0 0 0 1 0 0 0 0 0 0 0 0 0 0 0 0 0 
0 0 1 1 0 0 1 0 1 1 4 1 7 0 6 3 1 7 0 1 0 0 0 0 0 1 0 0 0 0 0 0 0 0 0 0 0 0 0 0 
0 0 0 0 1 0 0 0 1 0 0 0 0 1 0 3 1 2 3 1 1 0 0 0 0 0 0 0 0 0 0 0 0 0 0 0 0 0 0 0 
0 0 0 0 0 0 0 0 0 0 0 1 1 2 1 2 2 1 0 0 0 0 0 0 0 0 1 0 0 0 0 0 0 0 0 0 0 0 0 0 
0 0 0 0 1 1 0 0 3 1 3 4 4 7 6 3 1 3 2 1 2 2 1 1 1 0 0 0 0 0 0 0 0 0 0 0 0 0 0 0 
0 0 0 0 0 0 0 1 0 1 0 0 2 0 1 0 0 0 0 1 0 0 0 0 0 0 0 0 0 0 0 0 0 0 0 0 0 0 0 0 

1 1 0 2 2 7 8 559 248 14 5 7 4 5 4 9 25 401 38 4 6 4 1 0 0 0 0 1 0 0 0 0 0 0 0 0 0 0 0 0 
3 1 0 2 0 7 21 108 466 22 12 5 4 5 5 8 37 120 44 9 6 1 4 0 1 0 2 2 1 1 0 0 0 0 0 0 0 0 0 0 
0 3 0 1 4 4 7 31 314 27 19 8 3 7 8 17 46 76 39 10 13 8 5 4 2 2 1 0 1 0 0 0 0 0 0 0 0 0 0 0 
3 1 1 1 2 3 5 13 457 70 32 6 2 5 4 5 12 34 26 6 5 3 3 1 1 0 1 0 1 0 0 0 0 0 0 0 0 0 0 0 
0 2 1 2 3 5 12 27 278 181 42 9 3 10 10 9 10 38 15 12 6 2 1 1 0 3 0 0 2 0 0 0 0 0 0 0 0 0 0 0 
4 0 0 1 8 5 9 16 107 350 39 11 13 5 8 7 5 14 20 3 3 2 2 2 0 0 0 1 1 0 0 0 1 0 0 0 0 0 0 0 
0 1 0 1 0 0 0 8 23 276 59 9 11 7 4 4 11 9 9 3 3 3 5 2 0 0 2 2 0 0 0 0 0 0 0 0 0 1 0 0 
0 2 5 0 1 1 4 7 27 93 51 12 17 7 7 8 8 25 13 7 3 2 2 1 1 0 0 3 1 0 0 1 0 0 0 0 0 0 0 0 
0 1 1 1 3 1 2 8 9 49 68 22 8 7 7 4 5 5 1 4 1 3 0 1 0 1 0 1 0 0 0 1 0 0 0 0 0 0 0 0 
2 1 1 0 0 4 2 4 4 11 34 32 22 6 9 1 8 5 11 4 3 2 1 1 1 0 0 0 0 0 1 0 0 0 0 0 0 0 0 0 
1 0 2 1 3 1 7 6 8 25 54 50 29 11 7 5 5 17 10 6 2 2 1 2 1 1 1 1 1 1 0 0 1 0 0 1 0 0 0 0 
0 0 0 1 2 3 3 5 7 19 29 33 25 9 11 6 6 5 4 4 0 0 2 1 0 1 0 1 1 0 1 1 0 0 0 0 0 0 0 0 
0 2 1 2 0 1 1 7 4 3 12 16 14 2 11 2 4 3 3 1 3 1 1 0 1 0 1 1 0 1 0 0 0 0 0 0 0 0 0 0 
0 0 0 1 2 1 1 1 7 12 33 40 26 7 6 10 6 5 5 2 3 2 3 0 0 1 2 1 1 0 0 0 0 0 0 0 0 0 0 0 
0 0 0 2 4 4 2 1 5 9 8 12 13 9 4 2 6 3 4 0 2 1 0 0 0 1 0 0 1 1 0 0 1 1 0 0 0 0 0 0 
1 1 0 0 2 0 1 1 2 3 1 14 8 9 8 10 4 2 4 1 4 0 0 1 0 0 1 0 1 0 0 0 0 0 0 0 0 0 0 0 
0 1 2 3 0 0 0 0 4 7 13 25 19 8 7 5 11 8 5 1 3 1 1 0 3 1 0 0 0 0 0 0 0 0 0 0 0 0 0 0 
0 0 0 0 0 0 3 1 2 3 9 9 14 2 8 3 5 2 3 2 2 1 0 1 1 1 0 0 0 1 0 0 0 0 0 0 0 0 0 0 
0 0 0 0 2 1 0 0 1 3 1 7 4 2 3 4 1 2 1 0 0 1 0 0 0 2 0 0 0 0 0 0 0 0 0 0 0 0 0 0 
1 0 0 0 1 0 2 2 2 3 3 10 4 9 5 3 1 9 1 3 2 0 0 0 1 0 0 4 0 0 0 0 1 0 0 0 0 0 0 0 
0 0 0 1 0 1 1 0 1 2 3 6 4 2 6 1 4 0 2 2 1 1 0 0 1 1 2 0 0 2 0 0 0 0 0 0 0 0 0 0 
0 0 0 2 0 1 0 0 1 2 0 2 2 1 4 3 4 1 1 1 0 0 0 1 1 1 1 1 0 0 0 2 0 0 0 0 0 0 0 0 
0 0 1 1 0 1 1 2 1 2 4 5 10 12 8 5 9 6 4 4 0 0 0 0 2 0 1 0 0 0 0 0 0 0 0 0 0 0 0 0 
1 0 0 0 2 0 2 0 0 1 2 5 4 7 1 2 3 4 1 1 1 0 0 0 0 0 0 0 0 0 1 0 0 0 0 0 0 0 0 0 

0 0 0 1 1 8 7 37 36 15 5 9 4 4 3 15 2 113 36 5 4 6 3 2 1 0 0 0 0 1 0 0 0 0 0 0 0 0 0 0 
2 1 1 2 3 2 11 14 35 14 14 10 9 6 6 10 61 112 51 7 16 10 4 3 2 1 1 0 0 1 0 0 0 0 0 0 0 0 0 0 
7 0 3 2 4 5 7 21 28 25 16 6 4 6 9 8 39 236 34 14 10 8 5 4 3 0 0 1 2 1 0 1 0 0 0 0 0 0 1 0 
2 1 1 2 3 3 5 16 20 35 27 4 2 3 2 9 27 200 52 5 2 2 3 1 2 2 1 1 0 0 2 0 0 0 0 0 0 0 0 0 
4 1 3 1 3 1 5 9 31 39 25 9 9 1 6 12 13 59 21 9 2 3 1 1 1 2 1 1 0 1 0 0 0 0 0 0 0 0 0 0 
0 1 5 1 1 4 8 16 37 54 27 12 17 5 6 6 9 13 16 11 8 3 2 1 0 1 0 0 1 0 0 0 0 0 0 0 0 0 0 0 
0 0 0 2 1 7 4 10 34 85 49 5 13 5 7 14 9 18 19 2 8 5 6 1 3 1 1 2 0 0 0 0 0 1 0 0 0 0 0 0 
2 0 1 1 3 3 6 9 7 66 45 11 8 4 2 11 15 16 8 3 3 2 2 0 3 2 0 0 1 0 1 0 0 0 0 0 0 0 0 0 
3 1 0 3 3 2 5 8 9 69 119 13 12 6 7 5 5 3 6 2 1 4 2 0 1 0 0 2 0 0 0 0 0 1 0 0 0 0 1 0 
0 0 1 1 1 6 4 7 7 42 350 46 27 6 4 3 7 11 11 4 2 0 5 1 0 0 1 1 2 0 0 0 0 0 1 0 0 0 0 0 
0 0 0 1 2 1 2 4 6 16 118 52 25 17 14 8 12 13 12 6 5 3 2 4 0 2 0 2 0 1 0 0 0 1 1 0 0 0 0 0 
1 1 0 2 2 3 3 4 9 31 59 71 34 17 3 13 2 4 13 7 2 1 3 0 0 1 0 0 1 0 0 0 0 1 0 0 0 0 0 0 
0 1 2 2 1 0 1 4 7 15 51 85 63 12 11 3 12 4 8 5 7 1 1 4 0 2 2 1 1 1 2 0 1 0 0 0 0 0 0 0 
1 0 0 0 0 1 1 5 3 10 40 59 24 9 9 4 10 7 9 3 3 0 1 1 0 3 1 1 1 1 0 0 0 1 0 0 0 0 0 0 
0 0 0 0 0 2 2 1 3 3 12 16 14 7 5 3 2 3 1 1 1 1 0 0 0 0 1 1 2 0 0 0 0 0 0 0 0 0 0 1 
1 2 0 0 1 0 1 4 2 10 6 23 24 11 15 11 3 5 5 1 2 1 2 0 0 2 0 1 0 0 0 1 0 0 0 0 0 0 0 0 
1 0 1 2 3 1 0 1 6 4 13 18 22 8 5 6 2 6 5 6 3 2 1 3 3 2 0 2 0 0 0 0 0 0 0 0 0 0 0 0 
0 0 0 0 0 1 2 0 4 3 2 12 7 5 7 1 1 3 4 2 1 1 0 2 0 1 0 0 0 1 0 0 0 0 0 0 0 0 0 0 
1 1 0 0 1 0 1 1 1 0 1 6 4 9 6 2 2 2 6 3 1 4 2 1 4 2 2 0 0 0 0 0 1 0 0 0 0 0 0 0 
2 0 0 0 1 0 2 1 3 5 6 7 16 7 7 1 4 9 5 3 1 1 2 2 0 0 0 0 0 1 0 0 0 0 0 0 0 0 0 0 
0 0 0 0 0 1 0 0 1 1 2 9 1 3 4 4 0 1 1 3 1 1 0 1 0 0 0 0 0 0 0 0 0 0 0 0 0 0 0 0 
0 0 0 1 1 0 1 5 1 2 0 3 6 2 11 5 2 4 3 1 0 1 4 2 0 0 3 0 1 1 0 0 0 0 1 0 0 0 0 0 
0 0 0 0 0 0 2 0 2 2 2 14 14 22 9 3 9 7 4 2 3 2 0 1 2 1 2 0 0 0 0 0 0 0 0 0 0 0 0 0 
0 0 0 2 0 0 1 0 0 0 0 2 3 2 2 2 0 0 0 0 0 2 0 0 0 0 0 0 0 0 0 0 0 0 0 0 0 0 0 0 

1 0 0 1 0 6 2 11 15 8 4 3 3 1 0 11 4 42 18 6 3 5 4 0 1 0 0 0 1 1 0 0 1 0 0 0 1 1 0 0 
0 1 1 0 0 1 1 4 5 3 5 5 5 1 1 4 7 16 13 7 9 5 7 2 1 4 2 0 0 2 1 0 0 0 0 0 2 0 0 0 
0 1 1 1 0 1 0 2 6 2 3 4 2 2 2 4 3 44 12 8 4 12 8 5 7 0 1 1 1 1 0 1 0 1 0 0 0 0 0 0 
1 0 0 1 1 1 1 9 9 8 19 9 6 1 1 10 6 68 49 6 2 5 3 1 2 2 5 0 0 0 0 0 0 0 0 0 0 0 0 1 
2 0 0 2 2 3 3 8 3 7 4 5 3 3 3 8 45 223 25 12 8 9 5 2 3 1 1 2 2 1 0 0 0 0 0 1 0 0 0 0 
2 1 2 1 0 0 3 5 5 6 12 4 9 6 4 12 58 115 26 10 4 5 8 2 1 0 1 0 0 0 0 1 0 0 0 0 0 0 0 0 
2 0 1 4 1 2 2 11 14 12 14 12 9 3 5 9 35 62 30 8 4 3 4 1 4 0 1 0 0 0 1 0 0 0 0 0 0 0 0 0 
0 0 0 0 2 2 3 6 6 12 18 8 1 3 6 30 63 85 29 20 5 4 4 2 1 1 2 2 0 1 0 2 0 0 0 0 0 0 0 2 
3 0 1 1 1 2 6 6 1 10 10 6 8 11 10 27 64 39 30 16 15 5 5 1 1 1 1 2 1 0 0 1 1 0 0 0 0 0 0 0 
0 0 0 0 0 4 4 4 4 15 13 31 17 6 5 11 24 29 27 11 5 1 5 5 4 1 0 1 0 0 1 0 0 1 0 0 0 0 1 0 
1 0 0 4 3 1 2 6 7 8 28 32 11 8 16 26 22 36 34 13 7 5 1 2 1 1 0 0 1 1 0 0 1 0 0 0 0 0 0 0 
0 1 1 2 1 0 3 3 3 6 38 101 30 15 15 12 14 18 14 13 6 2 2 1 0 1 2 0 0 0 0 1 0 0 0 0 0 0 0 0 
0 0 0 1 1 3 1 3 5 15 37 398 67 18 16 7 11 14 21 5 2 3 5 1 4 4 3 0 0 0 0 0 1 0 0 0 0 0 1 0 
2 0 1 0 2 2 3 4 13 13 80 370 50 23 15 21 17 24 21 9 3 2 1 1 4 1 1 0 0 0 0 0 0 0 0 0 0 0 0 0 
0 0 0 0 2 0 0 3 12 12 43 328 78 20 14 16 9 10 8 5 3 4 4 0 0 1 1 0 0 0 1 1 0 0 1 0 0 0 0 0 
1 0 1 0 0 3 0 1 1 9 17 264 164 18 9 8 5 4 8 5 5 2 4 1 0 1 1 1 0 0 1 0 0 0 0 0 1 0 0 0 
1 0 1 1 3 3 3 2 9 18 37 155 119 24 11 9 12 16 8 7 2 6 1 0 2 0 1 0 3 1 0 1 0 0 0 0 0 0 0 0 
0 0 1 0 1 3 4 1 5 6 21 84 111 19 10 9 7 10 6 4 2 0 4 0 0 1 0 0 1 0 0 0 0 0 0 0 0 0 2 0 
1 1 0 0 0 2 1 3 1 6 4 41 41 9 14 8 7 4 7 1 3 2 2 1 0 0 0 1 1 1 2 0 0 0 0 0 0 0 0 0 
0 0 0 0 0 2 3 3 3 8 13 40 52 22 13 14 7 16 11 7 4 1 1 0 2 1 2 1 0 0 0 1 0 0 0 0 0 0 0 0 
0 0 0 2 0 1 5 4 5 5 8 26 56 28 11 12 6 6 8 3 3 2 2 1 1 1 1 2 0 0 0 0 0 0 0 0 0 0 0 0 
2 0 0 1 0 1 0 3 1 6 3 23 21 16 20 1 4 5 6 1 2 2 1 0 1 4 1 0 0 0 0 0 0 0 0 0 0 0 0 0 
0 0 1 0 3 0 3 3 3 3 14 20 31 38 18 9 11 17 5 9 0 1 1 1 4 2 1 1 1 1 0 0 0 1 0 0 0 0 0 0 
1 0 0 1 2 1 2 3 4 6 5 18 51 20 23 13 4 5 7 3 1 1 2 1 0 0 0 0 0 0 0 0 0 0 0 0 0 0 0 0 

1 1 0 2 0 2 0 12 8 4 2 3 1 0 0 3 4 16 13 8 3 13 3 1 0 2 1 1 2 0 0 0 0 0 0 0 0 0 0 0 
2 2 0 1 0 0 6 2 3 3 4 5 4 1 5 3 7 4 13 6 8 11 6 4 3 2 1 1 0 0 0 0 0 0 0 0 0 0 0 0 
2 1 0 1 0 3 1 4 1 2 7 2 1 3 3 5 4 6 3 4 5 3 4 6 0 3 3 0 2 0 0 1 0 0 0 0 0 0 0 1 
2 0 0 0 0 2 0 1 3 4 4 1 3 0 0 5 3 14 11 10 5 3 3 2 3 2 0 1 3 0 0 1 0 0 0 0 0 0 0 0 
1 0 0 0 0 1 2 1 6 4 8 1 5 3 8 4 12 16 22 15 6 7 8 2 1 1 2 1 1 1 0 0 0 0 0 0 0 0 1 0 
0 0 1 1 1 4 4 7 3 3 6 4 3 5 4 9 10 24 13 13 5 8 4 2 2 0 1 1 0 0 0 0 0 0 0 0 0 0 0 1 
2 1 0 0 1 2 1 0 1 4 4 1 4 4 4 11 55 45 33 10 10 13 2 2 4 0 1 2 2 0 0 1 0 0 0 0 0 1 0 0 
1 0 3 1 0 1 3 1 5 5 4 3 3 3 6 10 127 104 32 12 8 7 5 5 2 0 4 3 0 0 0 0 0 0 1 1 0 0 0 0 
1 1 2 2 3 2 5 5 4 3 6 4 5 6 7 18 167 73 32 24 3 10 4 1 0 0 0 1 1 0 0 1 0 0 0 0 0 0 1 0 
0 2 1 1 2 3 3 3 1 2 3 15 13 6 5 16 170 80 42 19 13 5 5 2 5 4 2 0 2 1 2 0 0 0 1 0 0 0 0 0 
1 2 0 1 1 0 0 6 1 8 7 17 11 8 15 23 39 62 31 14 5 3 5 1 1 4 2 2 3 1 0 0 0 0 0 0 0 0 0 0 
0 0 0 0 1 1 3 6 3 11 8 16 10 9 10 13 25 16 14 9 1 4 1 0 0 2 1 0 2 0 0 1 0 0 0 0 0 0 1 0 
1 1 1 1 1 4 5 3 2 9 7 22 29 14 10 9 22 32 24 7 11 2 4 1 1 1 0 3 1 0 0 0 0 0 0 1 0 0 0 0 
4 0 0 0 0 2 1 5 5 8 29 42 28 12 16 19 10 26 21 10 8 9 2 2 1 3 2 1 1 2 1 0 1 1 1 0 0 0 0 0 
3 2 3 2 1 1 5 5 4 20 14 51 36 20 15 13 9 4 5 7 5 1 3 0 0 1 0 0 0 0 2 1 0 1 0 0 0 0 0 0 
2 1 1 0 2 2 0 8 7 11 18 130 147 21 9 16 16 12 17 11 4 1 2 0 5 1 0 1 3 1 0 0 1 0 0 0 0 1 0 0 
2 0 1 0 0 1 0 3 1 8 28 122 108 20 12 14 20 22 16 12 4 3 1 0 3 0 1 1 1 1 0 1 1 0 0 0 1 0 0 0 
0 0 0 2 0 2 2 3 8 15 12 88 186 22 11 14 4 4 3 2 0 2 1 0 0 1 0 1 0 0 1 0 0 1 0 1 0 0 0 1 
3 1 1 0 2 2 3 7 1 11 15 76 332 18 21 8 5 14 12 7 2 4 4 2 1 1 2 2 1 0 0 0 0 0 0 0 0 1 0 0 
0 0 0 0 0 1 0 2 3 5 8 36 179 18 13 8 14 20 18 3 3 4 2 0 1 1 0 0 1 2 0 0 0 0 0 0 1 0 0 0 
0 2 2 1 0 0 3 2 5 4 12 50 224 42 24 11 4 5 7 4 4 2 1 0 1 1 0 2 1 0 0 0 0 1 0 0 0 0 0 0 
1 0 1 1 0 2 3 2 1 18 8 40 229 38 24 6 8 6 12 4 3 1 3 3 2 2 3 0 0 0 0 0 0 0 0 0 0 1 0 0 
0 0 0 0 0 1 2 3 8 6 11 29 90 76 19 9 17 19 10 3 2 4 0 1 1 4 1 2 1 0 0 0 0 1 0 1 0 0 0 0 
0 1 1 0 2 0 0 6 3 12 27 69 163 158 56 19 11 10 4 5 2 0 1 1 0 1 0 0 0 0 0 0 0 1 0 0 0 0 2 0 

0 0 0 2 0 2 0 4 5 2 1 0 2 0 0 6 1 13 5 9 5 14 10 2 1 2 1 1 0 0 0 0 0 0 0 0 0 0 0 0 
2 0 0 0 0 3 1 1 4 2 3 1 4 0 0 1 5 3 1 4 5 13 5 3 2 2 2 4 4 1 3 0 0 0 0 0 0 1 0 0 
0 0 0 0 0 1 3 0 1 0 2 1 1 2 1 3 1 7 2 4 1 6 4 3 3 3 2 2 3 0 2 0 0 0 0 0 0 0 0 0 
0 0 0 0 0 1 0 1 2 3 3 1 2 1 1 2 1 6 12 6 8 7 4 3 4 1 2 0 3 0 0 0 1 0 0 0 0 0 0 0 
1 0 0 1 0 1 1 3 2 0 1 2 1 4 4 3 5 5 11 11 4 11 8 4 1 0 1 2 0 0 0 1 0 0 0 0 1 0 0 0 
0 0 1 1 0 0 1 1 0 1 1 3 5 2 3 4 3 13 11 6 10 10 8 2 4 1 2 3 2 1 1 1 0 0 0 0 0 0 0 0 
2 0 2 0 0 1 1 1 2 2 3 1 4 7 5 4 9 19 22 14 15 9 5 4 4 1 1 2 2 0 1 1 0 0 0 0 0 0 0 0 
1 1 0 1 0 1 0 1 4 2 4 4 3 6 2 10 16 20 21 27 14 10 3 0 4 1 1 2 3 2 1 1 0 0 0 0 0 0 0 0 
0 0 2 1 0 1 2 0 4 1 2 2 5 4 3 7 21 19 13 12 16 6 2 4 3 3 1 1 2 2 0 0 0 0 0 0 1 0 0 1 
1 0 0 1 2 0 0 1 1 1 5 7 6 2 3 20 66 72 40 10 22 6 12 7 3 1 2 1 1 0 1 1 1 0 0 0 0 0 0 0 
0 0 2 1 1 0 0 4 2 4 4 7 7 9 13 39 226 113 30 18 17 8 8 5 5 4 1 2 0 1 3 1 0 1 0 0 0 0 0 0 
0 0 1 3 1 1 1 2 3 5 7 11 11 7 18 39 513 118 33 14 9 8 3 5 8 3 2 2 2 0 0 1 0 0 0 0 1 0 0 0 
1 0 0 1 0 4 2 6 1 7 5 13 19 9 17 35 276 70 48 11 15 4 3 2 2 2 2 2 2 0 0 0 1 1 0 0 0 0 0 0 
0 0 0 1 3 1 1 1 6 8 17 18 21 9 33 36 96 82 39 9 6 5 4 3 1 1 2 4 1 0 0 0 0 0 0 1 1 0 0 0 
0 1 0 0 1 3 0 2 1 13 9 18 17 16 16 21 97 60 30 13 11 4 3 6 2 2 1 2 1 2 3 0 0 0 1 0 0 1 1 0 
0 0 0 1 0 1 2 5 1 17 9 11 26 14 13 13 28 31 26 13 9 1 2 1 1 0 4 3 1 0 0 1 1 0 0 0 1 0 0 0 
1 1 1 4 1 0 2 1 6 7 11 21 17 8 18 22 36 61 35 8 3 5 4 3 3 3 0 4 1 1 1 0 0 0 1 0 0 1 0 0 
0 3 0 0 2 1 0 5 3 14 5 22 17 15 15 16 36 41 18 13 11 3 6 2 3 1 0 3 2 0 0 0 0 1 0 1 0 1 0 0 
0 0 1 1 0 1 2 9 0 17 10 33 28 9 16 13 12 27 18 6 8 3 8 2 2 1 2 3 1 1 0 0 0 0 0 0 0 0 0 0 
0 0 0 1 2 1 1 2 6 8 10 22 24 18 11 16 33 37 18 9 5 4 4 3 1 2 1 0 1 0 0 0 0 1 0 0 0 0 0 1 
0 1 0 0 1 3 1 1 3 5 7 9 32 17 9 15 10 12 17 15 6 3 1 0 2 2 2 2 1 2 0 0 0 0 0 0 0 1 0 0 
0 0 1 0 2 2 0 0 1 6 0 16 54 20 21 13 11 15 18 4 2 5 8 3 1 0 3 1 0 0 0 0 0 0 0 0 0 0 0 0 
0 0 0 1 3 1 1 1 2 4 4 14 157 62 24 21 37 51 14 6 2 5 3 3 3 1 4 2 0 0 0 0 0 0 2 0 0 0 0 0 
0 0 0 1 1 1 0 1 2 5 8 23 106 175 26 12 15 22 6 9 6 3 1 4 1 0 1 2 2 0 0 0 1 0 0 0 0 0 0 0 

0 0 0 0 1 1 3 4 3 0 0 0 0 2 2 6 4 8 4 10 3 14 11 6 1 2 1 4 1 0 1 0 1 0 0 0 0 0 0 0 
0 0 0 0 2 3 2 1 0 0 1 2 1 0 3 2 1 3 4 5 4 9 17 10 5 3 3 4 2 4 0 0 0 0 0 0 1 0 0 0 
0 1 0 0 0 0 1 1 2 0 0 1 0 1 2 1 1 3 10 4 6 5 2 4 2 4 1 3 3 0 0 0 0 0 0 0 0 0 0 0 
2 0 0 0 0 0 0 1 1 2 2 1 3 2 0 0 1 6 5 5 9 7 10 3 5 2 3 2 1 1 0 0 1 0 0 0 0 0 0 0 
0 0 0 0 0 0 2 1 1 3 1 1 2 0 4 3 3 8 8 9 10 20 15 8 9 4 3 2 2 2 1 1 0 1 0 0 0 1 0 0 
0 1 0 1 0 0 0 0 1 1 3 3 3 2 4 3 5 3 2 8 9 4 3 3 2 0 1 1 0 0 1 0 1 0 0 0 0 0 0 0 
1 0 0 0 0 1 1 1 2 2 1 1 3 4 0 6 5 13 14 16 10 15 10 4 6 1 2 3 5 1 0 0 0 3 1 0 0 0 0 1 
2 1 1 0 0 1 2 0 1 2 1 1 0 3 1 1 6 7 17 16 15 14 5 3 4 5 1 5 4 0 2 1 1 0 0 0 0 0 0 0 
1 0 2 0 1 0 1 1 0 3 2 5 2 2 3 4 8 7 11 13 16 8 13 6 3 2 1 1 0 1 2 3 2 0 0 0 0 0 1 0 
3 0 0 1 0 0 0 0 1 2 1 6 3 10 1 6 13 22 17 13 15 7 14 5 9 2 3 3 1 0 1 0 0 0 1 0 0 0 1 0 
1 1 0 1 0 2 1 4 0 1 2 1 6 6 12 14 36 31 28 23 11 11 3 5 2 6 5 2 1 2 0 0 0 0 0 0 0 1 0 0 
1 1 0 1 1 3 0 2 2 0 6 7 8 12 17 46 397 66 35 10 14 10 5 9 4 7 2 4 0 1 2 0 0 1 0 0 1 1 0 0 
0 0 1 0 0 1 3 2 2 4 1 9 9 12 15 37 161 78 37 15 14 5 4 2 7 4 2 0 3 2 3 1 0 2 0 0 0 0 1 0 
1 3 0 0 0 3 1 1 2 7 13 13 6 8 13 15 87 38 28 10 14 4 2 1 2 2 4 4 3 0 1 0 0 1 0 0 0 0 0 0 
2 0 0 2 0 2 0 0 1 5 5 9 10 12 10 27 165 55 19 10 8 6 7 3 2 4 0 1 1 0 1 0 2 0 0 0 0 0 0 0 
0 1 0 1 0 2 0 4 1 3 8 8 14 7 19 32 186 60 36 14 16 5 2 4 5 3 3 1 5 1 0 1 0 0 0 1 0 0 0 0 
0 0 0 1 0 0 1 4 2 4 13 11 11 8 7 19 278 87 26 11 4 6 2 3 2 2 0 1 3 1 1 1 0 0 0 0 0 0 0 0 
0 2 1 1 1 2 1 1 3 1 4 10 13 17 22 28 98 69 39 11 13 3 4 5 0 3 0 1 0 0 0 0 0 0 0 0 1 0 0 0 
0 2 0 2 0 0 2 0 1 5 2 10 17 12 9 23 52 62 40 17 3 4 7 3 5 1 2 1 3 0 1 0 0 0 0 0 0 0 0 0 
1 0 0 0 0 0 2 2 2 3 3 8 11 6 13 21 51 60 24 8 9 7 2 2 3 3 0 2 1 1 2 0 0 0 0 0 0 1 0 0 
0 1 1 0 0 0 0 2 2 8 6 9 7 4 12 9 18 14 11 5 5 5 1 1 1 4 1 0 0 1 1 0 0 0 0 0 0 0 1 0 
1 0 0 0 0 1 0 4 1 5 4 11 11 12 17 10 13 31 39 7 9 2 8 4 0 4 2 2 0 2 1 0 2 0 0 0 0 0 0 0 
2 0 1 0 0 0 2 1 1 3 2 11 24 19 14 9 51 67 35 11 4 3 3 4 2 2 4 3 1 0 0 0 1 0 0 0 0 1 0 0 
0 0 0 0 1 1 0 0 4 4 7 9 20 16 5 9 9 13 10 7 2 3 1 0 2 1 3 2 0 1 3 0 0 0 0 0 0 0 0 0 

1 0 0 0 0 1 0 2 3 1 0 1 0 1 1 2 1 7 4 16 4 29 13 5 2 2 1 5 4 0 1 0 0 0 0 0 0 0 0 0 
0 0 0 0 0 0 0 0 0 2 0 2 1 0 0 0 3 3 6 11 28 29 26 19 6 6 1 9 1 2 2 0 0 0 0 0 0 0 0 0 
1 0 0 0 0 1 1 1 0 0 3 2 0 2 2 2 6 4 10 28 47 44 32 21 8 4 3 9 7 2 1 0 0 0 0 1 2 0 0 0 
0 0 0 0 0 0 0 1 0 0 0 1 0 2 1 2 2 5 5 12 24 28 27 11 4 7 4 5 5 2 0 0 0 0 2 0 0 0 0 0 
0 0 0 0 0 0 1 1 0 1 0 0 1 1 3 4 1 3 12 17 25 29 15 12 2 5 2 5 7 2 2 0 1 1 0 0 0 0 0 0 
0 0 0 0 0 1 1 0 1 1 3 1 2 3 2 2 5 8 8 20 23 22 19 9 7 4 4 3 6 1 2 0 0 0 0 0 0 0 0 1 
0 1 0 0 0 1 0 1 3 0 1 2 4 1 0 2 2 10 14 33 21 21 14 9 4 5 2 4 2 2 0 0 2 0 0 0 0 0 0 0 
1 0 0 0 0 0 0 0 1 2 0 1 2 1 0 8 5 12 23 23 38 32 25 12 12 6 6 7 2 0 2 1 2 0 0 0 1 0 1 0 
0 0 0 0 0 0 0 2 0 3 1 2 0 3 1 6 11 19 20 59 70 52 32 15 12 9 6 4 2 2 6 1 0 0 1 1 0 0 0 0 
2 0 0 1 0 1 0 0 2 2 4 0 3 1 3 3 8 8 12 19 33 21 34 6 9 2 5 6 2 1 2 2 2 0 0 0 1 0 0 0 
0 1 0 1 0 0 1 1 0 2 0 7 8 5 4 10 11 16 41 45 26 24 8 7 6 6 2 4 3 1 5 0 0 0 0 0 0 0 0 0 
1 0 0 0 1 0 0 0 2 5 3 5 2 6 4 9 20 18 15 19 23 8 6 3 2 1 1 1 4 3 1 1 0 0 0 0 0 0 0 0 
1 0 0 1 0 0 0 1 1 2 5 7 8 6 7 16 39 28 21 20 25 11 9 2 2 5 3 4 4 1 3 0 0 0 0 0 0 1 0 0 
0 1 0 0 1 1 0 3 2 3 1 2 4 4 11 23 13 21 18 28 11 4 5 2 5 5 2 9 2 3 0 0 0 0 1 0 1 0 0 0 
1 0 1 0 0 0 3 1 1 2 7 3 7 3 7 7 15 10 15 13 9 6 5 2 1 1 1 1 1 1 1 1 1 0 1 0 1 0 0 1 
0 0 0 2 0 2 0 2 0 4 2 7 4 7 6 8 20 35 33 13 7 6 7 3 3 0 1 1 1 4 2 0 0 0 0 0 1 0 0 0 
1 0 0 0 0 1 4 1 2 2 1 5 3 5 1 11 48 45 23 12 5 6 1 4 7 1 1 10 3 1 3 2 0 1 1 0 0 0 0 0 
2 1 0 0 0 0 1 2 1 1 3 8 12 7 11 16 63 45 22 18 7 3 7 4 4 4 4 2 3 1 0 2 0 1 0 0 0 0 0 0 
3 0 1 0 0 0 1 1 2 1 3 5 9 12 6 17 124 67 51 18 16 6 3 1 2 1 3 3 2 0 0 2 0 0 0 0 0 0 0 0 
0 0 0 0 0 1 1 3 0 3 3 2 10 11 10 29 245 182 38 15 9 8 5 3 9 5 2 3 1 0 0 0 0 0 0 1 0 0 0 0 
1 0 0 1 1 1 0 0 3 2 1 6 5 6 10 26 212 74 45 16 11 5 5 1 5 4 2 1 1 0 2 1 0 0 0 0 0 0 0 0 
0 1 1 2 0 0 0 2 0 6 3 6 4 4 9 23 130 81 63 12 11 4 4 3 2 3 4 1 3 0 0 0 0 0 1 0 0 1 0 0 
2 1 0 0 0 2 1 0 0 1 1 5 6 14 14 48 396 285 59 26 10 3 4 7 2 14 6 2 0 1 0 1 3 0 0 0 1 1 0 0 
0 0 0 0 0 0 2 1 2 4 9 12 13 15 26 62 267 191 44 40 22 13 7 1 5 4 5 0 1 0 1 0 0 0 0 0 0 0 0 0 

0 0 0 0 0 1 0 0 2 1 0 0 0 1 0 1 2 3 5 10 9 75 32 5 2 1 6 7 9 2 2 0 1 1 0 1 1 0 0 0 
0 0 1 0 0 1 2 0 1 0 0 0 0 0 1 1 2 1 4 16 60 65 30 12 5 6 3 5 2 1 1 1 0 0 0 0 0 0 0 0 
0 0 1 0 0 0 1 0 2 1 1 0 1 2 1 2 6 5 9 21 65 91 40 22 9 4 3 5 4 1 2 0 1 0 1 0 0 0 0 0 
0 0 0 0 0 0 0 1 1 2 1 1 0 0 0 0 1 5 3 18 31 41 32 9 4 3 5 5 6 1 1 0 1 0 0 0 0 0 1 0 
1 1 0 0 0 0 0 1 0 1 1 1 0 1 0 1 0 3 8 14 49 33 20 14 2 2 8 9 5 1 1 0 0 0 0 0 0 0 0 0 
0 0 0 0 0 0 1 0 1 1 2 5 0 1 2 1 5 2 10 17 28 8 11 5 4 4 0 6 1 2 1 1 0 0 0 0 0 0 1 0 
0 0 0 0 0 0 0 1 0 0 1 2 1 2 1 1 2 5 2 15 48 23 14 2 10 8 1 4 7 4 2 1 1 0 0 0 0 0 0 0 
2 0 0 0 0 1 2 0 0 1 0 1 1 2 2 6 3 9 15 40 79 50 32 19 17 8 6 9 5 6 2 1 0 1 0 0 0 0 2 2 
0 0 1 0 1 2 0 2 3 2 1 2 5 6 2 5 10 10 37 74 148 140 41 16 11 4 4 6 8 0 1 3 1 1 1 0 0 0 0 0 
0 0 0 1 0 0 1 0 0 0 1 2 0 4 3 7 1 17 19 66 155 94 41 8 12 5 7 6 5 3 1 4 1 0 2 0 0 0 0 0 
0 0 0 0 0 2 0 0 1 0 0 6 0 0 3 2 8 12 22 53 58 22 15 4 7 7 4 7 6 3 2 3 1 0 2 0 0 2 0 0 
1 1 0 0 0 1 0 1 1 1 0 2 4 4 5 3 7 8 8 16 9 8 10 4 2 3 3 2 1 1 5 1 1 2 0 1 0 0 0 0 
0 0 0 0 1 0 0 0 0 1 0 3 4 3 5 9 5 15 22 22 35 3 11 3 5 0 4 6 9 3 1 1 0 0 0 0 0 0 0 0 
0 1 0 0 0 0 0 2 1 1 2 3 3 3 6 9 8 9 38 27 13 3 6 4 4 7 2 8 6 1 1 1 1 2 1 0 0 0 0 0 
0 0 0 0 1 3 2 1 2 1 1 9 2 9 5 9 9 9 22 11 7 4 1 2 4 3 5 5 2 3 0 0 0 0 0 0 0 1 0 1 
0 0 0 1 0 0 0 1 0 0 3 4 5 5 4 7 4 13 23 17 16 3 2 2 5 4 3 0 2 0 1 2 0 0 0 0 1 0 0 0 
1 0 0 0 0 3 3 1 1 1 3 8 6 6 8 13 15 30 29 7 13 2 4 5 8 6 3 10 7 1 1 1 0 0 0 1 1 0 0 3 
0 0 0 0 1 1 0 1 0 2 2 5 8 9 8 8 30 41 60 13 18 7 4 2 4 6 4 2 2 0 3 0 0 0 0 1 0 1 0 0 
1 1 0 0 0 5 0 2 1 3 1 7 2 7 1 9 14 53 60 20 13 10 9 7 2 1 7 3 2 0 1 0 2 0 0 0 0 0 0 0 
0 0 0 0 1 3 2 0 1 1 3 2 2 7 7 9 43 70 50 12 9 4 3 4 4 4 2 3 2 0 1 1 2 0 0 0 0 0 0 0 
0 0 1 0 0 0 0 2 3 1 2 3 7 12 12 25 55 76 60 18 12 5 6 4 6 2 1 0 0 2 0 0 0 0 1 0 1 1 0 0 
0 1 0 0 1 0 3 2 3 3 2 5 2 12 11 25 32 111 94 21 12 1 9 6 5 4 9 4 1 1 1 0 1 1 0 0 0 0 0 1 
0 0 0 0 1 1 1 1 2 1 3 4 6 7 15 24 207 188 46 13 3 2 3 3 9 12 6 2 3 1 0 0 1 0 0 1 0 0 1 0 
0 0 1 1 0 1 2 0 4 1 3 10 11 21 35 66 373 238 117 53 19 9 3 5 4 4 1 2 1 0 0 0 0 0 0 0 0 0 0 0 

0 0 0 0 0 0 0 1 2 0 0 0 0 0 0 3 0 4 1 11 13 412 57 2 1 4 3 17 9 2 1 1 2 2 0 0 0 0 0 0 
0 0 0 0 0 1 0 0 0 0 0 2 1 1 2 0 0 1 3 6 70 337 33 8 4 4 9 22 12 5 4 1 0 0 0 1 0 0 0 0 
0 0 0 0 0 0 0 0 1 0 0 0 2 1 0 4 0 1 6 9 255 76 11 14 5 2 2 16 14 7 2 1 1 0 1 0 0 0 0 0 
0 1 0 0 0 0 1 1 0 1 0 0 0 1 0 0 1 2 4 15 259 83 34 4 5 5 6 8 16 2 2 2 0 0 1 0 0 0 0 0 
0 0 1 0 0 0 0 1 1 1 2 1 1 1 1 2 0 11 5 25 502 75 35 4 5 4 6 8 10 1 2 2 3 1 0 0 0 0 0 0 
0 0 0 0 0 0 0 1 1 2 0 2 0 1 0 3 4 6 10 30 591 26 15 6 2 6 11 10 3 6 4 0 1 1 0 0 1 0 0 0 
0 0 0 0 0 1 1 0 1 1 0 0 0 2 2 5 3 3 5 41 359 18 12 7 5 3 0 7 13 4 3 1 0 0 0 0 0 0 1 0 
0 0 0 0 0 0 0 0 0 2 1 1 0 0 2 4 3 10 21 90 397 26 14 6 8 4 10 14 15 6 0 2 3 2 0 0 1 1 1 0 
0 0 1 1 0 1 0 1 2 2 3 1 0 1 4 8 5 11 13 190 557 114 23 12 6 5 3 9 5 8 3 1 1 0 1 0 0 2 1 0 
0 0 0 0 0 0 0 1 0 2 0 1 2 3 4 3 5 10 15 279 360 447 48 12 5 11 3 5 8 5 2 0 2 1 0 0 3 0 0 0 
0 0 1 0 0 0 1 1 0 0 2 3 2 2 3 7 3 16 60 436 130 36 14 7 6 7 8 12 8 3 3 3 0 2 1 0 1 0 0 2 
0 0 0 0 0 0 1 4 0 0 0 0 3 4 1 2 7 11 25 382 45 16 6 9 5 2 4 10 10 3 2 3 1 3 0 0 0 0 0 1 
2 0 0 0 0 0 1 0 0 0 0 2 2 4 2 5 4 16 19 143 53 8 7 5 3 2 3 12 7 2 2 2 1 0 0 0 0 0 0 0 
1 0 0 0 0 0 0 2 0 2 1 4 2 2 5 4 12 15 226 146 28 9 6 6 10 9 8 18 10 3 0 2 2 1 0 1 1 0 0 0 
0 0 0 0 0 0 1 1 2 2 2 2 7 7 4 6 9 33 473 58 16 6 3 8 3 5 10 11 5 6 6 2 1 2 1 0 0 0 0 0 
1 1 1 0 0 3 0 0 0 3 1 4 9 4 4 7 7 20 226 25 15 11 9 5 6 3 6 9 9 3 3 0 3 0 2 1 0 0 0 0 
1 0 0 0 0 1 1 0 0 0 2 2 2 1 6 7 16 78 210 18 12 5 6 4 11 3 11 15 9 3 1 2 1 0 0 1 0 0 0 0 
0 0 0 0 0 0 0 2 2 2 0 3 2 5 0 6 9 189 122 22 2 4 8 4 7 5 8 6 5 4 3 0 1 0 0 2 0 0 0 1 
0 0 0 0 0 3 0 3 0 8 0 1 1 3 3 13 6 120 122 13 14 4 4 3 4 3 6 2 2 2 4 0 1 1 0 0 1 0 0 0 
0 0 1 0 0 0 0 0 0 1 1 4 4 1 6 13 28 476 73 13 4 5 4 9 7 12 10 7 2 1 2 0 0 0 0 0 0 0 0 0 
0 0 1 0 0 0 3 1 1 2 2 1 6 4 7 8 20 280 41 10 4 6 6 4 8 8 10 2 2 3 0 0 0 0 2 0 0 0 0 0 
0 0 0 1 0 0 1 0 1 3 2 2 4 5 4 13 12 276 109 20 13 7 10 4 8 9 8 3 3 2 1 1 2 0 1 0 0 0 0 0 
0 0 0 0 1 0 2 2 1 0 2 2 6 4 6 23 45 354 56 16 9 10 8 3 22 19 20 4 3 1 0 1 0 1 0 0 0 1 0 0 
1 0 0 1 0 0 2 4 5 1 3 8 12 7 18 46 73 168 58 26 21 10 6 12 10 17 14 10 3 2 1 0 0 1 1 0 0 0 0 0 

0 0 0 0 0 0 0 0 0 0 1 1 0 1 0 0 1 6 1 10 6 98 41 12 3 3 10 35 14 3 1 3 1 0 0 0 0 0 0 0 
0 0 0 0 0 0 0 0 0 0 1 1 0 0 1 0 1 3 7 3 17 21 37 7 9 7 7 23 10 6 3 3 2 1 1 0 0 1 1 0 
0 1 0 0 0 0 1 1 0 1 0 0 0 0 0 1 3 3 3 4 14 17 15 11 1 5 6 13 6 10 0 3 1 0 0 0 0 0 0 0 
0 0 0 0 0 0 0 0 0 1 0 0 0 1 1 2 1 4 1 6 19 29 33 7 8 5 11 18 21 5 5 2 2 1 0 1 0 0 0 0 
0 0 1 1 0 0 1 0 2 0 0 0 1 0 0 0 1 4 13 10 35 29 20 5 9 5 6 26 9 8 6 3 0 1 1 3 0 1 1 0 
0 0 0 1 0 2 0 1 0 0 0 2 1 1 2 4 5 7 12 29 25 15 22 12 11 8 13 10 9 5 3 0 1 0 2 1 0 2 0 0 
0 0 0 0 0 0 1 0 0 1 0 1 1 0 1 3 1 8 7 18 41 8 23 9 10 9 8 12 18 5 1 3 1 2 2 0 0 1 0 0 
1 0 0 0 0 0 0 0 1 0 1 0 2 0 1 0 3 6 10 19 39 23 15 13 7 8 8 21 12 8 6 1 1 0 1 2 1 0 0 0 
0 0 1 0 0 0 1 1 1 1 1 0 3 0 2 6 6 19 19 22 40 20 10 20 10 10 9 13 6 3 8 3 0 1 1 1 0 1 0 2 
0 0 0 0 0 0 0 3 1 2 3 1 1 4 4 3 10 11 19 33 72 27 31 8 13 5 13 16 14 3 4 2 3 1 2 0 2 1 0 1 
0 0 1 0 0 0 0 2 0 0 0 1 0 1 4 3 6 15 23 39 40 14 10 6 2 6 12 18 16 3 4 4 0 2 0 0 0 1 0 0 
1 0 0 0 0 0 1 1 1 0 1 4 0 4 7 8 7 12 18 34 28 21 15 9 6 6 13 2 9 3 2 2 0 0 0 0 0 0 0 0 
1 0 0 0 0 0 0 1 2 2 0 0 2 1 4 11 8 9 25 40 44 11 14 15 11 3 10 26 23 4 7 1 2 0 1 3 1 1 0 1 
0 0 0 0 0 1 0 1 0 2 1 3 4 2 5 5 12 4 28 39 23 9 7 4 6 11 9 28 10 8 7 1 3 1 0 3 2 0 0 0 
0 0 0 1 1 1 1 1 2 2 2 1 6 8 7 10 7 23 36 26 18 4 10 5 3 12 8 11 15 4 2 2 2 0 0 1 2 2 0 0 
1 0 0 0 0 2 0 0 0 0 1 3 2 2 3 9 4 19 39 23 22 10 7 9 9 12 11 22 22 3 6 0 1 1 1 2 2 1 1 0 
0 0 0 0 0 1 1 1 1 0 3 3 6 1 7 7 12 23 19 11 9 9 6 7 5 15 13 18 9 2 4 3 2 1 1 1 0 1 0 0 
2 0 0 0 0 1 0 0 1 2 1 2 3 4 9 4 10 29 27 11 13 11 7 4 5 8 6 7 4 4 3 0 1 1 0 0 0 0 0 0 
1 0 0 1 0 0 0 0 0 4 1 1 1 6 6 6 4 21 30 8 11 6 6 4 2 6 16 4 6 0 2 1 2 0 4 0 0 1 0 0 
1 0 0 0 0 2 2 1 2 0 1 5 3 4 7 8 20 43 31 9 9 4 3 9 8 9 16 4 3 1 1 1 0 1 0 1 1 0 0 0 
0 0 0 0 1 1 1 0 2 2 4 3 3 4 5 9 12 28 27 14 9 9 10 6 10 9 19 5 5 4 2 0 0 0 1 0 0 3 0 0 
0 1 0 1 1 2 1 1 3 1 1 4 2 6 5 8 8 38 38 16 14 8 5 3 7 13 28 7 8 3 0 1 3 1 1 0 0 1 0 0 
0 0 0 0 0 3 0 1 1 1 3 1 5 6 10 19 33 55 23 7 10 5 5 8 16 31 28 13 5 1 1 1 1 0 0 1 2 0 0 0 
0 0 1 1 1 2 3 2 1 2 5 2 8 6 10 16 28 40 23 9 11 8 5 12 13 17 20 8 4 1 1 0 0 0 0 0 0 0 0 0 

0 0 0 0 0 0 0 1 0 0 0 0 0 0 0 1 1 3 4 9 7 29 11 7 4 6 9 462 60 4 6 2 2 2 0 0 0 0 0 0 
0 0 0 0 0 0 1 0 0 0 1 0 1 0 0 0 1 1 2 4 9 8 6 7 2 14 18 128 54 7 8 2 3 3 0 2 0 0 0 1 
0 0 0 0 0 0 0 0 0 0 1 0 1 0 0 2 0 0 4 5 9 2 12 5 3 11 24 139 37 13 4 5 1 3 0 0 0 0 0 0 
0 0 0 0 1 0 1 1 0 1 1 1 1 1 0 1 1 2 1 8 6 11 19 8 7 7 11 59 46 5 6 0 4 1 1 1 0 0 0 0 
0 1 0 0 0 0 0 0 0 0 0 1 0 1 0 2 1 1 6 4 6 10 5 4 3 7 31 92 43 8 11 4 3 2 1 1 1 2 1 1 
0 0 0 0 0 0 0 3 0 0 1 1 0 1 0 1 1 3 1 6 13 10 1 1 11 9 24 94 49 12 12 2 5 2 3 0 1 2 1 0 
1 0 0 0 0 1 0 0 0 1 0 1 0 1 1 2 5 6 1 7 11 5 12 5 3 10 14 39 38 5 6 3 0 3 0 0 0 0 1 0 
0 0 0 0 0 0 0 0 0 0 2 1 2 2 1 1 2 4 9 9 12 8 5 6 6 8 25 78 25 9 6 6 3 0 1 0 1 0 0 2 
0 0 0 1 0 0 0 1 1 1 0 0 0 1 3 1 4 6 8 9 11 5 10 4 5 14 27 58 39 15 8 5 6 3 0 3 0 0 2 2 
1 0 0 0 0 0 0 0 0 1 0 0 1 0 3 5 0 7 4 13 24 11 13 9 10 4 15 40 42 7 5 0 5 0 5 0 1 0 0 1 
0 0 0 0 0 0 0 3 0 0 0 0 3 2 2 0 8 9 10 19 8 9 6 5 10 13 35 68 36 7 3 6 2 2 1 1 1 0 0 1 
0 0 0 1 0 0 0 0 1 0 1 2 1 1 3 6 9 10 9 15 9 10 8 8 10 14 44 66 28 13 5 5 2 2 0 1 2 0 0 0 
1 0 0 0 0 0 0 0 0 2 1 1 3 1 2 4 2 6 10 17 22 7 12 3 11 11 21 44 51 13 11 4 2 2 1 1 1 1 0 1 
0 0 0 0 0 0 0 1 0 1 6 1 0 3 5 6 6 6 9 11 8 3 9 8 13 22 75 102 40 9 14 5 2 1 1 1 0 0 0 1 
0 0 0 0 0 0 0 0 2 1 0 1 5 2 3 7 7 10 11 13 16 8 5 4 14 24 102 91 27 14 10 2 5 0 5 0 2 0 1 0 
0 0 0 0 0 1 0 1 0 2 0 2 0 2 3 8 5 14 14 10 16 4 8 6 10 17 46 53 33 12 12 4 3 1 2 0 0 0 0 0 
0 0 0 0 0 0 1 0 0 0 1 2 0 4 2 7 11 10 10 8 10 2 11 9 15 28 53 56 31 3 7 2 1 1 0 0 0 1 0 1 
1 0 0 0 0 1 0 0 0 1 0 2 3 5 2 3 3 4 3 4 10 5 6 11 7 27 57 33 15 8 2 1 2 3 0 1 2 0 1 0 
0 0 0 0 0 2 0 0 0 2 3 2 0 4 3 5 3 8 9 11 9 0 4 6 8 22 76 13 12 3 4 2 2 2 0 0 0 0 0 0 
0 1 0 0 0 1 2 1 0 0 2 0 3 1 5 4 13 23 11 6 4 4 10 8 17 35 76 18 12 8 7 3 1 0 0 0 2 0 0 1 
0 0 0 0 0 1 0 1 0 1 1 3 3 2 3 2 5 7 23 8 11 10 5 10 24 105 289 35 14 11 2 5 0 0 0 1 0 1 0 0 
3 0 0 0 0 0 1 0 1 0 0 2 2 5 3 4 9 17 25 7 6 10 8 9 8 74 226 16 13 3 5 0 2 1 2 1 1 1 2 0 
0 0 0 0 0 1 1 0 0 0 2 0 6 1 3 10 14 15 12 12 6 6 12 20 53 250 195 26 7 4 3 0 0 1 0 1 0 0 0 2 
0 0 0 1 1 0 2 2 2 3 2 6 5 8 13 23 23 34 34 14 12 8 11 18 44 626 160 28 9 6 3 1 1 1 0 0 0 0 1 0 

0 0 0 0 0 0 0 0 1 0 0 0 0 0 0 1 0 2 1 4 1 11 6 4 3 3 8 191 68 5 1 2 3 2 0 0 0 0 0 0 
0 0 0 0 0 0 1 0 0 0 0 0 0 0 0 0 1 1 1 2 4 6 8 5 5 5 21 85 55 12 12 5 5 3 0 0 3 0 2 0 
1 1 0 0 0 0 1 0 0 1 1 0 1 1 0 1 0 1 3 3 3 3 4 4 7 6 12 90 43 16 11 0 2 2 6 1 0 1 0 0 
0 0 1 0 0 0 0 0 2 0 0 0 0 1 0 1 0 1 3 5 4 4 10 2 2 5 10 121 66 7 6 2 3 2 1 0 0 1 0 1 
0 0 0 0 0 0 0 0 0 0 1 0 0 1 0 1 2 2 2 1 2 3 5 4 4 7 18 108 58 11 12 4 4 2 3 1 0 1 1 0 
0 0 0 0 0 1 0 0 2 1 0 1 0 0 3 1 1 3 2 3 1 3 9 7 7 11 26 172 41 10 7 7 5 1 5 2 3 0 1 0 
1 0 0 0 0 0 0 0 1 1 0 0 0 1 1 3 3 4 2 7 5 7 3 1 8 4 12 121 71 8 12 4 5 1 1 0 0 0 1 1 
0 0 0 0 1 0 0 0 0 0 0 0 0 0 0 2 3 2 7 5 9 8 5 2 4 7 25 147 40 9 9 3 2 1 2 2 1 0 0 0 
0 0 0 0 0 0 0 0 0 1 1 0 1 2 3 3 3 1 6 6 11 7 6 6 3 10 26 215 39 11 10 4 3 3 0 4 1 0 1 0 
0 0 0 0 0 1 0 0 0 1 1 0 1 1 0 2 2 6 3 7 7 5 11 8 4 8 28 257 89 9 17 6 4 0 3 0 1 0 0 0 
0 1 0 0 0 1 2 0 1 0 1 0 0 3 0 0 5 3 7 7 9 7 4 2 3 9 51 240 41 13 10 4 6 2 1 0 0 0 2 0 
0 0 0 0 1 0 0 1 0 0 0 2 1 1 3 2 3 5 14 5 8 2 12 2 8 19 58 169 38 14 9 7 3 2 0 1 2 1 2 0 
0 0 0 0 0 0 0 0 1 1 0 3 1 2 0 5 1 3 9 5 8 12 6 9 10 17 42 243 58 7 12 6 3 1 2 3 1 0 0 0 
0 0 1 0 0 0 1 0 0 0 0 3 2 2 4 0 5 7 10 10 5 0 4 3 17 11 129 202 36 10 7 4 0 0 0 0 2 2 0 2 
0 0 0 0 0 0 1 0 0 1 1 0 2 1 8 3 5 7 4 10 2 5 10 12 9 22 279 138 49 22 14 8 6 2 1 2 1 0 1 2 
0 1 1 1 0 0 0 1 0 0 1 2 1 5 5 6 2 6 6 2 8 8 9 5 9 35 301 148 55 10 11 6 7 1 1 1 3 1 0 0 
0 0 0 1 1 1 0 0 2 1 1 1 1 0 2 7 4 6 4 6 2 2 5 4 15 28 85 62 26 7 6 3 0 0 0 1 0 0 0 0 
0 2 0 0 0 0 0 1 0 2 1 2 2 1 1 3 2 9 4 7 1 4 2 8 8 17 72 29 23 13 5 3 5 0 4 1 1 1 1 1 
0 0 0 0 0 0 0 2 1 0 1 3 2 1 2 3 5 6 4 4 4 6 7 6 9 17 208 23 16 2 9 4 4 2 0 1 1 0 2 0 
0 0 0 0 0 2 0 1 2 1 0 0 1 0 7 5 6 7 7 3 4 2 7 6 15 22 57 11 8 6 2 0 1 2 0 0 0 0 1 0 
0 0 1 0 0 1 0 0 0 0 2 1 2 0 2 3 1 5 3 4 9 3 10 17 15 47 136 22 13 3 6 2 3 5 2 1 2 2 3 1 
0 0 0 0 0 1 0 0 0 2 0 0 0 2 6 6 7 6 12 5 5 4 7 9 15 64 189 19 21 4 9 0 4 1 0 3 0 0 0 0 
0 0 0 0 0 0 2 1 1 0 0 3 4 3 7 17 7 21 11 5 4 4 12 15 37 156 142 20 7 1 2 1 3 1 0 2 2 0 0 1 
0 0 0 0 0 0 0 0 0 2 1 1 3 5 6 3 10 10 4 8 8 16 13 26 49 325 156 38 13 9 2 4 0 3 1 1 0 1 1 0 

1 0 0 0 0 0 0 1 0 0 0 1 0 0 0 1 0 1 1 2 2 6 11 5 5 9 7 34 24 5 4 0 2 0 0 0 0 0 0 0 
0 0 0 0 0 0 0 0 0 0 0 0 0 0 0 0 1 1 1 0 1 1 1 2 1 0 4 10 16 4 2 3 0 1 0 0 0 1 0 0 
0 0 0 0 0 0 0 0 0 0 0 0 0 0 0 0 0 1 0 3 0 3 0 1 1 2 5 7 9 3 2 4 1 0 0 0 0 1 0 0 
0 0 0 0 0 0 0 1 0 0 1 0 0 0 1 0 1 0 0 5 4 3 5 2 3 7 6 10 15 3 6 2 1 1 2 0 1 0 0 0 
0 0 0 0 0 0 0 0 0 0 0 0 0 0 0 0 1 0 3 3 2 4 3 2 0 1 9 13 12 7 5 4 1 0 0 1 0 0 0 0 
0 0 0 0 0 0 0 0 0 0 0 0 0 0 0 1 0 0 3 2 0 0 3 3 2 7 3 11 7 2 2 1 2 1 1 0 0 0 0 0 
0 0 0 0 0 0 0 0 0 0 0 0 0 0 0 0 1 5 3 4 6 2 4 4 4 4 7 15 36 1 4 1 2 0 0 1 0 0 0 2 
0 0 0 0 0 0 0 1 0 0 0 0 0 0 0 0 1 4 0 2 2 2 2 2 4 2 10 29 14 4 3 2 2 2 0 0 1 0 0 1 
0 0 0 0 0 0 1 0 0 1 1 0 0 0 0 1 0 3 3 5 4 0 2 3 3 3 5 19 14 7 3 3 0 0 1 0 0 0 0 0 
0 0 0 0 0 0 0 0 0 0 0 0 0 0 1 3 1 2 2 7 11 3 6 8 4 11 14 27 38 8 6 0 2 3 1 0 2 0 0 0 
0 0 0 0 0 0 0 0 0 0 0 0 1 2 1 1 1 0 2 2 1 2 1 7 5 14 26 36 14 4 3 3 1 0 0 0 1 0 0 1 
0 1 0 0 0 0 0 0 0 1 0 0 0 0 0 2 0 2 3 6 5 2 2 4 4 4 10 17 7 9 1 2 2 1 3 0 1 1 1 0 
0 0 0 0 0 1 1 0 0 0 0 0 0 4 1 1 2 3 4 3 8 5 3 4 1 7 18 35 39 5 3 1 3 2 1 1 0 2 1 0 
0 0 0 0 0 1 0 0 0 0 0 1 1 0 0 1 1 3 1 4 3 2 8 2 6 11 29 40 19 4 2 1 3 1 2 0 0 0 0 1 
0 1 0 0 0 0 0 1 1 2 1 2 1 0 1 2 1 2 1 4 2 2 4 6 3 7 16 19 15 9 7 2 0 2 0 1 1 0 0 0 
0 0 0 0 0 0 0 1 2 0 0 3 0 3 2 5 4 1 9 4 9 4 5 3 2 16 29 32 25 5 5 4 1 2 0 0 1 1 0 2 
0 0 0 0 0 0 0 0 0 0 1 0 2 2 2 1 1 4 7 3 3 5 6 6 11 19 11 14 9 1 5 0 0 1 0 0 0 1 1 0 
0 0 0 0 0 0 0 0 0 0 2 1 2 3 0 2 0 5 0 2 5 2 5 7 5 13 12 9 5 1 0 1 2 0 1 3 1 0 0 0 
0 0 0 0 0 2 0 1 0 0 1 1 0 0 2 1 0 1 2 8 4 6 3 4 5 11 18 7 7 4 3 3 2 0 3 1 0 0 1 0 
0 0 0 0 0 0 1 0 1 2 1 1 1 1 3 1 4 9 4 3 3 3 6 8 16 37 16 5 7 0 5 1 0 0 1 0 0 0 0 1 
0 0 0 0 0 0 0 0 0 0 1 2 2 0 3 4 5 4 5 0 4 7 4 8 12 21 16 12 14 6 3 1 0 1 0 0 0 0 0 0 
0 0 0 0 0 1 1 0 1 0 0 0 0 0 1 3 3 3 7 8 2 8 3 9 8 19 39 10 18 4 5 0 2 1 2 1 1 0 0 0 
0 0 0 0 0 0 0 1 0 1 0 0 1 1 1 0 4 6 6 9 4 4 15 21 25 30 29 3 1 3 1 1 0 1 1 2 0 0 0 0 
0 0 0 0 0 1 1 1 0 2 1 1 0 1 2 4 5 8 16 10 8 6 9 16 35 53 36 23 13 5 2 3 1 1 1 1 1 0 1 2 

0 0 0 0 0 0 0 0 0 0 0 0 0 0 0 0 0 0 2 1 0 3 2 0 2 2 0 17 4 1 0 0 0 0 0 0 0 0 0 1 
0 0 0 0 0 0 0 0 0 0 0 0 1 0 0 0 0 0 1 1 1 0 2 1 3 2 6 4 5 2 3 0 2 0 2 0 0 0 0 0 
0 0 0 0 0 1 0 0 0 0 0 0 0 0 0 0 0 0 0 2 2 3 4 5 2 3 2 5 6 3 0 2 1 1 2 0 1 0 3 0 
0 0 0 0 0 0 0 0 0 1 0 0 0 0 0 1 0 0 1 2 3 2 2 3 2 1 1 5 6 1 2 1 1 0 2 0 1 0 0 0 
1 0 0 1 0 0 0 0 0 0 0 0 0 0 0 0 0 1 0 3 1 1 3 2 3 0 7 4 6 1 1 3 5 0 1 1 1 0 0 0 
0 0 1 0 0 0 0 0 1 0 1 1 0 0 0 1 0 0 0 1 1 0 5 3 4 2 4 14 11 6 1 1 2 1 1 0 1 1 1 0 
0 0 0 0 0 0 0 0 0 0 0 0 0 2 0 0 0 3 1 2 2 1 0 2 2 2 11 6 6 4 2 3 3 1 0 0 0 0 0 2 
0 0 0 0 0 0 0 0 0 0 0 0 0 0 1 0 1 2 3 1 3 2 0 2 2 2 5 8 3 6 2 1 3 0 0 0 1 1 0 0 
0 0 0 0 0 0 0 0 0 0 0 0 0 0 0 2 1 0 3 1 2 1 4 2 4 10 7 9 4 7 8 3 5 1 1 0 0 0 0 1 
0 0 0 0 0 0 0 1 0 2 0 0 0 1 0 0 3 0 0 3 1 2 1 3 3 3 5 5 12 2 4 1 3 0 1 2 1 1 0 0 
0 0 0 1 0 0 0 0 0 0 1 1 0 1 1 0 1 0 1 6 4 0 5 4 4 2 12 15 5 3 0 2 2 0 1 0 0 0 1 0 
0 0 0 0 0 0 1 0 0 0 0 1 1 0 2 0 1 4 1 1 5 1 3 4 3 9 5 6 6 7 6 2 3 3 1 2 1 0 0 0 
0 0 0 0 0 0 0 0 1 2 0 1 1 0 2 0 3 0 1 4 3 6 3 8 5 6 9 10 20 1 6 1 2 1 0 1 0 0 2 1 
0 0 0 0 0 0 0 0 0 0 0 0 2 1 3 1 2 1 1 5 3 3 8 5 6 14 14 24 4 2 2 2 3 2 0 0 0 1 1 0 
0 0 0 0 0 0 0 0 1 0 0 1 0 0 1 1 1 3 3 3 1 3 5 2 1 7 6 5 15 3 3 5 0 2 2 0 1 0 0 1 
0 0 1 0 0 0 0 0 0 0 0 1 1 0 0 1 1 1 4 2 3 3 1 6 5 11 7 10 13 10 6 1 3 1 0 0 2 1 1 0 
0 0 0 0 0 0 1 0 0 1 0 0 1 0 1 4 1 4 3 3 5 2 6 3 9 11 12 13 14 4 4 1 1 0 0 0 0 0 0 1 
0 0 0 0 0 0 1 0 1 1 0 2 0 1 2 0 0 1 4 3 3 2 4 4 5 5 5 5 7 4 1 2 0 1 1 1 1 0 1 0 
0 0 0 0 0 0 0 0 0 0 0 0 1 1 0 0 0 4 4 4 1 6 2 6 3 11 11 2 2 1 6 3 3 1 0 0 1 0 1 0 
0 0 0 0 0 0 0 0 0 0 1 2 2 3 1 1 3 3 3 1 3 2 6 6 13 31 14 2 8 0 1 2 1 1 0 1 1 0 0 0 
0 0 0 0 0 0 0 0 0 0 0 2 0 0 2 1 2 1 1 4 0 2 5 4 9 8 11 3 7 4 2 3 1 0 0 1 1 1 0 0 
0 1 0 0 1 0 0 1 1 1 1 0 0 0 1 2 0 3 4 4 1 11 4 14 12 19 26 6 11 5 4 3 1 0 1 0 0 1 0 0 
0 0 0 0 1 0 0 0 1 0 0 2 0 1 5 2 6 7 4 5 4 5 10 14 25 37 15 11 3 2 0 0 1 0 0 0 0 0 0 0 
0 0 0 0 0 1 0 0 0 0 1 0 2 2 2 3 3 1 4 5 6 5 2 13 17 17 13 10 5 2 2 0 0 0 0 0 0 0 1 1 

0 0 0 0 0 0 0 0 0 0 0 0 0 0 0 1 0 1 0 5 0 5 1 3 0 2 0 6 4 2 0 0 0 0 1 0 0 0 0 0 
0 0 0 0 0 0 0 0 0 0 0 0 0 1 0 0 0 0 1 1 2 0 1 1 3 0 1 2 6 3 2 1 1 0 0 2 0 0 0 1 
0 0 0 0 0 0 0 0 0 0 0 0 0 0 0 0 0 0 0 1 0 2 2 5 1 1 2 2 2 3 2 0 0 0 0 0 0 0 0 0 
0 0 0 0 0 0 0 0 0 0 0 0 0 0 0 1 0 0 0 4 1 1 1 5 4 2 0 4 1 1 2 0 0 1 0 0 0 0 0 0 
0 0 0 0 0 0 0 0 1 0 0 0 0 0 0 0 0 1 0 3 3 3 2 4 1 2 2 1 2 1 0 3 1 1 1 1 0 0 0 0 
0 0 0 0 0 0 0 0 0 0 0 0 0 0 0 0 0 1 2 0 2 0 1 3 1 3 0 5 2 1 5 2 1 1 0 0 0 0 0 0 
1 0 0 0 0 0 0 0 0 0 0 0 0 0 0 0 0 0 2 1 1 1 1 2 5 6 5 4 4 1 3 2 1 2 2 0 0 0 0 0 
0 0 0 0 0 0 1 0 0 0 0 0 0 0 0 0 0 0 1 0 3 7 5 7 4 1 6 7 10 1 1 0 0 1 0 0 0 1 0 0 
0 0 0 0 0 0 0 0 0 0 1 0 1 0 1 1 0 2 3 2 1 1 1 3 1 3 5 6 4 3 0 1 1 1 1 0 3 0 0 0 
0 0 0 0 0 0 0 0 0 0 0 0 1 1 0 0 1 1 3 3 3 0 2 1 8 5 7 10 8 3 3 0 2 2 0 0 1 0 0 0 
0 0 0 0 0 0 0 2 0 0 0 1 0 1 0 0 1 0 1 2 4 4 5 4 9 11 9 11 7 5 3 4 2 0 0 0 0 0 0 0 
0 0 0 0 0 0 0 0 0 0 0 0 1 0 0 1 1 1 5 2 1 1 5 3 5 9 5 7 5 0 4 2 0 2 0 0 1 0 0 0 
0 0 2 0 0 0 0 0 0 0 0 1 1 1 1 0 1 3 1 2 3 1 2 3 4 8 12 9 9 2 5 2 0 2 0 1 0 0 0 2 
0 0 1 0 0 0 0 0 0 0 1 0 0 0 0 0 1 0 1 0 3 6 8 7 4 14 19 8 9 2 1 1 1 0 1 0 0 1 0 0 
0 0 0 0 0 0 0 0 0 0 0 0 0 1 2 2 2 1 2 0 3 1 4 5 9 13 8 6 8 5 2 5 2 1 2 0 0 0 0 0 
0 1 1 0 0 0 0 1 0 0 0 0 0 1 1 2 0 6 1 2 4 1 4 3 2 13 12 8 7 8 6 1 5 1 0 1 0 1 1 1 
0 0 0 1 0 1 0 0 0 1 0 0 1 0 2 1 0 0 2 2 1 1 8 9 16 28 22 8 12 1 3 0 2 0 0 0 0 0 1 1 
0 0 0 0 1 0 0 0 0 0 0 2 1 1 2 0 0 1 1 6 0 7 10 15 25 21 22 10 8 7 3 2 0 2 1 1 0 0 0 0 
1 0 1 0 1 0 0 1 1 1 1 0 1 1 0 2 2 6 5 4 5 9 7 11 10 30 29 11 9 5 6 1 3 1 0 0 0 0 0 1 
0 0 0 0 0 0 0 1 0 0 1 0 0 2 1 2 1 1 5 2 5 3 11 13 43 58 18 10 7 2 2 0 1 0 0 1 0 2 0 0 
0 0 0 0 0 0 0 0 0 1 0 0 0 1 2 0 1 2 5 2 0 5 5 17 38 34 22 9 2 6 2 1 1 2 0 1 0 0 0 0 
0 0 0 0 0 0 1 0 0 0 0 0 1 1 2 1 3 3 3 1 1 5 7 17 18 32 37 8 14 7 3 1 4 0 1 1 0 1 0 0 
0 0 0 0 0 0 0 0 0 0 0 0 0 0 1 5 1 4 3 3 3 5 11 22 103 105 32 11 3 1 2 0 0 1 0 0 0 0 0 0 
0 0 0 0 0 0 0 0 1 1 3 0 3 0 2 6 3 13 4 6 4 6 5 44 269 160 31 13 8 6 4 4 0 1 1 0 0 1 0 0 

0 0 0 0 0 0 0 0 0 0 0 0 0 0 0 2 0 1 1 0 2 4 1 3 0 3 1 8 3 0 0 0 1 0 0 0 0 0 0 1 
0 0 0 0 0 0 0 0 0 0 0 0 0 0 0 0 0 0 0 0 0 1 1 3 1 1 0 4 0 0 0 1 0 1 0 0 0 0 0 0 
0 0 0 0 0 0 0 0 0 1 0 0 0 0 0 0 0 0 1 0 1 1 2 4 0 4 2 2 1 1 2 0 2 0 0 0 1 0 0 0 
0 0 0 0 0 0 0 0 0 0 0 2 0 0 0 0 0 1 0 3 1 0 3 3 2 0 1 1 3 0 1 0 0 0 0 1 0 1 0 0 
0 0 0 0 0 0 0 0 0 0 0 0 0 0 0 0 0 0 0 2 2 3 2 3 2 2 2 2 3 2 3 0 1 1 1 0 0 0 0 0 
0 0 0 0 0 0 0 1 0 1 0 0 0 0 0 0 0 0 0 0 0 0 1 2 1 3 4 3 2 3 1 1 1 0 2 0 0 0 0 1 
0 0 0 0 0 0 0 0 0 0 0 0 0 0 0 0 1 3 0 2 1 2 1 3 2 9 5 1 7 1 1 1 4 0 0 0 1 0 0 0 
0 0 0 0 0 0 0 0 0 0 0 0 0 0 0 1 0 2 1 5 3 3 3 2 3 6 6 8 5 0 1 1 1 1 0 0 0 0 0 0 
0 0 0 0 0 0 0 0 0 0 0 0 0 0 0 0 1 1 0 2 3 0 2 0 1 1 3 3 2 2 1 0 1 0 0 0 0 0 1 1 
2 0 0 0 0 0 0 1 0 0 0 0 0 1 1 1 0 1 1 1 1 1 1 4 4 15 4 3 6 2 1 2 1 0 1 0 1 1 0 0 
0 0 0 0 0 0 0 1 0 0 1 0 1 0 0 0 1 0 3 1 4 2 7 3 3 14 12 7 3 4 3 3 0 1 0 0 1 0 0 0 
0 0 0 0 0 0 0 0 0 0 0 0 0 0 1 0 0 1 3 1 4 1 1 6 6 4 4 5 3 3 1 2 1 1 1 1 0 0 0 2 
1 0 0 0 0 0 0 0 0 0 0 0 0 0 0 0 1 1 1 2 2 2 2 7 2 14 19 5 9 3 5 1 3 0 1 0 0 0 0 0 
1 1 0 0 1 0 0 0 0 0 0 0 0 0 1 1 2 1 1 7 3 2 5 3 11 15 12 13 4 5 5 0 1 0 0 0 0 0 1 0 
0 0 0 0 0 1 1 0 0 0 0 2 0 1 0 0 1 3 0 1 1 4 5 4 12 12 12 7 6 3 1 2 3 1 1 0 1 0 0 0 
0 0 0 0 0 0 0 0 0 0 0 0 1 0 0 0 0 1 2 2 2 2 0 10 15 28 16 5 6 2 0 3 3 1 1 2 2 1 0 0 
0 0 1 0 0 0 0 0 0 0 1 0 1 0 0 1 0 1 2 0 7 3 8 9 38 29 17 8 7 1 1 1 2 0 1 0 1 0 0 0 
0 0 0 0 0 0 1 0 0 0 1 0 2 0 1 1 1 1 1 3 5 3 8 19 50 37 14 5 5 8 7 2 1 3 1 1 0 0 0 2 
0 0 0 0 0 0 0 0 0 1 0 1 0 0 1 1 0 0 2 2 1 5 5 9 34 64 36 5 5 6 1 2 0 1 2 0 0 0 1 0 
1 0 0 0 0 0 0 0 0 0 0 1 1 0 0 2 3 2 5 2 4 2 12 17 224 185 31 11 4 3 2 3 0 0 0 0 0 0 0 0 
1 0 0 1 1 0 0 0 0 0 1 0 1 0 0 1 1 1 4 1 3 5 4 12 108 58 12 6 8 5 2 4 1 1 0 0 1 1 1 1 
0 0 0 0 0 0 0 1 0 1 0 1 1 2 2 2 2 1 3 2 4 11 8 20 167 82 38 8 4 2 6 1 4 1 1 0 2 0 0 1 
0 0 0 0 0 0 0 0 0 0 1 2 0 1 2 2 1 2 1 1 1 4 3 15 154 143 37 8 3 0 0 1 0 0 0 0 0 0 0 1 
0 0 0 0 0 0 0 0 0 1 0 1 1 1 2 1 2 1 2 5 7 11 14 30 419 141 31 13 9 2 6 2 2 0 1 0 0 0 0 1 

0 0 0 0 0 0 0 0 0 0 0 0 0 0 0 1 0 1 1 4 0 1 5 1 4 1 0 1 2 0 0 0 0 0 0 0 0 0 0 0 
0 0 0 0 0 0 1 0 0 0 0 0 0 0 0 1 0 1 2 0 0 2 2 3 2 3 1 1 2 3 0 3 0 0 0 0 0 0 1 0 
0 0 0 0 0 0 0 0 0 0 0 0 0 0 0 0 0 1 0 0 1 0 0 4 5 0 0 1 0 0 0 0 1 0 0 0 0 0 0 0 
0 0 0 0 0 0 0 0 0 0 0 0 0 0 0 0 0 0 0 1 0 2 2 5 3 2 1 2 4 1 1 0 1 0 0 0 1 0 0 0 
0 0 0 0 0 0 0 0 0 0 0 2 0 0 0 1 1 1 0 1 0 4 2 4 4 7 7 6 1 2 1 0 0 0 0 0 0 0 0 0 
0 0 0 0 0 0 0 0 0 0 0 0 0 0 0 0 0 0 1 1 4 2 1 0 2 4 5 3 2 0 0 1 0 0 0 1 0 0 0 0 
0 0 0 0 0 0 0 0 0 0 0 0 0 0 0 0 0 0 0 1 1 2 0 3 5 10 18 1 2 1 4 2 1 0 1 0 0 0 0 0 
0 0 0 0 0 0 0 0 0 0 0 0 0 0 0 0 0 2 2 2 2 4 7 6 5 22 15 9 4 4 0 1 1 0 0 0 0 0 0 0 
0 0 0 0 0 0 0 0 0 1 0 0 1 0 0 0 0 2 0 1 0 4 4 0 3 8 13 5 8 3 1 0 0 2 0 0 0 0 0 0 
0 0 0 0 0 0 0 0 0 0 0 0 0 0 0 0 1 0 1 1 0 2 5 4 3 15 11 3 4 1 3 1 3 0 1 1 0 0 0 0 
2 0 0 0 1 0 0 0 0 0 0 0 0 1 1 0 1 2 0 2 2 3 7 11 23 49 17 5 8 1 5 1 2 1 0 0 0 0 0 0 
0 0 0 0 0 0 0 1 1 0 0 1 0 0 1 1 0 0 1 4 6 3 6 11 33 32 25 7 11 6 8 1 2 0 0 0 0 0 0 0 
0 0 0 0 0 0 0 0 0 0 1 1 0 1 0 0 2 0 2 3 1 4 5 11 14 31 37 4 6 2 3 0 1 1 0 0 0 0 0 0 
0 0 0 0 0 0 0 0 0 0 1 0 0 0 0 0 1 3 7 1 2 4 12 17 69 90 28 11 9 3 2 2 0 2 0 0 0 1 1 1 
0 0 0 0 0 0 0 0 0 0 0 0 0 0 0 2 2 2 3 0 3 3 6 15 390 128 18 9 8 1 7 1 1 1 0 0 2 0 0 0 
1 0 0 0 0 0 0 2 0 0 0 1 0 1 0 1 1 0 2 3 1 3 5 13 265 79 32 10 7 3 7 2 1 1 1 0 1 0 0 0 
0 1 0 0 0 0 0 1 0 0 1 0 0 1 1 3 0 0 2 0 5 3 7 18 184 87 18 6 9 2 1 0 0 0 0 1 0 0 0 0 
1 0 0 0 0 0 0 0 1 0 1 0 1 3 0 0 1 1 0 4 1 4 6 6 66 27 13 10 6 4 2 0 0 1 0 0 0 0 0 0 
1 0 0 0 0 0 0 0 0 0 0 0 0 0 0 1 0 0 2 2 0 1 2 5 71 58 52 5 6 3 4 3 3 1 0 0 0 1 0 0 
1 0 0 0 0 1 0 0 0 0 0 2 1 0 1 0 1 3 2 3 3 3 5 4 83 94 23 7 5 1 1 1 0 0 0 0 0 0 0 0 
0 1 2 0 0 0 0 0 0 0 0 0 0 0 0 3 1 1 2 2 0 2 1 10 17 17 11 12 5 3 2 1 0 1 0 1 0 0 1 0 
0 0 0 1 0 0 0 0 1 0 0 1 0 3 2 1 2 1 5 2 2 4 7 10 16 21 28 7 7 2 1 0 0 0 1 0 0 0 0 0 
0 0 0 0 0 0 0 0 0 0 0 1 0 0 0 1 2 2 1 2 3 2 5 9 23 36 14 6 0 1 2 1 0 0 1 0 1 0 0 0 
0 0 0 0 0 0 0 0 1 0 0 0 3 3 2 1 2 2 4 5 4 3 7 20 35 34 22 7 4 5 2 0 3 1 1 0 0 0 0 0 

0 0 0 0 0 0 0 0 0 0 0 0 0 1 0 2 0 0 1 2 1 3 1 7 1 2 1 1 0 3 0 0 1 1 0 0 0 0 0 0 
0 0 0 0 0 0 0 0 0 0 0 0 0 0 0 0 0 0 1 0 0 0 4 1 2 1 2 1 1 3 2 1 0 0 0 0 0 1 0 1 
0 0 0 0 0 0 1 0 0 0 0 0 0 0 0 0 0 0 0 0 1 0 1 1 3 6 2 0 1 0 0 1 0 0 0 0 0 1 0 0 
0 0 0 0 0 0 0 0 1 0 0 0 1 0 0 2 0 0 0 1 0 1 1 8 3 9 2 0 3 0 1 1 0 0 1 0 0 0 0 0 
0 0 0 0 0 0 0 0 0 0 0 1 0 0 0 1 0 2 2 2 1 3 6 7 5 9 7 6 3 0 2 0 0 0 1 0 0 0 0 1 
0 0 0 0 0 0 0 0 0 0 0 0 0 0 0 0 0 0 0 0 2 1 2 7 1 4 5 2 4 1 2 3 0 0 0 0 0 0 0 1 
0 0 0 0 0 1 1 1 0 0 1 0 0 0 0 0 0 0 0 3 1 1 5 6 5 24 23 2 3 2 2 1 1 1 1 1 0 0 0 0 
0 0 0 0 0 1 2 0 0 0 0 0 0 0 0 0 0 1 1 2 3 2 2 7 6 23 20 5 3 2 1 0 0 2 0 0 0 0 0 0 
1 0 0 0 0 0 0 0 0 0 1 0 0 1 0 2 0 1 1 0 0 1 0 5 8 11 11 6 3 0 2 1 1 0 0 0 0 0 0 1 
0 0 0 0 0 0 0 0 0 0 1 0 0 0 1 1 2 1 0 0 0 1 2 5 9 42 32 3 4 0 4 3 2 1 0 0 0 0 0 0 
1 0 0 0 0 0 0 0 0 1 0 0 0 1 2 0 1 1 2 1 2 4 4 11 60 78 35 12 2 1 2 1 3 0 0 0 2 0 0 2 
0 0 0 0 0 0 0 0 0 0 0 0 0 0 0 1 1 2 1 1 7 5 12 17 83 63 33 11 13 7 4 1 4 0 1 2 2 0 0 1 
0 1 0 0 0 0 0 0 0 0 0 0 0 0 0 1 0 2 1 0 1 9 5 8 124 63 31 7 14 3 5 2 2 0 1 2 0 0 1 0 
0 0 0 0 0 0 0 0 0 0 1 2 0 0 0 0 1 0 2 2 1 7 5 10 105 102 19 5 3 0 0 0 2 1 0 2 0 0 0 0 
1 0 0 0 0 0 0 0 1 0 0 0 0 1 1 1 1 2 0 4 1 5 6 13 97 35 17 12 7 3 6 4 3 1 0 0 0 1 1 2 
1 0 0 0 0 0 1 0 0 0 0 1 0 1 1 0 1 2 2 2 2 2 8 16 54 54 35 5 5 5 3 0 3 1 2 0 0 1 2 0 
0 0 0 0 0 0 0 0 0 0 0 1 1 0 0 1 3 0 3 1 4 5 8 7 28 37 16 12 5 2 1 1 0 0 1 0 0 0 0 0 
0 0 0 1 0 1 0 0 0 0 0 0 0 1 0 0 0 1 0 4 2 4 4 8 11 9 11 3 4 2 2 1 4 0 0 1 1 0 0 0 
0 1 0 0 0 0 0 0 0 0 0 0 1 0 0 0 0 1 0 4 0 4 2 8 8 15 12 3 8 2 5 1 1 0 1 0 0 0 1 0 
0 0 0 0 0 0 0 0 0 0 0 0 0 0 0 0 0 0 3 0 1 1 1 8 25 44 19 7 2 0 0 1 0 0 0 0 0 0 0 0 
1 0 0 0 0 0 0 0 1 0 0 1 1 1 1 0 1 1 1 1 2 3 3 6 10 9 11 5 4 4 2 1 2 0 1 1 0 0 0 1 
0 0 0 0 0 0 0 0 0 0 0 0 0 0 0 1 1 0 1 2 3 2 2 1 7 16 21 9 1 1 1 1 2 0 0 1 1 0 1 1 
0 0 0 0 0 0 0 0 0 0 1 1 1 0 0 0 2 1 3 1 4 2 6 2 15 26 10 5 5 2 0 0 1 1 0 0 0 1 0 0 
0 0 0 0 0 0 0 1 0 1 0 0 2 0 1 1 2 3 1 1 3 1 2 4 7 8 11 4 3 5 0 2 0 0 0 0 0 0 0 1 

1 0 0 0 0 0 0 0 0 0 0 0 0 1 0 0 0 1 2 0 1 2 2 10 6 3 4 3 1 0 1 0 0 0 1 0 0 0 0 0 
0 0 0 0 1 0 0 0 0 0 0 0 0 0 0 0 0 0 0 0 1 4 2 6 4 4 4 0 1 3 2 0 0 0 0 0 0 0 0 0 
0 0 0 0 0 0 0 0 0 0 0 0 0 1 0 0 0 0 0 0 2 0 2 5 5 1 7 1 3 2 1 1 1 0 0 0 0 0 0 0 
0 0 0 0 0 1 0 0 0 0 0 0 0 1 0 1 1 0 0 0 0 2 0 4 6 10 9 2 2 1 0 0 1 0 0 0 0 0 0 0 
0 1 0 0 0 0 0 0 0 0 0 0 0 0 2 1 1 0 1 2 2 6 5 12 23 23 15 9 3 5 1 0 0 3 0 1 0 0 0 0 
0 0 0 0 0 0 0 0 0 0 0 0 0 0 0 0 0 0 0 2 5 8 5 25 41 26 11 12 5 4 1 0 0 2 1 1 1 1 0 0 
0 0 0 0 0 0 0 0 0 1 0 1 0 0 0 0 0 1 0 1 0 4 2 10 20 39 33 5 4 4 1 0 1 0 2 0 0 1 1 0 
0 0 0 0 0 0 0 0 0 0 0 1 1 0 0 0 0 2 1 2 3 2 9 18 77 80 34 10 3 3 2 2 1 0 0 1 0 0 0 0 
0 0 0 0 0 0 0 0 0 1 0 0 0 0 0 0 0 1 0 0 4 4 3 15 240 55 23 9 8 3 1 2 2 0 0 0 0 1 0 0 
0 0 0 0 0 0 0 0 0 0 0 1 0 1 0 0 0 0 0 1 2 1 4 10 173 81 52 7 7 1 2 0 2 0 0 1 0 0 0 0 
0 0 0 0 0 0 0 1 0 0 0 0 0 1 1 0 1 1 1 3 5 4 6 11 177 123 29 7 8 0 1 0 1 0 1 1 0 0 1 0 
1 0 0 0 0 0 1 0 0 0 1 0 0 0 0 0 0 3 1 3 5 0 7 7 33 22 14 7 5 3 3 2 1 0 0 0 0 0 0 0 
0 0 0 0 0 0 0 0 0 0 0 0 0 0 0 2 1 1 1 5 2 3 4 9 30 29 33 5 7 1 5 0 2 0 1 0 1 1 1 1 
0 0 0 0 0 0 0 0 1 1 0 0 0 0 0 1 1 1 0 4 5 3 13 11 15 31 13 4 1 1 1 3 0 0 0 0 1 0 1 0 
0 0 0 0 0 0 0 0 0 1 0 0 0 1 1 0 0 0 2 2 3 0 5 7 12 7 6 2 2 2 0 1 0 1 1 0 0 0 0 0 
0 2 0 0 0 0 0 0 0 0 0 0 0 1 0 0 0 1 0 0 2 5 4 8 11 8 19 2 8 2 3 0 2 1 1 0 0 2 0 0 
0 0 0 0 0 0 0 0 0 0 0 1 1 1 1 0 0 1 0 2 0 1 6 6 5 14 8 4 2 1 6 1 0 0 0 0 0 0 0 0 
0 0 0 0 0 0 0 0 0 1 0 0 0 0 0 0 1 0 1 0 2 5 1 2 0 4 4 1 2 2 1 1 2 0 1 1 0 0 0 0 
0 0 0 0 0 0 0 0 0 0 0 0 0 0 0 1 0 1 0 2 1 1 1 1 3 12 8 3 2 0 0 0 2 0 1 1 1 0 0 0 
0 0 0 0 1 0 0 0 1 0 0 0 0 1 1 1 0 2 1 0 0 4 4 5 2 7 8 2 1 1 2 1 0 0 0 0 0 0 0 0 
0 0 0 0 0 0 0 0 0 0 0 0 0 0 0 3 1 0 0 1 0 3 2 4 5 3 11 5 2 0 2 0 1 1 0 0 0 0 0 0 
0 0 0 0 1 1 0 0 1 1 0 0 0 0 0 1 0 2 1 1 1 0 1 4 4 7 15 0 7 1 4 0 1 0 0 0 0 0 0 0 
0 0 0 0 0 0 0 0 0 0 0 0 0 0 0 0 0 0 3 1 1 1 2 6 6 10 4 3 1 0 1 0 0 0 0 0 0 0 0 0 
0 1 0 0 0 0 0 1 0 0 1 0 0 0 1 0 0 0 0 2 4 1 6 10 8 9 12 4 3 3 1 0 0 1 0 0 0 0 0 1 

0 0 0 0 0 0 0 0 0 0 0 1 1 0 0 0 0 2 1 1 0 7 5 22 9 8 6 2 1 1 0 0 0 0 1 0 0 0 0 0 
0 0 0 0 0 0 0 0 0 0 0 0 0 0 0 0 0 0 0 0 1 1 6 13 13 8 5 6 4 3 1 1 0 0 0 0 0 0 1 0 
0 0 0 0 0 0 0 0 0 0 0 0 0 0 0 0 0 0 1 0 3 2 3 4 6 8 6 2 3 1 0 0 0 0 0 0 0 0 0 0 
0 0 0 0 0 0 0 0 0 1 0 0 0 0 0 1 1 0 0 1 0 2 1 10 25 25 25 0 3 0 2 0 1 1 1 0 0 0 0 0 
0 0 0 0 0 0 0 0 0 0 0 0 1 1 1 0 0 2 1 1 2 5 3 17 44 49 22 12 5 3 2 1 2 0 1 1 0 1 1 1 
0 1 0 0 0 0 0 0 0 0 1 1 0 0 0 0 2 0 1 0 5 7 6 22 113 42 30 10 5 7 3 1 2 0 0 1 1 1 1 1 
1 0 0 0 0 0 0 0 0 0 0 0 0 0 0 0 1 0 0 1 2 5 3 15 159 80 48 5 9 1 2 1 1 0 0 1 0 1 1 0 
0 0 0 0 0 0 0 0 0 0 0 0 0 1 0 0 0 0 0 1 2 0 7 12 148 115 24 12 5 0 2 1 0 1 1 0 0 0 0 0 
0 1 0 0 0 0 0 0 0 0 0 0 1 0 0 1 0 1 0 1 1 3 4 6 50 39 13 13 7 1 3 1 0 1 1 2 0 0 0 0 
0 0 0 0 0 0 0 0 0 0 1 0 0 0 1 0 1 0 1 1 1 2 3 8 21 39 26 4 8 2 1 0 0 0 0 0 0 0 0 1 
0 0 0 0 0 0 0 0 0 0 0 1 1 0 2 1 0 1 3 1 0 2 6 6 9 48 18 3 3 1 2 0 0 0 0 0 1 0 0 0 
0 0 0 0 0 0 0 1 0 0 0 0 0 0 1 0 0 1 1 1 3 3 1 3 13 10 14 3 7 4 2 0 5 0 0 0 0 1 0 0 
0 0 0 0 0 0 0 0 0 0 0 0 0 1 0 0 0 1 1 1 3 1 5 5 6 10 14 3 3 5 4 1 1 1 1 0 0 0 0 0 
0 0 0 0 0 0 0 0 0 0 0 0 1 0 0 0 0 1 1 2 3 1 4 8 10 21 9 6 6 1 2 0 1 2 0 0 0 0 0 0 
0 0 0 0 0 0 0 1 0 0 0 0 0 0 0 0 0 0 0 0 2 2 2 2 10 3 20 8 2 1 4 2 0 0 0 0 0 0 1 0 
1 0 0 0 0 0 0 0 0 0 0 0 1 1 0 0 1 1 0 0 2 4 2 7 4 10 11 4 0 3 1 0 1 0 0 0 1 0 1 0 
0 0 0 0 0 0 0 0 0 0 1 0 0 0 0 0 0 0 2 2 1 3 3 7 9 9 7 2 0 2 4 0 0 0 1 0 0 0 0 0 
1 0 0 0 0 0 0 0 0 0 0 0 0 0 1 0 0 1 1 0 1 1 3 4 1 2 5 1 3 1 1 1 0 0 0 0 1 0 1 0 
0 0 0 0 0 0 0 0 0 0 1 0 0 0 1 0 0 1 1 2 1 1 2 2 3 6 4 0 0 2 0 3 0 0 0 0 1 0 0 0 
0 0 0 0 1 0 0 0 0 0 0 0 0 0 0 0 0 0 4 1 4 0 3 4 7 9 4 2 1 0 0 0 1 0 0 0 0 0 0 0 
0 0 0 0 0 0 0 0 0 0 0 0 0 0 0 0 0 0 2 0 0 0 1 1 1 5 3 6 2 0 2 0 1 0 0 0 0 1 0 0 
0 0 0 0 0 0 0 0 0 1 0 0 0 0 0 0 1 2 2 1 0 1 1 1 0 6 7 1 3 0 0 0 0 1 0 0 0 0 0 0 
0 0 0 0 0 0 0 0 0 0 0 2 0 0 1 0 0 0 0 0 3 2 2 4 7 8 2 2 2 0 0 0 0 0 0 0 0 0 0 0 
0 0 0 0 0 0 0 0 0 1 0 0 0 0 1 0 0 0 1 1 1 1 0 2 4 3 2 0 1 0 0 0 0 0 0 0 0 0 0 0 

0 0 0 0 0 0 0 1 0 0 1 0 0 0 0 0 0 0 0 2 1 5 3 35 34 19 5 2 3 0 0 0 1 0 0 0 1 0 0 0 
0 1 0 0 0 0 0 1 0 0 0 0 0 0 0 1 0 0 0 2 5 4 3 24 74 19 7 3 10 2 2 0 2 0 0 0 1 2 0 0 
0 0 0 0 0 0 0 0 0 0 0 0 0 1 1 0 0 1 0 3 6 5 12 41 238 44 10 8 6 1 1 0 1 1 1 1 0 0 0 1 
0 0 0 0 0 0 0 0 0 0 0 0 1 1 0 0 0 0 0 4 0 5 3 18 266 40 29 4 1 1 4 0 1 1 0 0 0 0 0 0 
0 0 0 0 0 0 0 0 1 0 1 1 0 0 0 0 0 1 0 2 4 5 10 30 468 62 9 3 4 2 2 2 1 1 0 0 0 0 0 0 
0 0 0 0 0 0 0 0 0 0 0 0 0 0 0 2 0 0 2 1 0 3 2 8 38 16 15 6 6 6 5 4 0 1 1 0 1 1 1 0 
0 0 0 0 0 1 0 0 0 0 0 0 0 0 0 2 0 1 0 1 1 2 4 7 29 39 35 4 3 2 3 0 0 0 0 0 1 0 0 0 
0 0 0 0 0 1 0 0 0 0 0 0 0 0 0 1 0 0 2 2 2 4 4 12 12 37 18 3 3 0 1 1 0 0 0 0 0 0 0 0 
0 0 0 0 0 0 0 0 0 0 0 0 0 0 1 0 0 0 0 1 2 2 1 3 9 2 3 3 1 1 0 2 0 0 0 0 0 0 0 0 
0 0 0 0 0 0 0 0 0 1 0 0 0 0 0 1 0 0 1 0 1 1 2 7 4 12 9 3 6 1 2 1 2 0 3 0 0 1 0 1 
0 0 0 0 0 0 0 0 0 0 0 0 0 1 0 1 1 0 2 2 2 1 4 10 5 7 6 5 4 0 0 0 0 1 0 0 0 0 0 0 
0 0 0 0 0 0 0 0 0 0 0 1 0 0 0 1 0 0 1 0 1 2 1 2 5 3 2 2 3 3 2 1 2 0 1 0 0 0 1 0 
0 0 0 0 0 1 0 0 0 0 0 0 0 0 1 0 0 0 1 0 0 2 0 0 8 8 9 4 4 1 3 1 0 1 0 1 0 0 0 0 
0 0 0 0 0 0 0 1 0 0 0 0 0 0 0 1 0 1 0 0 0 1 2 3 3 8 3 1 1 1 0 0 0 1 1 1 0 0 0 0 
0 0 0 0 0 0 0 0 0 0 0 0 0 0 0 0 0 1 0 0 0 1 1 2 1 5 3 3 1 2 0 0 0 1 2 0 1 0 0 0 
0 0 0 0 0 0 0 1 0 0 0 0 0 1 0 0 2 1 1 0 1 1 1 1 5 1 10 1 3 0 1 1 4 0 0 0 0 0 2 0 
0 0 0 0 0 0 1 0 0 0 0 0 0 1 0 0 0 1 1 0 1 1 0 4 0 5 2 1 4 0 1 0 0 0 0 0 0 0 0 0 
0 0 0 0 0 0 0 0 0 0 0 0 0 0 0 0 0 0 0 0 1 1 0 0 1 0 1 0 1 0 0 1 0 0 0 0 0 0 0 0 
0 0 0 0 0 0 0 0 0 0 1 0 0 1 0 0 0 1 0 0 1 1 4 3 4 6 3 0 3 3 0 0 1 0 0 0 0 0 0 0 
0 0 0 0 0 0 0 1 0 0 0 0 0 0 0 0 1 1 2 1 2 1 0 2 2 3 3 1 2 0 0 0 0 0 0 0 0 0 0 0 
0 0 0 0 0 0 0 0 0 0 0 0 0 0 0 0 0 0 1 0 1 0 0 1 4 5 3 3 1 1 1 0 1 0 0 1 0 0 0 0 
0 0 0 0 0 0 0 0 0 0 0 0 0 0 0 0 0 0 1 2 0 0 1 3 1 5 7 0 0 1 3 0 0 0 0 0 0 0 0 0 
0 0 0 0 0 0 0 0 0 0 0 1 0 0 0 0 1 2 1 0 0 2 0 1 1 4 2 0 1 1 0 0 0 0 0 1 0 0 0 0 
0 0 0 0 0 0 0 0 0 0 0 0 1 0 0 1 1 0 0 2 1 1 3 4 1 6 4 6 2 0 2 0 0 0 0 0 0 0 0 0 

0 0 0 1 0 0 0 0 0 0 0 0 0 0 0 1 0 1 0 0 0 4 4 58 408 16 4 1 2 0 1 1 0 0 1 0 0 0 1 0 
0 0 0 0 0 0 0 0 0 0 0 0 0 0 0 1 0 1 1 0 1 1 2 30 279 23 10 5 6 4 1 0 0 1 1 1 0 0 0 2 
0 0 0 0 0 0 0 0 0 0 0 0 2 0 0 0 3 0 1 0 3 3 6 8 110 17 13 4 3 3 2 4 1 2 1 0 0 0 1 0 
0 0 0 0 0 0 0 0 0 1 0 0 0 0 0 0 0 0 0 0 1 2 2 6 57 18 14 2 2 1 0 2 1 0 1 0 1 0 0 0 
0 0 0 0 0 0 0 0 1 0 0 0 0 0 0 1 1 0 1 1 1 2 3 17 15 24 9 3 3 1 1 0 0 0 0 1 0 0 0 0 
0 0 0 0 0 0 0 0 0 0 0 0 0 0 0 0 0 1 0 1 1 2 1 6 8 12 3 8 6 3 2 1 1 0 2 0 0 0 1 1 
0 0 0 0 0 0 1 0 0 0 0 0 0 0 0 0 0 0 1 2 1 4 5 6 10 17 18 3 3 1 1 2 2 1 0 0 0 0 0 0 
0 0 0 0 0 0 0 0 0 0 0 0 0 1 0 0 0 1 0 3 0 3 4 9 1 16 16 2 2 1 3 1 1 0 2 0 1 0 0 0 
0 0 0 0 0 0 0 0 0 0 0 0 0 0 0 0 0 0 0 1 1 2 2 3 1 4 5 2 3 5 1 1 0 1 0 0 0 0 0 0 
0 0 0 0 0 1 0 0 0 0 0 0 0 0 1 0 0 1 0 2 1 0 1 4 5 6 7 2 2 1 2 1 3 0 0 0 0 0 0 1 
0 0 0 0 0 0 0 0 1 0 0 0 0 0 0 0 0 0 0 2 2 5 5 5 4 12 11 6 3 0 0 1 0 0 0 1 0 0 0 0 
0 0 0 0 0 0 0 0 0 0 0 0 0 0 0 1 0 0 3 1 1 3 2 0 3 3 3 4 1 1 0 0 0 0 0 0 0 1 0 0 
0 0 0 0 0 0 0 0 0 0 0 0 0 1 0 0 0 0 0 0 1 0 2 2 2 1 2 3 3 1 2 0 0 0 0 0 0 0 0 0 
0 0 0 0 0 0 0 0 0 0 0 0 1 0 0 0 2 0 0 0 3 1 1 0 0 8 3 3 0 0 1 0 0 0 0 1 0 0 0 0 
0 0 0 0 0 0 0 0 1 0 0 0 0 0 0 0 0 0 0 0 0 1 0 4 0 0 1 0 0 1 1 0 1 0 0 1 1 0 0 0 
0 0 0 0 0 0 0 0 0 0 1 1 1 0 0 0 0 0 0 1 2 3 1 0 4 2 6 4 4 2 2 1 0 0 3 0 1 0 0 0 
0 0 0 0 0 0 0 1 0 0 0 0 0 0 0 1 0 1 0 0 1 1 0 0 0 2 1 3 0 0 0 0 0 0 0 0 0 0 0 0 
0 0 0 0 0 0 0 0 0 0 0 0 0 0 0 0 0 0 0 1 0 0 1 0 0 0 1 0 0 0 0 0 0 0 0 0 1 0 0 0 
0 0 0 0 0 0 0 0 0 1 0 0 0 0 0 0 0 1 0 0 0 1 2 0 0 0 4 0 3 0 0 0 0 0 0 0 1 0 0 0 
0 0 0 0 0 0 0 0 0 0 0 0 0 0 0 1 0 0 1 0 1 0 0 2 4 8 5 3 3 0 0 0 0 0 0 0 0 0 0 0 
1 0 0 0 0 0 0 0 0 0 0 0 0 0 0 1 0 0 0 1 1 0 1 2 2 1 0 1 2 1 1 1 0 0 0 0 0 0 0 0 
0 0 0 0 1 0 0 0 0 0 0 1 0 0 0 0 0 0 0 0 0 0 2 0 0 1 5 0 2 0 1 2 0 0 0 0 1 0 0 0 
0 0 0 0 0 0 0 0 0 0 0 0 0 0 1 1 0 2 0 1 0 1 0 1 2 7 1 0 1 0 0 0 0 0 0 0 0 0 0 0 
0 0 0 0 0 0 0 0 0 0 0 0 0 0 0 0 0 0 1 0 0 0 2 0 1 0 1 2 1 0 1 0 0 0 0 0 0 0 0 0 

0 0 0 0 0 0 0 0 1 0 0 0 0 0 0 0 0 2 0 0 0 2 1 39 52 9 4 2 1 0 1 0 0 0 0 0 0 0 0 0 
0 0 0 0 0 0 0 0 0 0 1 0 0 0 0 0 0 0 0 0 0 0 4 10 16 4 2 1 3 1 0 0 0 0 0 0 0 0 0 0 
0 0 0 0 0 0 0 0 0 0 0 0 0 0 0 1 0 0 0 2 1 1 3 5 3 5 1 1 1 2 1 1 0 1 0 0 0 0 1 0 
0 0 0 0 0 0 0 0 0 1 0 0 0 0 0 1 0 1 2 0 0 0 0 5 9 7 13 0 3 1 2 1 0 0 2 0 0 0 0 0 
0 0 0 0 0 0 0 0 0 0 0 1 0 0 0 0 0 0 0 0 1 2 5 2 4 8 7 2 0 1 0 0 0 0 0 0 0 1 0 0 
0 0 0 0 0 0 0 0 0 0 0 0 0 0 0 0 1 0 1 0 1 1 1 3 2 2 0 4 3 0 1 0 0 0 0 0 0 1 0 0 
0 0 0 1 0 0 0 0 0 0 0 0 0 0 0 0 0 0 0 2 2 3 1 3 6 9 8 0 3 2 1 0 0 0 0 1 0 0 0 0 
0 0 0 0 0 0 0 0 0 1 0 0 0 0 0 0 0 2 1 0 1 1 0 4 2 5 3 1 1 0 0 0 0 0 0 0 0 0 0 0 
0 0 0 0 0 0 0 0 0 0 0 1 0 0 0 0 1 0 0 0 1 0 1 0 0 2 6 3 1 1 1 0 0 0 1 0 0 0 0 0 
0 0 0 0 1 0 0 0 0 0 0 0 0 0 0 0 0 0 1 2 0 0 1 3 1 3 10 4 1 1 1 2 0 0 0 0 0 0 0 0 
0 0 0 0 0 0 0 0 0 0 0 0 0 0 0 0 0 0 0 0 0 1 1 0 1 6 1 1 0 0 1 0 0 0 0 0 0 0 0 0 
0 0 0 0 0 0 0 0 0 0 0 0 0 0 0 0 0 0 0 0 1 1 1 1 0 1 2 5 3 0 0 1 0 0 0 0 0 0 1 0 
0 0 0 0 0 0 0 0 0 0 0 0 0 0 0 0 0 0 0 0 0 2 1 1 0 1 4 2 2 1 2 1 0 1 0 0 0 0 0 0 
0 0 0 0 0 0 0 0 0 0 0 0 0 0 0 0 0 0 1 0 0 0 1 3 0 4 2 2 1 1 0 0 0 0 1 0 0 0 0 0 
0 0 0 0 0 0 0 0 0 0 0 0 0 0 0 1 0 0 0 1 0 1 0 0 2 0 4 2 0 2 0 0 1 0 0 0 0 0 0 0 
0 0 0 0 0 0 0 0 0 0 0 0 1 0 0 0 0 1 1 0 0 0 0 1 1 0 5 3 0 0 2 1 0 0 0 0 0 0 1 0 
0 0 0 0 0 1 0 0 0 0 0 0 0 0 0 0 0 0 1 0 1 0 0 0 0 4 1 0 1 1 0 0 0 0 0 0 0 0 0 1 
0 0 0 0 0 0 0 0 0 0 0 0 0 0 0 0 0 2 0 0 0 1 1 1 0 1 2 1 2 0 0 0 0 0 0 0 0 0 0 0 
0 0 0 0 0 0 0 0 0 0 0 0 0 0 0 1 0 0 0 1 0 0 0 1 0 1 1 0 1 0 0 0 0 0 0 0 1 0 0 0 
0 0 0 0 0 0 0 0 0 0 0 0 0 0 1 0 0 0 1 1 0 0 1 2 2 2 0 0 1 1 0 0 0 0 0 0 0 0 0 0 
0 0 0 0 0 0 0 0 1 0 0 0 0 0 0 0 0 0 1 2 0 0 0 0 0 0 0 0 1 1 0 0 0 0 0 0 0 0 0 0 
0 0 0 0 0 0 0 0 0 0 0 0 0 0 0 0 0 0 1 0 0 1 1 1 1 1 0 0 2 0 1 1 2 0 0 0 0 0 0 0 
0 0 0 0 0 0 0 0 0 0 0 0 0 0 0 0 0 2 0 0 0 2 0 0 2 2 0 0 1 0 0 0 1 0 0 0 0 0 0 0 
0 0 0 0 0 0 0 0 0 0 0 0 0 0 0 0 0 0 0 0 0 2 0 3 1 2 1 0 0 1 0 0 0 0 0 0 0 0 0 1 

0 1 0 0 0 0 0 0 0 0 0 0 0 1 0 0 0 0 0 0 1 0 2 10 13 1 4 1 2 1 0 0 1 0 0 0 0 0 0 0 
0 0 0 0 0 1 0 1 0 0 0 0 0 0 0 0 0 1 0 1 2 1 2 4 5 2 0 1 0 1 1 0 0 0 0 0 1 1 0 0 
0 0 0 0 0 0 0 0 0 1 0 0 0 0 0 0 0 0 0 0 0 0 2 6 2 1 0 3 2 2 3 1 1 0 0 0 1 0 1 1 
0 0 0 0 1 0 0 0 0 0 0 0 0 0 0 0 0 0 0 1 0 0 0 2 4 5 5 0 2 0 1 0 0 1 0 0 0 0 0 0 
0 0 0 0 0 0 0 0 0 0 0 0 0 0 0 0 0 1 0 0 0 0 1 6 2 5 5 2 2 1 0 0 1 0 0 0 0 0 0 0 
0 0 0 0 0 0 0 0 0 0 0 0 0 0 1 0 0 0 0 0 0 3 0 0 0 1 3 3 2 2 2 2 0 0 0 0 0 0 0 2 
0 0 0 0 0 0 0 0 0 0 0 0 0 0 0 0 0 0 0 0 1 1 0 1 0 3 5 0 3 0 1 1 1 0 0 0 1 0 0 0 
0 0 0 0 0 0 0 0 0 0 0 0 0 0 0 0 0 1 0 0 2 2 1 4 5 0 1 1 1 2 0 0 0 0 0 0 0 0 0 0 
0 0 0 0 0 0 0 0 0 0 0 0 0 0 0 0 1 0 0 0 0 1 0 0 1 0 4 1 1 2 1 0 0 0 0 0 0 0 0 0 
0 0 0 0 0 0 0 0 0 0 0 0 0 0 1 0 0 0 0 0 0 0 1 1 0 1 1 0 1 0 0 0 0 0 0 1 0 0 0 1 
0 0 0 0 0 0 0 0 0 0 1 0 0 0 0 0 0 0 1 2 1 1 0 1 2 2 3 1 1 1 1 0 0 0 0 0 0 0 0 0 
0 0 0 0 0 0 0 1 0 0 0 0 0 0 0 0 0 0 0 1 0 1 1 0 0 0 5 1 0 2 0 0 0 0 0 0 0 0 0 1 
0 0 0 0 0 0 0 0 0 1 0 0 0 0 0 0 0 0 0 0 0 0 1 0 0 0 2 3 0 1 1 0 2 0 0 0 0 0 0 0 
0 0 0 0 0 0 0 0 0 0 0 0 0 0 0 0 0 0 0 0 0 0 0 3 0 0 4 0 0 1 1 0 0 0 0 0 0 0 0 0 
0 0 0 0 0 0 1 0 0 0 0 0 0 0 0 0 0 0 0 1 0 0 0 1 0 0 0 0 0 0 0 0 0 0 0 0 0 0 0 0 
0 0 0 0 0 0 0 0 0 0 0 0 1 0 0 0 0 0 0 0 0 0 1 0 0 0 1 1 0 1 1 0 1 0 0 0 0 0 0 0 
0 0 0 0 0 0 0 0 0 1 1 0 0 0 0 0 1 0 0 0 1 0 3 0 1 2 0 0 1 0 0 0 0 0 0 0 0 0 0 0 
0 0 0 0 0 0 0 0 0 1 0 0 1 0 0 0 0 0 0 0 0 0 0 0 2 1 0 0 1 0 0 0 0 0 0 0 0 0 0 0 
0 0 0 0 0 0 0 0 0 0 0 0 0 0 0 0 0 0 1 0 0 0 0 0 1 1 1 4 0 0 0 0 0 0 0 0 0 0 0 0 
0 0 0 0 0 0 0 0 0 0 0 0 0 0 1 0 1 1 0 0 0 0 0 2 1 2 1 0 0 0 0 0 0 0 1 0 0 1 0 0 
0 0 0 0 0 0 0 0 0 0 0 0 0 0 0 1 0 0 0 0 0 0 0 0 0 0 1 3 0 1 0 0 0 0 0 0 0 0 0 0 
0 0 0 0 0 0 0 0 0 0 0 0 1 0 0 0 0 0 0 0 0 2 0 1 0 1 3 0 1 1 1 0 0 0 0 0 0 0 0 0 
0 0 0 0 0 0 0 0 0 0 0 0 0 1 1 0 0 0 0 1 0 2 1 0 2 2 1 0 0 3 1 0 0 0 0 0 0 0 0 0 
0 0 0 0 0 0 0 0 0 0 0 0 0 0 1 0 1 0 0 0 0 0 1 1 0 0 1 0 0 0 0 0 0 0 0 0 0 0 0 0 

0 0 0 0 0 0 0 0 0 0 0 0 0 0 0 0 0 1 0 1 0 2 1 4 3 0 0 1 0 0 1 0 0 0 0 0 0 0 0 0 
0 0 0 0 0 0 0 0 0 0 0 0 0 0 0 0 0 0 0 0 1 0 1 0 0 1 1 0 2 0 0 0 0 0 0 0 0 0 0 0 
0 0 0 0 0 0 0 0 0 0 0 0 0 0 0 0 0 0 0 0 0 2 2 0 1 1 0 1 0 0 0 0 0 0 0 0 0 0 0 0 
0 0 0 0 0 0 0 0 0 0 0 0 1 0 1 0 0 0 0 2 0 0 0 1 5 2 5 0 1 0 0 0 0 0 0 0 0 0 0 0 
0 0 0 0 0 0 0 0 0 0 0 1 1 0 0 0 0 0 0 1 1 0 1 1 0 0 1 0 1 0 1 0 0 0 0 0 0 0 0 0 
0 1 0 0 0 0 0 0 0 0 0 0 0 0 0 0 0 0 0 0 0 0 0 0 1 1 2 0 2 1 1 0 1 0 0 0 0 0 0 0 
0 0 0 0 0 0 0 0 0 0 0 0 0 0 0 0 0 0 0 0 1 0 1 2 3 4 5 0 3 0 1 0 1 1 0 0 0 0 0 0 
0 0 0 0 0 0 0 0 0 0 0 0 0 0 0 0 0 0 0 1 0 0 2 1 0 5 2 0 2 0 0 0 0 0 0 0 0 0 0 0 
0 0 0 0 0 0 0 0 0 0 0 0 0 0 0 0 0 0 0 0 0 1 1 1 1 1 4 1 2 0 1 0 0 0 0 1 0 0 0 0 
0 0 0 0 0 0 0 0 0 0 0 0 0 0 0 0 0 0 1 1 1 0 1 1 0 1 2 0 0 0 0 0 0 0 0 0 0 0 0 0 
0 0 0 0 0 0 0 0 0 1 0 0 0 1 0 0 0 0 0 0 0 0 4 0 0 2 3 1 0 1 0 0 0 0 0 0 0 0 0 0 
0 0 0 0 0 0 0 0 0 0 0 0 0 0 0 0 0 0 0 0 0 0 0 0 0 0 2 3 1 0 0 0 0 0 0 0 0 0 0 1 
0 0 0 0 0 0 0 0 1 0 0 0 0 0 0 0 0 1 0 2 0 0 0 0 0 0 2 0 1 0 3 0 0 1 0 0 0 0 0 0 
0 0 0 0 0 0 0 0 0 0 0 0 0 0 0 0 0 0 0 0 0 0 2 0 2 2 1 0 1 1 0 0 0 0 0 0 0 0 0 0 
0 0 0 0 0 0 0 0 0 0 0 0 0 0 0 0 0 0 0 1 0 0 3 0 0 0 0 2 1 1 0 0 0 0 0 0 0 0 0 0 
1 0 0 0 0 0 0 0 0 0 0 0 0 0 0 0 0 2 2 0 0 0 0 2 0 0 4 0 2 0 0 0 0 0 0 0 0 0 0 0 
0 0 0 1 1 0 0 0 0 0 0 0 0 0 0 0 0 0 1 0 0 0 0 2 1 2 2 1 0 0 0 0 0 0 0 0 0 0 0 0 
0 0 0 0 0 0 0 0 0 0 0 0 0 0 0 0 0 0 0 0 0 0 0 0 0 0 0 1 1 1 1 1 0 0 0 0 0 0 0 0 
0 0 0 0 0 0 0 0 0 0 0 0 0 0 0 0 0 0 0 0 1 0 0 0 2 1 0 1 1 0 0 0 0 0 0 0 0 0 0 0 
0 0 0 0 0 0 0 0 0 0 0 0 0 1 0 1 0 0 0 0 0 1 0 0 1 1 1 0 0 0 0 0 0 0 0 0 0 0 0 0 
0 0 0 0 0 0 0 0 0 0 0 0 0 1 0 0 0 0 0 1 0 0 0 0 0 1 0 0 0 0 0 0 0 0 0 0 0 0 0 0 
0 0 0 0 0 0 0 0 0 0 0 1 1 0 0 0 0 1 1 0 0 1 0 1 1 1 0 2 1 0 1 0 1 0 0 0 0 0 0 0 
0 0 0 0 0 0 0 0 1 0 0 0 0 0 0 0 0 1 0 0 0 0 1 3 0 0 0 0 0 0 0 0 0 0 0 0 0 0 0 0 
0 0 0 0 0 0 0 0 0 0 0 0 0 0 0 0 0 0 0 1 1 1 1 1 1 0 0 1 0 0 0 0 0 0 0 0 0 0 0 0 

0 0 0 0 0 0 0 0 0 0 0 0 0 0 0 0 1 0 1 0 0 2 1 3 2 1 0 0 0 0 0 1 0 0 0 0 0 0 0 0 
1 0 0 0 0 0 0 0 0 0 0 0 0 0 0 0 0 0 0 0 0 0 0 1 1 3 1 1 1 1 0 0 0 0 0 0 0 1 0 0 
0 0 1 0 0 0 0 0 0 0 0 0 0 0 0 0 0 0 0 1 1 0 0 1 1 0 0 0 0 0 1 0 0 0 0 0 0 0 0 1 
0 0 0 0 0 0 0 0 0 0 0 0 0 0 0 0 0 0 1 0 1 0 0 1 1 2 1 1 0 0 1 0 0 0 0 0 0 0 0 0 
0 0 0 0 0 0 0 0 1 0 0 0 0 0 0 0 0 0 0 0 2 0 3 5 0 3 1 2 0 0 0 0 0 0 0 0 0 0 0 0 
0 0 0 0 0 0 0 0 0 0 0 0 0 0 0 0 0 0 2 0 2 1 2 0 0 0 1 0 1 0 0 0 0 0 0 0 0 0 0 0 
0 0 0 0 0 0 0 0 0 0 0 0 0 0 0 0 0 0 0 0 0 1 1 0 1 0 3 0 0 0 0 0 0 0 0 0 0 0 0 0 
0 0 0 0 0 0 0 0 0 1 0 0 0 0 0 0 0 0 0 0 1 1 2 1 3 3 1 2 0 1 0 0 1 0 0 0 0 0 0 0 
0 0 0 0 0 0 0 0 0 0 0 0 0 0 0 0 0 0 0 0 1 1 0 3 1 0 0 0 0 1 0 0 0 0 0 0 0 0 0 0 
0 0 0 0 0 0 0 0 0 0 0 0 0 0 0 0 0 0 0 0 0 0 1 0 0 0 2 1 1 2 1 1 0 0 0 0 0 0 0 0 
0 0 0 0 0 0 0 0 0 0 0 0 0 0 0 1 0 0 0 1 0 1 0 1 1 1 4 1 0 0 0 0 0 0 0 0 0 0 0 0 
0 0 0 0 0 0 0 0 0 0 0 0 0 0 0 0 0 0 1 0 0 0 0 0 0 0 0 1 1 0 0 0 0 0 0 1 0 0 0 0 
0 0 0 0 0 0 0 0 0 0 0 1 0 0 0 0 0 0 0 0 0 0 0 1 1 1 0 2 1 0 1 1 0 0 0 1 0 0 0 0 
0 0 0 0 0 0 0 0 0 0 0 0 0 0 0 0 0 0 0 0 1 0 1 2 1 1 2 1 1 0 1 0 0 0 0 0 0 0 0 0 
0 0 0 0 0 0 0 0 0 0 0 0 0 0 0 0 0 0 1 0 1 0 0 0 1 0 0 0 1 0 0 0 0 1 0 0 0 0 0 0 
0 0 0 0 0 0 0 0 0 0 0 0 0 0 0 0 0 0 0 1 1 0 0 0 0 0 1 0 1 0 0 1 0 0 0 0 0 0 0 0 
0 0 0 0 0 0 0 0 0 0 0 0 0 0 0 0 0 0 0 0 0 0 2 2 0 2 0 0 0 0 0 1 0 0 0 0 0 0 0 0 
0 0 0 0 0 0 0 0 0 0 0 0 1 0 0 0 0 0 0 0 0 0 0 0 1 0 0 0 0 1 0 0 0 0 0 0 0 0 0 0 
0 0 0 0 0 0 0 0 0 0 0 0 0 0 0 0 0 0 1 0 0 1 1 0 0 1 0 2 0 0 1 0 0 0 0 0 0 0 0 0 
0 0 0 0 0 0 0 0 0 0 0 0 0 0 0 0 1 0 0 0 0 0 0 1 1 2 0 2 0 0 0 0 0 0 0 0 0 0 0 0 
0 0 0 0 0 0 0 0 0 0 0 1 0 0 0 0 0 0 0 0 0 0 0 0 0 0 0 1 1 0 0 0 0 0 0 0 0 0 0 0 
0 0 0 0 0 0 0 0 0 0 0 0 0 0 0 1 0 0 0 0 0 0 0 0 0 1 2 0 2 0 0 0 0 0 0 0 0 0 0 0 
0 0 0 0 0 0 0 1 0 0 0 0 0 0 0 0 0 0 0 0 0 0 0 0 1 1 0 0 1 0 0 1 0 1 0 0 0 0 0 0 
0 0 1 0 0 0 0 0 0 0 0 0 0 0 0 0 0 0 0 0 0 0 0 0 0 1 1 0 0 0 0 0 0 0 0 0 0 0 0 0 

0 0 0 0 0 0 0 0 0 0 0 0 0 0 0 0 0 0 0 0 0 1 2 3 0 0 0 0 0 0 0 0 0 0 0 0 0 0 0 0 
0 0 1 0 0 1 0 1 0 0 0 0 0 0 0 0 0 0 0 0 0 0 1 0 0 0 2 0 0 1 0 0 0 0 0 0 0 0 0 0 
0 0 0 0 1 0 0 0 0 0 0 0 0 0 0 0 0 0 0 0 0 0 0 0 0 0 1 1 0 0 0 0 0 0 0 0 0 0 0 0 
0 1 0 0 0 0 0 0 0 0 0 0 0 0 0 0 0 0 0 0 0 0 0 1 1 1 3 0 0 0 1 0 0 0 0 0 0 0 0 0 
0 0 0 0 0 0 0 0 0 0 0 0 0 0 0 0 0 0 2 0 0 2 1 2 1 0 1 0 0 2 0 0 0 0 0 0 0 0 0 0 
0 0 0 0 0 0 0 0 0 0 0 0 0 0 0 0 0 0 0 0 0 0 0 1 4 0 0 1 1 0 0 1 0 0 0 0 0 0 0 0 
0 0 0 0 0 0 0 0 0 0 0 0 0 0 0 0 0 0 0 0 1 1 1 1 1 2 2 0 0 0 1 0 0 0 0 0 0 0 0 1 
0 0 0 0 0 0 0 0 0 0 0 0 0 0 0 0 0 0 1 0 0 0 0 0 0 1 2 1 1 1 0 0 0 0 0 0 0 0 0 0 
0 0 0 0 0 0 0 0 0 0 0 0 0 0 0 0 0 1 0 0 1 1 0 0 0 1 0 0 0 0 0 0 0 0 0 0 0 0 0 0 
0 0 0 0 0 0 0 0 0 0 1 0 0 0 0 0 0 0 0 0 1 1 1 1 2 1 1 1 0 0 0 0 1 0 1 0 0 0 0 0 
0 0 0 0 0 0 0 0 0 0 0 0 0 0 0 0 0 0 0 0 0 0 0 0 0 4 1 2 1 0 0 1 0 1 0 0 0 0 0 0 
0 0 0 0 0 0 0 0 0 0 0 0 0 0 0 0 0 0 0 0 0 0 0 1 0 0 0 1 0 0 1 0 0 0 0 0 0 0 0 0 
0 0 0 0 0 0 0 0 0 0 0 0 0 0 0 0 0 0 0 0 1 0 1 1 1 1 1 0 1 0 0 0 0 0 0 0 0 0 0 0 
0 0 0 0 0 0 0 0 0 0 0 0 0 0 0 0 1 0 0 0 0 0 0 0 0 0 0 0 0 0 0 0 0 0 0 0 0 0 0 0 
0 0 0 0 0 0 0 0 0 0 0 0 0 0 0 0 0 0 0 0 0 0 0 0 0 0 0 0 0 0 0 0 0 0 0 0 0 0 0 0 
0 0 0 0 0 0 0 0 0 0 0 0 0 0 0 0 1 0 0 0 0 0 0 0 2 1 0 1 0 0 1 0 0 0 0 0 0 0 0 0 
0 0 0 0 0 0 0 0 0 1 0 0 0 0 0 0 1 0 0 1 1 0 1 0 0 1 1 0 0 0 0 0 0 0 0 0 1 0 0 0 
0 0 0 0 0 0 0 0 0 0 0 0 0 0 0 0 0 0 0 1 0 0 0 0 0 0 0 0 0 0 0 0 0 0 0 0 0 0 0 0 
0 0 0 0 0 0 0 0 0 0 0 0 0 0 0 0 1 1 0 0 0 1 0 0 0 0 0 0 0 0 1 0 0 0 0 0 0 0 0 0 
0 0 0 0 0 0 0 0 0 0 0 0 0 0 0 0 0 0 1 0 1 0 0 0 0 2 0 1 2 0 0 0 0 0 0 0 0 0 0 0 
0 0 0 0 0 0 0 0 0 0 0 0 0 0 0 0 0 0 0 0 0 0 0 1 0 0 0 0 0 0 0 0 0 0 0 0 0 0 0 0 
0 0 0 0 0 0 0 0 0 0 0 0 1 0 0 0 0 0 0 1 0 0 0 0 0 1 0 0 0 0 0 0 0 0 0 0 0 0 0 0 
0 0 0 0 0 0 0 0 0 0 0 0 0 0 0 0 0 0 1 0 0 0 0 0 0 0 0 1 0 0 1 0 1 0 0 0 0 0 0 0 
0 0 0 0 0 0 0 0 0 0 0 0 0 0 0 0 0 0 0 0 0 0 0 0 0 2 1 0 0 0 1 0 0 0 0 0 0 0 0 0 

0 0 0 0 0 0 0 1 0 0 0 0 0 0 0 0 0 0 0 0 0 0 0 1 1 0 0 1 0 0 0 0 0 0 0 0 0 0 0 0 
0 0 0 0 1 0 0 0 1 0 0 0 0 0 0 0 1 0 0 0 0 0 1 2 0 0 0 1 0 0 0 0 0 0 0 0 0 0 0 0 
0 0 0 0 0 0 0 0 0 0 0 0 0 0 0 0 0 0 0 0 0 0 1 1 1 0 0 1 0 0 0 0 0 0 0 0 0 0 0 0 
0 0 0 0 0 0 0 0 0 0 0 0 0 0 0 0 0 0 0 0 1 0 0 0 1 1 0 0 0 0 0 0 0 0 0 0 0 0 0 0 
0 0 0 0 0 0 0 0 0 0 0 0 0 0 0 0 0 0 0 0 0 0 1 3 0 1 0 2 0 0 0 0 0 0 0 0 0 0 0 0 
0 0 0 0 0 0 0 0 0 0 0 0 0 0 0 0 0 0 0 0 0 0 0 0 0 0 0 0 0 0 0 0 0 0 0 1 0 0 0 0 
0 0 0 0 0 0 0 0 0 0 0 0 0 0 0 0 0 0 0 0 2 0 0 0 0 2 1 0 1 0 0 0 0 0 0 0 0 0 0 0 
0 0 0 0 1 0 0 0 0 0 0 0 0 0 0 0 0 0 0 1 0 2 0 0 1 1 1 0 2 0 0 0 0 0 0 0 0 0 0 0 
0 0 0 0 0 0 0 0 0 0 0 0 0 0 0 0 0 0 0 0 0 0 1 0 0 0 0 0 0 0 0 0 0 0 0 0 0 0 0 0 
0 0 0 0 0 0 0 0 0 0 0 0 0 0 0 0 0 0 0 0 0 0 0 0 0 0 0 0 0 0 0 0 0 0 0 0 0 0 0 0 
0 0 0 0 0 0 0 0 0 0 0 0 1 0 0 0 1 0 2 0 1 1 0 1 0 3 1 1 2 0 0 0 0 0 0 0 0 0 0 0 
0 0 0 0 0 0 0 0 0 0 0 0 0 0 0 0 0 0 0 0 0 0 0 0 0 1 0 0 0 0 0 0 0 0 0 0 0 0 0 0 
0 0 0 0 0 0 0 0 0 0 0 0 1 0 0 0 0 0 0 0 0 0 1 0 0 0 1 1 0 0 0 0 0 0 0 0 0 0 0 0 
0 0 0 0 0 0 0 0 0 0 0 0 0 1 0 0 0 0 0 0 0 1 1 1 0 0 1 2 0 0 0 0 0 0 0 0 0 0 0 0 
0 0 0 0 0 0 0 0 0 0 0 0 0 0 0 0 0 0 0 0 0 0 0 0 0 0 0 0 0 0 0 0 0 0 0 0 0 0 0 0 
0 0 0 0 0 0 0 0 0 0 0 0 0 0 0 0 0 0 0 0 0 0 0 0 0 0 0 0 0 0 0 0 0 0 0 0 0 0 0 0 
0 0 0 0 0 0 0 0 0 0 0 0 0 0 0 1 0 0 0 0 0 0 1 2 0 0 0 0 0 0 0 0 0 0 0 0 0 0 0 0 
0 0 0 0 0 0 0 0 0 0 0 0 0 0 0 0 0 0 0 0 0 0 0 0 0 0 0 0 1 0 0 0 1 0 0 0 0 0 0 0 
0 0 0 0 0 0 0 0 0 0 0 0 0 0 0 0 0 0 1 0 0 0 0 0 0 1 2 0 0 1 0 1 0 0 0 0 0 0 0 0 
0 0 0 1 0 0 0 0 0 0 0 0 0 0 0 0 0 0 0 0 2 0 0 2 0 2 0 0 0 0 0 0 0 0 0 0 0 0 0 0 
0 0 0 0 0 0 0 0 0 0 0 0 0 0 0 0 0 0 0 0 0 0 0 0 0 0 0 2 0 0 0 0 0 0 0 0 0 0 0 0 
0 0 0 0 0 0 0 0 0 0 0 0 0 0 0 0 0 0 0 0 0 0 0 0 0 0 0 0 0 1 0 0 0 0 0 0 0 0 0 0 
0 0 0 0 0 0 0 0 1 0 0 0 0 0 0 0 0 1 0 0 0 0 0 1 0 1 0 0 0 0 0 0 0 0 0 0 0 0 0 0 
0 0 0 0 0 0 0 0 0 0 0 0 0 0 0 0 0 0 0 0 0 0 1 0 0 0 0 0 0 0 0 0 0 0 0 0 0 0 0 0 

0 0 0 0 0 0 0 0 0 0 0 0 0 0 0 0 0 0 0 0 0 0 0 2 1 0 0 1 0 0 0 0 0 0 0 0 0 0 0 0 
0 0 0 0 0 0 0 0 0 0 0 0 0 0 0 0 0 0 0 0 0 0 0 1 0 1 0 0 0 0 0 0 0 0 0 0 0 0 0 0 
0 0 0 0 0 0 0 0 0 0 0 0 0 0 0 0 0 0 0 0 0 0 0 1 0 0 0 0 1 0 0 0 0 0 0 1 0 0 0 0 
0 0 0 0 0 0 0 0 0 0 0 0 0 0 0 0 0 0 0 0 0 1 0 1 0 1 0 0 0 0 0 0 0 0 0 0 0 0 0 0 
0 0 0 0 0 0 0 0 0 0 0 0 0 0 0 0 0 0 1 0 1 0 0 0 0 0 0 0 0 0 0 0 0 0 0 0 0 0 0 0 
0 0 0 0 0 0 0 0 0 0 0 0 0 0 0 0 0 0 0 0 0 1 0 1 1 0 0 0 1 0 0 1 0 0 0 0 0 0 0 0 
0 0 0 0 0 0 0 0 0 0 0 0 0 0 0 0 0 0 0 0 0 0 0 0 0 0 2 0 0 0 1 0 0 0 0 0 0 0 0 0 
0 0 0 0 0 0 0 0 0 0 0 0 0 0 0 0 0 0 0 0 0 0 0 0 1 0 0 0 0 0 0 0 0 0 0 0 0 0 0 0 
0 0 0 0 0 0 0 0 0 0 0 0 0 0 0 0 0 0 0 0 0 0 0 0 0 0 0 0 0 0 0 0 0 0 0 0 0 0 0 0 
0 0 0 0 0 0 0 0 0 0 0 0 0 0 0 0 0 0 0 0 1 1 0 0 0 1 0 0 0 1 0 0 0 0 1 0 0 0 0 0 
0 0 0 0 0 0 0 0 0 0 0 0 0 0 0 0 1 0 0 1 1 0 0 0 0 2 0 1 1 0 0 1 0 0 0 0 0 0 0 0 
0 0 0 0 0 0 0 0 0 0 0 0 0 0 0 0 0 0 0 0 0 0 0 0 0 0 0 0 0 0 0 0 0 0 0 0 0 0 0 0 
0 0 0 0 0 0 0 0 0 0 0 0 0 0 0 0 0 0 0 0 0 0 0 1 1 0 0 2 0 1 0 0 0 1 0 0 0 0 0 0 
0 0 0 0 0 0 0 0 0 0 0 0 0 0 0 0 0 0 0 0 0 1 0 0 0 0 1 0 0 0 0 0 0 0 0 0 0 0 0 0 
0 0 0 0 0 0 0 0 0 0 0 0 0 0 0 0 0 0 0 0 0 0 0 0 0 0 0 0 0 0 0 0 0 0 0 0 0 0 0 0 
0 0 0 0 0 0 0 0 0 0 0 0 0 0 0 0 0 0 0 0 0 0 0 0 0 0 0 0 0 0 0 0 0 0 0 0 0 0 0 0 
0 0 0 0 0 0 0 0 0 0 0 0 0 0 1 0 0 0 0 0 0 1 0 0 0 0 2 1 0 0 0 0 0 0 0 0 0 0 0 0 
0 0 0 0 0 0 0 0 0 0 0 0 0 0 0 0 0 0 0 0 0 0 0 1 0 0 0 0 0 0 0 0 0 0 0 1 0 0 0 0 
0 0 0 0 0 0 0 0 0 0 0 0 0 0 0 0 0 1 0 0 0 0 0 0 0 0 1 0 0 0 0 0 0 0 0 0 0 0 0 0 
0 0 0 0 0 0 0 0 0 0 0 0 0 0 0 0 0 0 0 0 0 0 0 0 0 0 1 1 1 0 0 0 1 0 0 0 0 0 0 0 
0 0 0 0 0 0 0 0 0 0 0 0 0 0 0 0 0 0 2 0 0 0 0 1 0 0 0 0 0 0 0 0 0 0 0 0 0 0 0 0 
0 0 0 0 0 0 0 0 0 0 0 0 0 0 0 0 1 0 0 0 1 0 0 0 0 0 0 0 0 0 0 0 0 0 0 0 0 0 0 1 
0 0 0 0 0 0 0 0 0 0 0 1 0 0 1 0 2 0 0 0 0 0 1 0 0 0 2 0 0 0 0 0 0 0 0 0 0 0 0 0 
0 0 0 0 0 0 0 0 0 0 0 0 0 0 0 0 0 0 1 0 0 0 0 0 0 0 0 0 0 0 0 0 0 0 0 0 0 0 0 0 

0 0 0 0 0 0 0 0 0 0 0 0 0 0 0 0 0 0 0 0 0 0 0 1 0 0 0 0 0 0 0 0 0 0 0 0 0 0 0 0 
0 0 0 0 0 0 0 0 0 0 0 0 0 0 0 0 0 0 0 0 0 0 0 0 0 0 0 0 0 0 0 0 0 0 0 0 0 0 0 0 
0 0 0 0 0 0 0 0 0 0 0 0 0 0 0 0 0 0 0 0 0 0 0 0 0 0 0 0 0 0 0 0 0 0 0 0 0 0 0 0 
0 0 0 0 0 0 0 1 0 0 0 0 0 0 0 0 0 0 0 0 0 0 0 0 0 0 0 0 1 0 0 0 1 0 0 0 0 0 0 0 
0 0 0 0 0 0 0 0 0 0 0 0 0 0 0 0 0 0 0 1 0 0 0 0 0 0 0 0 0 0 0 0 0 0 0 0 0 0 0 0 
0 0 0 0 0 0 0 0 0 0 0 0 0 0 0 0 0 0 0 0 0 0 0 0 0 0 1 0 0 1 0 0 0 0 0 0 0 0 0 0 
0 0 0 0 0 0 0 0 0 0 0 0 0 0 0 0 0 0 0 0 0 0 0 0 1 0 0 1 1 0 1 0 0 0 0 0 0 0 0 0 
0 0 0 0 0 0 0 0 0 0 0 0 0 0 0 0 1 0 0 0 0 0 1 0 1 0 1 0 0 1 0 0 0 0 0 0 0 0 0 0 
0 0 0 0 0 0 0 0 0 0 0 0 0 0 0 0 0 0 0 0 0 0 0 0 0 0 0 0 0 0 0 0 0 0 0 0 0 0 0 0 
0 0 0 0 0 1 0 0 0 0 0 0 0 0 0 0 0 0 0 0 0 0 0 0 0 1 0 0 0 0 0 0 0 0 0 0 0 0 0 0 
0 0 0 0 0 0 0 0 0 0 0 0 0 0 0 1 0 0 0 1 2 1 0 1 0 1 0 0 1 0 0 0 0 1 0 0 0 0 0 0 
0 0 0 0 0 0 0 0 0 0 0 0 0 0 0 0 1 0 0 0 0 0 1 0 0 0 0 1 0 0 0 0 0 0 0 0 0 0 0 0 
0 0 0 0 0 0 0 0 0 0 0 0 0 0 0 0 0 0 0 1 0 0 0 0 0 2 0 0 1 0 0 0 0 0 0 0 0 0 0 0 
0 0 0 0 0 0 1 0 0 0 0 0 0 0 0 0 0 0 2 0 0 0 0 0 1 0 0 0 0 0 0 0 0 0 0 0 0 0 0 0 
0 0 0 0 0 0 0 0 0 0 0 0 0 0 0 0 0 0 0 0 0 0 0 0 0 0 0 0 0 0 0 0 0 0 0 0 0 0 0 0 
0 0 0 0 0 0 0 0 0 1 0 0 0 0 0 0 0 0 0 0 0 0 0 1 0 0 1 1 3 0 0 0 0 0 0 0 0 0 0 0 
0 0 0 0 0 0 0 0 0 0 0 0 0 1 0 1 0 0 0 0 0 1 0 2 0 1 0 0 0 1 1 0 0 0 0 0 0 0 0 0 
0 0 0 0 0 0 0 0 0 0 0 0 0 0 0 0 0 0 0 0 0 0 0 0 0 0 1 0 0 0 0 0 0 0 0 0 0 0 0 0 
0 0 0 0 0 0 0 0 0 0 0 0 0 0 0 0 0 0 0 0 0 0 0 0 0 0 0 0 0 0 1 0 0 0 0 0 0 0 0 0 
0 0 0 0 0 0 0 0 0 0 0 0 0 0 1 0 0 2 0 0 0 0 1 0 0 1 0 0 0 0 0 1 0 0 0 0 0 0 0 0 
0 0 0 0 0 0 0 0 0 0 0 0 0 0 0 0 0 0 0 0 0 0 0 0 0 0 0 0 0 0 0 0 0 0 0 0 0 0 0 0 
0 1 0 0 0 0 0 0 0 0 0 0 1 0 0 0 0 0 0 0 0 0 0 0 0 0 0 0 0 0 0 0 0 0 0 0 0 0 0 0 
0 0 0 0 0 0 0 0 0 0 0 0 1 1 0 0 0 0 1 1 0 0 0 0 0 1 0 0 0 0 0 0 0 0 0 0 0 0 0 0 
0 0 0 0 0 0 0 0 0 0 0 0 0 0 0 0 0 0 0 0 0 0 0 0 0 0 0 0 0 0 0 0 0 0 0 0 0 0 0 0 

0 0 0 0 0 0 0 0 0 0 0 0 0 0 0 0 0 0 0 0 1 0 0 1 0 0 0 0 0 0 0 0 0 0 0 0 0 0 0 0 
0 0 0 0 0 0 0 1 0 0 0 0 0 0 0 0 0 0 0 0 0 0 0 2 0 0 0 0 0 0 0 0 0 0 0 0 0 0 0 0 
0 0 0 0 0 0 0 0 0 0 0 0 0 0 0 0 0 0 1 0 0 0 1 1 1 0 0 0 4 1 0 0 0 0 0 0 0 0 0 0 
0 0 0 0 0 0 0 0 0 0 0 0 0 0 0 0 0 0 0 1 0 0 0 1 0 1 0 1 0 0 0 0 0 0 0 0 0 0 0 0 
0 0 0 0 0 0 0 0 0 0 0 0 0 0 0 0 1 1 0 0 0 1 0 1 0 1 0 1 0 0 0 1 0 0 0 0 0 0 0 0 
0 0 0 0 0 0 0 0 0 0 0 0 0 0 0 0 1 0 1 0 1 0 0 0 1 1 3 0 0 0 1 1 0 0 1 0 0 0 0 0 
0 0 0 0 0 0 0 0 0 0 0 0 0 0 0 0 0 0 0 1 0 1 0 1 0 1 0 0 0 0 0 0 0 0 0 0 0 0 0 0 
0 0 0 0 0 0 0 0 0 0 0 0 0 0 0 0 0 0 0 0 0 0 0 0 0 0 4 0 0 0 0 0 0 0 0 0 0 0 0 0 
0 0 0 1 0 0 0 0 0 0 0 0 0 0 0 0 1 0 1 0 0 1 0 0 0 0 0 1 0 1 1 3 0 0 0 0 1 0 0 0 
0 0 0 0 0 0 0 0 0 0 0 0 0 0 0 0 0 0 0 2 1 1 0 3 0 0 0 0 1 0 0 0 0 0 0 0 0 0 0 0 
0 0 0 0 0 0 0 0 0 0 0 0 0 0 0 0 0 0 0 1 0 1 0 1 0 0 0 0 0 0 0 0 0 0 0 0 0 0 0 0 
0 0 0 0 0 0 0 0 0 0 0 0 0 0 0 0 1 0 0 0 0 1 0 0 1 1 0 1 1 1 0 0 0 1 0 0 0 0 0 0 
0 0 0 0 0 0 0 0 0 0 0 0 0 0 0 0 0 0 0 0 1 0 0 2 0 0 1 0 0 0 0 0 0 0 0 0 0 0 0 0 
0 0 0 0 0 0 0 1 0 0 0 0 0 0 0 0 0 0 0 1 0 1 0 0 0 0 0 1 0 0 0 0 0 0 0 0 0 0 0 0 
0 0 0 0 0 1 0 0 0 0 1 1 0 0 0 0 1 0 0 0 1 0 0 0 0 0 0 0 0 1 0 0 0 0 0 0 0 0 0 0 
0 0 0 0 0 0 0 0 0 0 0 0 0 0 0 0 0 0 0 0 1 1 0 2 0 1 0 0 0 0 0 0 0 0 0 0 0 0 0 0 
0 0 0 0 0 0 0 0 0 0 0 0 0 1 0 0 0 0 0 0 0 0 0 0 1 0 0 1 0 0 0 0 1 0 0 0 0 0 0 0 
0 0 0 0 0 0 0 0 0 0 0 0 0 0 0 0 0 0 0 1 0 0 0 0 0 0 0 0 1 0 0 1 1 0 0 0 0 0 0 0 
0 0 0 0 0 0 0 0 0 0 0 0 0 0 0 0 0 0 0 0 1 0 0 0 0 0 1 0 0 0 0 0 1 0 0 0 0 0 0 0 
0 0 0 0 0 0 0 0 0 0 0 0 0 0 1 0 1 0 1 0 0 0 0 0 2 1 0 0 0 0 0 0 0 0 0 0 0 0 0 0 
0 0 0 0 0 0 0 0 0 0 0 0 0 0 0 0 0 0 1 1 1 0 0 0 0 0 0 0 0 0 1 0 0 0 0 0 0 0 0 0 
0 0 0 0 0 0 0 0 0 0 0 0 0 0 0 0 0 1 0 0 0 0 1 0 0 0 0 0 0 1 0 0 0 0 0 0 0 0 0 0 
0 0 0 0 0 0 0 0 0 0 0 0 0 0 0 1 0 1 0 0 0 0 0 0 1 0 0 0 0 0 0 0 0 0 0 0 0 0 0 0 
0 0 0 0 0 0 0 0 0 0 0 0 0 1 0 0 0 0 0 0 0 0 0 0 0 0 0 0 0 0 0 0 0 0 0 0 0 0 0 0 

