#################################### 
# Matrix Size= (39.9997,23.9997,39.9995)
# Resol      = (40,24,40)
# VoxelSize  = (0.999993,0.999989,0.999989)
# nbVal      = 38400
#################################### 
0 1 0 2 0 1 0 1 3 0 0 0 0 2 0 1 0 0 2 0 0 0 1 2 0 0 0 0 0 0 0 0 0 0 0 0 0 0 0 0 
0 0 0 0 1 1 1 2 0 1 0 0 0 0 0 0 0 2 0 0 0 0 1 0 0 1 0 0 1 0 1 0 0 0 0 0 0 0 0 0 
0 0 0 0 0 0 0 0 0 0 0 0 0 0 0 0 0 0 0 0 0 2 0 1 0 0 0 0 1 0 0 0 0 0 0 0 0 0 0 0 
0 0 0 0 0 0 0 0 0 0 1 0 0 1 0 0 0 1 1 1 0 1 1 1 1 0 0 0 0 0 0 0 0 0 0 0 0 0 0 0 
0 1 0 0 0 1 3 1 1 0 3 0 1 1 1 1 0 1 0 1 0 1 2 0 0 0 2 1 0 0 0 0 0 0 0 0 0 0 0 0 
0 0 0 0 0 0 0 0 0 0 0 0 1 0 0 0 0 0 1 0 0 1 1 2 0 3 1 0 0 0 1 0 0 0 0 0 0 0 0 0 
0 0 0 0 0 0 0 0 1 3 0 0 0 0 0 0 0 0 0 1 1 1 0 1 0 0 0 0 0 0 0 0 0 0 0 0 0 0 0 0 
0 0 0 0 0 0 0 0 0 0 1 1 1 0 2 0 0 2 0 0 0 0 2 4 0 2 0 0 0 0 1 0 0 0 0 1 0 0 0 0 
0 0 0 0 0 0 0 0 0 0 0 1 0 0 0 0 0 0 1 0 0 2 0 2 1 0 1 0 0 0 0 0 0 0 0 0 0 0 0 0 
0 0 0 0 0 0 0 0 0 0 0 0 0 2 0 0 0 1 0 1 0 2 0 6 1 0 0 0 0 0 0 0 0 1 0 0 0 0 0 0 
0 0 0 0 0 0 0 0 1 1 0 2 0 2 0 0 0 4 6 1 0 4 4 5 1 1 2 1 1 0 0 0 0 0 1 0 0 0 0 0 
0 0 0 0 0 0 1 0 1 0 0 1 2 0 0 0 0 0 1 0 0 6 4 4 9 3 0 1 0 0 0 0 0 0 0 0 0 0 0 0 
1 0 0 1 0 0 0 1 0 1 1 2 2 1 1 0 0 5 4 14 7 16 10 16 8 6 0 2 1 1 1 0 0 0 0 0 0 0 0 0 
0 0 0 0 0 1 0 1 1 2 2 2 2 2 1 3 4 6 14 13 22 23 15 9 1 7 0 1 2 1 0 0 0 0 0 0 1 0 0 0 
0 0 0 0 0 0 0 0 0 0 0 1 0 0 1 0 1 2 1 0 4 6 7 4 3 1 0 1 1 0 0 0 1 0 0 0 0 0 0 0 
0 0 0 0 0 0 0 1 0 0 0 3 1 1 1 0 3 2 5 8 11 11 13 5 4 3 4 2 0 1 1 1 0 0 1 0 0 0 0 0 
0 0 0 1 1 1 0 1 0 1 2 1 1 0 2 2 4 3 5 9 0 18 14 0 0 0 0 0 0 0 0 0 0 0 0 0 0 0 0 0 
0 0 0 0 0 0 0 0 0 0 0 1 0 0 1 1 0 2 1 1 2 0 3 1 0 0 0 0 0 0 0 0 0 0 0 0 0 0 0 0 
0 0 0 0 0 0 0 0 0 0 1 0 1 0 1 0 0 2 0 1 1 0 0 0 0 1 0 0 0 0 0 0 0 0 0 0 0 0 0 0 
0 0 0 0 0 0 1 1 0 0 0 1 2 0 3 2 3 1 0 0 0 1 0 0 1 0 2 0 0 0 0 1 0 0 0 0 0 0 0 0 
0 0 0 0 0 0 0 0 0 0 0 0 0 0 0 1 0 1 0 0 0 0 1 0 0 0 0 0 0 0 0 0 0 0 0 1 0 0 0 0 
0 1 0 0 0 0 0 0 0 0 0 0 1 0 0 0 0 1 0 1 0 0 0 2 2 1 0 0 0 0 0 0 0 0 0 1 0 0 0 0 
0 0 0 0 1 1 1 0 1 0 0 2 0 0 2 0 1 4 4 2 0 0 1 0 1 0 0 0 0 0 0 0 0 0 0 0 0 0 0 0 
0 0 0 0 0 0 0 0 0 0 0 1 0 0 0 0 0 0 0 0 1 0 0 0 0 1 0 0 0 1 0 0 0 0 0 0 0 0 0 0 

0 1 0 0 1 0 0 1 1 0 0 0 0 0 0 0 0 1 4 2 0 1 0 0 0 0 0 0 0 0 0 0 0 0 0 0 0 0 0 0 
1 2 0 0 0 2 2 1 1 0 0 0 1 0 0 0 0 2 0 0 1 0 0 1 0 0 2 0 0 0 0 0 0 0 0 0 1 0 0 0 
0 0 0 0 0 0 0 0 0 2 2 2 0 1 0 0 0 0 0 0 0 0 0 1 0 0 0 0 0 0 0 0 0 0 0 0 0 0 0 0 
0 0 0 0 0 0 1 0 0 1 2 0 1 0 0 0 0 2 1 0 1 1 0 1 0 0 0 0 0 0 0 0 0 0 1 0 0 0 0 0 
0 0 0 0 0 0 1 3 1 3 0 2 0 0 2 0 0 1 0 0 0 0 0 1 0 0 1 0 0 0 0 0 0 0 0 0 0 0 0 0 
0 0 0 0 0 0 1 1 1 0 1 0 1 0 0 0 0 1 0 1 0 0 1 1 1 0 0 0 0 0 0 0 0 0 0 0 0 0 0 0 
0 0 0 0 0 0 1 0 0 1 1 0 0 0 0 0 0 1 0 0 0 3 0 0 0 1 1 1 0 0 0 0 0 0 0 0 0 0 0 0 
0 0 1 1 0 0 0 0 0 0 0 0 0 2 1 2 0 3 0 1 0 2 0 1 2 1 1 0 0 0 0 0 0 0 0 0 0 0 0 0 
0 0 0 0 1 0 0 0 0 0 0 1 0 0 0 1 0 1 0 0 1 0 1 1 0 0 0 0 0 0 0 0 0 0 0 0 0 0 0 0 
0 0 0 0 0 0 0 0 1 1 0 2 0 0 0 1 1 2 1 2 0 1 2 2 3 0 1 0 0 0 0 0 0 0 0 0 0 0 0 0 
0 0 0 0 1 0 0 1 1 2 1 1 0 2 1 0 2 2 3 1 1 4 5 2 2 1 3 1 0 0 1 0 1 0 0 0 0 0 0 0 
1 0 0 0 0 0 0 0 1 0 0 0 0 0 0 0 0 0 2 4 1 3 11 2 6 0 1 0 0 0 0 0 0 0 0 0 0 0 0 0 
0 0 0 0 0 1 0 0 0 0 0 0 0 0 1 3 1 2 3 12 1 22 12 2 4 5 2 2 2 0 0 0 0 0 0 0 0 0 0 0 
0 0 2 0 1 1 0 0 0 2 4 1 2 5 3 4 4 8 12 9 28 55 30 8 5 6 3 3 1 1 0 2 2 1 0 1 1 1 0 1 
0 0 0 0 0 3 0 0 0 0 0 2 0 6 2 1 1 3 8 19 57 132 64 13 5 7 4 7 0 2 0 2 1 0 1 0 0 1 0 2 
0 1 0 0 0 0 0 0 1 0 0 1 0 2 1 0 4 4 3 7 22 40 29 5 4 3 1 1 0 0 0 0 1 0 1 0 0 0 0 0 
0 0 0 0 0 0 0 0 1 1 0 6 1 3 2 2 4 4 8 6 2 17 17 0 1 0 0 0 0 0 0 1 0 0 0 0 0 0 0 0 
0 0 0 0 0 0 0 0 0 0 0 0 2 1 1 1 1 3 1 2 1 3 3 0 0 3 0 0 1 0 0 0 0 0 0 0 0 0 0 0 
0 0 1 0 0 0 0 0 0 0 0 0 0 0 2 1 0 0 0 0 0 1 2 0 0 1 1 0 0 0 0 0 0 0 0 0 0 0 0 0 
0 0 0 0 0 1 0 0 0 0 1 0 0 1 4 1 0 4 0 0 1 0 3 0 1 1 0 0 0 0 1 1 0 0 0 0 0 0 0 0 
0 0 0 0 0 0 0 0 0 0 1 0 0 0 0 2 0 0 0 1 0 0 0 0 0 0 0 0 0 0 0 0 0 0 0 0 0 0 0 0 
0 0 0 0 0 0 1 0 0 1 0 0 1 1 1 1 1 1 0 0 0 0 0 1 0 0 0 0 0 0 0 0 0 0 0 0 0 0 0 0 
0 0 0 0 0 0 0 0 0 1 0 0 2 0 0 2 1 0 0 0 1 2 0 0 0 0 0 0 0 0 0 0 0 1 0 0 0 0 0 0 
0 0 0 0 0 0 0 0 0 1 0 0 0 0 0 0 0 0 0 0 0 0 0 0 0 0 0 0 0 0 0 0 0 0 0 0 0 0 0 0 

0 0 0 0 0 1 0 5 0 0 1 0 0 0 0 1 0 0 2 2 0 1 0 0 0 0 1 0 0 0 0 0 0 0 0 0 0 0 0 0 
1 2 0 0 0 0 1 1 2 1 0 1 0 0 0 1 2 2 1 0 0 0 1 0 0 0 0 0 0 0 0 0 0 0 0 0 0 0 0 0 
0 0 0 0 0 0 0 0 1 0 0 1 1 1 0 0 0 0 0 0 0 0 0 1 0 0 0 0 0 0 0 0 0 0 0 0 0 0 0 0 
0 0 0 0 1 0 0 1 1 2 0 0 0 0 0 1 1 0 0 0 0 1 1 2 0 0 0 1 0 0 0 0 0 1 0 0 0 0 0 1 
0 0 0 0 2 0 0 1 0 1 2 0 0 0 0 1 0 2 1 0 1 0 0 1 0 1 0 0 0 0 0 0 0 0 0 0 0 0 0 0 
0 0 0 0 0 0 0 0 0 0 0 0 0 1 0 0 0 1 0 0 1 2 1 0 0 1 0 0 0 1 0 0 0 0 0 0 0 0 0 0 
0 0 0 0 0 0 0 0 0 0 0 1 0 1 0 0 0 5 0 0 1 0 1 1 1 0 1 0 0 0 0 0 0 0 0 0 0 0 0 0 
0 0 1 0 0 0 0 2 1 0 0 1 0 0 0 0 0 2 2 0 1 1 2 0 1 0 0 0 0 2 0 0 0 0 0 0 0 1 0 0 
0 0 1 0 0 0 0 0 0 0 0 0 1 0 0 0 2 1 0 1 1 2 0 1 2 0 1 0 0 0 0 0 0 0 0 0 0 0 0 0 
0 0 0 0 0 0 0 0 0 0 0 1 1 4 0 0 0 3 0 1 3 0 0 0 1 0 0 0 0 0 0 0 0 0 0 0 0 0 0 0 
0 0 0 0 0 0 1 0 1 1 3 1 1 1 0 1 2 0 1 4 0 0 5 3 0 1 1 0 0 0 0 1 0 0 0 0 0 0 0 0 
0 0 0 0 0 0 0 0 0 0 0 0 0 1 0 1 3 0 2 2 0 0 6 2 2 3 0 1 0 0 0 0 0 0 0 0 0 0 1 0 
1 0 0 0 0 0 0 0 1 1 2 2 0 0 0 1 3 5 4 4 7 14 17 5 7 0 6 0 0 0 0 0 1 0 0 0 0 0 0 0 
0 1 1 0 0 0 1 0 0 0 2 1 1 2 1 3 2 6 10 9 21 55 39 10 4 1 4 0 1 0 2 0 0 1 0 0 0 1 1 1 
0 0 1 0 0 0 1 0 1 0 0 0 0 2 4 2 3 2 8 24 48 416 92 26 11 3 4 5 3 2 2 2 3 1 1 0 0 2 0 1 
0 0 0 1 0 1 0 0 1 0 0 0 2 3 0 1 1 5 2 20 20 54 50 19 9 7 4 0 2 3 1 0 1 0 0 1 0 1 0 0 
0 0 0 0 1 0 0 1 0 1 1 1 1 0 0 1 0 0 3 11 2 18 8 2 2 0 0 1 0 0 0 0 0 0 0 0 0 0 0 0 
0 0 0 0 0 0 0 0 0 0 1 1 0 0 1 1 3 4 2 0 0 2 4 1 0 0 0 0 0 0 0 0 0 0 0 0 0 0 0 0 
1 0 0 0 0 0 0 0 0 0 0 0 0 1 0 0 1 0 0 0 2 3 3 2 0 1 1 0 0 0 0 0 0 0 0 0 0 0 0 0 
0 0 0 0 0 0 1 0 1 2 0 1 3 1 5 0 0 0 0 0 0 0 0 0 1 0 1 0 0 0 0 0 0 0 0 0 0 0 0 0 
0 0 0 0 0 0 1 0 0 0 0 0 0 0 0 1 0 2 0 1 1 1 0 0 0 0 0 0 1 0 0 0 0 0 0 0 0 0 0 0 
0 0 0 0 0 0 0 0 0 0 0 0 0 0 2 0 0 0 0 0 0 0 0 0 1 1 0 0 0 0 0 0 0 0 0 0 0 0 0 0 
0 0 0 0 0 0 0 0 0 0 0 2 1 0 2 3 1 1 1 0 2 1 0 0 0 0 0 0 0 0 0 0 0 0 0 0 0 0 0 0 
0 0 0 0 0 0 1 0 0 1 0 0 0 0 0 0 0 0 0 0 0 1 0 0 0 0 1 0 0 0 0 0 0 0 0 0 1 0 0 0 

0 0 0 1 1 0 1 5 4 0 0 0 0 0 0 0 0 0 4 0 0 0 0 0 0 0 2 0 0 0 0 0 0 0 0 0 0 0 0 0 
0 0 0 0 0 0 3 7 4 2 0 2 4 1 0 1 2 4 0 2 1 0 0 0 0 0 0 0 0 0 0 0 0 0 0 0 0 0 0 0 
0 0 0 1 0 1 0 1 0 2 2 1 0 0 0 0 0 1 2 0 2 1 0 0 1 0 0 0 1 0 0 0 0 0 0 0 0 0 0 0 
0 0 0 0 0 0 0 1 1 2 0 2 1 0 0 0 1 0 0 1 0 0 0 0 0 0 0 0 1 1 0 0 0 0 0 0 0 0 0 0 
0 1 1 2 1 0 2 1 2 7 3 1 0 0 0 1 1 1 0 1 0 2 1 1 0 1 0 0 1 1 0 0 0 0 0 0 0 0 0 0 
0 0 0 0 1 0 1 0 1 2 1 2 0 0 0 0 1 0 0 0 0 0 1 0 2 1 0 0 0 0 0 0 0 0 0 0 0 0 0 0 
1 0 0 0 0 0 0 0 0 3 0 0 0 0 0 1 0 0 0 0 0 0 0 0 0 1 1 0 0 0 1 0 0 0 0 0 0 0 0 0 
0 0 0 0 0 1 1 0 2 1 2 2 1 1 0 0 1 4 2 2 2 0 1 1 1 2 0 1 0 0 0 1 0 0 0 0 0 0 0 0 
0 0 0 0 0 0 0 1 0 1 0 1 0 0 0 0 0 3 0 4 0 2 1 2 0 0 0 0 1 0 0 0 0 0 0 0 0 0 0 0 
0 0 0 0 0 0 0 1 0 0 0 0 0 0 0 0 0 2 0 4 1 1 0 3 0 0 0 0 1 0 0 0 0 0 0 0 1 0 0 0 
0 0 0 0 0 1 0 3 0 2 1 3 6 0 1 3 3 1 2 7 5 0 2 2 0 3 0 3 1 0 0 0 0 0 0 0 0 0 0 0 
0 0 0 0 0 1 0 0 1 1 1 2 2 0 1 2 4 0 4 2 1 8 5 4 2 0 0 0 0 0 0 0 1 0 0 0 0 1 0 0 
0 0 0 0 0 1 0 0 0 0 0 0 2 2 2 0 3 0 5 4 6 17 15 5 4 0 4 0 0 0 0 0 0 1 0 0 0 0 0 0 
0 0 0 0 1 1 1 1 1 1 2 1 2 5 2 2 2 12 11 20 30 218 41 10 4 4 2 3 3 0 1 0 0 0 0 0 0 1 0 0 
0 0 1 0 0 0 0 0 0 0 3 0 3 0 2 1 3 4 6 11 24 81 35 11 1 3 1 2 2 1 0 0 0 0 0 0 0 0 0 0 
0 0 1 0 0 0 0 0 1 0 0 0 1 0 0 0 2 8 2 10 16 32 28 11 11 0 4 0 1 0 1 0 0 0 0 0 1 0 0 0 
0 0 0 1 0 0 0 0 0 2 2 3 1 3 0 0 1 0 7 8 3 18 7 1 3 1 1 0 0 0 0 0 0 0 0 0 0 0 0 1 
0 0 0 0 0 0 0 0 0 2 0 0 1 2 0 0 0 1 1 0 0 1 4 0 0 0 1 0 0 0 0 1 0 0 0 0 0 0 0 0 
0 0 0 0 0 0 1 0 0 0 0 0 0 1 0 0 0 0 0 0 0 0 0 0 1 2 0 0 0 0 0 0 1 0 0 0 0 0 0 0 
0 0 0 0 1 0 1 0 0 5 1 1 0 3 1 2 2 2 0 2 1 1 0 0 0 0 0 0 0 0 0 0 0 0 0 0 0 0 0 0 
0 0 1 0 0 0 0 0 0 1 0 0 0 0 0 1 0 0 0 0 1 0 0 0 0 0 0 0 1 0 0 0 1 0 0 0 0 0 0 0 
1 0 0 0 0 0 0 0 0 0 0 0 0 1 1 0 0 0 0 1 1 0 1 1 0 2 0 0 0 0 0 0 0 0 1 1 0 0 0 0 
0 0 0 0 0 0 0 0 1 1 0 0 1 3 2 1 5 3 1 1 0 1 1 0 1 0 0 0 0 0 1 0 0 0 0 0 0 0 0 0 
0 0 0 0 0 0 0 0 0 0 0 1 0 1 0 0 0 0 0 0 0 0 0 0 0 0 0 0 0 0 0 0 0 0 0 0 0 0 0 0 

0 0 0 0 0 5 2 10 3 2 1 0 2 1 0 1 0 5 2 0 0 1 0 0 0 0 0 0 0 0 0 0 0 0 0 0 0 0 0 0 
0 0 0 3 0 1 2 2 1 1 1 0 1 1 1 1 0 3 0 1 1 4 2 0 1 0 0 1 0 0 0 0 0 0 0 0 0 0 0 0 
0 0 0 0 0 1 0 2 0 0 1 0 2 0 2 0 1 1 1 0 0 0 1 0 1 0 0 0 0 0 0 1 0 0 0 0 0 0 0 0 
2 0 0 0 0 1 1 5 0 1 1 0 0 0 0 1 1 2 2 2 1 1 1 1 0 0 0 2 0 0 0 0 0 0 0 0 0 0 0 0 
0 0 1 0 1 1 5 3 1 3 3 1 1 4 1 1 1 4 2 0 1 0 1 0 1 1 0 0 0 0 0 1 0 0 0 0 0 0 0 0 
0 0 0 1 0 0 0 1 1 0 0 0 0 0 1 0 0 0 0 0 2 1 0 0 0 0 0 0 0 0 0 0 1 0 0 0 0 0 0 0 
1 0 0 0 0 1 0 1 0 1 1 1 1 0 1 0 3 3 3 0 0 1 1 1 1 0 1 0 0 0 0 0 0 0 0 0 1 0 0 0 
1 0 0 1 0 0 0 2 1 0 5 2 0 1 2 1 2 3 1 1 0 1 2 2 4 2 1 0 0 0 0 0 0 0 0 0 0 1 0 0 
0 1 0 0 0 0 1 0 1 0 0 1 0 1 1 1 1 1 1 2 1 0 2 2 1 0 1 0 0 0 0 0 0 0 0 0 0 0 0 0 
0 1 0 0 0 0 0 1 1 0 1 0 1 0 0 1 1 1 2 2 1 0 5 1 2 0 2 2 0 0 0 0 0 0 0 0 0 0 0 0 
0 0 0 0 1 1 0 1 1 3 2 2 2 2 0 0 3 3 0 0 4 3 4 1 3 1 0 0 0 1 1 0 0 0 0 0 0 0 0 0 
0 0 0 0 0 0 0 0 0 0 1 2 0 1 0 1 0 0 1 0 3 6 5 6 1 0 1 0 0 1 0 0 0 0 1 0 0 0 0 0 
1 0 0 0 0 0 0 2 1 3 1 3 1 2 2 1 2 1 3 6 4 15 18 2 4 2 2 0 0 0 0 1 0 0 0 0 0 0 0 1 
0 1 1 0 0 0 0 2 1 1 4 1 0 7 6 5 3 6 5 14 26 111 21 8 3 3 2 0 1 1 0 0 0 0 0 1 0 0 0 0 
0 0 0 0 0 0 0 0 0 0 0 0 2 0 1 3 1 2 5 1 19 33 17 6 4 0 2 2 0 1 0 0 0 0 0 0 0 0 0 2 
0 0 0 1 0 0 0 0 0 0 0 0 0 0 0 2 0 3 2 2 8 13 12 5 7 3 4 0 1 1 0 0 0 0 0 1 0 0 0 0 
0 0 0 0 0 0 1 0 1 2 0 1 0 0 3 0 0 4 3 2 0 5 4 1 1 0 0 0 0 0 0 0 0 0 0 0 0 0 0 1 
0 0 0 0 0 0 0 0 0 0 0 0 1 0 1 1 0 0 1 1 0 2 2 1 1 0 0 0 0 0 0 0 0 0 0 0 0 0 0 1 
1 0 0 0 0 0 0 1 0 0 0 0 1 1 0 1 0 0 2 0 1 1 4 0 1 1 0 0 0 0 0 0 0 0 0 1 0 0 0 0 
0 0 0 0 0 1 0 0 0 1 0 2 1 1 4 0 3 3 1 0 0 0 1 0 1 1 1 0 0 0 0 0 0 0 0 0 0 0 0 0 
0 0 0 0 0 0 0 0 0 0 0 0 0 0 1 1 1 1 0 1 0 0 1 0 0 0 0 0 0 1 0 0 0 0 0 0 0 0 0 0 
1 0 0 0 0 0 0 0 0 0 0 0 0 1 1 1 1 1 0 0 0 0 1 0 0 0 0 0 0 0 0 0 0 0 0 0 0 0 0 0 
0 0 0 0 0 0 0 0 1 0 0 0 0 2 1 0 1 2 0 0 1 0 0 0 0 0 1 0 0 0 0 1 0 0 0 0 0 0 0 0 
0 0 0 0 0 0 0 0 1 0 2 0 0 0 0 0 1 1 0 0 0 0 0 0 0 1 0 0 0 0 0 1 0 0 0 0 0 0 0 0 

0 0 0 1 0 2 1 11 6 4 4 3 0 1 2 0 2 5 1 2 2 0 0 1 1 0 0 0 1 0 0 0 0 0 0 0 0 0 0 0 
0 1 0 1 1 1 2 11 9 3 7 2 1 1 2 2 4 6 1 3 3 0 2 0 0 0 0 0 0 0 1 0 1 0 0 0 0 0 0 0 
0 0 0 0 0 0 5 2 1 5 2 1 3 1 0 2 1 1 3 0 3 0 0 0 0 0 0 2 0 0 0 0 0 1 0 0 0 0 0 0 
0 0 0 0 0 1 2 5 1 8 1 2 0 0 1 1 3 3 4 0 2 0 0 1 0 0 0 0 0 0 0 0 0 0 0 0 0 0 0 0 
0 0 2 1 1 6 6 5 4 9 6 3 2 1 2 3 3 5 6 0 0 0 3 0 1 0 0 1 0 0 0 0 0 0 0 0 0 0 0 0 
1 1 0 2 0 2 2 2 4 2 2 3 1 3 1 2 0 5 3 2 1 2 1 1 0 0 1 1 1 0 0 0 0 0 0 0 0 0 0 0 
0 0 0 0 0 0 0 0 2 2 1 1 2 0 0 1 0 2 5 1 0 1 1 1 3 0 0 0 1 2 0 0 0 0 1 0 0 0 0 0 
0 0 0 1 1 0 4 2 4 3 1 1 1 2 2 4 2 4 5 6 6 4 0 1 2 0 2 0 0 1 0 1 1 0 0 0 0 0 0 1 
0 0 1 0 0 0 1 2 1 2 0 1 2 1 1 2 1 0 4 2 2 0 2 2 1 1 2 0 0 0 0 0 0 1 0 0 0 0 0 0 
0 0 1 1 0 0 0 1 0 0 0 1 1 1 0 3 1 4 1 1 1 0 2 3 0 2 0 0 1 0 0 0 0 1 0 0 0 0 0 1 
1 0 0 0 1 0 2 1 2 2 1 6 7 1 9 3 1 6 5 6 4 5 5 3 1 0 1 2 1 0 0 0 0 0 0 0 0 0 0 0 
0 0 0 0 0 1 0 0 1 2 3 1 2 2 0 1 8 4 1 7 2 11 3 4 1 1 1 0 0 0 1 0 0 0 0 0 0 0 0 0 
1 0 0 0 0 0 0 3 0 1 3 0 2 1 1 2 1 4 1 11 3 14 20 6 9 2 1 0 0 0 0 0 0 0 0 0 0 0 0 0 
1 0 0 1 1 0 1 4 3 7 7 12 9 2 4 4 10 14 23 31 48 138 15 9 5 1 0 3 2 1 0 1 0 0 0 0 1 0 0 0 
1 0 0 1 0 0 1 0 1 1 2 4 5 2 1 1 3 1 8 6 9 16 10 7 0 0 2 0 1 0 0 0 0 0 0 0 1 0 0 0 
0 0 0 1 0 0 0 2 0 0 0 1 0 3 0 0 3 2 4 1 8 8 11 3 3 3 2 0 3 0 1 0 0 0 0 0 0 0 1 0 
0 0 0 0 0 1 1 2 1 0 3 5 2 2 5 8 10 7 4 8 4 4 5 1 2 0 1 0 0 0 0 0 0 1 0 0 0 0 0 0 
0 0 0 0 0 0 0 1 2 1 2 1 0 1 1 3 0 1 4 1 1 2 1 1 1 0 0 0 1 0 0 0 0 0 0 0 0 0 0 0 
0 0 0 0 0 1 0 0 0 0 1 1 0 0 1 2 1 2 2 0 2 1 1 4 1 2 0 0 0 0 0 0 0 0 0 0 0 0 0 0 
0 0 0 0 0 1 0 1 1 1 1 2 1 1 2 2 2 5 2 0 0 0 2 1 1 0 0 0 0 0 0 0 0 0 0 0 0 0 0 0 
0 0 0 0 0 0 0 1 0 0 0 0 1 2 1 0 1 0 0 1 0 1 0 0 0 0 0 0 1 0 0 0 0 0 0 0 0 0 0 0 
0 0 0 0 0 0 0 0 0 0 0 0 1 1 0 0 1 1 1 1 0 0 1 0 2 1 0 0 0 0 0 0 0 0 0 0 0 0 0 0 
0 0 0 0 0 0 0 0 0 1 1 1 1 2 1 2 1 3 0 1 0 0 0 0 0 1 0 0 1 0 1 0 0 0 0 0 0 0 1 0 
0 0 0 0 0 0 0 1 0 1 0 1 2 0 0 0 0 0 1 0 0 0 0 0 0 0 0 0 0 0 0 0 0 0 0 0 0 0 0 0 

1 0 0 1 0 8 1 13 14 6 9 9 1 0 3 4 1 9 6 2 3 1 0 0 1 1 0 1 0 0 1 0 0 0 0 0 0 0 0 0 
3 0 0 0 0 1 2 11 4 9 4 1 2 0 0 1 1 11 2 4 3 0 2 0 1 0 1 0 0 0 0 0 0 0 0 0 0 0 0 0 
1 1 0 0 0 0 0 6 1 1 3 3 2 2 0 1 0 0 1 0 0 0 0 1 1 0 0 0 0 0 0 0 0 0 0 0 0 0 0 0 
2 0 0 1 0 0 0 4 5 8 6 8 2 2 3 3 2 5 4 2 0 0 0 2 0 1 0 1 0 0 0 0 0 0 0 0 0 0 0 0 
1 1 0 0 2 1 5 9 4 6 3 4 3 1 0 3 5 5 4 2 2 1 1 0 3 0 0 0 0 0 0 0 0 0 0 0 0 0 0 0 
0 0 1 0 0 2 2 1 1 1 2 0 3 2 1 2 0 2 1 3 0 1 0 0 0 0 1 0 0 0 0 0 0 0 0 0 0 0 0 0 
1 0 0 0 0 0 0 1 3 2 4 2 6 0 3 0 3 0 3 3 2 2 1 1 1 0 0 0 0 0 0 0 0 0 0 0 0 0 0 0 
1 0 0 0 0 1 2 0 2 2 5 2 1 1 2 2 4 7 4 3 2 0 1 0 0 1 2 0 0 0 1 0 0 0 0 0 0 0 1 0 
0 0 0 0 1 0 3 1 1 2 2 1 0 2 1 2 1 0 0 0 3 0 2 0 0 1 0 1 0 0 0 0 0 0 0 0 0 0 0 0 
0 1 1 0 0 1 0 3 0 1 2 3 2 1 2 4 1 3 1 3 2 0 5 1 2 1 0 0 0 0 2 0 0 0 0 0 0 0 0 0 
0 1 0 2 1 2 0 1 4 3 1 15 4 6 3 3 2 2 4 3 2 0 2 7 3 2 1 1 0 1 0 1 0 0 0 0 0 0 0 0 
0 1 0 1 0 0 0 0 0 0 1 1 1 0 3 2 1 4 2 4 4 0 6 7 3 1 0 0 0 0 0 0 0 0 0 0 0 0 0 0 
1 0 0 0 0 0 0 0 0 3 1 2 3 4 1 2 1 3 4 11 14 19 26 4 6 1 3 1 0 0 0 1 0 0 0 0 0 0 0 0 
1 0 0 0 0 1 3 1 1 0 12 7 6 3 15 6 7 14 17 28 36 156 20 10 2 6 3 3 0 2 0 0 0 0 0 1 1 0 0 1 
0 0 0 0 0 1 2 0 2 1 0 0 6 0 1 2 3 2 1 4 2 7 3 4 1 2 0 0 0 1 0 1 0 0 0 0 0 0 0 1 
1 0 0 0 0 0 0 0 1 0 1 1 3 3 1 1 0 2 3 4 9 5 8 2 3 3 1 0 0 0 0 0 0 0 0 0 0 0 0 0 
0 0 0 0 0 0 3 1 0 2 1 2 2 2 1 3 7 5 7 2 2 5 1 1 1 2 2 0 0 0 0 0 0 0 0 0 0 0 0 0 
0 0 0 0 1 0 0 0 0 1 0 0 1 0 0 1 3 1 2 2 0 0 2 1 0 0 1 0 0 0 0 0 1 0 0 0 0 0 0 0 
0 0 0 0 0 0 0 0 0 0 0 0 2 1 1 3 1 3 1 1 1 1 3 0 0 0 0 0 0 0 0 1 0 0 0 0 0 0 0 0 
0 0 0 0 1 0 2 3 1 0 1 2 5 3 2 0 1 4 3 1 1 1 1 0 1 1 0 0 1 0 0 0 0 0 0 1 0 0 0 0 
0 0 0 0 0 0 0 0 0 1 0 2 3 0 1 2 1 0 0 0 1 1 0 0 0 0 0 0 0 0 0 0 0 0 0 0 0 0 0 0 
0 0 0 0 0 0 1 0 0 1 0 2 2 0 0 1 0 1 0 0 0 1 1 0 2 2 0 0 0 0 0 0 1 0 0 0 0 0 0 0 
0 0 0 0 0 0 0 1 1 2 1 4 3 2 0 3 3 1 0 0 1 1 4 0 0 3 0 1 0 0 0 0 0 0 0 0 0 0 0 0 
0 0 0 0 0 0 0 0 0 0 0 0 1 0 0 1 1 0 0 0 0 2 0 0 1 0 0 0 0 0 0 0 0 0 0 0 0 0 0 0 

3 0 0 0 1 10 7 20 22 9 3 4 1 2 1 4 3 25 10 3 0 1 0 1 0 0 0 0 0 0 0 0 0 0 0 0 0 0 0 0 
1 2 0 0 1 10 16 38 28 12 9 3 1 2 0 3 5 17 8 4 4 5 2 3 3 0 1 1 0 2 0 0 0 0 0 0 0 0 0 0 
2 0 2 1 2 4 18 30 41 28 6 11 5 2 1 1 2 5 7 4 5 2 1 4 1 0 0 0 1 0 0 0 1 0 0 0 0 0 0 0 
0 0 0 0 2 2 2 13 13 22 18 6 7 1 4 2 2 7 2 2 9 3 1 3 2 2 0 0 0 0 0 0 0 0 0 0 0 0 0 0 
0 1 1 2 10 8 9 15 16 30 10 5 4 3 5 5 1 12 8 3 3 3 2 3 1 0 1 1 2 1 1 0 0 0 0 0 0 0 0 0 
0 0 0 0 3 2 3 4 6 8 12 5 4 4 3 1 2 2 2 2 1 2 0 2 0 0 1 0 0 2 0 1 0 0 0 0 0 0 0 0 
0 2 0 1 0 1 4 4 4 6 9 5 3 1 0 4 2 5 2 3 3 0 2 2 0 2 2 0 0 0 1 0 0 0 0 0 0 0 0 0 
0 0 0 0 2 0 5 4 11 8 11 5 2 4 5 9 9 9 7 2 7 0 0 3 3 0 0 0 1 0 0 0 0 0 0 0 0 0 0 0 
0 0 1 0 0 0 0 4 3 4 4 5 6 2 1 0 1 5 4 2 1 2 2 4 4 0 1 0 1 1 0 0 0 0 0 0 0 0 0 0 
0 0 0 0 0 2 1 2 5 1 5 7 6 6 3 1 3 2 5 6 3 3 4 1 2 0 0 0 0 1 0 0 0 0 0 0 0 0 0 0 
1 0 0 0 2 3 2 2 4 11 7 12 9 6 7 10 4 11 6 6 7 6 5 4 0 1 1 0 3 0 1 0 0 0 1 0 0 0 1 0 
0 0 1 0 1 2 1 2 5 3 3 10 2 4 2 3 8 3 9 12 13 3 11 6 3 2 2 0 1 0 1 0 0 0 0 0 0 0 0 0 
0 2 0 0 1 1 0 0 1 4 1 4 7 3 5 5 4 9 9 15 16 28 24 8 2 2 2 0 0 0 0 0 0 0 0 0 0 0 0 0 
0 1 0 2 2 1 2 3 4 8 8 21 13 7 14 10 16 19 28 50 187 168 17 12 4 2 2 2 2 1 0 2 1 1 0 1 0 1 0 0 
0 0 0 0 0 0 0 0 1 1 4 11 9 4 7 3 8 4 10 17 37 25 17 2 5 3 1 0 3 2 1 0 0 0 0 0 0 0 1 0 
0 0 0 0 0 0 0 2 1 2 0 4 3 2 2 0 2 6 5 6 16 9 5 6 4 1 1 0 1 0 0 0 0 0 0 0 0 0 0 0 
1 0 0 1 0 0 2 2 2 1 3 8 7 7 6 2 3 4 4 10 3 1 3 1 1 3 0 1 0 0 1 0 0 0 0 0 0 0 0 0 
0 0 0 0 0 0 0 0 2 0 1 1 2 5 3 4 2 1 2 3 1 2 5 1 0 0 0 0 0 1 0 1 0 0 0 0 0 0 0 0 
0 0 0 0 0 0 0 0 3 0 2 1 2 0 1 2 4 1 1 4 3 0 5 3 1 2 1 1 0 0 1 0 1 0 0 1 0 0 0 0 
0 0 0 0 1 0 0 2 2 3 2 3 4 4 2 3 5 4 1 1 2 1 1 1 0 0 0 1 0 0 0 0 0 0 0 0 0 0 0 0 
0 0 1 0 0 1 1 1 2 2 0 3 2 0 5 2 0 1 3 0 0 0 2 0 1 0 0 0 1 2 0 0 0 0 0 0 0 0 0 0 
0 0 0 0 1 1 0 1 0 2 0 1 2 1 1 2 1 0 2 0 0 0 2 0 1 1 0 0 0 0 0 0 0 2 0 0 0 0 0 0 
0 1 0 0 0 0 2 3 0 0 1 2 3 3 5 2 3 3 1 1 0 2 2 2 0 1 0 0 0 0 0 0 0 0 0 0 0 0 0 0 
0 0 0 0 0 0 0 0 0 0 1 1 2 1 1 3 1 1 1 1 0 1 1 0 1 0 0 1 0 0 0 0 0 0 0 0 0 0 0 0 

0 1 0 0 2 6 5 218 152 10 6 3 0 6 2 6 3 51 22 9 3 6 2 4 1 0 0 0 2 0 0 0 0 1 0 0 0 0 0 0 
0 1 0 0 0 5 13 61 102 19 10 6 5 0 5 4 10 19 12 6 5 3 1 1 2 1 1 0 1 0 0 0 0 0 0 1 1 0 0 1 
1 3 2 1 7 14 18 37 82 29 13 9 5 4 1 2 3 10 4 3 2 1 1 2 0 0 1 0 0 0 1 0 0 0 0 0 0 0 0 0 
1 2 1 1 4 4 7 13 40 46 32 6 7 2 1 4 1 13 14 3 7 1 3 1 0 0 3 0 1 0 1 0 0 0 0 0 0 0 1 0 
3 0 2 0 2 3 4 3 22 31 22 4 3 3 1 3 4 22 9 7 5 5 2 1 1 2 1 0 0 2 0 0 0 0 0 0 0 0 0 2 
0 1 0 1 0 1 2 2 6 11 12 5 5 4 3 1 1 3 3 1 0 5 1 2 0 0 2 2 0 0 0 0 0 0 0 0 0 0 0 0 
0 1 1 1 0 1 3 6 3 16 17 8 7 5 1 4 7 11 2 4 4 4 0 1 1 1 0 0 0 0 0 0 0 0 0 0 0 0 1 0 
0 0 3 0 0 0 3 1 10 10 12 5 3 5 6 10 6 12 10 8 9 0 4 3 1 0 3 0 0 0 0 0 0 0 1 0 0 0 0 0 
0 1 1 0 1 1 0 4 3 3 10 8 2 3 3 4 2 1 4 5 5 1 2 3 0 1 1 0 0 0 0 1 0 1 1 0 0 0 0 0 
2 1 0 0 1 1 0 5 3 4 12 20 9 7 4 2 4 5 8 5 6 1 4 2 2 1 0 1 0 0 0 0 0 0 0 1 0 0 0 0 
1 0 0 2 0 0 3 2 6 10 9 22 12 5 8 13 8 5 10 3 7 5 6 6 2 2 4 0 0 1 0 0 0 0 0 0 1 0 0 0 
0 1 0 0 0 1 3 0 2 8 1 4 3 2 4 4 6 4 9 8 6 5 6 4 5 2 0 0 2 1 0 0 0 0 0 0 0 0 2 0 
1 0 0 0 0 0 0 2 0 3 7 9 10 8 7 8 7 20 15 31 39 23 22 3 8 1 1 1 0 2 1 0 1 0 0 0 0 0 0 0 
0 1 0 1 1 1 2 2 5 4 8 18 14 22 9 13 13 32 31 138 377 58 12 7 2 5 2 6 2 2 1 0 0 0 0 1 0 0 0 0 
0 0 0 0 0 1 0 0 0 1 1 7 3 2 5 4 8 7 10 24 43 32 14 5 4 0 2 2 1 1 2 0 0 0 0 0 1 1 0 0 
2 1 0 0 0 1 0 0 0 3 0 7 5 5 6 5 3 4 12 8 12 9 7 7 4 3 2 1 1 0 0 0 0 0 1 0 0 0 0 1 
0 0 0 0 0 1 0 2 5 4 5 6 9 0 9 5 6 7 9 6 7 3 0 3 2 1 0 1 0 0 0 0 0 0 0 0 0 0 0 0 
0 0 0 1 0 0 1 1 0 1 2 2 2 1 2 2 1 1 4 7 2 0 0 2 0 0 1 0 0 0 0 0 0 0 0 0 0 0 0 0 
0 0 0 0 0 1 0 0 0 1 4 8 3 3 6 2 1 2 5 1 5 1 7 2 1 0 1 0 0 0 0 0 0 0 1 0 0 0 0 0 
0 0 1 1 0 0 1 0 1 1 4 1 9 2 6 3 2 8 2 1 0 0 2 2 0 1 0 0 0 0 0 0 0 0 0 0 0 0 0 0 
0 0 0 0 1 0 0 0 1 0 0 0 0 1 0 3 2 2 3 1 1 0 0 1 0 1 0 0 0 0 0 0 0 0 0 0 0 0 0 0 
0 0 0 0 0 1 0 0 1 0 0 1 2 2 2 2 2 2 0 1 0 0 1 1 0 0 2 1 0 0 0 0 0 0 0 0 0 0 0 0 
0 0 0 0 1 2 0 0 3 1 3 4 5 7 7 3 1 4 3 2 2 3 2 2 1 0 0 1 0 0 1 0 0 0 0 0 0 0 0 0 
0 0 0 0 0 0 0 1 0 1 0 0 2 1 1 1 0 0 0 1 0 1 1 1 1 0 1 0 0 0 0 0 0 0 0 0 0 0 0 0 

1 1 0 3 2 7 8 559 248 14 6 7 4 5 4 10 25 402 38 4 6 4 1 3 4 2 0 1 0 0 0 0 0 0 0 0 0 0 0 0 
3 1 0 2 0 7 21 108 466 22 12 5 4 5 7 9 38 121 44 9 6 2 4 1 4 3 2 3 1 1 0 0 0 1 0 0 0 0 0 0 
0 3 0 1 4 4 7 31 314 27 19 9 3 7 8 17 46 76 39 10 14 8 6 5 4 2 2 0 1 0 0 0 0 0 0 0 0 0 0 0 
3 1 1 1 2 3 5 13 457 70 32 6 2 6 4 6 14 35 26 6 5 4 3 5 3 1 1 0 1 0 0 0 0 0 0 0 0 0 0 0 
0 2 1 2 3 5 12 27 278 181 42 9 4 10 11 10 12 38 15 12 8 2 4 9 1 3 1 1 2 0 0 0 0 0 0 2 0 0 0 0 
4 0 0 1 8 5 9 16 107 350 39 11 13 5 9 8 5 15 20 3 4 5 3 3 1 1 0 2 1 0 0 0 1 0 0 0 0 0 0 0 
0 1 0 2 0 0 0 8 23 276 59 9 11 8 6 5 11 9 10 5 4 4 6 3 1 2 2 2 0 0 0 0 0 0 0 0 0 1 0 0 
0 2 5 0 1 1 4 7 27 93 53 12 18 9 7 9 8 26 14 7 5 7 5 6 4 0 3 3 1 1 0 1 0 0 0 0 0 0 0 0 
0 1 1 1 3 1 2 8 10 49 68 22 9 7 8 6 7 6 2 6 5 5 1 2 2 1 0 1 1 1 1 1 0 0 0 0 0 0 0 0 
3 1 1 0 0 4 2 4 4 11 34 33 25 8 13 3 11 9 12 8 7 4 1 5 4 0 0 0 0 0 1 0 1 0 0 0 0 0 0 0 
1 0 3 1 3 1 8 6 10 29 55 54 31 16 10 8 11 21 16 16 7 9 5 6 4 2 2 2 1 1 1 0 1 0 1 2 0 0 0 0 
0 0 0 1 2 4 4 5 7 19 29 36 28 12 13 10 12 18 13 21 14 9 6 5 0 2 1 1 1 0 2 1 0 0 0 0 0 0 0 0 
0 2 1 2 0 1 1 7 4 5 13 18 16 4 13 6 9 26 26 40 37 15 21 1 5 0 4 1 0 2 0 1 0 0 0 0 0 0 0 0 
1 2 0 1 4 4 1 2 8 14 35 42 31 13 23 30 45 52 106 595 157 29 8 12 3 4 5 4 2 0 1 2 1 1 0 0 0 0 0 1 
0 0 0 2 5 4 2 2 6 10 10 17 16 14 7 13 23 43 61 63 49 13 9 8 4 6 2 1 1 1 0 1 1 1 1 0 0 0 0 0 
1 1 0 0 2 0 1 1 2 4 1 15 10 9 10 14 9 9 21 19 27 3 14 4 1 0 4 0 1 1 2 0 0 0 1 0 0 0 0 0 
0 1 2 3 0 0 0 1 4 9 13 30 20 14 12 11 15 12 14 8 9 3 2 3 3 4 1 0 1 0 0 0 0 0 0 0 0 0 0 0 
0 0 0 1 0 0 3 1 2 4 9 10 14 3 8 3 5 2 5 6 8 7 2 2 1 1 0 0 0 1 0 0 0 1 0 0 0 0 0 0 
0 0 0 0 2 1 0 0 1 3 1 9 4 2 3 4 2 3 2 2 1 2 1 0 1 2 1 0 1 0 0 0 0 1 0 0 1 0 0 0 
2 0 0 0 1 0 2 2 2 3 4 11 4 10 6 5 1 9 1 3 4 2 2 1 2 0 2 4 0 0 0 0 2 0 0 0 0 0 0 0 
0 0 0 1 0 1 1 0 3 2 3 6 4 2 6 2 5 0 2 2 1 2 0 1 3 2 2 0 0 2 0 0 0 0 0 0 0 0 0 0 
0 0 0 2 0 1 0 0 1 2 0 2 2 1 4 3 4 1 1 1 0 0 0 2 2 1 2 1 0 0 0 4 0 0 0 0 0 0 0 0 
0 0 1 2 0 1 1 2 1 2 4 5 10 13 8 7 9 7 4 5 1 1 4 1 4 2 3 0 0 0 0 0 0 0 0 0 0 0 0 0 
1 0 0 0 2 0 2 0 0 1 3 5 5 7 1 2 3 4 1 1 1 0 6 41 3 0 1 1 0 0 1 0 0 0 0 0 0 0 0 0 

0 0 0 1 1 8 7 37 36 15 5 11 4 4 3 15 2 113 36 5 6 10 3 8 4 0 0 2 0 1 0 0 0 0 0 0 0 0 0 0 
2 1 1 2 3 2 11 14 35 14 14 10 9 6 6 10 61 112 51 7 16 10 7 5 5 1 1 0 0 2 0 0 0 0 0 0 1 0 0 0 
7 0 3 2 4 5 7 21 28 25 16 6 4 6 9 8 39 236 34 14 10 9 5 10 5 1 0 1 2 1 0 1 0 0 0 0 0 0 1 0 
2 1 1 2 3 3 5 16 20 36 27 4 2 4 3 10 27 200 52 5 2 4 4 2 2 3 1 1 0 0 2 0 0 0 0 0 0 0 0 0 
4 1 3 1 3 1 5 10 32 39 25 9 9 1 8 12 13 59 21 9 3 3 4 5 5 2 3 1 0 1 0 0 0 0 0 0 0 0 0 0 
0 1 5 1 1 4 8 17 37 54 27 12 17 6 6 6 9 13 16 11 10 4 2 2 0 1 1 1 1 0 0 0 0 0 0 0 0 0 0 0 
0 0 0 2 1 7 4 10 34 85 49 8 13 6 7 15 9 19 19 3 9 7 9 2 4 1 3 2 0 0 1 0 0 1 1 1 0 0 0 0 
2 0 1 1 3 3 6 9 7 66 46 12 8 5 4 12 16 17 11 5 4 3 7 6 7 2 1 0 3 0 2 0 0 0 0 0 0 0 0 0 
3 1 0 3 3 2 5 8 9 69 120 16 13 8 10 6 5 3 8 3 4 4 4 3 1 4 0 2 0 0 0 0 0 1 0 0 0 0 1 0 
0 0 1 1 1 6 5 9 7 43 350 51 29 13 12 6 9 16 17 5 6 1 8 3 3 0 2 1 2 1 0 0 0 1 1 0 0 0 0 0 
0 0 0 1 3 1 2 4 7 18 122 53 27 24 21 12 14 16 16 16 20 5 6 8 5 4 2 6 0 2 0 0 0 1 1 0 0 0 0 0 
1 1 0 2 2 3 4 4 10 32 60 75 37 21 6 22 9 16 17 16 10 4 6 5 6 4 0 2 3 0 1 0 0 1 0 0 0 0 0 0 
0 1 2 3 1 0 1 4 8 15 52 87 65 18 12 12 23 50 71 22 24 9 9 8 9 4 4 1 1 2 3 0 1 0 0 0 0 0 0 0 
3 0 0 2 2 1 1 7 4 10 42 59 31 21 36 38 56 137 256 103 36 25 7 9 7 5 5 4 3 3 1 1 0 1 1 0 0 0 0 0 
1 1 1 0 0 3 2 2 5 3 14 16 17 7 11 12 15 35 48 56 30 19 11 3 7 2 5 4 5 0 0 0 0 0 0 0 0 0 1 1 
1 2 0 1 1 0 1 4 2 10 7 24 25 13 15 15 5 22 27 16 29 8 12 3 5 3 2 1 2 0 2 1 0 1 0 1 0 0 1 0 
1 0 1 2 3 1 0 1 6 4 14 18 24 10 7 7 8 10 7 10 6 2 2 5 5 2 0 3 1 0 0 0 0 0 0 0 0 0 0 0 
0 0 0 0 0 2 2 0 5 3 2 13 8 6 8 2 4 5 5 5 6 3 2 2 1 2 0 0 0 1 0 0 0 0 0 0 0 0 0 0 
1 1 0 1 2 0 1 1 2 1 1 6 4 13 6 6 4 6 8 5 3 6 3 2 6 2 3 0 0 0 0 0 1 1 0 0 0 0 0 0 
2 0 0 0 2 0 2 1 3 6 6 9 17 8 9 3 6 11 6 5 1 3 4 4 1 1 2 0 0 2 0 0 0 0 0 0 0 0 0 0 
0 0 0 0 0 1 0 0 1 1 3 9 1 4 4 5 0 1 1 4 2 1 0 1 0 0 0 0 0 0 0 1 0 0 1 0 0 0 0 0 
0 0 0 1 1 0 1 6 1 3 0 3 6 2 11 5 2 5 4 5 2 1 6 8 0 1 3 0 2 1 0 0 0 0 1 0 0 0 0 0 
0 0 0 0 0 0 2 0 2 2 2 15 14 24 10 4 11 10 4 2 4 2 0 6 3 2 2 0 0 0 0 1 0 0 0 1 0 0 0 0 
0 0 0 2 0 0 1 0 0 1 0 2 3 2 3 2 0 0 1 0 1 5 3 5 2 2 0 0 2 0 2 1 0 0 0 0 0 0 0 0 

1 0 0 1 0 6 2 11 15 8 4 3 3 1 0 11 4 44 18 7 4 6 4 12 5 2 0 1 1 1 0 0 1 0 0 0 1 1 0 0 
0 1 1 0 0 1 1 4 5 3 5 5 6 1 1 4 7 16 13 7 9 6 9 10 3 4 3 1 0 2 1 0 0 0 0 0 2 0 0 0 
0 1 1 1 0 1 0 2 6 2 3 4 2 2 2 5 3 44 12 9 4 13 8 12 10 3 3 2 1 1 0 1 0 1 0 0 0 0 0 0 
1 0 0 1 1 1 1 9 9 8 19 9 8 1 2 10 7 68 51 9 2 10 4 4 6 4 6 0 0 0 0 0 0 0 0 0 0 0 0 1 
2 0 0 2 2 3 4 8 3 7 5 5 4 4 5 9 47 223 25 13 10 11 6 9 5 2 2 3 3 2 0 0 0 0 0 1 0 0 0 0 
2 1 2 1 0 0 3 6 5 6 13 4 10 6 4 12 59 115 26 12 7 9 8 10 6 3 3 2 0 0 0 1 0 0 0 0 0 0 0 0 
2 0 1 4 1 2 2 11 14 12 14 13 9 3 5 10 35 65 31 9 4 5 6 2 7 1 3 0 3 1 1 0 0 0 0 0 0 0 0 0 
0 0 0 0 2 2 3 6 6 12 20 9 4 4 8 34 64 87 30 23 9 9 8 10 8 2 3 4 2 2 0 3 0 0 0 0 0 0 1 3 
3 0 1 1 1 2 6 6 1 11 10 11 11 16 11 29 68 43 32 17 18 8 9 5 5 1 1 3 1 1 0 1 1 0 0 0 0 0 0 0 
1 0 0 0 0 4 5 4 4 17 15 36 20 8 9 15 32 30 32 13 7 7 7 8 7 3 2 3 0 1 1 0 0 1 0 0 0 0 1 0 
3 0 1 4 4 2 2 8 8 15 40 39 16 14 31 34 25 43 39 15 14 16 4 9 5 2 1 0 1 1 0 0 1 0 0 0 0 0 0 0 
0 1 1 2 1 1 3 4 6 8 43 109 41 30 38 19 25 33 31 24 19 7 4 3 9 3 2 2 0 0 1 2 0 0 0 0 0 0 0 0 
1 1 1 1 1 3 1 3 5 18 38 400 75 35 33 63 58 75 125 18 13 9 15 5 11 6 3 0 0 0 0 0 1 0 0 0 0 0 1 0 
2 2 1 0 3 3 7 7 13 18 88 383 74 42 64 129 168 612 200 49 17 11 12 10 8 2 5 3 0 0 0 0 0 1 0 0 0 0 0 1 
0 0 0 0 2 0 0 5 15 12 47 330 82 26 30 40 31 41 35 40 11 8 7 3 4 3 1 3 1 0 1 1 0 0 1 0 0 0 1 0 
1 0 1 0 0 3 0 1 1 10 17 272 166 20 14 24 13 11 21 15 16 12 13 9 8 1 2 3 1 0 1 0 0 0 0 0 1 0 0 0 
1 0 1 1 3 3 3 3 11 19 39 158 125 31 13 13 22 22 10 14 6 8 3 3 4 2 2 0 3 1 0 1 0 1 0 0 0 0 0 0 
0 0 1 0 2 3 4 2 6 7 21 86 113 20 12 11 8 11 7 7 4 2 7 2 2 1 1 0 1 0 0 0 0 0 0 0 0 0 2 0 
1 1 1 0 0 2 1 4 1 7 4 41 41 9 15 9 8 7 9 2 6 4 4 1 0 1 1 2 1 1 2 0 0 0 0 0 0 0 0 0 
1 1 0 0 1 2 3 3 3 8 14 41 53 23 14 15 9 17 14 7 9 1 2 2 4 2 2 1 0 1 0 1 0 0 0 0 0 0 0 0 
0 0 0 2 0 1 5 4 5 5 8 26 57 28 13 13 8 6 9 5 5 3 3 2 1 2 2 2 0 0 0 0 0 0 0 0 0 0 0 0 
2 0 0 1 0 1 0 3 1 6 3 23 21 16 20 2 4 6 7 1 2 3 1 1 1 5 1 0 1 1 1 0 1 0 0 0 0 0 0 0 
0 0 1 0 4 0 3 3 3 4 14 20 31 39 19 10 14 19 6 11 4 2 6 3 4 2 3 2 3 1 0 0 0 1 0 0 0 0 0 0 
1 0 0 1 3 1 3 3 4 6 5 18 51 20 23 13 4 5 9 5 3 5 7 9 4 2 2 0 2 0 1 0 0 0 0 0 0 0 0 0 

1 1 0 2 0 2 0 12 8 4 2 4 1 0 0 3 5 17 16 10 5 18 4 14 0 9 1 2 2 0 2 0 0 0 0 0 0 0 0 0 
2 2 0 1 0 0 6 2 3 3 4 5 4 1 6 6 7 4 15 6 9 12 8 9 5 2 3 1 1 0 0 0 1 0 0 0 0 0 0 0 
2 1 0 1 0 3 1 4 1 2 7 2 1 3 3 5 4 7 4 4 5 4 5 11 3 4 6 1 3 1 0 1 0 0 0 0 0 0 0 1 
2 0 0 0 0 2 0 1 3 4 4 1 4 0 0 7 4 14 11 11 7 6 7 5 9 5 2 2 4 1 0 2 0 0 0 1 0 0 0 0 
1 0 0 0 0 1 2 1 6 4 8 3 5 4 8 4 13 17 24 16 8 11 15 15 7 2 5 1 1 1 0 0 0 0 1 0 0 0 1 0 
0 0 1 1 1 4 4 7 3 3 6 5 3 5 4 9 11 24 14 14 6 10 6 4 6 3 2 2 0 0 0 0 0 0 1 0 0 0 0 1 
2 2 0 1 1 2 1 2 1 4 4 3 4 5 4 11 55 46 35 12 10 18 4 7 13 1 3 2 4 0 0 1 0 0 0 0 1 1 1 0 
1 0 3 1 0 1 3 1 6 7 4 4 7 3 7 12 127 106 37 12 14 12 11 20 7 4 5 3 1 1 0 1 0 0 1 1 0 0 1 0 
1 1 2 2 3 2 5 5 4 4 6 4 5 7 9 20 168 74 35 25 3 14 7 4 3 1 1 3 1 0 0 2 0 0 0 0 0 0 1 0 
2 2 1 1 3 3 4 4 2 5 4 22 22 12 6 17 174 81 43 23 20 13 12 3 12 6 5 0 2 1 3 2 0 0 1 0 0 1 0 0 
4 2 0 3 1 2 2 9 2 12 10 32 19 18 23 29 46 72 33 19 20 12 7 10 7 4 4 4 3 2 0 0 0 1 0 0 0 0 1 0 
0 0 0 1 1 2 6 7 6 15 9 22 27 36 33 21 37 27 33 20 12 6 6 1 1 3 2 1 2 0 0 2 0 0 0 1 0 0 1 0 
2 1 2 2 2 6 5 6 3 11 10 30 49 160 247 63 65 42 62 13 15 11 5 4 6 3 5 3 2 1 1 0 0 0 0 1 0 0 0 0 
4 0 0 0 0 2 3 7 13 12 33 53 46 40 62 82 54 63 47 30 15 13 11 7 5 4 2 3 3 4 2 1 1 1 1 2 0 0 0 0 
3 2 3 3 3 2 6 7 7 23 17 54 43 32 24 34 39 27 21 27 12 9 14 5 3 1 1 1 4 1 2 1 0 2 1 0 0 0 0 0 
2 2 1 0 2 3 0 8 10 15 21 132 149 30 17 35 31 27 29 24 16 7 5 3 7 4 4 2 3 1 0 0 2 0 1 0 0 1 0 0 
2 0 1 1 2 1 0 3 2 11 30 128 110 26 18 22 30 28 17 18 7 3 4 7 6 0 1 1 1 1 1 1 2 1 0 0 1 0 0 0 
0 0 0 3 1 2 3 4 9 15 12 91 187 25 14 17 8 6 8 6 2 2 2 1 2 1 2 3 0 0 1 1 1 1 0 1 0 0 0 1 
3 1 1 0 2 2 3 7 1 11 15 76 332 18 23 10 8 15 16 11 5 5 6 2 4 1 2 2 2 0 0 0 0 0 0 0 0 1 0 0 
1 0 0 0 0 2 0 2 5 5 9 38 180 22 14 9 16 22 20 4 4 7 4 0 2 2 1 0 2 3 1 0 0 0 0 0 1 0 0 0 
0 2 2 1 0 0 3 3 5 4 12 51 226 44 24 15 4 7 10 5 4 2 1 0 2 1 0 2 1 0 0 0 0 1 0 0 0 0 0 0 
1 0 1 1 0 2 3 3 1 18 8 41 229 38 24 6 9 6 13 5 4 2 3 3 4 2 3 0 0 1 1 0 0 0 0 0 0 1 0 0 
0 0 0 0 0 1 2 3 8 6 13 29 91 78 22 9 18 21 13 4 3 6 5 6 2 4 2 2 1 0 0 0 0 1 0 1 0 0 0 0 
0 1 1 0 2 0 0 6 3 12 27 69 163 158 56 21 12 12 7 10 4 10 40 49 10 7 4 3 2 0 0 0 0 1 0 0 2 0 2 0 

0 0 1 2 0 2 0 4 5 2 1 1 2 0 0 6 3 14 6 10 5 22 12 24 15 5 4 3 4 0 1 0 0 0 0 0 0 0 0 0 
2 0 0 1 0 3 1 1 4 3 3 2 4 2 0 2 5 4 1 7 5 16 15 21 13 5 4 7 5 2 3 0 1 0 0 0 0 1 0 0 
0 0 0 0 0 1 3 0 1 0 2 1 1 2 1 3 1 7 2 5 6 9 8 15 12 8 12 3 5 0 2 1 0 0 0 1 0 0 0 0 
0 0 0 0 0 1 1 2 2 3 3 1 3 1 1 2 2 6 13 7 8 10 7 21 18 8 4 4 6 0 0 0 2 0 0 0 0 0 0 0 
2 0 1 1 0 1 1 3 2 0 1 2 1 5 4 4 7 6 11 13 7 21 17 25 5 4 4 3 1 0 0 2 0 0 0 0 2 1 0 0 
0 0 1 1 0 0 1 1 0 1 1 3 5 3 5 4 4 13 12 6 12 12 15 7 8 3 5 6 2 3 2 1 0 0 0 1 0 0 0 0 
2 0 2 1 0 1 2 1 2 2 3 1 5 12 5 7 12 20 24 15 18 15 7 19 12 10 6 3 6 1 1 2 0 0 0 0 0 0 0 0 
1 1 1 2 0 1 1 4 5 3 4 6 8 7 5 14 20 24 27 31 20 21 16 24 14 5 6 4 4 4 2 1 0 1 1 0 0 0 0 0 
0 0 2 1 0 2 3 0 4 4 3 6 7 7 5 10 21 20 17 14 21 10 5 8 11 10 5 1 4 2 1 0 1 0 0 0 1 0 0 1 
3 0 0 1 4 0 0 1 1 5 5 10 14 6 9 23 73 76 43 11 29 8 15 16 15 2 7 4 1 1 2 2 2 0 0 0 0 0 0 0 
0 1 4 3 1 0 0 8 11 12 19 28 40 25 19 47 234 120 35 20 34 16 14 15 20 8 2 3 1 2 3 2 0 1 0 0 0 0 0 0 
0 1 3 4 2 1 3 4 7 10 18 50 161 303 45 51 519 122 37 18 15 12 13 10 15 8 8 4 4 0 0 1 1 0 0 0 1 0 0 0 
1 1 0 2 2 6 3 7 4 21 7 38 63 99 85 58 288 80 57 17 24 10 6 5 8 5 4 3 4 1 2 0 1 1 0 0 0 0 0 0 
0 0 0 2 3 1 5 3 20 15 29 41 42 27 60 55 111 94 48 16 14 16 12 12 3 5 3 5 1 1 0 1 1 0 0 1 1 1 1 0 
0 1 0 0 2 3 1 4 3 14 12 24 28 27 26 30 106 70 37 28 20 11 6 8 6 5 4 3 1 2 3 0 0 0 1 0 0 1 1 1 
0 2 1 1 1 2 3 7 1 19 9 18 29 19 18 21 37 40 42 17 22 2 6 2 11 2 9 4 1 0 2 1 1 0 0 0 1 0 0 0 
1 1 1 4 1 0 4 1 7 8 11 28 24 11 24 26 41 68 42 12 5 11 19 5 5 4 2 4 3 1 1 2 1 0 1 1 0 1 0 0 
0 3 0 1 2 1 0 6 3 17 6 25 20 16 16 19 38 45 21 14 17 7 11 5 6 5 0 3 2 0 0 0 0 1 1 2 0 1 0 0 
0 0 1 1 0 1 2 10 0 17 11 33 29 12 18 17 12 27 19 7 15 5 13 3 6 4 2 3 1 3 1 0 0 0 0 0 0 0 0 0 
0 0 0 1 3 1 2 3 7 8 11 24 26 21 13 21 35 46 20 12 6 8 6 6 4 5 2 0 1 1 0 1 0 1 0 0 0 0 0 1 
0 1 1 0 1 3 1 2 3 5 7 11 32 18 10 15 12 15 19 18 7 3 4 2 4 2 2 2 2 2 0 0 0 0 0 0 0 1 0 0 
0 0 1 0 2 2 0 0 2 6 0 16 55 20 21 13 13 16 19 4 2 7 10 5 3 0 6 1 0 0 0 2 0 0 0 1 0 0 0 0 
0 0 0 1 3 1 2 1 3 5 5 16 158 65 26 24 41 51 16 8 4 6 9 6 6 2 5 2 0 1 0 1 1 0 2 0 0 0 0 0 
0 0 0 1 1 2 0 1 2 6 10 23 107 177 27 13 17 24 7 9 7 8 34 402 4 2 1 3 2 1 0 1 2 1 0 0 0 0 0 0 

0 0 0 0 1 1 3 4 3 0 0 0 0 2 4 7 6 9 5 14 5 22 12 73 29 4 4 5 2 0 2 0 1 0 0 0 0 0 0 0 
0 0 0 0 2 3 3 1 0 0 1 2 1 0 3 4 1 4 4 6 5 12 30 31 26 9 6 5 2 6 1 2 0 0 0 0 1 1 1 1 
0 1 0 0 0 0 1 1 2 0 0 1 0 1 2 2 1 3 10 5 6 8 7 15 17 14 6 4 3 0 0 0 0 0 0 1 0 0 0 0 
2 0 0 1 0 0 0 1 1 2 3 2 3 2 0 1 4 7 7 9 12 15 20 33 29 11 12 4 3 2 1 0 1 0 0 0 0 0 1 1 
0 0 0 0 0 0 2 1 1 3 2 1 4 1 4 4 6 10 11 12 13 25 26 25 26 8 8 6 2 2 1 1 0 1 0 0 1 2 0 1 
0 1 0 1 0 0 0 0 1 1 3 3 3 2 4 4 6 4 2 9 10 8 9 10 12 5 2 2 1 1 1 0 1 0 1 0 1 0 0 0 
1 0 0 0 0 1 1 1 2 3 2 2 5 4 2 7 7 15 17 19 13 22 18 24 27 9 12 12 8 2 2 0 1 3 1 0 1 1 0 1 
2 1 1 0 0 1 2 0 2 3 1 1 1 5 4 4 7 9 20 17 17 19 15 28 20 13 8 10 7 0 2 2 1 1 0 0 0 1 0 0 
1 0 2 0 1 1 1 1 2 4 2 9 5 3 4 10 9 8 15 16 16 12 17 13 12 5 10 3 0 2 2 3 2 0 0 0 0 0 1 0 
4 1 2 2 0 0 0 0 1 6 8 23 8 16 10 10 14 25 20 16 15 14 23 16 32 12 9 7 6 2 1 1 2 1 1 0 0 0 2 0 
3 3 0 2 1 2 2 6 2 11 10 26 64 21 20 28 39 37 33 28 24 18 9 25 15 7 9 5 2 3 0 0 1 1 0 0 1 1 0 0 
4 3 0 4 7 5 2 11 9 19 32 91 189 54 32 59 411 75 40 20 18 15 9 18 7 9 3 6 3 1 2 0 0 1 0 0 1 3 0 0 
0 0 3 0 0 4 8 7 6 19 16 43 76 46 46 44 179 87 54 17 24 10 12 5 9 4 4 2 5 3 3 1 0 2 1 0 0 0 1 0 
1 3 0 1 0 4 3 3 10 11 25 26 23 25 24 24 98 49 38 16 22 7 12 18 6 7 12 5 5 1 1 1 0 1 0 0 0 0 0 0 
2 0 0 2 2 3 1 2 3 8 8 13 19 18 21 39 178 67 27 12 14 10 14 8 8 6 3 3 3 0 1 0 2 1 1 0 0 0 0 0 
0 1 0 3 0 2 1 4 2 5 11 15 16 11 25 38 192 66 41 16 19 9 3 10 12 4 9 4 5 1 0 1 0 0 0 1 0 0 0 0 
1 0 0 1 0 1 1 4 3 5 16 14 17 10 14 26 280 88 34 12 10 8 10 11 8 3 0 4 3 2 2 1 0 0 0 0 0 0 0 0 
1 2 1 1 1 2 1 1 3 2 4 12 17 19 24 29 98 71 40 14 14 5 5 6 1 5 1 2 0 0 0 0 1 0 0 0 1 0 0 0 
0 3 0 3 0 1 2 1 1 5 3 11 18 15 12 24 56 64 41 19 4 4 10 7 7 2 5 3 4 0 2 0 0 0 0 0 0 0 0 0 
1 0 0 0 0 0 2 4 3 4 3 11 16 7 17 26 54 64 25 10 13 9 2 9 7 3 1 2 2 1 2 1 0 0 0 0 0 1 0 0 
0 1 1 0 1 1 0 2 2 9 6 10 10 4 13 9 18 16 12 6 5 8 2 1 1 4 2 0 0 3 1 0 0 0 0 0 0 0 1 0 
1 0 0 0 0 1 1 4 1 5 4 11 11 12 18 11 15 31 40 7 10 2 8 7 4 4 3 2 0 2 1 1 2 0 0 0 0 0 0 0 
2 0 1 1 0 0 4 2 1 3 2 11 25 22 16 15 51 69 38 14 5 5 5 12 8 3 4 4 3 0 1 0 1 0 0 1 0 1 0 0 
0 0 0 0 2 1 0 0 4 4 9 10 20 16 7 9 10 17 12 10 3 6 8 12 9 5 4 2 2 1 3 0 0 0 0 0 0 0 0 0 

1 0 0 1 0 1 0 2 3 1 0 2 0 4 2 7 2 8 5 25 7 35 40 329 54 17 4 8 6 1 2 0 1 0 0 0 0 0 0 0 
0 0 0 0 0 0 0 0 0 2 2 2 1 0 1 2 5 3 7 16 31 35 100 221 55 16 7 12 4 3 4 0 1 0 1 0 0 1 0 0 
1 0 1 0 0 2 1 1 0 0 3 3 1 2 4 4 7 6 13 33 54 54 110 411 60 20 12 15 11 3 1 0 1 0 0 1 2 0 0 0 
1 0 0 0 0 0 0 1 0 0 0 2 1 3 3 2 6 6 6 14 32 44 53 128 65 17 16 7 10 3 4 0 0 0 3 0 0 0 0 0 
0 0 1 0 0 0 1 2 0 1 0 1 1 3 7 8 4 8 14 20 30 42 68 162 92 30 20 12 12 4 3 0 3 2 1 2 1 1 0 0 
0 0 1 0 0 1 1 0 1 2 3 1 2 7 2 2 10 14 11 30 36 40 72 316 120 25 18 7 11 4 8 1 1 1 0 1 3 1 0 1 
0 1 0 0 0 1 0 2 3 0 1 4 5 3 3 5 4 11 16 37 27 33 39 56 72 21 18 10 6 4 1 0 3 0 0 0 0 0 0 1 
1 0 0 1 0 0 0 2 2 2 2 1 4 3 4 12 6 12 29 28 51 54 81 91 66 14 11 11 6 2 4 1 2 1 2 1 1 0 3 0 
1 0 0 0 0 0 0 3 2 3 1 8 4 7 9 13 16 23 24 69 93 74 107 119 76 48 16 11 5 7 6 6 1 0 1 1 0 1 1 0 
2 0 1 1 0 1 0 0 4 7 7 15 13 8 11 9 12 16 13 23 46 36 50 38 42 19 26 13 8 2 2 4 4 1 1 1 2 0 0 0 
1 3 1 2 1 1 4 1 4 13 43 231 33 15 15 17 15 23 48 51 43 44 20 58 32 14 11 9 4 2 6 1 0 1 0 1 0 1 0 0 
2 0 1 4 3 0 4 3 6 33 58 122 57 32 17 26 30 24 17 25 28 18 12 22 14 8 7 5 5 5 1 1 0 0 0 0 0 0 0 0 
1 1 1 2 4 4 1 7 5 17 14 50 60 20 23 26 47 35 33 27 35 17 16 13 19 11 3 4 5 2 4 0 1 1 1 0 0 1 0 0 
1 1 0 2 5 2 2 6 9 18 19 34 34 17 20 30 20 26 25 39 19 9 15 23 16 9 6 14 3 3 0 0 0 0 2 0 1 1 0 0 
1 0 1 1 0 0 3 3 4 3 13 13 23 15 14 15 22 16 22 24 17 12 8 12 16 6 3 4 2 2 1 2 1 0 2 0 1 0 0 1 
1 0 0 2 0 2 0 8 3 7 6 13 6 18 26 18 27 39 43 16 11 9 13 15 13 3 10 2 2 7 3 0 0 0 0 0 1 0 0 0 
1 1 3 1 1 1 5 2 7 8 5 10 11 15 7 14 52 48 27 15 12 14 8 19 14 7 1 10 5 1 4 4 1 2 1 0 0 0 0 0 
4 2 0 0 1 0 3 4 2 3 6 11 18 12 16 21 69 49 27 20 9 4 11 10 10 5 6 2 4 2 0 2 0 1 0 0 0 0 1 0 
3 0 1 0 0 0 1 1 2 1 3 8 10 16 12 23 127 71 52 21 19 10 6 4 12 1 6 3 3 0 0 3 0 0 0 0 0 0 0 0 
0 0 0 1 0 1 1 6 2 3 3 4 17 23 17 41 255 185 43 18 12 14 10 10 16 9 3 3 2 1 0 0 0 1 0 1 0 0 0 0 
1 0 0 1 1 1 0 1 4 2 1 6 6 11 14 29 215 76 46 20 15 10 7 4 8 6 3 2 1 0 2 1 0 0 0 0 0 0 0 0 
0 2 1 2 0 1 0 3 0 7 3 8 4 7 11 24 133 85 66 15 13 4 5 10 9 6 10 2 5 1 2 0 2 0 1 0 0 1 1 0 
2 1 1 0 0 2 1 1 0 3 3 7 7 19 17 54 399 291 63 31 13 7 15 12 6 14 12 2 2 3 0 3 3 0 0 0 1 1 0 0 
0 0 0 0 0 0 2 1 2 6 11 12 14 17 28 64 273 193 46 40 23 17 16 9 12 6 8 1 1 0 1 0 0 0 0 0 0 0 0 0 

0 0 0 0 0 1 0 0 2 2 0 2 0 3 2 6 5 4 7 14 12 88 38 100 34 17 12 8 13 4 2 0 1 1 0 1 1 0 0 0 
0 0 1 0 0 1 2 0 1 0 0 0 0 1 2 2 5 1 6 20 62 72 79 77 44 21 11 16 8 3 3 3 2 2 1 1 0 0 0 1 
0 0 1 0 0 0 1 0 2 1 1 0 1 2 1 3 6 6 13 22 69 105 68 130 33 19 13 11 6 2 2 2 4 1 3 0 1 2 0 0 
0 0 0 0 0 0 0 1 1 2 1 1 3 1 1 1 4 5 4 19 32 56 52 127 69 20 12 10 15 2 4 0 2 0 0 0 0 0 1 0 
1 1 0 0 0 0 0 1 0 1 1 1 3 2 4 1 2 5 9 16 55 40 59 190 93 25 24 18 12 3 3 0 1 2 0 0 0 1 1 1 
0 1 0 0 0 1 1 0 1 1 3 5 1 3 3 6 5 6 15 28 39 38 65 512 120 35 14 27 8 5 6 4 1 1 1 0 0 1 2 1 
0 0 0 0 0 0 0 1 1 0 2 3 2 3 2 2 3 8 2 19 52 33 44 151 120 25 10 7 15 6 4 3 3 1 0 1 1 0 0 1 
2 0 0 0 0 2 2 0 1 2 0 3 2 6 4 9 4 9 18 41 90 64 79 146 84 28 11 14 9 8 2 2 1 2 0 0 0 0 3 3 
2 0 2 0 1 2 1 2 4 2 3 6 6 8 2 6 17 12 49 88 164 169 123 226 131 45 22 12 18 3 7 4 1 2 1 0 0 1 0 1 
0 1 0 1 0 1 1 0 1 3 3 11 5 6 6 9 6 24 26 75 161 117 87 113 128 20 30 13 13 3 8 9 2 2 2 0 0 0 0 0 
1 0 1 0 0 3 2 1 4 3 23 40 24 16 10 8 15 14 31 59 62 34 36 50 40 11 9 8 6 5 4 4 2 0 3 0 0 2 0 0 
6 3 2 3 0 5 4 10 7 18 41 278 61 23 18 13 10 9 14 19 11 21 12 19 18 8 6 7 2 1 5 1 1 3 0 2 0 0 0 0 
3 0 0 1 2 2 1 4 5 9 27 213 103 21 21 23 14 22 27 26 43 13 17 25 24 4 10 8 10 6 3 2 1 0 0 0 0 0 0 1 
2 1 1 3 0 2 4 5 6 8 12 35 55 25 20 26 17 20 43 32 14 7 20 25 19 14 4 12 7 3 3 3 2 2 1 0 0 0 0 0 
1 1 0 0 2 5 2 2 4 8 5 20 26 29 19 16 18 11 27 15 9 9 5 9 9 9 7 7 2 3 0 0 0 1 0 0 0 1 1 1 
1 0 0 2 0 0 0 4 2 11 10 13 20 20 17 18 13 16 27 22 25 9 5 19 24 13 11 2 7 1 5 4 0 1 3 0 1 0 2 0 
1 1 0 0 1 3 6 2 5 5 8 18 12 16 21 26 23 32 32 9 18 12 13 28 19 11 6 11 8 1 1 1 0 1 0 1 1 0 0 3 
0 0 0 0 1 1 1 2 2 2 2 6 10 11 18 12 33 42 62 15 18 9 4 6 8 8 5 6 4 3 3 0 1 1 0 1 0 1 0 1 
1 1 0 1 0 6 0 2 4 4 4 12 3 11 5 15 26 54 62 24 13 17 13 14 14 5 11 3 5 2 3 1 2 0 0 0 1 0 0 0 
0 0 0 0 1 3 3 1 3 2 6 6 3 13 15 24 48 74 57 14 14 9 13 19 11 4 5 3 3 0 2 1 2 2 1 1 0 0 0 0 
0 0 1 0 0 1 1 2 3 1 4 3 9 15 14 29 56 77 61 20 14 6 6 6 8 5 1 0 1 2 0 0 0 0 1 0 1 1 0 0 
0 1 0 0 1 0 3 2 3 4 2 8 4 15 15 26 35 111 95 27 15 6 12 12 16 10 9 4 2 4 3 0 2 1 0 1 0 0 0 1 
0 0 0 1 1 1 1 1 3 1 5 5 8 13 21 38 211 193 50 15 7 7 18 20 15 13 8 5 3 1 0 0 1 0 0 1 0 0 1 0 
1 0 1 1 0 1 2 0 4 3 4 10 12 23 38 67 374 240 118 54 22 12 4 12 7 5 1 5 1 0 0 0 0 1 0 0 0 1 0 0 

0 0 0 0 1 1 0 1 2 1 0 3 0 9 0 8 6 6 2 14 15 420 61 43 19 8 5 19 10 2 2 1 2 2 0 0 0 0 0 0 
0 0 0 0 0 2 0 1 0 0 0 2 3 1 4 3 5 1 4 8 72 338 43 18 21 10 12 25 14 5 4 1 0 0 0 2 0 0 0 0 
0 0 0 0 0 0 0 0 1 0 0 1 3 2 0 8 4 3 8 9 255 80 16 33 19 7 6 17 15 7 3 1 1 0 1 0 0 0 0 0 
0 1 0 0 0 0 1 1 0 1 2 1 0 1 0 2 5 4 6 18 259 85 37 20 35 9 12 13 20 2 3 2 0 0 2 0 2 0 0 0 
1 0 1 1 0 0 0 1 1 1 2 1 2 4 4 11 6 14 6 26 505 84 47 23 28 10 10 9 12 3 2 3 3 1 0 0 0 0 0 0 
0 0 0 0 0 0 0 1 2 2 1 4 0 1 2 8 9 6 13 32 594 30 27 53 23 15 19 17 4 8 4 0 2 1 1 0 2 1 0 0 
0 0 0 0 0 1 1 0 1 1 1 0 0 5 2 9 5 4 6 41 361 23 28 77 67 19 13 11 18 5 5 2 0 0 0 0 0 0 1 0 
0 0 0 0 0 1 1 0 0 5 2 3 7 3 11 8 7 15 25 93 401 37 42 246 49 15 12 20 15 6 1 3 4 2 0 0 1 1 1 0 
0 0 1 1 0 1 1 2 2 2 3 4 1 3 6 15 8 15 17 195 561 120 44 243 50 27 9 13 6 11 5 1 1 0 2 0 0 2 1 0 
0 0 0 0 0 1 0 3 1 4 1 5 9 7 9 8 11 14 20 280 362 457 63 249 79 19 8 8 11 8 2 0 2 1 0 0 3 0 0 2 
0 0 1 0 1 2 3 3 2 6 10 16 11 8 13 15 8 22 67 443 136 48 72 294 73 19 13 15 10 6 5 5 1 2 1 0 1 0 1 2 
1 0 2 0 1 0 2 5 0 4 8 33 22 12 7 10 12 16 28 390 56 27 53 220 49 22 8 15 17 5 3 4 2 3 1 0 1 1 0 3 
6 0 0 0 0 0 1 4 6 14 15 153 186 23 18 17 13 21 25 148 57 18 23 79 49 12 10 15 10 5 4 3 5 0 1 1 0 0 1 2 
2 0 1 1 0 3 7 7 3 6 16 56 212 66 24 22 17 24 230 154 42 25 44 109 58 25 17 21 14 7 1 2 2 2 0 2 1 1 0 0 
0 1 1 0 2 5 6 8 7 12 19 39 175 192 40 20 23 43 479 68 25 19 40 109 57 19 21 22 9 6 8 5 2 3 1 1 0 0 1 0 
1 1 2 1 1 3 0 6 5 9 4 33 35 74 55 14 22 27 235 31 18 21 23 63 81 13 14 12 13 4 5 1 3 1 3 1 1 0 0 1 
1 2 0 0 0 1 2 3 4 6 9 20 22 39 37 31 19 88 218 23 18 18 48 82 61 11 14 21 9 4 3 3 1 1 0 1 1 0 0 0 
0 0 0 0 2 2 0 4 3 7 6 12 17 26 27 25 23 199 135 31 14 18 42 60 36 16 17 10 7 5 4 1 1 0 0 2 0 0 0 1 
1 0 0 0 1 4 1 4 2 8 5 10 12 9 18 27 21 125 127 19 16 14 12 35 31 12 9 7 3 2 5 2 1 4 0 0 1 0 0 0 
1 0 1 0 0 0 2 3 1 3 6 10 10 16 26 49 49 489 79 18 15 13 19 58 35 21 17 9 3 2 3 0 0 0 0 0 0 0 1 1 
0 0 1 0 0 0 3 1 2 3 5 1 9 11 20 23 36 283 51 15 13 20 28 42 37 23 16 3 4 4 0 3 1 0 2 2 1 1 0 0 
1 1 0 2 0 1 1 1 1 4 3 4 7 8 10 20 16 280 110 25 15 13 23 29 29 13 16 4 9 5 1 2 2 0 1 0 0 0 0 0 
0 0 0 0 1 1 2 2 1 2 3 7 9 11 19 38 59 366 69 22 16 24 40 42 44 24 26 6 3 3 1 1 0 1 0 0 0 1 0 1 
1 0 0 1 0 0 2 5 5 1 5 8 14 15 36 54 82 172 63 29 29 24 30 44 43 31 20 11 5 3 3 0 1 1 1 0 0 0 0 0 

0 0 0 1 0 0 0 0 0 2 1 3 1 2 1 10 5 10 4 10 7 106 43 36 14 10 10 36 15 4 2 4 1 0 0 0 0 1 0 0 
0 0 0 0 0 0 0 0 0 0 1 1 0 2 2 3 3 4 10 4 17 23 41 14 20 13 11 26 12 9 3 3 2 2 1 1 0 1 1 1 
0 1 0 0 0 0 1 2 0 1 0 0 1 2 1 3 5 6 4 6 15 19 24 21 13 12 10 15 7 10 2 4 2 0 0 0 0 0 0 0 
0 0 0 1 0 0 0 0 0 1 1 0 0 2 3 6 6 5 1 8 20 30 36 16 21 6 14 19 25 6 6 3 3 2 0 2 0 0 0 0 
0 0 1 1 0 0 2 1 2 0 0 1 1 1 2 11 7 5 14 10 37 31 22 17 26 10 13 26 11 9 10 5 0 1 1 3 0 1 1 0 
0 1 0 1 0 2 0 1 0 0 0 3 1 1 6 9 5 9 15 31 26 19 31 20 16 14 18 12 10 6 3 1 2 0 3 1 0 2 0 0 
0 0 0 0 0 0 1 0 3 3 0 2 2 1 1 8 5 10 9 21 45 12 30 24 26 13 16 14 21 6 4 5 2 2 2 0 0 1 0 0 
1 0 0 1 0 0 0 0 1 2 3 1 4 3 5 6 7 11 12 20 44 28 20 33 26 13 12 23 17 8 6 2 1 0 1 2 2 0 0 0 
0 0 1 0 1 0 1 1 3 2 1 3 6 0 3 9 9 22 21 28 42 22 22 37 25 17 18 16 10 5 11 4 1 1 2 1 0 1 0 2 
0 0 0 0 0 0 0 3 3 3 5 5 8 7 8 9 13 11 23 38 74 31 39 41 76 11 21 20 15 5 8 3 4 1 2 1 2 1 0 1 
0 0 2 0 0 0 0 3 0 1 3 4 6 4 10 6 14 17 31 44 43 27 26 69 34 21 17 21 17 4 6 5 0 2 0 0 0 1 0 0 
2 0 0 0 0 1 2 2 2 4 2 13 6 7 12 12 11 18 24 39 32 29 37 137 44 24 27 11 14 9 4 2 2 1 0 1 1 0 1 0 
1 0 2 0 0 0 1 4 2 9 3 11 36 7 11 25 16 18 29 46 53 25 28 252 93 13 17 27 30 5 10 1 2 0 1 3 3 1 0 2 
0 1 1 0 1 2 1 1 1 7 15 26 56 36 19 16 21 13 35 43 32 17 40 163 51 23 17 30 12 8 9 3 3 1 1 3 2 0 0 1 
2 1 0 2 2 1 6 6 10 8 19 39 191 342 52 32 24 37 47 31 26 21 38 224 58 37 22 17 17 7 5 6 4 1 0 2 2 2 0 1 
1 0 1 0 0 5 4 4 3 6 9 27 71 554 123 27 21 28 47 28 30 24 38 502 132 29 29 26 29 6 8 1 1 1 1 2 2 1 1 1 
0 0 0 0 1 1 1 2 4 3 11 16 30 96 107 24 20 30 25 16 12 27 42 615 63 25 18 20 12 2 5 3 2 1 1 1 0 1 0 0 
3 1 3 1 1 1 3 2 3 6 7 12 14 46 80 32 24 36 35 20 18 30 45 103 51 22 13 13 10 8 3 1 1 1 0 0 0 0 0 2 
1 0 0 3 1 0 1 2 1 8 3 6 11 27 57 43 28 36 33 12 16 13 27 184 54 17 27 5 11 0 3 3 6 0 4 0 0 1 0 0 
1 0 0 0 0 2 2 2 3 2 7 8 10 19 45 52 36 51 37 12 12 14 36 304 43 18 18 6 3 3 2 1 2 1 0 1 2 2 0 0 
0 0 1 0 1 2 1 0 5 4 9 5 7 16 27 27 26 38 32 16 16 29 44 108 55 31 29 11 8 7 3 1 2 0 1 0 0 3 0 0 
1 1 0 1 1 2 1 1 4 3 2 8 4 14 20 31 28 46 48 21 15 22 31 83 64 28 38 14 16 5 1 1 3 3 1 0 0 1 0 0 
0 0 0 1 0 3 1 3 2 2 3 1 5 19 41 57 45 66 28 18 15 15 67 108 36 38 32 13 6 2 1 1 2 0 0 2 2 0 0 0 
0 0 1 1 1 3 5 3 1 2 6 6 8 16 31 38 36 50 26 19 24 35 77 170 54 28 25 13 8 3 1 0 0 0 0 0 0 0 0 1 

0 0 0 0 0 0 0 1 0 0 1 3 2 1 2 19 11 8 4 11 7 31 13 15 10 9 11 462 60 5 6 2 2 2 0 0 1 0 0 0 
0 0 0 0 0 0 2 0 0 1 1 0 1 3 2 13 9 4 3 7 11 10 9 10 5 17 20 132 54 8 9 2 4 3 0 2 0 0 0 1 
0 0 0 0 0 0 0 0 0 0 1 0 3 1 0 7 7 1 8 8 10 5 13 9 4 11 25 140 38 15 4 5 1 3 0 1 0 0 0 0 
0 1 0 0 1 0 1 2 0 2 1 1 1 2 3 7 6 4 1 10 8 13 24 12 9 8 13 59 46 5 7 1 4 1 2 1 0 0 0 0 
0 1 0 0 0 0 0 2 0 1 4 6 4 10 9 21 9 6 7 5 9 11 11 5 5 8 31 93 43 8 11 4 3 3 1 1 2 2 1 1 
0 0 0 0 0 0 0 3 0 0 2 3 1 2 6 10 3 7 4 8 14 10 1 4 14 11 27 95 50 12 13 3 6 2 4 0 1 2 1 0 
1 0 0 0 0 2 0 0 0 3 0 3 1 5 1 3 13 8 5 8 12 7 17 12 11 12 17 41 38 5 6 4 0 3 0 0 1 0 2 0 
0 0 0 0 1 0 0 1 0 1 2 3 5 7 9 6 8 12 14 12 15 9 8 15 10 11 28 80 26 9 7 6 3 1 1 0 1 2 0 2 
0 0 0 1 0 0 1 1 2 1 0 1 3 2 7 8 12 7 13 12 12 10 15 8 14 17 30 60 39 16 8 6 7 4 0 4 1 0 2 2 
1 0 0 1 1 3 0 0 0 2 0 3 2 2 3 10 4 10 5 18 27 15 17 20 29 11 21 44 45 9 6 0 6 0 5 0 1 0 1 1 
1 0 1 0 0 0 1 4 3 1 4 3 4 3 7 13 20 12 15 23 13 18 13 23 20 15 39 69 36 8 3 6 3 3 2 1 1 1 0 1 
0 1 0 1 2 0 0 2 3 3 5 8 7 5 12 11 15 16 12 19 13 13 16 19 23 22 45 71 30 13 5 6 4 3 0 1 2 0 0 0 
2 0 0 0 0 0 0 2 1 9 4 8 16 8 10 8 9 7 16 20 25 13 21 22 39 16 26 48 55 13 12 4 3 2 1 1 1 1 0 1 
0 0 0 0 0 1 0 2 3 6 8 10 10 17 18 20 19 16 15 15 14 12 20 30 32 26 77 102 42 11 15 5 2 3 2 1 0 1 0 2 
0 1 0 0 1 0 1 3 5 7 9 18 37 30 25 19 16 16 16 19 17 15 14 24 33 34 107 95 30 15 10 3 5 0 5 1 3 0 1 0 
1 0 0 0 0 1 2 5 2 11 5 25 31 53 64 23 23 19 22 17 19 12 21 57 75 25 56 59 39 12 13 5 6 1 5 0 1 1 0 0 
0 1 0 1 0 2 4 4 1 3 7 16 15 54 265 34 23 16 15 14 15 18 32 81 41 30 56 58 32 5 7 2 2 1 0 1 1 1 0 1 
2 0 0 0 0 3 0 2 1 2 2 8 10 15 73 30 17 11 6 7 13 12 17 36 27 35 58 34 15 12 2 2 3 3 2 1 2 0 1 0 
1 0 3 0 0 3 3 0 0 4 4 4 2 24 163 57 26 17 20 14 11 10 15 68 48 28 82 15 14 4 6 3 2 3 0 0 0 0 0 0 
0 1 0 1 0 1 4 2 3 1 5 2 10 14 244 102 38 39 24 7 7 10 29 94 37 38 78 20 12 9 7 5 1 3 0 0 2 1 0 1 
0 1 0 0 1 2 0 2 3 2 3 6 8 19 254 34 18 16 31 13 19 16 19 70 38 113 290 38 15 13 3 7 1 2 0 1 0 2 0 0 
3 0 0 0 0 0 1 1 2 1 1 6 3 18 80 37 24 30 37 11 10 21 27 148 55 77 233 17 15 4 5 1 2 1 2 1 1 1 2 0 
1 0 0 0 0 1 2 0 2 1 4 2 12 17 172 123 43 31 24 20 15 15 67 254 72 255 200 28 8 4 3 1 2 2 0 2 0 0 0 2 
1 0 0 1 2 0 3 2 5 4 4 11 11 23 498 392 54 50 43 22 21 20 88 287 61 636 166 28 11 7 3 1 1 1 0 0 0 0 1 0 

0 0 0 1 0 0 0 1 1 0 0 2 3 3 3 33 16 7 6 4 3 13 7 13 7 4 9 191 68 5 1 2 3 4 0 0 0 1 0 0 
2 0 0 0 0 0 1 0 0 1 1 0 0 3 4 11 16 9 7 2 5 7 9 7 7 6 22 86 55 12 12 5 5 3 0 0 3 0 2 1 
1 1 0 0 0 0 1 1 0 1 1 2 2 2 1 9 3 6 4 3 5 3 5 4 8 9 12 90 44 16 11 0 2 2 6 1 0 1 0 0 
0 0 1 0 0 0 1 0 2 0 3 3 1 6 7 18 12 10 6 10 7 6 12 4 10 5 10 122 66 7 6 3 4 2 1 0 0 1 0 1 
0 0 0 0 0 0 1 0 0 0 1 0 5 5 5 18 15 6 4 1 5 4 7 5 5 10 22 110 60 11 12 4 4 3 3 1 0 1 1 0 
0 0 0 0 0 2 0 0 2 2 1 3 3 0 6 11 8 6 3 4 2 4 12 11 14 14 26 174 42 12 8 7 5 1 5 2 3 0 2 0 
1 0 0 0 0 0 0 0 1 3 1 0 2 4 2 13 12 8 7 9 9 7 4 2 9 7 14 121 72 10 15 5 5 1 1 0 0 0 1 1 
0 0 0 0 1 0 1 0 0 1 1 0 8 7 7 11 16 5 14 9 10 10 7 7 13 10 26 148 42 9 9 5 3 2 2 2 1 0 0 0 
0 0 0 0 0 2 0 0 1 1 3 1 6 3 8 9 9 4 7 8 13 10 11 8 5 11 28 220 40 15 11 5 4 3 1 4 1 0 1 0 
0 1 0 0 0 1 1 2 0 1 1 1 3 5 2 11 9 9 9 12 9 8 14 12 13 13 31 257 94 10 18 6 4 0 3 0 1 0 0 0 
1 1 0 0 1 1 2 0 1 1 3 3 1 10 10 19 15 7 10 11 18 10 12 7 11 10 57 242 41 14 11 4 7 4 1 2 0 0 2 0 
0 1 0 0 1 1 0 1 1 2 5 7 3 3 8 7 13 10 21 8 9 8 15 7 15 22 66 173 42 17 10 7 3 3 0 1 2 1 2 0 
0 1 0 0 0 0 0 3 2 3 5 5 11 4 7 13 15 10 25 6 13 13 12 12 24 26 44 245 58 7 12 6 4 1 2 4 1 0 0 1 
0 0 1 0 1 0 1 3 2 5 4 11 10 14 12 11 20 13 14 13 7 5 11 11 25 12 130 203 37 10 7 5 0 0 0 1 2 3 1 2 
2 0 0 0 0 0 4 1 1 9 9 9 13 12 20 14 13 11 9 12 6 10 19 14 18 33 279 143 52 24 15 10 6 2 2 2 2 1 1 2 
0 2 2 2 1 1 1 4 1 6 6 13 14 18 22 18 19 14 19 7 16 10 23 17 22 40 309 148 58 14 12 6 9 2 2 1 3 1 1 0 
0 0 0 1 1 2 2 0 3 5 7 14 13 15 29 26 19 17 9 9 3 7 10 16 21 29 88 62 28 7 7 3 0 0 1 1 0 0 0 0 
1 2 0 0 0 0 0 3 1 7 5 6 7 14 12 19 7 19 15 13 3 7 9 21 21 18 75 33 25 13 6 4 5 0 5 1 3 1 1 1 
1 1 0 2 1 3 0 3 3 1 7 6 12 15 12 21 22 17 16 9 11 11 12 16 21 20 210 25 18 2 9 5 6 3 1 1 1 1 3 0 
1 0 0 0 0 2 3 2 4 4 2 8 10 18 44 60 17 20 20 12 7 6 14 26 24 28 57 14 9 7 3 0 1 3 0 0 0 0 1 0 
1 0 3 2 1 1 1 0 0 2 7 3 7 18 20 27 17 16 11 7 13 11 19 23 23 57 137 23 15 4 7 2 3 5 2 1 2 2 3 1 
0 0 0 0 0 1 2 0 1 3 1 8 6 11 18 34 34 19 24 15 13 8 14 25 31 67 192 19 24 5 11 0 4 1 0 4 0 1 0 0 
1 0 0 1 0 0 3 2 2 3 3 7 10 20 47 56 35 49 22 10 12 10 27 41 48 158 143 21 8 4 4 2 3 1 1 2 2 0 0 2 
0 0 0 0 0 1 1 3 1 4 3 6 8 28 53 49 39 32 22 16 10 34 28 58 65 328 163 43 14 11 3 5 0 3 1 1 0 1 1 2 

1 0 0 0 0 1 0 2 0 1 1 2 2 9 7 52 20 12 3 2 2 9 11 9 8 9 7 34 26 5 4 1 2 0 1 1 0 0 0 0 
1 0 0 0 0 0 0 0 0 1 0 0 3 5 16 34 44 20 9 6 3 7 2 4 3 2 5 11 16 4 3 3 1 2 1 0 0 1 0 0 
0 1 1 1 0 0 1 0 0 0 1 1 2 17 38 57 61 24 8 6 2 5 4 1 5 2 6 8 10 3 2 4 1 1 0 1 2 1 0 0 
0 0 0 0 0 1 0 1 0 1 1 3 0 6 11 22 31 12 13 8 10 4 7 3 6 7 8 10 15 4 6 2 1 2 2 0 1 0 0 0 
1 1 0 1 0 0 0 1 1 3 4 1 4 11 19 57 45 15 7 7 4 5 3 4 2 3 10 13 12 7 6 5 1 1 0 2 0 1 0 0 
0 1 0 0 0 0 2 0 1 2 1 1 3 6 25 46 46 20 18 9 6 1 7 5 6 7 4 13 7 2 2 2 2 2 1 0 0 0 0 0 
0 0 0 0 0 0 0 2 2 1 0 2 2 3 8 22 38 13 9 9 11 2 6 7 5 6 8 16 37 4 4 1 3 0 0 2 0 0 0 2 
0 1 0 1 0 0 0 2 2 0 5 3 10 8 17 44 39 19 4 9 4 4 6 2 9 3 11 30 14 4 3 3 3 3 0 1 1 0 0 1 
0 0 1 1 1 0 3 0 0 4 4 1 7 6 18 38 54 26 17 9 8 3 3 7 5 5 6 20 14 7 3 3 1 1 1 0 0 0 0 0 
0 0 0 1 0 0 0 0 0 0 2 2 2 1 7 27 34 12 12 15 16 13 11 10 10 12 21 27 40 8 6 0 5 4 1 0 2 1 0 0 
0 0 0 0 1 0 0 0 2 6 9 4 7 20 23 63 50 15 9 3 2 7 2 11 7 14 28 36 14 4 6 3 2 2 0 1 1 0 0 1 
0 2 0 0 1 1 3 0 0 3 5 4 4 9 15 40 59 24 14 12 7 5 5 6 10 7 12 18 10 9 2 2 2 1 4 0 1 1 1 0 
0 0 0 0 1 1 2 0 1 1 0 5 5 8 7 18 36 18 14 7 14 7 8 9 9 11 21 35 41 5 3 1 4 3 2 1 0 2 2 0 
1 1 0 0 0 1 0 0 4 4 3 3 9 15 24 27 44 14 12 7 4 5 8 5 9 16 29 40 19 6 4 2 3 1 2 0 0 0 1 1 
0 1 2 0 1 1 2 3 1 5 2 8 10 8 8 36 46 17 9 13 11 5 6 12 7 8 21 21 16 11 7 3 0 2 0 1 1 0 0 0 
0 0 1 0 0 1 1 2 2 4 1 9 4 13 10 27 28 18 25 16 12 8 11 9 19 22 33 33 26 7 5 4 2 2 0 1 2 1 0 2 
1 1 0 0 0 0 0 2 0 2 5 7 11 15 28 44 41 21 18 8 5 8 9 14 15 25 13 15 9 1 6 2 1 1 1 0 0 1 1 1 
0 0 0 1 1 0 0 2 4 2 6 6 9 8 13 34 51 27 11 12 7 5 8 13 16 17 13 12 7 3 0 1 2 0 1 3 1 0 0 0 
0 0 0 0 3 3 0 6 2 7 6 6 5 12 21 29 35 25 17 15 8 10 13 10 19 12 21 8 9 5 5 3 2 1 3 1 1 0 1 0 
0 0 0 0 0 2 2 0 1 4 4 6 9 9 27 39 62 56 18 9 9 4 12 16 21 40 18 6 7 1 6 1 0 0 2 1 0 0 0 1 
0 1 1 0 0 0 0 2 1 1 2 4 11 6 12 32 43 47 22 10 9 12 8 15 19 23 17 14 15 7 3 1 0 1 1 0 0 0 0 1 
0 0 1 0 0 1 1 0 1 2 2 4 3 12 11 26 24 38 29 18 12 20 7 24 15 22 45 11 20 5 7 0 2 1 2 1 1 0 0 0 
0 1 0 1 0 0 1 3 1 3 4 2 4 14 21 26 59 89 31 19 9 7 23 35 29 32 31 6 4 5 2 2 1 2 1 2 0 0 0 0 
0 1 0 1 0 1 4 2 1 3 1 3 14 13 25 49 96 88 42 22 17 13 24 27 54 60 39 28 18 6 2 4 1 1 1 1 1 0 2 4 

0 0 0 1 0 2 1 0 0 2 0 3 2 7 9 129 79 13 12 3 3 6 3 1 2 3 2 17 4 2 0 1 0 0 0 0 0 0 1 1 
0 0 0 1 0 0 0 0 0 0 1 0 3 4 34 122 140 20 19 8 8 7 4 1 6 5 9 4 5 3 3 0 2 0 2 0 1 0 0 1 
1 0 2 0 1 2 1 0 2 2 0 4 2 14 22 118 95 35 16 14 5 3 8 7 2 3 4 8 7 3 0 3 1 2 2 0 3 0 3 0 
0 0 0 0 1 1 1 0 0 1 2 2 2 8 15 159 148 18 15 5 8 4 3 5 3 3 1 5 8 1 3 1 1 0 3 0 1 0 0 0 
1 2 0 1 0 0 0 0 1 0 0 1 1 6 10 148 162 22 16 8 7 2 7 3 5 2 9 4 7 1 1 3 6 1 2 1 1 1 0 0 
0 0 1 1 0 0 0 0 4 4 1 5 9 10 15 98 121 14 17 12 6 2 7 7 7 3 5 14 13 6 1 2 2 1 3 0 1 1 1 0 
0 1 1 0 0 0 0 1 0 1 1 3 5 7 5 109 211 21 18 7 4 5 3 3 4 2 12 6 6 5 2 5 3 2 0 0 0 0 0 2 
0 0 0 1 0 0 0 1 0 0 1 3 2 6 24 169 250 21 10 6 6 4 0 3 5 3 6 9 3 6 3 3 3 1 0 0 1 1 0 0 
1 0 1 1 0 0 0 4 3 2 1 3 3 10 13 49 107 17 16 6 6 2 7 4 9 11 8 10 6 8 10 3 6 1 2 0 0 0 0 1 
0 0 0 0 0 0 0 2 0 6 1 5 5 7 7 66 271 25 12 7 10 5 6 4 7 4 8 6 15 2 4 3 3 1 1 2 1 1 0 0 
0 0 0 1 0 0 0 0 2 2 1 3 1 5 17 61 174 14 12 11 8 2 11 7 5 6 14 16 6 3 2 2 2 1 1 0 0 0 1 0 
0 0 2 0 0 0 2 4 1 3 3 5 8 11 10 62 156 22 15 11 9 4 7 7 9 13 7 7 7 7 6 2 3 5 1 2 1 0 0 1 
1 0 0 0 1 0 0 0 2 6 1 3 4 8 15 69 242 16 24 5 7 12 9 11 9 7 13 10 20 1 8 2 2 1 0 2 0 0 2 1 
2 0 1 0 0 0 1 2 0 3 4 2 12 9 19 58 351 14 7 9 4 7 12 11 8 16 15 26 5 4 3 2 4 2 0 0 0 1 1 0 
0 0 0 0 1 0 2 3 2 1 4 4 6 5 15 47 118 19 13 8 9 6 7 6 4 9 7 8 16 4 3 6 0 2 3 1 1 0 0 1 
0 1 1 2 2 1 1 2 1 4 4 7 10 9 13 56 287 18 17 5 9 7 1 9 12 14 11 12 13 13 8 2 4 1 0 0 2 1 1 0 
0 0 0 0 0 0 2 0 1 3 4 4 6 13 21 74 336 24 8 5 6 4 9 5 13 14 13 15 14 4 4 4 1 0 0 0 1 1 0 1 
1 0 0 0 1 0 3 3 5 3 0 9 9 8 28 44 138 31 17 11 8 2 9 5 10 7 9 7 10 5 2 4 3 1 2 2 1 1 2 1 
0 2 0 0 0 2 0 1 0 3 1 9 2 15 11 31 249 37 31 11 10 11 7 8 5 12 16 3 5 1 7 4 3 1 0 0 1 0 1 1 
0 0 1 0 0 0 2 2 0 2 3 5 6 10 20 30 230 65 17 10 6 4 14 12 15 31 14 3 8 0 1 4 5 1 1 1 1 0 0 0 
1 0 0 1 0 1 0 1 1 2 4 6 6 9 10 22 126 42 10 15 5 6 8 8 11 11 11 3 7 5 3 4 1 0 1 1 1 1 0 0 
0 2 0 0 1 0 1 2 1 3 1 3 6 7 5 27 163 46 38 7 13 13 11 16 14 22 31 8 12 7 4 4 2 0 1 1 0 1 0 0 
0 0 0 0 1 0 0 0 1 0 3 5 2 7 19 33 188 115 32 9 7 7 16 21 28 39 19 14 5 2 0 0 1 0 1 0 0 0 0 0 
1 0 1 0 0 2 1 2 2 3 4 1 4 14 28 48 381 163 33 22 12 10 7 21 21 20 13 10 5 2 2 0 0 0 1 0 0 0 1 2 

0 1 0 0 0 0 0 0 0 1 0 0 1 4 11 314 104 3 2 6 2 6 1 3 1 2 0 6 5 3 0 0 0 0 1 0 2 1 0 1 
1 0 0 0 0 0 0 0 0 0 0 0 0 5 4 319 72 5 5 6 3 0 2 2 3 1 3 2 6 3 2 1 1 0 1 4 2 1 0 1 
0 0 1 0 0 0 0 0 1 1 3 2 1 2 4 31 30 6 8 1 1 2 2 5 3 1 3 5 4 3 2 0 0 0 0 1 0 0 0 0 
1 0 0 0 0 0 0 1 1 0 1 2 1 4 5 38 104 2 3 6 3 1 3 5 7 2 0 4 1 1 3 1 0 1 0 1 0 0 0 0 
0 0 0 0 0 0 0 0 1 1 0 0 1 4 15 53 55 9 0 3 3 3 2 5 1 2 3 2 2 1 0 4 1 2 1 1 0 0 1 0 
0 1 0 0 0 0 0 0 0 0 3 1 0 4 5 20 18 12 3 2 5 0 1 3 2 4 0 5 2 1 5 3 1 1 1 0 0 0 0 0 
1 1 1 0 0 0 1 0 0 0 0 1 0 4 3 17 51 8 8 2 2 2 2 3 5 7 5 4 4 1 3 2 2 2 2 0 1 0 0 0 
0 0 0 1 0 0 1 1 0 0 1 1 3 6 13 30 35 10 3 2 3 9 5 8 5 1 7 7 10 1 1 1 0 5 0 0 0 1 0 0 
0 0 0 0 0 0 0 0 1 1 1 1 5 2 7 11 20 10 4 3 2 4 3 3 3 6 6 6 4 3 2 1 3 2 1 0 3 0 0 1 
0 0 0 0 0 1 0 0 0 1 1 2 1 2 5 19 46 7 8 5 5 2 3 2 11 6 7 11 11 3 4 1 3 2 1 0 1 0 0 0 
0 0 0 0 0 0 0 2 1 1 2 3 3 2 9 33 23 8 2 5 6 4 5 7 10 11 10 11 7 6 3 4 3 0 0 0 0 0 0 0 
0 0 1 0 0 0 0 0 0 1 2 2 1 3 6 22 15 9 11 5 4 3 7 4 6 9 7 7 7 0 5 5 2 2 0 0 1 1 0 0 
0 0 2 0 0 0 0 1 1 1 0 3 1 3 3 21 44 13 8 6 5 4 4 8 6 8 13 10 11 3 6 4 0 2 0 1 2 0 0 2 
0 0 2 0 0 1 0 0 2 1 1 1 1 5 14 25 17 7 4 0 3 6 9 8 5 15 21 9 9 3 2 2 2 0 3 0 0 1 0 0 
1 0 0 0 0 1 0 0 2 0 1 3 6 10 9 13 23 11 10 2 5 3 7 6 11 15 10 7 8 8 2 5 2 1 3 1 1 0 0 1 
1 2 1 1 0 0 0 1 0 3 1 5 1 4 8 23 50 12 9 7 9 3 8 3 9 13 12 12 10 10 9 3 6 1 0 1 0 1 1 1 
0 0 0 1 1 1 0 1 1 1 4 2 5 5 8 30 42 6 8 3 5 2 11 12 17 28 22 8 12 2 3 2 4 0 0 1 0 0 1 1 
0 1 1 0 1 0 0 0 2 1 1 4 5 5 9 12 15 9 5 10 4 8 12 16 32 22 24 11 10 7 3 2 0 4 1 3 0 0 0 0 
1 0 1 0 2 0 0 1 1 3 2 5 3 9 7 21 41 24 26 6 10 10 8 13 14 31 29 13 10 5 6 2 3 1 0 1 0 0 0 1 
0 0 0 0 0 0 0 2 0 0 4 2 1 3 5 17 15 32 16 5 6 5 12 13 43 60 19 10 12 2 2 1 2 0 1 1 0 2 0 1 
0 0 0 0 0 1 0 0 0 3 0 2 0 4 6 6 17 12 13 4 2 6 7 22 41 38 23 9 3 6 3 3 1 3 0 1 0 0 1 0 
1 0 0 1 0 2 1 0 0 1 0 2 2 6 7 10 17 22 23 3 8 9 12 19 21 35 39 10 14 7 3 2 5 0 1 1 0 1 0 0 
1 1 0 0 0 1 1 0 3 2 2 0 1 5 7 11 24 48 11 5 3 9 15 28 105 108 32 14 3 10 3 1 1 2 0 0 0 0 1 0 
0 1 0 0 0 0 0 2 3 2 3 2 9 8 10 24 43 58 24 24 14 10 10 50 276 162 32 14 8 11 6 5 1 1 1 0 0 1 0 2 

0 0 0 0 0 0 0 0 0 0 1 0 0 1 4 34 24 5 4 1 3 4 1 3 1 3 1 8 3 0 0 1 1 1 0 1 0 1 0 2 
1 0 1 0 0 0 0 0 0 0 0 0 0 1 4 8 20 11 3 5 1 1 1 5 1 2 0 4 0 0 0 1 0 1 1 1 0 0 0 1 
0 0 0 0 0 1 1 1 0 3 0 3 0 5 11 11 18 6 5 5 4 2 2 6 0 5 3 2 1 1 2 0 2 0 1 0 2 0 0 0 
1 0 0 0 0 0 0 0 0 0 0 4 2 4 5 14 17 9 4 4 5 1 5 4 3 1 2 1 4 0 1 0 0 0 0 2 0 1 2 0 
1 0 0 0 0 0 0 0 0 0 1 0 0 1 2 5 13 3 2 4 3 4 4 6 3 2 2 3 3 2 3 0 2 1 1 1 1 0 0 0 
1 0 1 0 0 0 1 1 1 1 1 2 2 4 4 8 11 8 3 3 2 2 2 3 3 4 4 3 2 3 3 2 1 0 2 4 0 0 0 1 
0 0 0 0 0 0 0 0 0 1 1 3 0 2 3 13 11 7 2 2 3 3 4 4 2 10 6 1 7 1 1 2 6 3 0 0 1 0 1 0 
0 0 0 0 0 0 1 0 0 0 1 1 0 2 5 6 7 6 2 6 5 3 5 6 4 7 7 8 6 1 1 2 1 1 4 1 0 0 0 0 
1 0 0 0 2 0 1 0 0 0 2 3 2 5 6 4 9 6 2 5 5 1 2 0 1 1 4 3 3 3 3 0 3 1 2 0 0 1 1 1 
2 0 0 0 0 0 1 1 0 0 0 0 2 2 4 5 7 4 2 2 2 2 2 6 8 17 4 3 6 2 1 3 1 0 2 2 1 1 1 0 
0 0 1 1 0 0 0 1 0 0 2 1 3 2 4 10 13 3 7 3 6 2 7 6 5 14 12 8 3 4 3 4 1 4 0 1 1 0 0 0 
0 0 0 0 0 0 1 0 0 0 2 2 2 4 5 9 6 6 5 2 11 3 2 7 10 4 4 5 3 3 2 4 4 1 1 2 0 0 0 2 
1 0 0 0 0 0 0 1 0 1 2 1 1 6 3 3 8 3 6 5 5 3 4 8 4 14 22 6 9 4 8 1 6 0 1 0 0 0 0 0 
1 1 0 0 2 1 1 0 1 1 1 3 1 3 7 7 9 4 4 7 6 5 6 4 14 15 12 14 4 5 6 2 1 0 0 0 0 0 1 0 
0 0 0 0 1 2 2 0 0 1 0 6 3 7 3 9 3 7 2 2 3 6 6 7 16 13 12 9 9 4 2 2 3 2 1 0 1 0 0 0 
0 0 0 1 0 0 0 2 0 1 1 5 4 3 8 8 8 6 3 3 6 3 3 11 18 29 18 5 7 3 0 4 4 1 1 2 2 1 1 0 
0 0 1 0 0 0 0 0 0 0 2 3 3 1 2 12 8 4 3 3 8 4 9 11 39 29 18 8 8 1 2 3 2 2 1 0 1 1 0 1 
1 1 0 0 0 1 1 1 0 1 2 5 6 4 3 7 8 6 3 6 6 5 10 20 54 37 14 5 5 8 8 2 3 3 1 1 0 0 0 3 
0 0 0 0 0 0 0 1 0 1 0 2 3 5 3 7 14 8 8 4 4 6 6 11 38 67 41 7 5 6 2 4 1 1 2 1 0 0 1 0 
2 0 0 0 0 0 0 1 3 0 3 2 7 6 6 13 17 26 12 4 6 3 13 18 225 185 33 13 6 5 6 5 1 0 0 0 0 0 0 0 
1 0 0 1 1 0 0 1 0 0 1 2 3 1 3 7 6 11 10 3 3 8 6 12 108 58 14 6 8 7 5 6 1 1 0 0 1 1 1 1 
0 0 0 0 0 0 0 3 0 1 0 2 3 6 5 5 7 12 6 4 7 11 10 20 168 84 40 9 5 3 8 1 4 1 1 0 2 0 1 2 
0 0 0 0 0 0 1 0 0 1 2 3 2 2 11 10 10 16 6 9 5 5 7 18 155 145 37 13 5 5 3 1 1 0 0 0 0 0 0 1 
0 0 0 0 0 2 2 0 0 2 1 1 3 1 4 6 13 14 3 12 8 12 17 33 420 142 33 13 10 4 6 3 3 0 1 0 0 0 0 1 

0 0 0 0 0 0 0 0 0 0 1 0 0 2 2 13 4 4 2 5 0 1 5 2 4 1 0 1 2 0 0 0 0 1 0 0 0 0 0 0 
0 0 0 0 0 0 1 0 0 0 0 1 0 1 6 7 6 3 3 1 0 3 2 4 3 3 1 1 3 3 0 3 1 2 3 2 3 0 1 1 
0 0 0 0 0 0 0 0 0 0 0 0 1 1 0 3 1 4 2 0 1 0 0 4 5 1 1 1 0 0 0 0 2 1 0 0 1 0 0 0 
0 1 0 0 0 1 0 0 0 1 1 0 0 2 0 2 7 2 3 2 0 4 3 5 4 3 3 2 4 2 2 1 1 0 1 1 3 0 0 0 
0 0 0 0 0 0 1 0 0 0 2 3 0 2 0 5 4 2 1 1 1 5 3 5 4 7 7 6 2 2 2 1 1 1 1 2 2 0 0 0 
0 1 0 0 0 0 0 0 0 0 0 2 0 2 0 5 8 2 6 1 4 2 1 0 3 4 5 3 2 1 1 1 1 2 0 4 1 2 0 0 
0 0 0 0 0 0 0 0 0 1 0 1 0 2 5 2 8 2 2 1 1 2 3 3 5 10 18 2 2 1 4 3 1 2 1 0 1 0 0 0 
0 0 0 0 0 0 0 0 0 0 0 0 2 3 0 4 2 4 3 2 2 4 7 7 7 22 16 9 4 5 0 1 1 2 1 1 0 0 0 0 
0 0 0 0 0 0 0 0 0 1 0 0 2 0 0 6 3 6 2 1 0 6 4 0 3 9 13 5 8 3 1 0 1 5 2 1 0 1 0 0 
0 0 0 0 0 0 0 0 0 1 0 1 2 2 5 4 3 3 3 3 2 2 5 5 7 16 11 3 4 1 3 1 3 1 2 2 0 0 0 0 
2 0 0 0 1 0 0 0 0 0 0 0 3 3 3 4 3 2 1 3 2 6 7 12 25 49 18 5 9 1 6 3 5 2 3 1 1 0 0 0 
0 0 0 0 0 0 0 1 2 1 0 2 1 3 4 4 4 3 3 4 8 3 6 11 35 33 25 10 12 7 8 2 5 0 0 1 0 0 0 0 
0 0 0 0 1 1 0 0 0 1 2 2 2 6 1 5 4 1 6 4 2 6 7 12 17 31 38 4 7 2 4 0 2 1 0 0 0 0 0 0 
0 0 0 0 0 0 1 1 0 1 2 2 1 0 4 6 6 4 9 1 3 4 12 17 69 90 28 12 10 5 3 7 2 3 0 1 0 1 2 1 
0 0 0 0 0 1 0 0 1 0 0 1 1 4 1 4 4 3 5 1 5 3 7 16 392 128 19 9 9 1 7 3 1 2 1 1 2 1 0 0 
1 0 0 0 0 1 1 3 0 0 1 2 2 2 1 5 6 3 4 4 2 4 6 16 268 79 32 12 7 3 9 3 1 1 1 0 1 0 0 0 
0 1 0 1 0 0 0 1 0 0 3 1 4 3 5 8 3 0 3 1 5 3 8 19 184 89 18 6 10 2 4 4 3 1 2 1 0 0 0 0 
2 0 0 0 0 0 1 0 1 0 3 0 5 6 1 2 10 6 2 6 1 6 9 6 69 28 13 10 7 5 4 0 1 2 2 1 0 0 1 0 
1 0 0 0 0 0 0 0 0 0 0 2 2 2 3 6 3 2 4 3 0 1 6 6 71 59 52 6 8 3 8 4 3 2 0 0 0 1 0 0 
1 0 0 1 0 1 0 0 0 3 0 2 5 3 5 4 6 7 5 6 3 5 9 5 85 94 25 9 6 4 4 6 3 2 0 1 0 0 0 0 
0 1 2 0 0 0 1 0 1 2 0 2 1 8 2 6 4 2 6 3 1 3 2 11 18 19 11 13 6 7 3 2 0 4 0 1 0 0 1 0 
0 0 0 1 0 0 0 0 2 1 0 2 0 8 4 1 4 5 14 3 5 5 7 10 19 22 28 9 9 3 3 1 2 0 2 1 0 0 0 1 
0 0 0 0 0 0 0 1 0 0 0 2 1 3 0 6 4 9 6 4 3 2 5 9 24 36 15 8 5 12 9 1 3 2 2 0 1 0 0 0 
0 0 1 0 0 0 0 1 3 0 0 1 5 7 9 6 8 14 12 15 9 5 8 23 37 34 22 11 4 5 3 0 4 2 1 0 0 0 1 0 

0 0 0 0 0 0 0 0 0 0 0 0 0 2 0 12 6 1 1 2 1 3 1 7 1 2 1 2 0 3 0 0 1 3 3 3 2 1 1 0 
0 0 0 0 0 0 0 0 0 0 0 0 1 0 2 1 3 2 1 0 0 0 4 1 4 2 2 1 1 3 2 1 0 0 0 0 1 1 0 2 
0 0 0 0 0 0 1 0 0 0 1 0 1 1 4 2 1 2 2 1 2 1 1 2 3 6 4 0 1 0 0 2 0 1 1 4 0 2 1 0 
0 0 0 0 1 0 0 0 1 0 0 1 2 0 3 5 4 0 0 1 1 2 1 9 3 9 2 1 3 1 1 3 0 2 2 3 3 0 0 0 
0 0 0 0 0 0 0 0 0 1 0 1 2 1 4 6 1 5 3 3 1 5 6 8 5 10 7 6 3 0 2 0 0 0 3 1 0 0 0 1 
0 0 0 0 0 0 0 0 0 0 0 0 3 1 3 6 4 8 4 0 2 1 4 7 1 4 5 2 4 1 4 3 0 1 0 1 0 0 1 1 
0 0 0 0 0 1 1 2 0 0 1 1 0 1 3 5 1 0 2 4 2 3 5 6 8 24 23 2 3 2 2 2 1 2 5 1 0 1 0 0 
0 0 0 0 0 1 3 0 0 0 0 0 1 1 1 3 4 1 2 3 4 2 2 9 7 23 20 5 3 3 1 0 3 8 1 2 0 0 0 0 
1 0 0 0 0 0 0 0 0 0 2 2 2 4 1 5 2 2 3 1 0 1 1 5 9 11 11 7 3 0 2 3 1 4 0 2 1 2 0 1 
2 0 0 0 0 1 1 0 0 0 1 0 1 1 2 3 3 5 1 0 0 1 3 6 11 42 32 3 4 0 5 3 3 1 1 0 1 0 0 0 
1 0 0 0 0 0 0 0 2 1 1 2 0 3 5 2 3 3 2 5 2 5 6 12 62 78 35 12 2 3 2 5 7 3 1 0 2 0 0 2 
0 0 0 0 0 0 1 0 1 1 0 1 0 2 2 3 3 2 1 3 8 7 12 18 83 63 33 11 15 9 5 1 6 2 3 3 2 0 0 1 
0 1 0 1 0 0 1 0 0 1 1 2 1 0 1 4 6 3 2 1 2 9 6 8 125 65 31 7 14 3 5 5 4 2 2 3 1 0 1 0 
0 0 0 2 0 0 0 0 0 0 2 3 3 3 3 8 4 4 3 2 3 8 5 10 106 102 19 7 3 2 2 1 4 2 0 2 0 0 1 0 
1 0 0 0 0 0 0 0 1 0 0 1 2 2 3 3 4 2 0 5 1 6 7 14 97 35 17 13 7 3 6 4 4 2 1 0 0 1 1 2 
1 0 0 0 1 0 1 0 1 1 2 1 0 1 1 1 4 3 3 2 2 4 8 17 56 54 35 5 5 5 5 2 3 2 2 0 1 1 2 0 
1 0 0 0 0 0 1 2 0 0 1 2 1 0 1 3 7 2 4 1 4 7 8 10 29 39 17 12 6 3 3 1 1 2 1 0 0 1 0 0 
0 0 0 1 0 1 0 0 0 1 0 1 0 3 1 1 1 3 1 4 3 4 5 8 12 9 11 4 5 3 2 3 6 0 0 2 2 1 0 2 
0 1 0 1 1 0 0 0 1 3 0 1 1 2 1 4 2 2 2 5 1 4 2 8 9 16 14 4 9 4 6 3 5 0 2 0 0 0 1 0 
0 0 0 0 0 0 0 2 0 0 1 0 1 2 4 4 2 4 5 1 1 2 1 8 26 45 20 8 4 6 2 3 3 0 1 1 0 0 0 0 
2 0 0 0 0 0 0 0 1 0 0 1 2 6 1 2 1 4 1 4 2 4 3 8 10 9 12 5 4 8 2 1 3 0 1 1 0 0 0 1 
0 0 0 0 0 0 0 1 0 0 2 0 0 0 0 4 2 2 4 3 5 5 3 2 7 17 21 9 3 4 8 3 3 0 0 1 1 0 1 1 
0 0 0 0 0 0 0 0 0 1 2 1 1 1 6 2 8 6 6 2 7 4 11 2 15 28 11 6 5 13 2 1 2 1 1 1 0 1 0 1 
0 0 0 0 0 0 0 1 0 1 1 2 4 1 4 5 5 3 3 2 4 2 3 5 8 11 11 5 4 5 2 2 0 0 0 0 0 0 0 1 

1 0 0 0 0 0 1 0 0 0 0 0 0 1 0 6 3 2 2 0 2 2 3 11 6 3 4 3 1 0 1 0 1 0 2 3 1 2 1 1 
0 0 1 0 2 0 0 0 0 0 1 0 0 0 1 1 0 0 1 0 2 5 2 6 4 4 4 1 2 5 2 0 0 4 2 0 2 1 1 1 
0 0 0 0 0 0 0 1 0 0 0 1 0 1 1 1 2 1 0 1 3 0 2 5 6 1 7 2 3 2 1 1 3 0 1 2 1 0 0 0 
0 0 0 0 0 1 0 0 0 0 0 0 1 2 0 2 5 0 0 0 0 2 0 5 6 10 9 2 2 1 0 1 1 3 2 3 0 0 0 0 
0 1 0 0 0 0 0 1 1 0 0 0 0 1 4 3 3 1 2 2 2 7 5 12 23 23 15 9 3 5 1 0 2 6 4 8 5 1 0 1 
0 0 0 0 0 0 0 0 0 0 0 1 0 0 1 0 4 1 1 2 7 10 6 25 42 26 11 12 5 5 2 0 2 4 3 4 1 1 1 1 
0 0 0 0 0 0 0 0 0 1 0 2 0 0 0 0 4 2 0 1 0 4 3 10 21 39 33 5 4 4 1 0 1 3 6 2 0 1 1 0 
0 0 0 0 0 0 1 0 0 0 0 1 3 1 2 4 0 2 1 2 5 2 9 18 78 80 34 12 3 4 4 5 3 2 7 1 1 0 0 0 
0 0 0 0 0 0 0 0 0 1 0 0 1 1 1 0 3 1 0 0 4 5 3 16 240 55 23 10 8 3 1 6 3 5 1 2 1 1 0 0 
0 0 0 0 0 0 1 0 0 0 0 2 0 1 1 0 1 2 0 2 3 2 4 11 174 81 52 8 7 1 3 0 4 2 1 3 0 0 0 0 
0 0 0 0 0 0 0 1 1 1 1 0 1 2 1 3 3 1 1 4 5 4 7 11 178 123 29 8 9 0 4 8 3 2 4 1 1 2 2 1 
1 0 0 0 0 0 1 0 1 0 1 1 1 0 1 2 2 5 1 3 6 0 7 7 33 22 14 7 5 5 5 7 5 1 2 1 2 1 0 0 
0 0 0 0 0 0 0 0 1 0 0 1 1 0 1 4 5 2 1 6 2 4 4 10 30 30 33 5 8 1 5 0 3 1 2 1 2 1 1 1 
1 0 0 1 0 0 0 1 2 2 0 2 1 0 0 6 1 5 2 5 6 3 13 13 15 32 14 5 2 4 6 16 3 3 1 0 1 1 1 0 
0 0 0 1 0 1 0 0 0 1 0 1 0 6 2 5 2 1 3 3 5 0 5 7 13 7 6 2 5 3 1 3 1 3 1 1 0 0 0 0 
0 4 1 0 0 0 0 0 0 0 1 0 0 1 1 2 6 2 3 1 2 5 4 9 12 9 19 2 10 2 3 3 5 2 2 0 0 2 0 0 
0 0 0 0 0 1 0 0 1 0 0 1 2 1 3 2 2 3 0 2 0 1 7 8 7 16 8 4 4 4 11 5 1 1 2 0 0 1 1 0 
0 0 0 0 1 0 0 0 0 2 1 1 0 1 1 2 3 0 1 0 2 5 3 3 1 4 4 4 3 5 5 3 7 5 2 1 1 0 0 0 
0 0 0 1 0 0 0 0 0 0 0 0 0 3 1 4 2 2 1 2 3 1 2 2 4 13 10 6 2 5 1 4 5 4 2 1 1 1 0 0 
0 0 0 0 1 0 0 0 2 0 0 0 1 3 2 6 2 4 3 0 1 4 4 7 3 7 10 4 7 3 8 8 4 2 0 1 2 0 0 0 
0 0 0 0 0 0 0 0 0 0 0 0 0 2 3 4 1 2 1 7 1 3 2 4 6 4 11 5 5 5 7 4 4 5 0 1 1 0 0 0 
0 0 0 0 1 1 0 1 1 2 1 0 0 2 0 5 0 3 4 2 2 0 2 4 6 8 15 0 9 6 10 3 1 1 1 0 2 0 0 0 
0 0 0 0 0 0 1 0 1 0 0 0 0 1 2 2 0 3 4 2 2 1 4 9 6 12 7 7 13 11 11 4 3 3 0 1 0 1 0 1 
0 1 0 0 0 0 0 2 0 0 2 0 1 3 1 2 6 3 4 4 7 1 7 12 9 12 15 10 10 14 11 5 1 1 1 1 0 0 0 2 

0 0 0 0 0 0 0 0 0 0 0 1 2 0 0 3 6 2 1 1 1 7 5 22 9 9 6 2 2 2 0 1 0 2 1 6 2 0 3 1 
0 0 0 0 0 0 0 0 0 0 0 0 0 0 0 1 0 1 0 1 1 2 6 13 13 8 5 7 4 3 1 2 0 1 3 4 2 1 3 0 
0 0 0 0 0 0 0 0 0 0 0 0 0 0 0 1 2 0 1 0 3 2 4 6 6 8 6 2 3 1 1 0 1 0 0 2 3 1 0 0 
0 0 0 0 0 0 0 0 0 1 0 0 0 0 1 2 2 0 0 1 1 3 1 11 26 27 25 0 3 0 2 1 1 1 2 4 1 0 0 1 
0 0 0 0 0 0 0 0 0 0 0 0 1 2 2 1 1 2 3 4 2 5 3 17 44 49 22 12 5 3 2 1 4 1 4 1 0 3 3 1 
0 1 0 0 0 0 0 0 0 0 1 1 1 1 0 1 3 1 3 1 6 7 7 23 115 43 31 10 5 7 3 2 2 0 1 4 1 2 1 2 
1 0 0 0 0 0 0 0 0 0 0 0 0 0 0 0 6 1 1 1 2 5 3 15 159 80 48 5 11 1 2 5 4 2 4 1 2 1 1 0 
0 0 0 0 0 0 0 0 0 0 0 0 0 1 0 2 3 0 0 1 2 0 7 14 148 116 24 12 6 1 2 5 0 7 3 1 2 1 0 0 
0 1 0 0 0 0 0 0 0 0 0 0 1 0 0 3 0 1 1 2 1 4 4 6 50 39 13 13 7 1 3 1 1 3 6 5 0 0 4 1 
0 0 0 0 0 0 0 0 0 0 2 0 0 0 1 0 1 1 1 2 1 2 3 10 21 40 27 4 8 2 1 4 1 6 4 1 4 0 1 1 
0 0 0 0 0 0 0 0 0 1 1 2 4 1 3 1 1 1 3 1 0 2 7 7 9 49 18 3 5 1 6 2 4 9 7 7 2 1 0 1 
0 0 0 0 0 0 0 1 0 2 0 0 0 0 4 1 2 1 3 1 3 4 1 4 13 10 15 3 8 4 3 3 5 0 2 0 1 1 0 0 
0 0 0 0 0 0 0 1 1 0 0 0 0 1 0 1 1 1 3 1 3 2 5 5 6 11 14 4 4 8 5 9 4 1 6 0 1 1 0 0 
0 0 0 0 0 0 0 0 0 0 0 1 1 2 3 0 2 3 2 2 4 1 6 8 10 21 9 7 9 2 3 2 3 5 2 0 0 1 1 0 
0 0 0 0 0 0 0 1 1 0 0 0 0 0 1 1 0 1 0 1 2 2 2 3 10 3 21 9 3 2 9 3 4 1 1 2 0 1 1 2 
1 0 0 0 0 0 1 0 0 0 0 0 1 1 0 2 1 1 1 1 3 4 2 8 4 10 11 4 0 5 2 2 4 1 2 0 1 1 1 0 
0 0 0 0 0 0 0 0 0 0 1 0 1 1 3 2 1 0 2 2 1 3 3 8 9 10 8 5 4 6 12 7 4 1 3 1 2 0 0 0 
1 0 0 1 1 0 0 0 0 0 0 0 0 1 1 0 2 2 1 0 1 1 3 5 3 4 6 3 3 7 3 4 4 2 1 1 3 0 2 0 
0 0 0 0 0 0 0 1 0 0 2 1 1 1 2 2 1 2 2 3 3 2 5 2 3 7 5 2 3 5 8 14 14 2 3 0 2 0 0 0 
0 0 0 0 1 0 0 0 0 1 0 0 2 2 3 2 2 3 5 2 5 2 3 6 8 12 5 5 6 9 6 14 12 1 3 0 0 0 0 0 
0 0 0 0 0 0 0 0 0 0 0 0 0 0 0 0 2 1 3 0 1 0 1 1 2 7 6 8 4 6 9 10 11 0 1 0 0 1 1 0 
1 0 0 1 0 0 0 0 0 2 0 1 1 1 0 0 2 6 4 2 2 3 1 1 2 6 8 6 6 15 12 5 8 3 2 0 0 0 0 0 
0 0 0 0 0 0 0 1 0 0 0 2 0 0 1 1 2 4 2 0 3 3 6 6 7 8 7 10 16 20 24 11 3 2 1 0 0 0 1 1 
0 0 0 0 0 0 0 0 1 1 0 0 1 0 2 2 0 0 2 1 1 2 1 2 4 7 4 3 6 10 10 2 2 1 1 0 1 0 0 0 

0 0 0 0 0 0 0 1 0 0 1 0 1 0 1 2 1 0 0 4 1 5 3 35 34 20 5 2 3 0 1 1 6 5 3 7 7 6 4 1 
0 1 0 0 1 0 0 2 0 0 0 0 0 0 0 6 1 1 0 2 5 4 3 24 74 19 7 3 10 2 2 1 4 4 2 4 4 8 2 3 
0 0 0 0 0 0 0 0 0 0 0 0 0 1 1 0 0 3 0 3 6 5 13 41 238 44 10 10 6 1 1 2 1 4 4 4 3 3 1 2 
0 0 0 0 0 0 0 0 0 0 0 0 1 1 0 1 0 0 1 4 0 5 3 18 266 40 29 5 2 1 4 1 3 5 4 7 5 0 2 0 
0 0 0 1 0 0 0 0 1 0 1 1 0 0 0 1 2 1 0 2 4 5 10 31 468 62 9 3 4 3 3 4 2 4 7 6 5 1 4 1 
0 0 0 0 0 0 0 1 0 0 0 0 0 0 0 4 0 0 2 1 0 3 3 8 38 16 15 6 6 7 5 5 1 6 8 2 3 1 1 0 
0 0 0 0 0 1 0 0 0 0 0 0 0 0 1 2 1 2 1 1 1 2 4 7 30 39 37 5 4 3 3 3 2 2 3 3 6 0 1 0 
0 0 0 0 0 1 0 0 0 0 0 0 0 0 0 2 1 0 2 2 2 4 4 12 12 37 18 3 5 1 1 4 8 13 10 2 5 2 0 1 
0 0 0 0 0 0 0 0 0 0 0 0 1 1 1 1 1 1 0 1 2 2 1 3 9 3 3 3 1 2 2 7 4 2 8 6 2 2 1 2 
0 0 0 0 0 0 0 0 0 2 1 0 0 1 1 1 0 0 2 0 1 1 4 7 4 13 9 4 6 1 3 5 3 5 9 1 1 2 0 2 
0 0 0 0 0 0 0 0 1 0 1 0 0 1 1 1 2 0 2 2 2 1 4 11 5 7 8 8 5 3 2 6 14 13 8 4 4 1 1 0 
0 0 0 0 0 0 0 0 0 0 0 1 0 1 0 1 0 0 1 0 2 2 1 3 5 4 2 3 4 4 4 7 7 8 8 2 0 2 3 1 
0 0 0 0 0 1 0 0 0 0 0 1 0 0 2 0 1 0 1 0 0 2 0 1 8 8 9 4 5 1 5 3 3 8 4 2 1 3 0 0 
0 0 0 0 0 0 0 1 1 0 0 0 0 1 2 3 0 1 2 0 0 1 2 3 4 10 3 1 3 5 5 13 7 6 3 1 0 0 1 1 
0 0 0 0 0 0 0 1 1 0 0 0 1 0 2 0 1 1 1 1 0 1 1 2 1 5 3 3 2 5 9 8 9 5 4 2 1 0 0 1 
0 0 0 0 0 0 0 1 0 0 1 0 0 1 1 1 3 1 2 1 1 1 4 2 6 2 10 3 5 3 1 5 9 4 4 2 0 0 2 0 
0 0 0 0 0 0 1 0 0 0 0 3 1 1 1 1 1 1 2 0 1 2 1 4 3 8 3 5 10 4 15 23 8 9 2 0 2 1 0 0 
0 0 1 0 0 0 0 0 0 0 1 0 0 0 1 2 0 1 0 0 1 1 0 0 1 2 2 3 7 13 18 28 9 2 5 1 1 1 2 1 
0 0 0 0 0 0 0 0 0 1 1 0 1 2 0 1 2 1 0 1 2 1 4 4 5 7 5 2 7 19 19 19 24 1 3 4 0 0 1 2 
0 0 0 0 0 0 0 1 0 2 0 0 1 2 0 1 1 2 3 2 2 1 0 4 4 3 6 3 12 25 34 32 18 9 1 1 1 1 0 0 
0 0 0 0 0 0 0 0 0 0 0 1 0 0 0 2 3 0 1 0 1 0 1 1 8 5 5 5 8 24 36 14 7 3 4 2 2 0 0 0 
0 0 0 1 0 0 0 0 0 0 0 2 1 1 0 0 0 1 1 3 0 1 1 5 4 6 8 6 6 39 68 13 15 5 4 1 2 0 0 0 
0 0 0 0 1 0 0 0 0 0 0 1 0 1 0 3 2 4 3 0 2 5 2 3 4 5 8 11 43 347 91 15 12 3 2 4 2 1 1 0 
0 0 0 0 0 0 0 0 0 0 1 0 1 0 1 1 1 0 0 4 6 2 4 4 1 8 8 18 40 507 79 14 1 4 1 0 0 0 1 0 

0 0 0 1 0 0 0 0 0 0 0 0 0 2 0 2 1 1 0 2 1 4 4 60 408 16 4 3 2 0 1 4 0 4 5 13 6 5 5 0 
0 0 0 0 0 0 0 0 0 0 0 0 0 2 0 1 0 1 1 0 1 1 2 30 279 23 10 5 7 4 3 0 3 5 5 4 5 4 5 4 
0 0 0 0 0 1 0 0 0 0 0 0 2 0 0 1 4 1 3 1 3 3 7 8 110 17 13 4 3 4 2 4 1 6 2 2 7 1 2 1 
1 0 0 0 0 0 0 0 0 1 0 0 0 0 0 0 1 0 0 0 1 2 2 6 58 18 14 2 3 1 2 5 3 2 5 11 8 2 5 0 
0 0 0 0 0 0 0 0 1 0 0 0 0 0 0 1 1 0 1 1 1 2 3 17 15 24 9 3 4 2 2 2 2 5 9 10 12 4 3 2 
0 0 0 0 0 0 0 0 0 0 0 0 0 0 0 0 1 1 0 1 2 3 1 6 9 12 3 8 6 5 2 2 4 3 7 7 2 0 2 4 
0 0 0 0 0 0 1 0 0 0 0 0 0 0 0 1 1 0 2 2 2 4 5 6 10 17 18 4 4 3 1 8 6 17 11 4 7 8 1 0 
0 0 0 0 0 0 0 0 0 0 0 0 0 1 0 1 0 1 0 3 1 3 4 9 1 16 16 4 3 3 5 6 5 14 10 5 5 1 5 0 
0 0 0 0 0 0 0 0 0 0 0 0 0 0 0 1 1 0 0 3 1 3 2 3 1 4 7 2 3 5 2 3 3 8 5 3 2 2 0 1 
1 0 0 0 0 1 0 0 0 0 0 0 0 0 1 0 1 2 1 2 1 0 2 4 5 7 8 3 3 2 3 6 15 17 17 3 3 1 0 1 
0 0 0 0 0 0 0 0 1 0 0 0 1 0 1 0 0 0 0 2 2 5 6 5 4 12 11 7 4 1 7 11 17 27 11 7 5 4 0 0 
0 0 0 0 1 0 0 1 0 0 0 0 1 0 0 1 1 0 3 1 2 3 2 0 4 3 3 5 2 3 0 13 16 7 3 3 0 2 1 2 
0 0 0 0 0 0 0 0 0 1 0 1 0 1 2 0 0 0 0 1 3 0 3 2 2 1 2 6 4 6 2 5 23 4 7 1 0 0 1 2 
0 0 0 0 0 0 0 0 0 0 0 1 1 0 1 2 2 0 0 0 3 1 2 0 0 8 4 5 1 2 11 14 16 12 5 2 2 0 2 0 
0 0 0 0 0 0 0 0 1 0 0 0 0 1 0 2 0 0 2 0 1 2 0 5 0 0 1 2 2 3 6 19 9 4 5 4 1 1 1 1 
0 0 0 0 0 0 0 0 0 0 1 1 3 0 1 1 1 0 1 1 3 3 1 0 6 3 6 4 6 5 7 17 18 1 5 2 1 1 1 0 
0 0 0 0 0 0 0 1 0 0 0 2 0 0 0 1 0 2 0 0 2 1 2 1 0 2 3 4 1 4 29 65 19 3 2 0 0 0 0 0 
1 0 0 0 0 0 0 0 0 0 0 0 2 0 1 1 1 2 0 1 0 1 1 2 1 0 5 9 5 23 128 82 18 6 5 3 4 2 1 6 
0 0 0 1 0 0 0 0 0 1 0 0 0 0 0 0 1 1 1 0 1 1 3 4 4 2 5 5 4 12 230 57 42 9 9 5 4 0 5 0 
0 0 0 0 0 0 0 0 0 0 1 0 1 2 1 2 0 3 1 0 1 1 1 3 5 11 5 3 13 22 232 58 21 4 1 1 1 0 0 0 
1 0 0 0 0 0 0 0 0 0 0 0 0 0 0 2 0 0 0 1 1 1 1 3 4 4 1 3 7 21 62 16 5 7 2 3 3 0 0 2 
0 0 0 0 1 0 0 0 0 0 0 1 0 1 0 2 0 2 0 1 1 0 4 0 1 2 7 2 8 51 117 22 9 2 5 1 3 0 2 0 
0 1 0 0 0 0 0 0 0 0 0 0 0 2 2 2 2 3 2 1 1 1 1 2 4 11 4 9 27 190 96 11 9 1 3 0 1 0 0 0 
0 0 0 0 0 0 0 0 0 0 1 0 0 0 0 0 0 0 2 0 0 0 2 3 1 5 9 15 37 166 63 9 15 4 0 1 1 1 0 0 

0 0 0 0 0 0 0 0 1 0 0 0 0 0 0 2 0 2 0 0 0 2 1 39 52 9 4 2 3 0 2 4 1 5 4 19 9 19 8 4 
0 0 0 0 0 0 0 0 0 0 1 0 0 1 0 0 0 2 0 0 0 0 5 10 16 4 2 1 3 2 0 2 3 4 8 12 23 25 13 8 
0 0 0 0 0 0 0 0 0 0 0 0 0 0 2 1 1 0 0 3 1 1 4 5 5 5 1 2 2 6 3 5 4 11 19 42 22 19 17 7 
0 0 0 0 0 0 0 0 0 1 0 0 0 0 0 1 0 1 2 0 0 0 0 5 9 8 13 2 3 2 2 1 2 6 11 27 27 8 5 6 
0 0 0 0 0 0 0 0 0 0 0 1 0 0 0 0 0 0 0 0 1 2 6 3 4 8 8 4 2 4 2 3 9 5 21 34 10 12 2 1 
0 0 0 0 0 0 0 0 0 0 0 0 1 0 0 0 1 0 1 0 2 1 1 3 2 3 0 5 4 2 2 8 3 22 46 30 16 14 9 4 
0 0 0 1 0 0 0 0 0 0 0 0 0 0 0 1 0 0 0 2 2 3 1 3 7 9 9 0 4 3 3 5 2 17 24 12 18 3 9 7 
0 0 0 0 0 0 0 0 1 1 0 0 0 0 0 1 0 2 1 0 2 1 0 4 2 6 3 2 3 3 5 2 9 34 30 11 13 3 3 3 
0 0 0 0 0 0 0 0 0 0 0 1 1 0 0 0 1 1 0 0 1 0 1 0 0 6 6 3 1 5 6 13 18 64 42 12 13 9 0 3 
0 0 0 0 1 0 0 0 0 1 0 0 0 0 0 0 0 0 1 2 0 0 1 3 1 3 10 5 2 4 3 11 11 34 36 4 4 6 1 2 
0 0 0 0 0 0 0 0 0 0 1 0 0 0 0 0 1 0 0 0 0 1 2 0 2 6 4 2 4 5 8 18 73 102 30 8 4 4 2 0 
0 0 0 0 0 0 0 0 0 1 0 0 0 0 0 0 0 0 0 0 1 1 1 1 0 2 2 6 3 3 3 28 117 40 26 10 6 2 2 2 
1 0 1 0 0 0 0 0 0 0 0 0 0 0 0 0 2 0 0 0 0 3 1 3 0 2 4 3 6 4 7 24 262 28 12 8 9 1 2 0 
0 0 0 0 0 0 0 1 0 1 0 0 0 1 1 0 0 0 1 0 0 0 1 4 0 4 2 6 7 4 14 103 181 17 8 2 1 1 0 0 
0 0 0 0 0 0 0 0 0 0 0 0 0 0 1 1 0 0 1 1 0 2 0 0 3 2 4 2 3 4 15 292 47 11 6 3 1 0 0 0 
0 0 0 0 0 0 0 0 0 0 0 0 1 0 1 1 0 2 1 0 1 0 1 1 1 1 6 4 0 3 11 105 44 4 10 3 1 1 1 0 
1 0 0 0 0 1 0 0 0 0 1 0 0 0 0 0 1 0 1 0 2 0 2 0 1 4 4 2 4 4 30 165 17 2 1 0 1 0 0 1 
0 0 0 1 0 0 0 0 0 0 0 0 2 0 0 1 2 2 0 1 0 1 1 1 1 2 2 6 11 18 38 43 20 6 5 2 2 2 2 2 
0 0 0 0 0 0 2 1 0 0 0 0 0 0 0 3 0 1 0 1 0 0 0 1 0 2 3 2 4 14 45 57 35 10 5 1 1 2 1 0 
0 0 0 0 0 0 0 0 0 0 0 0 0 0 1 0 0 1 1 1 0 2 1 2 2 3 6 5 7 11 23 31 16 1 4 1 0 1 0 0 
0 0 0 0 0 0 0 0 1 0 0 1 0 0 0 1 0 0 3 2 0 0 1 0 1 1 1 6 6 10 10 7 8 1 3 3 0 2 1 0 
0 0 0 0 0 0 0 0 0 0 0 0 0 0 0 1 0 0 1 0 1 1 1 1 1 1 2 1 5 10 25 3 6 3 4 0 1 0 1 0 
0 0 0 0 0 0 0 0 0 0 1 1 0 0 0 0 1 2 0 0 4 2 1 0 2 4 1 2 15 27 12 6 3 1 0 1 1 0 1 0 
0 0 0 0 0 0 0 0 0 0 0 1 0 1 2 0 2 0 3 3 0 2 0 5 5 7 2 12 16 30 18 12 4 6 3 2 2 1 0 1 

0 1 0 0 0 0 0 0 0 0 0 0 0 1 0 0 0 0 0 0 1 0 2 10 13 1 4 1 2 1 0 2 2 3 6 24 23 22 17 3 
0 0 0 0 0 1 0 1 0 0 0 0 0 0 0 0 0 1 0 1 2 1 2 4 6 2 0 1 0 2 1 1 0 4 10 26 58 31 15 17 
0 0 0 0 0 0 0 0 0 1 0 0 0 1 0 2 0 0 0 0 0 0 2 6 2 1 0 3 2 4 3 2 3 6 12 56 46 26 15 15 
0 0 0 0 1 0 0 0 0 0 0 0 0 0 0 0 0 0 0 1 1 0 0 2 4 5 5 0 2 1 1 2 0 6 9 59 53 13 5 7 
0 0 0 0 0 0 0 0 1 0 0 0 0 0 0 1 0 1 1 0 1 0 2 6 2 5 6 2 3 1 2 3 6 8 38 71 28 9 6 8 
0 0 0 0 0 0 0 0 0 0 0 0 1 0 1 1 0 0 1 0 0 3 0 0 0 2 3 4 3 2 3 8 6 18 95 57 33 12 6 15 
0 0 0 1 0 0 0 0 0 0 0 0 0 0 0 0 1 0 0 0 2 1 0 1 0 4 5 0 4 5 4 4 10 26 396 18 18 14 5 4 
0 0 0 0 0 0 0 0 0 0 0 0 0 0 0 0 0 1 0 0 3 4 1 4 5 0 1 1 2 4 5 8 16 196 179 17 11 2 2 0 
0 0 0 0 0 0 0 0 0 0 0 0 0 0 0 1 1 0 0 0 0 1 0 0 1 0 7 2 1 6 3 3 13 114 58 13 15 6 3 9 
0 0 0 0 0 1 0 0 0 0 0 0 0 0 1 0 1 0 0 1 0 0 1 1 0 2 2 1 1 0 4 6 9 206 92 5 14 3 5 6 
0 0 0 0 0 0 0 0 0 0 1 0 1 0 0 0 0 0 1 2 1 1 1 2 2 3 5 3 2 5 3 10 99 165 35 4 2 3 0 1 
1 0 0 0 0 0 0 1 0 0 0 0 0 0 0 0 0 0 0 1 0 1 1 1 0 0 6 2 1 6 6 17 98 58 18 9 6 1 0 6 
0 0 0 0 0 0 0 0 0 1 0 0 1 1 0 0 1 0 0 0 1 1 1 0 1 3 3 6 0 6 5 19 114 14 16 4 6 4 2 2 
0 0 0 0 0 0 0 1 0 1 0 0 1 0 0 0 0 1 0 1 1 0 0 4 1 1 5 1 4 4 18 30 53 14 7 2 1 0 0 1 
0 0 0 0 0 0 1 0 0 0 0 0 0 0 0 0 1 1 0 3 0 0 1 1 1 2 0 0 0 6 10 22 31 9 5 4 1 0 2 1 
0 0 0 0 0 0 1 0 0 0 0 0 1 0 0 0 2 1 0 0 0 0 1 0 0 0 1 1 1 8 6 18 25 2 7 2 3 1 2 0 
0 1 0 0 0 0 0 0 0 1 1 1 1 0 0 0 1 0 0 0 1 0 4 0 2 3 1 1 6 2 6 29 7 3 3 3 1 1 0 1 
0 0 0 0 0 0 0 0 0 1 0 0 1 0 0 0 0 0 0 0 0 0 0 0 2 2 0 2 5 4 4 8 8 2 2 1 0 3 0 1 
0 0 0 0 0 0 0 0 0 0 0 0 0 0 0 1 0 1 1 0 0 0 1 0 1 3 1 7 2 4 6 16 14 3 2 1 0 1 0 1 
0 0 0 0 0 0 0 0 0 0 0 0 0 0 1 0 1 3 1 0 0 1 1 4 4 2 2 0 10 10 5 17 8 2 3 1 2 2 0 0 
0 0 0 0 0 1 0 0 0 0 0 0 0 0 0 2 0 0 0 1 0 0 0 0 0 2 1 3 1 11 7 4 11 1 5 1 1 0 0 0 
0 0 0 0 0 0 0 0 1 0 0 0 1 0 0 0 0 1 0 0 2 4 1 5 2 2 4 3 5 8 9 3 9 1 0 0 4 0 1 0 
0 0 0 0 0 0 0 1 0 0 0 0 0 2 2 1 0 0 1 1 2 2 2 1 3 3 5 3 7 12 11 4 4 2 1 1 0 0 0 0 
0 0 0 0 0 0 0 0 0 0 0 1 0 0 1 0 1 0 1 0 0 0 1 4 2 3 2 1 8 5 3 1 3 0 0 0 0 1 1 0 

0 0 0 0 0 0 0 0 0 0 0 1 0 0 0 0 2 1 0 1 0 2 1 4 3 0 0 1 0 0 2 0 1 2 3 24 388 59 23 3 
0 0 0 0 0 0 0 0 0 0 0 0 0 1 0 1 0 0 1 0 1 1 1 0 0 1 2 0 2 0 0 2 0 2 4 22 424 45 19 9 
0 0 0 0 0 0 0 0 0 0 0 0 0 0 0 0 0 0 0 0 0 2 2 0 1 1 1 1 0 0 1 1 3 0 8 87 56 12 7 10 
0 0 0 0 0 0 0 1 0 0 0 1 1 0 2 0 0 1 0 2 1 0 0 1 6 2 5 0 2 0 0 4 0 3 2 164 56 1 4 3 
0 0 0 0 0 0 0 0 0 0 0 1 1 0 0 0 0 0 0 1 1 1 1 1 1 0 2 0 1 1 1 2 2 7 66 217 31 5 4 1 
0 1 0 0 0 0 0 0 0 0 0 0 0 0 0 0 0 1 0 0 0 0 0 0 1 3 2 0 2 2 1 2 6 7 46 29 5 5 3 5 
0 0 0 0 0 1 0 0 0 0 0 0 0 0 0 1 0 0 0 0 1 0 1 2 3 4 5 0 3 0 3 3 6 16 154 11 6 9 2 3 
0 0 0 0 0 0 0 0 0 0 0 0 0 0 1 0 0 0 0 1 1 0 2 1 0 5 3 1 3 2 2 3 4 27 49 11 2 4 1 1 
1 0 0 0 0 0 0 0 0 0 0 0 0 0 0 0 0 0 0 0 0 1 1 1 3 1 4 2 4 0 1 2 4 15 16 9 6 2 3 2 
0 0 0 0 0 0 0 0 0 0 0 0 0 0 0 0 0 0 1 1 1 0 1 1 0 2 2 0 0 0 3 5 14 17 42 5 8 4 6 1 
0 0 0 0 0 0 0 0 0 1 0 0 0 1 0 0 0 1 0 0 0 1 4 0 0 2 5 1 2 5 5 4 19 31 23 2 2 0 1 0 
0 0 0 0 0 0 0 0 0 0 0 1 0 0 0 1 0 0 0 0 0 0 0 0 0 0 2 5 1 1 2 4 18 11 6 3 1 0 2 1 
0 0 0 0 0 0 0 0 1 0 0 0 0 0 0 1 0 2 0 2 0 0 1 1 0 0 3 2 2 4 5 10 17 9 12 0 1 2 2 1 
0 0 0 0 0 0 0 0 0 0 0 0 1 0 0 0 0 2 0 0 0 0 2 0 3 2 1 2 3 8 5 17 9 5 7 3 2 0 0 0 
1 0 0 0 0 0 0 0 0 0 0 2 0 0 0 0 0 0 0 1 1 0 3 0 0 1 2 3 1 5 3 7 12 4 3 1 0 0 1 0 
1 0 0 0 0 1 0 0 0 0 0 0 0 0 0 0 0 3 2 0 0 0 0 2 1 0 4 1 3 2 1 3 14 5 2 2 0 0 2 0 
0 0 0 1 1 0 2 0 0 0 0 0 0 0 0 0 0 0 1 0 0 0 0 3 3 2 5 1 3 1 3 7 7 1 3 1 0 0 0 0 
0 0 0 0 0 0 0 0 0 0 0 0 0 0 0 1 0 0 0 2 0 0 0 1 0 1 1 3 2 2 5 4 1 2 2 1 0 0 1 0 
0 0 0 0 0 0 0 0 0 0 0 0 0 1 0 0 0 0 1 0 1 0 0 0 2 1 2 2 1 2 2 2 4 2 4 0 3 0 0 0 
0 0 0 0 0 0 0 0 0 0 0 1 0 1 0 1 0 0 0 0 0 1 0 0 3 4 3 1 5 5 2 7 4 1 2 0 0 0 0 0 
0 0 0 0 0 0 0 0 0 0 0 0 0 1 0 0 1 2 0 1 0 0 1 0 0 3 1 1 3 0 3 0 0 1 0 0 2 0 1 1 
0 0 0 0 0 0 0 0 0 0 0 1 1 0 0 0 1 2 1 0 0 2 0 2 1 2 0 6 1 4 9 1 5 2 2 0 0 0 1 0 
0 0 0 0 0 0 0 0 1 0 0 0 0 0 0 0 0 1 0 0 0 0 1 3 0 1 1 1 1 7 7 2 1 1 0 1 0 0 0 1 
0 0 0 0 0 0 0 0 0 0 0 0 0 1 0 0 0 1 0 1 1 1 1 1 1 1 1 3 1 6 4 4 3 0 2 2 0 0 1 1 

0 0 0 0 0 0 0 1 0 0 0 0 0 0 0 0 1 0 1 0 0 2 1 3 2 1 0 0 0 0 0 1 2 5 1 25 28 30 23 8 
2 0 0 0 0 0 0 0 0 0 0 1 0 0 0 1 0 0 0 0 0 0 0 1 1 3 1 1 1 1 0 0 0 1 5 10 26 26 7 10 
0 0 1 0 0 0 0 0 0 0 1 0 0 0 1 2 0 0 0 1 1 0 0 1 1 0 0 0 0 0 1 1 3 0 4 7 17 8 6 12 
0 0 0 0 0 0 0 0 0 0 0 0 0 0 0 0 0 0 1 1 1 0 0 1 1 2 1 2 0 0 1 0 1 2 3 10 24 3 8 3 
0 0 0 0 0 0 0 0 1 0 0 1 0 0 0 0 0 0 0 0 3 0 3 5 0 3 1 2 0 0 0 0 3 1 13 25 12 0 3 4 
0 0 0 0 0 0 0 0 0 0 0 0 0 0 0 0 0 0 2 0 2 1 2 0 0 0 1 0 1 0 1 1 2 3 7 10 7 5 9 3 
0 0 0 0 0 0 0 0 0 0 0 0 0 0 0 0 0 0 0 0 0 2 2 0 1 0 3 2 1 1 2 0 1 1 16 8 8 4 3 1 
0 0 0 0 0 0 1 0 0 1 0 0 0 1 0 0 0 0 0 0 1 1 3 1 3 4 1 3 0 3 1 0 5 18 8 10 3 2 3 1 
0 0 0 0 0 0 0 0 1 0 0 0 0 0 0 0 0 0 1 0 1 1 0 3 2 0 0 1 0 2 1 1 2 6 4 4 6 4 1 1 
0 0 0 1 0 0 0 0 0 0 0 0 0 0 0 0 0 1 0 0 0 0 1 0 0 0 3 1 1 3 4 4 8 10 10 3 7 3 3 2 
0 0 0 0 0 0 0 0 0 0 0 0 0 0 0 1 0 1 0 1 0 1 0 1 1 1 5 1 1 4 3 2 15 21 11 3 3 2 0 1 
0 0 0 0 0 0 0 0 1 0 0 0 0 0 0 0 0 0 1 0 0 0 0 0 0 2 1 2 1 1 1 8 7 4 5 2 0 1 3 1 
0 0 0 0 0 0 0 0 0 0 0 2 0 0 0 0 1 0 0 0 0 1 0 2 1 1 0 2 2 1 3 8 5 1 5 6 1 0 1 2 
1 0 0 0 0 0 0 0 0 0 2 0 0 0 0 1 1 0 0 0 1 0 1 2 1 1 2 4 4 3 6 6 3 3 4 0 0 0 0 0 
0 0 0 0 0 0 0 0 0 0 0 0 0 0 0 0 0 0 1 0 1 0 0 0 1 0 1 1 1 1 1 4 5 4 2 2 2 0 0 1 
0 0 0 0 0 0 0 0 0 0 1 0 0 1 0 0 0 0 2 1 1 0 0 0 0 0 1 2 1 1 4 4 4 2 4 1 1 2 0 1 
0 0 0 0 0 1 0 0 0 0 0 0 0 0 0 0 0 0 0 0 0 1 2 3 1 2 0 1 1 0 2 8 3 1 1 1 1 1 0 0 
0 0 0 0 0 0 0 0 0 0 0 0 1 1 0 0 1 0 1 0 1 1 0 3 1 0 0 0 0 5 3 2 3 0 0 0 0 0 1 0 
0 0 0 0 0 0 0 0 0 0 0 0 0 0 0 1 1 0 3 0 0 2 1 1 1 1 1 3 0 2 2 3 1 1 0 1 0 0 2 1 
0 0 0 0 0 0 0 0 0 0 0 1 0 0 1 1 2 0 0 1 0 0 0 1 2 2 0 2 2 7 3 1 3 2 0 1 0 1 0 0 
0 0 0 0 0 0 0 0 0 0 0 1 0 0 1 0 0 0 0 0 0 1 0 0 1 0 0 2 2 1 2 0 0 0 0 0 0 1 0 0 
0 0 0 0 0 0 0 0 0 0 0 0 0 0 0 1 0 0 0 1 0 0 0 0 0 1 2 0 4 0 3 1 2 0 1 0 0 0 0 0 
0 0 0 0 0 0 0 1 1 0 0 0 0 0 2 0 0 1 0 0 0 0 2 0 2 1 2 4 6 4 2 3 1 1 1 0 0 1 0 0 
0 0 1 0 0 0 0 0 0 0 0 0 0 0 0 0 0 0 0 0 0 0 0 0 1 2 3 3 1 6 5 2 0 0 0 0 0 0 0 0 

0 0 0 0 0 0 0 0 0 0 0 0 0 0 0 0 0 0 0 0 0 2 2 3 0 0 0 0 0 0 0 0 1 3 1 16 9 12 8 2 
1 0 1 0 0 1 0 1 0 0 0 0 0 0 0 0 0 0 0 0 0 0 1 0 0 0 2 0 0 1 0 0 1 0 3 8 3 4 4 3 
0 0 0 0 1 0 0 0 0 0 0 0 0 0 0 0 0 0 0 0 0 0 1 0 0 0 1 1 0 0 1 1 1 1 2 6 5 3 6 4 
0 1 0 0 0 0 0 0 0 0 0 0 0 0 0 0 0 0 0 0 0 0 0 1 1 1 3 0 0 1 2 1 1 1 4 12 11 3 3 2 
0 0 0 0 0 0 0 0 0 0 0 0 0 0 0 0 1 0 2 0 0 2 2 2 1 0 1 0 1 2 1 3 1 1 4 10 7 2 2 1 
0 0 0 0 0 0 0 0 0 0 0 0 0 0 0 0 0 0 0 0 0 0 0 1 4 0 0 1 1 2 0 1 3 1 3 3 8 0 2 1 
0 0 0 0 0 0 0 0 0 0 0 0 0 1 0 0 0 0 0 0 1 1 1 1 2 2 2 0 0 0 1 1 2 6 7 5 7 5 6 2 
0 0 0 0 0 0 0 0 0 0 0 0 0 0 0 0 1 0 1 0 0 1 0 0 0 2 2 1 1 1 0 1 2 4 2 6 3 2 0 0 
0 0 0 0 0 0 0 0 0 0 0 0 0 0 0 0 0 1 0 0 1 1 0 0 0 1 0 0 0 0 0 2 1 2 5 3 3 0 1 2 
0 0 0 0 0 0 0 0 0 0 1 1 0 0 1 0 0 0 0 0 1 1 1 1 2 1 1 2 0 1 0 1 1 4 11 2 6 4 1 0 
0 0 0 0 0 0 0 0 0 0 0 0 0 0 0 1 0 0 0 0 1 0 0 2 0 6 1 2 2 1 1 4 4 12 5 1 1 1 0 0 
0 0 0 0 0 0 0 0 0 0 0 0 0 0 0 0 0 1 0 0 1 0 0 1 0 0 0 1 0 0 4 2 6 4 1 0 0 2 3 1 
0 0 0 0 0 0 0 0 0 0 0 0 0 1 0 0 1 0 0 1 1 0 1 1 1 2 1 1 1 1 2 5 5 3 4 0 3 0 1 0 
0 0 0 0 0 0 0 0 0 0 0 0 0 0 0 0 1 0 0 1 0 0 2 0 0 1 1 1 0 0 3 9 2 0 4 0 2 0 1 0 
0 0 0 0 0 0 0 0 0 0 0 0 0 0 0 0 0 0 0 0 0 0 0 0 0 0 0 0 0 2 1 2 2 2 1 0 1 1 0 1 
0 0 0 1 0 0 0 0 0 0 0 0 0 0 0 0 1 0 0 1 0 1 0 1 3 2 0 3 1 0 1 4 0 4 0 3 1 0 0 0 
0 0 0 0 0 0 0 1 1 1 0 0 0 0 0 0 1 0 0 1 1 0 1 0 1 1 1 0 1 1 1 2 3 0 1 0 1 1 0 0 
0 0 0 0 0 0 0 0 0 0 0 0 0 0 0 0 0 0 0 1 0 0 0 0 0 0 2 0 1 2 0 1 1 2 1 0 2 0 0 0 
0 0 0 0 0 0 0 0 0 0 0 0 0 0 0 0 1 2 0 0 0 1 0 0 0 0 0 1 0 1 2 2 2 0 1 0 0 0 0 0 
0 0 0 0 0 0 0 0 0 0 0 0 0 0 1 1 1 0 1 0 1 0 0 0 0 2 1 1 4 1 0 6 2 2 1 0 1 0 0 0 
0 0 0 0 0 0 0 0 0 0 0 0 0 0 0 0 0 0 0 0 0 0 0 1 0 0 1 2 0 2 1 0 1 0 0 0 0 0 2 0 
0 0 0 0 0 0 0 0 0 0 0 0 1 0 0 1 0 0 0 1 0 0 0 1 1 1 0 0 1 1 1 0 2 0 2 0 0 1 0 0 
0 0 0 0 0 0 0 0 0 0 0 0 1 1 1 0 1 0 1 0 0 1 0 0 0 0 1 1 2 3 3 2 2 0 0 0 0 0 1 0 
1 0 0 0 0 0 0 0 0 0 0 0 0 0 0 1 0 1 0 1 0 1 0 0 0 2 1 0 0 3 1 0 0 3 0 0 0 0 0 0 

0 0 0 0 0 0 0 1 0 0 0 0 0 0 0 0 0 0 0 0 0 0 0 1 1 0 0 1 1 0 0 0 1 1 1 1 4 3 3 1 
0 0 0 0 1 0 0 0 1 0 0 0 0 0 0 0 1 0 0 0 0 0 1 2 0 0 0 1 0 0 0 1 0 2 2 0 4 2 4 0 
0 0 0 0 0 0 0 0 0 0 0 0 0 0 0 0 0 0 0 0 0 0 1 1 1 0 0 1 1 0 0 1 0 0 1 5 3 1 8 1 
0 0 0 0 0 0 0 0 0 0 0 0 0 0 0 0 1 0 0 1 1 0 0 0 1 1 0 0 0 0 0 1 0 2 0 2 4 0 1 1 
0 0 0 0 0 0 0 0 0 0 0 0 0 0 0 1 0 0 0 0 0 0 1 3 0 1 0 2 0 1 0 1 1 1 3 5 2 3 1 1 
0 0 0 0 0 0 0 0 0 0 0 0 0 0 1 0 1 0 0 0 0 0 1 0 1 1 1 0 0 0 1 1 0 2 0 2 3 1 2 0 
0 0 0 0 0 0 0 0 1 0 0 0 0 0 0 1 0 0 0 0 2 0 0 0 0 2 1 0 1 0 0 3 2 3 4 2 1 0 5 2 
0 1 0 0 1 0 0 0 0 0 0 0 0 0 0 0 0 0 0 1 0 2 0 0 1 1 1 0 3 1 0 1 4 7 4 4 1 0 0 0 
0 0 0 0 0 0 0 0 0 0 0 0 0 0 0 0 0 0 0 0 0 0 1 0 0 0 0 0 0 0 1 0 1 1 2 3 1 1 1 2 
0 0 0 0 0 0 0 0 0 0 0 0 0 0 0 0 0 0 0 0 0 0 0 0 0 0 0 0 1 0 0 1 1 3 2 2 1 1 0 1 
0 0 0 0 0 0 0 0 0 0 0 0 1 0 0 0 1 0 2 0 1 1 2 1 0 4 1 3 3 0 1 7 4 6 3 2 2 0 1 1 
0 0 0 0 0 0 0 0 0 0 0 0 1 0 0 0 0 0 0 0 0 0 1 0 0 1 0 1 1 2 0 0 1 1 0 0 0 1 0 1 
0 0 0 0 0 0 0 0 0 0 0 1 1 0 0 0 0 0 0 0 0 0 1 1 0 0 2 2 1 1 1 1 3 0 2 1 2 0 1 1 
1 0 0 0 0 0 0 0 0 0 0 0 1 1 0 0 0 0 0 2 0 1 1 1 0 1 2 3 1 2 3 7 3 1 0 1 2 0 0 0 
0 0 0 0 0 0 0 0 0 0 0 0 0 0 0 0 0 0 0 0 0 0 0 0 0 0 0 0 0 1 2 2 2 1 0 2 0 0 0 1 
0 0 1 0 0 0 0 0 0 0 0 0 0 0 0 0 0 0 0 0 0 0 0 2 1 0 0 0 1 0 2 4 4 1 1 1 0 1 0 0 
0 0 0 0 0 0 0 0 0 0 0 0 0 1 1 1 0 0 0 0 0 0 2 3 0 0 0 0 0 3 1 1 2 1 0 1 0 0 0 0 
0 0 0 0 0 0 0 0 0 0 0 0 0 0 0 0 0 0 0 0 0 0 0 0 0 0 0 1 2 0 1 1 2 0 0 0 0 0 0 0 
0 0 0 0 0 0 0 1 0 0 0 0 0 0 0 0 2 0 1 0 0 0 0 0 0 1 2 0 0 1 1 2 0 0 2 1 1 0 0 0 
0 0 0 1 0 0 0 0 0 0 0 0 0 0 0 0 0 0 0 0 2 0 0 2 0 2 2 1 0 0 2 1 0 0 0 0 0 0 0 0 
0 0 0 0 0 0 0 0 0 0 0 0 0 0 0 1 0 0 1 0 0 0 0 1 0 0 0 2 0 0 2 2 1 2 1 0 0 0 0 0 
1 0 0 0 0 0 0 0 0 0 0 0 0 0 0 0 1 0 1 0 0 0 0 1 0 0 0 1 0 2 1 0 1 2 2 1 1 1 0 0 
0 0 0 0 1 0 0 0 1 0 0 0 0 0 0 0 0 1 0 0 0 0 0 2 0 2 0 0 1 3 2 2 0 0 0 0 0 0 1 0 
0 0 1 0 0 0 0 0 0 0 0 0 0 0 0 0 0 0 0 0 0 0 1 0 0 0 1 1 0 0 0 0 1 0 0 0 0 0 1 0 

0 0 0 0 0 0 0 0 0 0 0 0 0 1 0 1 0 0 0 0 0 0 0 2 1 0 0 1 0 0 0 1 0 5 0 1 3 4 1 1 
0 0 0 0 0 0 0 0 0 0 0 0 0 0 0 0 0 0 0 0 0 0 0 1 0 1 0 0 0 0 0 1 0 0 0 1 2 3 1 0 
0 0 0 0 0 0 0 0 0 0 0 0 0 0 0 0 0 0 0 0 0 0 0 1 0 0 0 0 1 0 0 0 0 2 0 5 1 0 0 3 
0 0 0 0 0 0 0 0 0 0 0 0 0 0 0 1 0 0 0 0 0 1 0 1 0 1 0 0 0 2 0 0 2 0 1 2 2 1 0 1 
0 0 0 0 0 0 0 0 0 0 0 0 0 0 0 1 0 0 2 0 1 0 0 0 0 0 0 0 0 0 0 0 0 1 1 4 2 1 0 0 
0 0 0 0 0 0 0 0 0 0 0 0 0 0 0 0 0 0 0 0 0 1 0 1 1 0 0 0 1 0 0 1 1 0 1 1 0 2 2 4 
0 0 0 0 0 0 1 0 0 0 0 0 0 0 0 0 0 0 0 0 0 0 0 0 0 0 2 0 0 0 2 0 1 4 3 1 3 0 1 1 
0 0 0 0 0 0 0 0 0 0 0 0 0 1 0 0 0 0 0 0 0 0 0 0 1 0 0 0 0 0 0 0 2 5 0 3 1 0 0 1 
0 0 0 0 0 0 0 0 0 0 0 0 0 0 0 0 0 0 0 0 0 0 0 0 0 0 0 0 0 0 0 0 0 2 1 1 1 0 1 2 
0 0 0 0 0 0 0 0 0 0 0 0 0 0 0 0 0 0 0 0 1 1 0 0 0 1 0 0 0 1 0 1 1 1 3 1 2 1 0 1 
1 0 0 0 0 0 0 0 0 0 0 0 0 0 0 0 1 0 1 2 1 0 0 0 0 2 0 2 1 0 0 1 1 5 2 1 0 0 0 0 
0 0 0 0 0 0 0 0 0 0 0 0 0 0 0 0 1 0 0 1 0 0 0 0 1 0 0 1 0 0 1 0 3 0 3 2 1 0 0 0 
0 0 0 0 0 0 0 0 0 0 0 0 0 0 0 1 0 0 0 0 0 0 0 1 2 0 1 3 0 3 2 2 0 1 2 1 3 1 0 0 
0 0 0 0 0 0 0 0 0 0 0 0 0 0 0 0 0 0 0 0 0 1 0 0 1 0 1 1 0 1 1 3 1 2 0 0 0 0 0 0 
0 0 0 0 0 0 0 0 0 0 0 0 0 0 0 0 0 0 0 0 0 0 1 0 0 0 0 1 1 0 0 1 0 0 1 0 0 0 0 0 
0 0 0 0 0 0 0 0 0 1 0 1 0 0 0 0 0 0 0 0 0 0 0 1 0 1 0 1 0 1 3 1 2 1 1 2 1 0 0 0 
0 1 0 0 0 0 0 0 0 0 0 0 0 0 1 0 0 0 0 0 0 1 0 0 0 1 3 2 0 2 3 1 0 0 0 0 0 0 0 0 
0 0 0 0 0 0 0 0 0 0 0 0 0 0 0 0 0 0 0 0 0 0 0 1 0 0 0 0 2 0 0 1 1 0 0 1 0 0 0 0 
0 0 0 0 0 0 0 0 0 0 0 0 0 0 0 0 0 1 0 0 0 0 0 0 0 1 1 2 0 1 3 2 0 0 1 0 0 0 0 0 
0 0 0 0 0 0 0 0 0 0 0 0 0 0 1 2 0 0 0 0 0 0 0 0 0 0 2 2 1 1 0 1 1 0 1 1 0 0 0 0 
0 0 0 0 0 0 0 0 0 0 0 0 0 0 0 0 0 0 2 0 0 0 0 1 0 0 0 0 1 0 0 1 0 0 0 1 0 0 0 0 
0 0 0 0 0 0 0 0 0 0 0 0 1 0 0 0 1 0 1 0 1 0 1 0 0 0 0 0 0 1 2 0 1 1 0 0 0 0 0 1 
0 0 0 0 0 0 0 0 0 0 0 1 0 0 1 0 2 1 0 0 0 0 2 0 0 0 2 0 0 5 1 0 0 0 0 0 0 0 0 0 
0 0 0 0 0 0 1 0 0 0 0 0 0 0 0 0 0 0 1 0 0 1 0 0 0 0 0 0 2 3 2 0 1 1 0 0 0 0 0 0 

0 0 0 0 0 0 0 0 0 0 0 0 0 0 0 1 0 0 0 0 1 0 0 1 0 0 0 0 0 0 0 0 0 0 1 2 3 3 2 0 
0 0 0 0 0 0 0 0 0 1 0 0 0 0 0 0 0 0 0 0 0 0 0 1 1 0 0 0 0 1 0 0 0 2 3 1 3 3 2 0 
0 0 0 0 0 0 0 0 0 0 0 0 0 0 0 0 0 0 0 0 0 0 0 0 0 0 0 0 0 0 0 0 0 0 1 1 1 1 0 2 
0 0 0 0 0 0 0 1 0 0 0 0 0 0 0 0 0 0 0 0 1 0 0 1 0 0 0 0 1 0 0 1 1 2 0 6 2 0 2 2 
0 0 0 0 0 0 0 0 0 0 0 0 0 0 0 0 0 0 0 1 0 0 0 0 0 0 0 0 0 0 0 1 0 1 3 1 2 0 0 0 
0 0 0 0 0 0 0 0 0 0 0 0 0 0 0 0 0 0 0 0 0 0 0 0 0 0 1 0 1 1 0 1 0 0 0 0 2 1 0 0 
0 0 0 0 0 0 0 0 0 0 0 0 0 0 0 0 0 1 0 0 0 0 0 0 1 0 0 1 1 0 1 0 1 3 1 0 0 2 0 1 
0 0 0 0 0 0 0 0 0 0 0 0 0 0 0 0 1 0 0 0 0 0 1 0 1 0 1 0 0 1 0 0 4 2 1 0 1 0 0 0 
0 0 0 0 0 0 0 0 0 0 0 0 0 0 0 0 0 0 0 0 0 0 0 0 0 0 0 0 0 0 1 0 0 1 1 0 1 1 0 0 
0 0 0 0 0 1 0 0 0 0 0 0 0 0 0 0 0 0 0 0 0 0 0 0 0 1 0 0 0 0 0 0 0 0 1 2 0 1 0 1 
0 0 0 0 0 0 0 0 0 0 0 0 0 0 0 2 0 0 0 1 2 1 0 1 0 1 0 0 1 0 1 2 2 2 1 3 1 0 0 0 
0 0 0 0 0 0 0 0 0 0 0 0 0 0 1 0 1 0 0 0 0 0 1 0 0 0 1 2 0 2 1 1 0 0 1 0 1 0 1 0 
0 0 0 0 0 0 0 0 0 0 0 0 0 0 0 0 0 0 0 1 0 0 0 0 0 2 0 0 1 0 1 1 2 0 2 1 1 0 0 1 
0 0 0 0 0 0 1 0 0 1 0 0 0 0 0 0 0 0 3 1 0 0 0 0 1 2 0 0 0 1 1 1 1 1 0 0 0 0 1 0 
0 0 0 0 0 0 0 0 0 0 0 0 0 0 0 0 0 0 0 0 0 0 0 0 0 0 1 0 0 1 1 1 1 0 0 1 0 0 0 0 
0 0 0 0 0 0 0 0 0 1 0 0 0 0 0 0 0 0 0 0 0 0 0 1 0 0 1 1 4 0 0 0 0 0 1 1 0 0 0 0 
0 0 0 0 0 0 0 0 0 0 0 0 0 1 0 1 0 0 0 0 0 1 0 2 0 2 0 1 2 3 2 1 1 0 0 0 0 0 0 0 
0 0 0 0 0 0 0 0 0 0 0 0 0 0 0 0 0 0 0 0 0 0 0 1 1 0 1 1 0 1 0 0 2 1 0 0 0 0 0 1 
0 0 0 0 0 0 0 0 0 0 0 0 0 0 0 0 0 1 0 1 0 0 1 1 0 0 1 0 0 0 2 2 1 0 1 0 0 0 0 0 
0 0 0 0 0 0 0 0 0 0 0 0 0 0 2 0 2 2 0 0 1 0 1 0 1 1 1 0 1 0 1 1 3 0 0 1 1 0 0 0 
0 0 0 0 0 0 0 0 0 0 0 0 0 0 0 0 0 0 0 0 0 0 0 0 0 1 0 0 0 0 0 1 1 1 0 0 0 0 0 0 
0 1 0 0 0 0 0 0 0 0 0 0 2 0 0 0 1 0 1 1 0 0 0 1 0 0 0 1 0 0 1 0 0 0 0 0 0 0 0 0 
0 0 0 0 0 0 0 0 0 0 0 0 1 1 1 0 0 0 1 1 0 0 0 1 0 1 1 1 3 2 1 0 0 0 0 0 0 0 0 0 
0 0 0 0 0 0 0 0 0 0 0 0 0 0 0 0 0 0 0 0 0 0 0 0 0 0 0 0 0 0 0 0 0 0 0 0 0 0 0 0 

0 0 0 0 0 0 0 0 0 0 0 0 0 0 0 0 0 0 0 0 1 0 0 1 0 0 0 0 0 0 0 1 0 1 1 3 0 0 0 0 
0 0 0 0 0 0 0 1 0 0 0 0 0 1 0 0 1 0 0 0 0 0 0 2 0 0 0 1 0 0 0 0 0 1 1 0 2 2 4 0 
0 0 0 0 0 0 0 0 0 0 0 0 0 0 0 1 1 1 1 0 0 0 1 1 3 0 0 0 4 1 0 2 0 3 1 1 4 3 2 2 
0 0 0 0 0 0 0 1 0 0 0 0 0 0 0 0 0 0 0 1 0 0 0 1 0 1 0 1 0 0 0 1 0 2 0 5 0 0 0 0 
0 0 0 0 0 0 0 0 0 0 0 0 0 0 0 0 1 1 0 0 0 1 0 1 0 1 0 1 0 0 0 1 0 1 4 6 1 0 0 0 
0 0 0 0 0 0 0 0 0 0 0 0 0 1 0 0 1 0 1 1 1 0 0 0 2 1 4 0 0 0 1 3 0 0 5 1 1 1 1 0 
0 0 0 0 0 0 0 0 0 0 0 0 0 1 0 0 0 0 0 1 0 2 0 1 0 1 0 0 0 0 1 1 0 5 3 3 3 1 1 0 
0 0 0 0 0 0 0 0 0 0 0 0 0 0 0 0 0 0 0 0 0 0 0 0 0 0 4 0 2 0 0 1 3 0 0 0 1 0 0 0 
0 0 0 1 0 0 0 0 0 0 0 0 0 0 0 0 1 0 1 0 0 1 0 0 0 0 1 1 0 1 2 3 1 1 0 1 2 1 1 3 
0 0 0 0 0 0 0 0 0 0 0 0 0 0 0 1 0 0 0 2 2 1 0 3 0 1 0 0 1 1 3 0 4 5 8 0 0 0 0 0 
0 0 0 0 0 0 0 0 0 0 1 0 0 0 0 0 0 0 0 1 0 1 0 1 0 0 0 0 0 0 0 2 4 6 2 2 0 0 0 0 
0 0 0 0 0 0 0 0 0 0 0 0 0 0 0 0 1 0 0 1 0 2 0 0 1 1 0 1 2 1 0 0 1 3 0 2 0 1 0 0 
0 0 0 0 0 0 0 0 0 0 0 0 0 0 0 1 0 0 0 0 1 0 0 2 0 1 1 0 0 2 2 4 1 1 1 0 2 0 0 1 
0 0 0 0 0 0 0 1 0 0 0 0 0 0 0 2 0 0 0 1 0 2 0 0 0 0 0 1 0 0 2 6 2 0 0 0 0 0 1 0 
0 0 0 0 0 1 0 0 0 0 1 1 1 0 0 0 1 0 2 1 1 1 0 0 1 1 0 1 0 1 1 3 0 4 1 2 1 2 0 0 
0 0 0 0 0 0 0 0 0 0 0 0 0 0 1 0 0 0 0 0 1 1 0 2 0 1 0 0 0 2 1 1 1 1 1 0 0 0 0 0 
0 0 0 0 0 0 0 0 0 0 0 0 0 1 0 0 0 0 0 0 0 0 0 0 1 1 1 1 1 1 4 1 2 1 0 0 0 1 0 0 
0 0 0 0 0 0 0 0 0 0 0 0 1 0 0 0 1 0 1 2 3 1 0 2 1 1 0 0 1 1 2 3 2 0 0 0 1 0 1 0 
0 0 0 0 0 0 0 1 0 0 0 0 0 0 0 1 0 0 0 1 2 1 0 0 0 0 1 1 0 1 0 0 1 0 0 0 0 1 0 0 
0 0 0 0 0 0 0 0 0 0 0 0 0 1 1 0 2 1 1 0 0 0 1 0 2 2 0 0 0 0 3 0 0 2 0 0 1 0 0 0 
0 0 0 0 0 0 0 0 0 0 0 0 0 0 0 1 0 0 1 1 1 0 0 0 0 1 1 1 0 2 2 1 0 2 0 1 0 0 0 0 
0 0 0 0 0 0 0 0 0 0 0 0 0 0 0 0 0 1 0 0 0 0 1 0 0 1 1 0 1 4 0 0 0 1 1 1 1 0 0 0 
0 0 0 1 0 1 0 0 0 0 0 0 0 0 0 3 1 1 0 1 0 0 0 1 2 2 0 1 1 5 4 1 1 0 0 0 0 0 0 0 
0 0 0 0 0 0 0 0 0 0 0 0 0 1 0 0 0 0 1 0 1 0 0 0 1 1 0 0 0 1 0 1 0 0 0 0 0 0 0 0 

