#################################### 
# Matrix Size= (39.9997,23.9997,39.9995)
# Resol      = (40,24,40)
# VoxelSize  = (0.999993,0.999989,0.999989)
# nbVal      = 38400
#################################### 
0 0 0 0 0 2 0 1 0 2 0 2 0 0 1 1 0 0 0 0 0 0 0 0 0 0 0 0 0 0 0 0 0 0 0 0 0 0 0 0 
0 0 0 0 0 0 0 1 1 0 0 0 0 0 0 0 0 0 0 0 0 0 0 0 0 0 0 0 0 0 0 0 0 0 0 0 0 0 0 0 
0 0 0 0 0 0 0 0 0 0 0 0 0 1 0 0 0 0 0 0 0 0 0 0 0 0 0 0 0 0 0 0 0 0 0 0 0 0 0 0 
0 0 0 0 0 0 0 1 0 1 1 1 1 1 1 2 0 0 0 0 0 0 0 0 0 0 0 0 0 0 0 1 0 0 0 0 0 0 0 0 
0 0 0 0 0 0 1 2 2 2 1 1 0 1 0 1 1 1 1 0 0 0 0 1 0 0 0 0 0 0 0 0 0 0 0 0 0 0 0 0 
0 0 0 0 0 0 0 0 0 0 0 0 3 2 1 0 0 0 0 0 0 1 0 0 0 0 0 0 0 0 0 0 0 0 0 0 0 0 0 0 
0 0 0 1 0 0 0 0 0 1 0 3 1 2 0 0 1 0 0 0 0 0 0 0 0 0 0 0 0 0 0 0 0 0 0 0 0 0 0 0 
0 1 0 0 0 0 0 0 1 4 0 3 1 5 0 0 2 2 0 1 1 0 0 1 1 0 0 0 0 0 0 0 0 0 0 0 0 0 0 0 
0 0 0 0 0 0 0 0 0 0 0 0 0 0 1 0 0 1 0 0 0 1 0 0 0 1 0 0 0 0 0 0 0 0 0 0 0 0 0 0 
0 0 0 1 0 0 0 0 0 0 1 1 1 3 1 1 0 0 0 1 1 0 0 1 0 0 0 0 0 0 0 0 0 0 0 0 0 0 0 0 
0 0 0 0 0 0 0 1 0 1 4 2 2 2 0 2 4 3 0 0 0 0 0 0 0 0 0 1 0 0 0 0 0 0 0 0 0 0 0 0 
0 0 0 0 0 0 0 0 1 1 0 0 0 0 0 3 2 2 0 1 0 0 0 0 0 0 0 0 0 0 0 0 0 0 0 0 0 0 0 0 
0 0 0 0 0 1 0 0 0 1 0 1 0 0 0 1 0 3 0 0 0 1 1 0 0 0 0 0 0 1 0 0 0 0 0 0 0 0 0 0 
0 0 0 0 0 0 0 0 2 0 3 0 2 1 3 4 1 2 0 0 0 0 0 0 0 0 0 0 0 0 0 0 0 0 0 0 0 0 0 0 
0 0 0 0 0 0 1 0 0 0 0 0 1 0 0 0 2 0 0 0 0 0 0 0 0 0 0 0 0 0 0 0 0 0 0 0 0 0 0 1 
0 0 0 0 0 0 0 0 0 0 0 0 0 1 0 2 0 0 0 1 0 0 0 0 0 0 0 1 1 0 0 0 0 0 0 0 0 0 0 0 
0 0 0 0 1 0 0 0 0 2 0 1 1 4 6 5 1 3 0 0 0 1 0 0 1 0 0 0 1 0 0 0 0 0 0 0 0 0 0 0 
0 0 0 0 0 0 0 0 0 0 0 0 0 0 1 1 0 0 1 0 1 0 0 0 0 0 0 1 0 0 0 0 0 0 0 0 0 0 0 0 
0 0 0 0 0 0 0 0 1 1 0 0 1 0 1 1 0 2 0 0 0 1 0 0 0 0 0 0 0 0 0 0 0 0 0 0 0 0 0 0 
0 0 0 0 1 0 1 1 0 0 2 0 0 1 1 2 4 3 0 1 2 1 0 0 0 0 0 0 0 0 0 0 0 0 0 0 0 0 0 0 
0 0 0 0 0 0 0 0 0 2 1 0 1 0 0 1 0 0 0 0 0 0 0 0 0 0 0 0 0 0 0 0 0 1 0 0 0 0 0 0 
0 0 1 0 0 0 0 0 1 0 0 0 0 0 0 2 2 0 0 1 0 1 0 0 0 0 0 0 0 0 0 0 0 0 0 0 0 0 0 0 
0 0 0 0 0 0 0 0 0 1 1 0 1 1 4 0 3 1 2 1 0 0 0 0 0 0 0 0 0 0 0 0 0 0 0 0 0 0 0 0 
0 0 0 0 0 0 0 0 0 0 0 1 0 0 2 0 0 0 0 0 0 0 0 0 0 0 0 0 0 0 0 0 0 0 0 0 0 0 0 0 

0 0 0 0 0 0 0 1 2 0 1 1 0 0 0 0 0 0 0 1 0 0 1 0 0 0 0 0 0 0 0 0 0 0 0 0 0 0 0 0 
0 0 0 0 0 1 0 0 0 0 0 0 1 1 0 0 0 2 0 1 0 0 0 0 0 0 0 0 0 0 0 0 0 0 0 0 0 0 0 0 
0 0 0 0 0 0 0 1 0 0 1 0 1 0 0 1 0 0 0 0 0 0 0 0 0 0 0 0 1 0 0 0 0 0 0 0 0 0 0 0 
0 0 0 0 0 0 0 0 1 2 0 0 0 0 0 1 0 0 0 0 0 0 0 0 0 0 0 1 0 0 0 0 0 0 0 0 0 0 0 0 
0 0 0 0 0 0 1 1 1 2 0 1 2 2 0 2 0 2 0 0 0 0 0 0 0 0 0 0 0 0 0 0 0 0 0 0 0 0 0 0 
0 0 0 0 0 0 0 0 1 0 0 2 0 1 0 0 0 1 1 0 0 0 0 0 0 0 0 0 1 0 0 0 0 0 0 0 0 0 0 0 
0 0 0 0 0 0 0 0 0 1 0 1 1 0 1 1 0 0 0 0 0 0 1 0 0 0 0 0 0 0 0 0 0 0 0 0 0 0 0 0 
0 0 0 0 0 1 0 0 2 4 0 3 1 4 1 1 1 0 0 0 0 0 0 0 0 1 0 0 0 0 0 0 0 0 0 0 0 0 0 0 
0 0 0 0 0 0 0 0 0 0 0 0 0 0 0 0 1 0 1 0 1 0 0 0 0 0 0 0 0 0 0 0 0 0 0 0 0 0 0 0 
0 0 0 0 0 1 0 0 0 0 0 0 0 1 3 2 0 1 2 0 0 0 1 0 0 0 0 0 0 0 0 0 0 0 0 0 0 0 0 0 
0 0 0 0 0 2 0 1 2 1 3 1 1 1 0 3 3 0 1 1 1 0 0 0 0 0 0 0 0 0 0 0 0 0 0 0 0 0 0 0 
0 0 0 0 0 1 0 1 0 1 1 0 0 0 0 0 0 0 1 0 0 0 0 0 0 0 0 0 0 0 0 0 0 0 0 0 0 0 0 0 
0 1 0 0 0 0 0 0 0 0 0 0 0 1 0 0 2 2 1 0 0 0 0 0 0 0 0 0 0 0 0 0 1 1 0 0 0 0 0 0 
0 0 0 0 1 0 0 1 0 2 1 3 0 1 3 2 0 1 0 1 1 0 0 0 0 0 0 0 0 0 0 0 0 0 0 0 0 0 0 0 
0 0 0 0 0 0 0 1 0 0 0 0 1 0 0 2 0 0 2 1 1 0 0 1 0 0 0 0 0 0 0 0 1 0 0 0 0 0 0 0 
0 0 0 0 0 0 0 0 0 0 0 0 1 0 1 0 1 2 0 1 0 0 0 0 0 0 0 0 0 0 0 0 0 0 0 0 0 0 0 0 
0 0 0 0 0 0 0 0 0 0 1 2 0 0 2 4 1 1 1 0 0 0 0 1 0 0 0 0 0 0 0 0 0 0 0 0 0 0 0 0 
0 0 0 0 0 0 0 0 0 0 0 0 0 0 1 0 2 0 0 1 1 0 0 0 0 0 0 0 0 0 0 0 0 0 0 0 0 0 0 0 
0 0 0 0 0 0 0 0 0 0 0 1 0 0 1 1 0 1 0 0 0 0 0 0 0 0 0 0 0 0 0 0 0 0 0 0 0 0 0 0 
0 0 0 0 0 0 0 0 1 0 1 0 0 1 1 8 1 1 0 0 0 0 0 0 0 0 1 0 0 0 0 0 0 0 0 0 0 0 0 0 
0 0 0 0 1 0 0 0 0 0 0 0 1 1 0 0 3 0 0 0 0 0 0 0 1 0 0 0 0 0 1 0 0 0 0 0 0 0 0 0 
0 0 0 0 0 0 0 0 0 1 0 3 0 0 0 1 1 0 1 1 0 0 0 0 0 0 0 0 0 0 0 0 0 0 0 0 0 0 0 0 
0 0 0 0 0 0 0 0 1 1 0 2 2 3 4 2 4 2 1 0 0 1 0 0 0 0 0 0 0 0 1 0 0 0 0 0 0 0 0 0 
0 0 0 0 1 0 0 0 0 1 0 0 0 1 0 0 2 0 0 0 0 0 1 0 0 0 0 0 0 0 0 0 0 0 0 0 0 0 0 0 

0 0 0 0 0 1 0 3 0 1 1 0 0 1 0 1 0 1 0 0 0 0 0 0 0 0 0 0 0 0 0 0 0 0 0 0 0 0 0 0 
0 0 0 0 0 0 0 3 2 0 3 0 0 0 0 2 1 0 1 0 1 0 0 0 0 0 0 0 0 0 0 0 0 0 0 0 0 0 0 0 
0 0 0 0 0 0 0 0 0 0 0 0 0 1 2 0 0 0 0 0 0 0 0 0 0 0 0 0 0 0 0 0 0 0 0 0 0 0 0 0 
0 0 0 0 0 0 0 1 0 0 1 3 0 0 0 0 0 1 0 1 1 0 0 0 0 0 0 2 0 0 0 0 0 0 0 0 0 0 0 0 
0 0 0 2 0 0 0 3 1 1 2 2 5 5 0 0 1 1 0 0 1 0 0 0 0 0 0 0 1 0 0 0 1 0 0 0 0 0 0 0 
0 0 0 0 0 0 0 0 0 0 0 0 1 1 0 1 1 0 0 0 0 0 0 0 0 0 0 0 0 0 0 1 0 0 0 0 0 0 0 0 
0 0 0 0 0 1 1 0 0 0 1 3 0 3 0 0 1 0 0 0 0 0 0 0 0 0 0 0 0 0 0 0 0 0 0 0 0 0 0 0 
1 0 0 0 0 1 0 0 1 5 2 1 1 4 1 1 1 3 0 0 0 0 0 0 0 0 0 0 0 0 0 0 0 0 0 0 0 0 0 0 
0 0 0 0 0 0 1 0 0 0 0 1 0 0 3 0 1 0 0 1 0 0 0 0 0 0 0 0 0 0 0 0 0 0 0 0 0 0 0 0 
0 0 0 0 0 0 0 0 0 0 0 0 2 1 0 0 4 0 1 0 1 0 0 0 0 0 0 0 0 0 0 0 1 0 0 0 0 0 0 0 
0 0 0 0 0 0 1 0 0 0 4 3 5 6 0 2 2 1 2 0 0 1 0 0 0 0 0 0 0 0 0 0 0 0 0 0 0 0 0 0 
0 0 0 0 0 0 1 0 0 1 0 1 0 0 1 0 0 0 1 0 1 1 0 0 0 0 0 0 0 0 0 0 0 0 0 0 0 0 0 0 
0 0 0 0 0 0 0 0 0 0 1 0 0 0 0 1 1 1 0 1 1 0 0 0 0 0 0 0 0 0 0 0 0 0 0 0 0 0 1 0 
0 0 0 0 0 0 0 0 3 2 3 0 3 4 1 1 2 1 0 0 0 1 0 1 0 1 0 0 0 0 1 0 0 0 0 0 0 0 0 0 
0 0 0 0 0 0 0 0 0 0 0 0 1 0 1 0 0 1 0 0 0 0 0 0 0 0 0 0 0 0 0 0 0 0 0 0 0 0 0 0 
0 0 0 0 0 0 0 1 0 0 0 1 1 1 2 2 0 1 0 0 3 0 0 0 0 0 0 0 1 0 0 0 0 0 0 0 0 0 0 0 
0 0 0 0 0 0 0 1 0 1 0 3 2 1 3 4 3 0 0 0 0 0 0 0 0 0 0 0 1 0 0 0 0 0 0 0 0 0 0 0 
0 0 0 0 0 0 0 0 0 0 0 1 0 0 1 0 1 0 2 1 1 0 1 0 0 0 0 0 0 1 1 0 0 0 0 0 0 0 0 0 
0 0 0 0 0 0 0 0 1 0 0 0 0 0 2 1 1 1 0 1 0 0 2 0 1 0 0 0 0 0 0 0 0 0 0 0 0 0 0 0 
0 0 0 0 0 0 1 1 1 1 0 1 3 2 8 5 4 2 0 0 0 0 0 0 0 0 0 1 0 0 0 0 0 0 0 0 0 0 0 0 
0 0 0 0 0 0 0 0 1 0 0 1 1 0 2 1 1 1 1 0 0 0 0 0 0 0 0 0 0 0 0 0 0 0 0 0 0 0 0 0 
0 0 1 0 0 0 0 0 1 0 0 0 0 2 0 2 1 0 0 0 1 0 1 0 1 0 0 0 0 0 0 0 0 0 0 0 0 0 0 0 
0 0 0 0 1 0 1 1 0 1 6 1 2 3 1 1 3 0 2 0 0 1 0 0 0 0 0 0 1 0 0 0 0 0 0 0 0 0 0 0 
0 0 0 0 1 0 0 0 0 0 0 0 0 1 0 0 0 0 0 0 1 0 0 0 0 0 0 0 0 0 0 0 0 0 0 0 0 0 0 0 

0 0 0 0 0 2 0 3 0 1 0 0 1 1 0 1 1 1 0 0 0 0 0 0 0 0 0 0 0 0 0 0 0 0 0 0 0 0 0 0 
0 0 0 0 0 2 0 3 2 2 0 1 0 1 0 0 1 0 0 0 0 0 0 0 0 0 0 0 0 0 0 0 0 0 0 0 0 0 0 0 
0 0 0 0 0 0 0 1 2 4 1 0 1 0 1 2 1 1 0 0 0 0 0 0 0 0 0 0 0 0 0 0 0 0 0 0 0 0 0 0 
0 0 0 0 0 0 1 0 0 0 1 0 6 0 0 1 0 2 1 0 1 0 0 0 0 0 0 0 0 0 0 0 0 0 0 0 0 0 0 0 
0 0 0 0 1 1 3 0 1 3 2 5 4 1 1 1 1 1 2 1 0 0 0 0 1 0 0 0 0 0 1 0 0 0 0 0 0 0 0 0 
0 0 0 1 0 0 0 0 0 0 1 1 1 1 1 2 0 2 0 0 0 0 0 1 0 0 0 0 0 0 0 0 0 0 0 0 0 0 0 0 
0 0 0 0 0 0 0 0 0 1 0 2 0 3 1 0 5 1 1 0 1 0 2 0 0 0 0 0 0 0 0 1 0 0 0 0 0 0 0 0 
0 0 0 0 0 0 0 2 1 3 4 1 4 5 1 0 2 3 0 0 3 1 0 0 0 0 0 0 0 0 0 0 0 0 0 0 0 0 0 0 
0 0 1 0 1 0 0 0 0 2 1 1 0 1 0 1 1 2 0 1 0 1 0 0 0 0 0 0 0 0 0 1 0 0 0 0 0 0 0 0 
1 0 0 0 0 0 0 2 0 0 1 0 0 1 2 3 2 1 0 0 0 0 1 0 0 0 0 0 0 1 0 0 0 0 0 0 0 0 0 0 
0 0 0 2 0 1 0 3 2 5 3 5 5 5 4 4 5 0 0 2 0 0 0 2 0 0 0 0 0 0 0 0 0 0 0 0 0 1 0 0 
0 0 0 0 2 0 0 0 0 2 2 5 2 0 0 2 3 1 3 0 1 1 0 0 0 0 0 0 0 0 0 0 0 0 0 0 0 0 0 0 
0 0 0 0 0 0 0 0 0 1 0 1 1 1 1 3 1 0 2 1 2 1 0 0 0 0 0 0 0 0 0 0 0 0 0 0 0 0 0 0 
0 0 1 0 1 0 0 0 4 0 2 4 2 3 2 3 3 1 0 0 2 0 0 0 1 1 0 0 0 0 0 1 0 0 0 0 0 0 0 0 
0 0 0 0 0 0 0 0 0 0 0 1 1 2 3 5 3 0 1 1 1 0 0 0 0 0 0 0 0 0 0 0 0 0 0 0 0 0 0 0 
0 0 0 0 0 0 1 1 0 0 0 1 0 1 2 1 5 1 0 1 0 0 0 0 1 0 1 0 0 0 0 0 0 0 0 0 0 0 0 0 
0 0 0 0 1 0 0 0 1 1 3 0 4 2 4 14 4 3 4 0 1 0 0 0 0 0 0 0 2 1 0 0 0 0 0 0 0 1 0 0 
0 0 0 0 0 0 0 1 0 0 0 1 3 3 2 1 1 1 0 1 1 2 1 0 0 0 0 0 0 0 0 0 0 0 0 0 0 0 0 0 
0 0 0 0 0 0 0 0 0 1 0 1 1 1 0 0 3 1 1 1 0 0 0 0 0 0 0 0 0 0 1 0 0 0 0 0 0 0 0 0 
0 0 0 0 1 0 1 0 0 1 4 3 1 7 8 6 3 9 0 0 1 0 1 0 0 0 0 0 1 0 0 0 0 0 0 0 0 0 0 0 
0 0 0 0 0 0 0 0 1 0 0 0 0 0 3 3 2 2 0 0 0 1 1 2 0 0 0 0 0 0 0 0 0 0 0 0 0 0 0 0 
1 0 0 0 0 0 0 0 0 0 0 1 3 1 1 2 3 1 2 0 0 0 1 0 0 0 0 1 0 0 0 0 0 0 0 0 0 0 0 0 
0 0 0 0 0 2 0 0 0 2 5 2 1 3 5 4 4 6 2 2 0 0 0 2 0 1 0 1 0 0 0 0 1 0 0 0 0 0 0 0 
0 0 0 0 1 0 0 0 0 0 1 0 0 1 1 2 2 1 1 0 0 0 1 0 0 1 0 0 0 0 0 0 0 0 0 1 0 0 0 0 

0 0 0 0 0 0 1 2 1 1 2 2 0 2 1 2 0 0 1 0 0 0 0 0 0 0 0 0 0 0 0 0 0 0 0 0 0 0 0 0 
0 0 0 0 0 1 3 4 4 4 0 0 1 0 0 1 0 0 0 0 0 0 0 0 0 0 0 0 0 1 0 0 0 0 0 0 0 0 0 1 
0 0 1 0 0 0 0 0 0 0 1 0 1 1 0 1 0 0 0 0 0 0 0 0 1 0 0 0 0 0 0 0 0 0 0 0 0 0 0 0 
0 0 0 0 0 1 0 0 0 2 1 4 2 2 1 0 1 0 1 0 1 2 0 0 0 0 0 0 0 0 0 0 0 0 0 0 0 0 0 0 
0 0 0 0 0 0 1 0 3 4 4 6 3 1 0 0 0 2 0 1 0 1 1 0 1 0 0 0 0 0 0 0 0 0 0 0 0 0 0 0 
0 0 0 0 0 0 0 0 0 0 1 0 0 1 0 1 0 1 2 0 1 0 1 0 0 0 0 0 0 0 0 0 0 0 0 0 0 0 0 0 
0 0 1 0 0 0 0 0 0 2 0 4 2 4 3 0 2 2 0 1 0 0 0 0 0 0 0 0 0 0 0 0 0 0 0 0 0 0 0 0 
1 0 1 1 0 0 0 1 1 1 4 3 2 4 2 4 1 0 1 2 1 0 0 1 0 0 0 0 0 0 0 0 0 0 0 0 0 0 0 0 
0 0 0 0 0 0 0 0 0 2 2 1 0 2 1 0 0 0 0 0 0 1 0 0 1 0 0 0 0 0 0 0 0 0 0 0 0 0 0 0 
1 0 0 0 0 0 1 0 0 0 3 3 4 2 4 1 2 0 0 0 1 0 0 0 0 0 0 0 0 0 0 0 0 0 0 0 0 0 0 0 
0 0 0 2 0 1 1 0 1 2 2 3 3 9 4 3 1 0 0 1 0 0 1 0 0 0 0 1 0 0 0 0 0 0 0 0 0 0 0 1 
0 1 0 0 0 0 0 1 0 0 0 0 1 3 2 2 1 1 0 1 0 0 0 0 0 0 0 0 0 0 0 0 0 0 0 0 0 0 0 0 
0 0 0 0 0 1 0 2 0 0 0 1 0 2 1 4 3 2 1 0 0 0 0 0 0 0 1 0 0 0 0 0 0 1 0 0 0 0 0 0 
0 0 0 0 0 1 0 0 2 2 1 6 5 5 8 9 5 4 2 0 0 1 0 0 0 0 0 0 2 1 0 0 0 0 0 0 0 0 0 0 
0 0 0 0 0 0 1 0 0 0 0 0 0 1 0 0 5 1 0 1 1 1 1 0 0 0 0 0 0 0 0 0 0 0 0 0 0 0 0 0 
0 0 0 0 0 0 0 0 0 0 0 1 1 1 4 3 4 2 1 1 1 0 2 0 0 0 0 0 0 0 0 0 0 1 0 0 0 0 0 0 
0 0 0 0 0 0 0 3 0 0 0 5 0 6 7 3 5 2 2 2 0 0 0 0 0 0 1 0 0 1 1 0 0 0 0 0 0 0 0 0 
0 0 0 0 0 0 1 0 2 0 1 1 2 1 3 2 1 1 2 1 2 0 0 0 0 0 0 1 0 0 0 0 0 0 0 0 0 0 0 0 
0 0 0 0 0 0 0 1 0 0 0 0 2 1 0 3 4 1 2 1 1 0 1 1 0 0 0 0 0 0 0 0 0 0 0 0 0 0 0 0 
0 0 0 0 1 0 0 0 0 1 1 3 2 4 3 5 9 5 1 1 0 0 0 1 0 0 0 0 0 0 0 0 0 0 0 0 0 0 0 0 
1 1 0 0 0 0 1 0 0 0 0 2 0 1 0 3 1 1 0 1 1 0 0 0 0 0 0 0 0 0 0 0 0 0 0 0 0 0 0 0 
0 0 0 0 0 0 0 2 0 0 0 1 1 1 3 1 2 2 2 0 0 0 2 0 0 0 0 0 0 0 0 0 0 0 0 0 0 0 0 0 
0 0 0 0 0 0 2 0 2 0 1 2 3 2 2 4 5 1 1 0 0 1 0 0 0 1 0 0 0 0 0 0 0 0 0 0 0 0 1 0 
0 0 0 1 0 0 0 1 0 0 0 1 1 1 2 0 3 0 0 0 0 0 0 0 0 0 0 0 0 0 0 0 0 0 0 0 0 0 0 0 

0 0 0 1 0 1 0 6 3 2 4 3 1 1 0 0 0 2 0 0 0 0 0 0 0 0 0 0 0 0 0 0 0 0 0 0 0 0 0 0 
0 0 0 0 1 1 0 3 2 8 1 1 2 1 1 2 0 1 2 0 0 0 0 0 1 0 0 0 0 0 0 0 1 0 0 0 0 0 0 0 
0 0 0 0 0 0 0 0 2 3 2 2 0 1 1 2 1 2 0 1 1 1 1 0 0 0 0 0 1 0 0 0 0 0 0 0 0 0 0 0 
0 0 0 0 1 2 0 1 1 1 0 5 1 0 3 0 0 3 2 0 0 0 0 0 0 0 0 0 0 0 0 0 0 0 0 0 0 0 0 0 
0 0 1 0 1 3 3 1 2 7 2 7 2 4 2 0 3 1 2 0 0 0 0 0 0 0 0 0 0 0 0 0 0 0 0 0 0 0 0 0 
1 0 0 0 1 0 0 0 2 2 2 4 6 1 1 2 2 5 1 1 0 2 0 0 1 0 0 1 0 0 0 0 0 0 0 0 0 0 0 0 
0 0 0 0 0 0 0 0 2 0 3 3 3 3 3 0 2 2 1 1 1 2 0 0 0 0 0 0 0 0 0 0 1 0 0 0 0 0 0 0 
1 1 1 0 0 0 2 3 3 5 6 6 4 5 7 6 3 0 1 1 1 1 1 1 0 0 0 0 1 0 0 0 0 0 0 0 0 0 0 0 
0 0 0 0 0 0 1 1 0 2 2 7 4 7 2 4 2 2 2 1 1 1 1 0 0 0 0 0 0 0 0 0 0 0 0 0 0 0 0 0 
0 0 0 0 0 1 0 1 0 1 4 3 2 0 4 1 2 0 0 0 2 0 0 0 1 0 0 0 0 0 0 0 0 0 0 0 0 0 0 0 
0 0 0 0 0 1 1 0 2 2 5 8 5 12 7 8 7 2 3 0 0 1 2 0 1 0 0 0 0 0 0 0 0 1 0 0 0 0 0 0 
0 0 0 0 0 0 1 1 1 2 2 2 6 8 4 4 2 2 6 2 2 1 1 2 0 0 0 0 0 0 0 0 0 0 0 0 0 0 0 0 
0 0 0 1 1 0 0 1 1 0 0 2 6 7 5 6 4 1 1 0 1 1 1 1 1 0 0 0 0 2 1 0 0 0 0 0 0 0 0 0 
0 0 0 1 0 0 0 0 4 3 9 6 11 15 17 6 9 4 2 2 0 1 1 0 0 0 0 0 0 0 0 1 0 0 0 0 0 0 0 0 
0 0 1 0 0 1 0 1 1 1 2 5 2 5 8 6 4 3 1 3 0 1 0 0 1 1 0 0 0 0 0 2 0 0 0 0 0 0 0 0 
0 0 0 1 0 0 0 0 1 1 0 0 4 3 5 4 8 3 2 1 3 0 2 0 0 0 0 0 0 1 0 0 0 0 0 0 0 0 0 0 
1 0 0 0 0 1 0 3 2 2 6 6 7 6 14 22 14 6 5 0 0 0 0 1 0 0 0 0 0 1 1 0 0 0 0 0 0 0 0 0 
0 0 0 0 0 0 0 0 1 0 3 1 2 4 3 8 5 1 7 2 1 4 2 0 1 0 0 0 0 1 0 0 0 0 0 0 0 0 0 0 
0 0 0 0 0 1 0 0 1 2 1 2 5 2 0 7 8 1 3 3 2 1 3 0 0 0 1 0 2 0 0 0 0 0 0 0 0 0 0 0 
0 0 0 0 0 1 0 1 2 2 3 1 8 7 12 14 6 5 3 1 2 0 0 0 0 0 2 0 0 1 0 0 0 0 0 0 1 0 0 0 
0 0 0 0 1 0 0 0 0 1 1 4 4 4 1 11 10 3 2 2 0 2 0 0 1 0 1 0 0 0 1 0 0 0 0 0 0 0 0 0 
0 1 0 0 0 0 1 0 0 1 1 2 1 1 0 5 4 4 4 2 3 0 1 0 1 0 0 0 0 1 0 0 0 0 0 1 0 0 0 0 
0 0 0 1 2 1 1 0 5 3 9 2 6 4 11 10 4 9 7 3 0 1 1 0 1 0 0 0 1 0 0 0 0 0 0 0 0 0 0 0 
0 0 0 0 0 0 1 1 2 0 1 3 3 2 5 5 5 0 2 2 0 0 0 0 0 0 0 0 0 0 0 0 0 0 0 0 0 0 0 0 

1 0 0 1 0 1 0 5 7 10 8 3 2 5 1 3 3 0 2 0 0 1 0 0 0 0 0 0 0 1 0 0 0 0 0 0 0 0 0 0 
0 0 0 1 1 0 1 4 2 7 3 3 0 0 2 2 3 0 1 1 1 1 0 1 0 0 0 0 0 0 1 0 0 0 0 0 0 0 0 0 
0 0 0 0 0 0 1 0 0 0 1 3 3 0 4 3 1 0 1 1 0 0 0 0 0 0 0 0 0 0 0 0 0 0 0 0 0 0 0 0 
1 0 0 0 0 0 3 2 0 3 2 3 7 3 2 4 4 1 3 1 1 0 0 0 0 0 0 0 1 0 0 0 0 0 0 0 0 0 0 0 
0 0 0 0 0 1 0 3 1 9 8 7 5 3 2 4 2 1 0 1 1 3 0 0 0 0 0 0 0 0 0 0 0 1 0 0 0 0 0 0 
0 0 0 0 0 0 0 0 1 0 0 4 4 3 3 0 1 1 0 0 1 0 1 0 0 0 0 0 0 0 0 0 0 0 0 0 0 0 0 0 
1 0 0 0 0 2 1 1 1 4 3 3 5 7 5 2 6 2 1 2 1 0 1 1 0 0 0 0 0 0 0 0 0 0 0 0 0 0 0 0 
0 1 0 1 1 2 2 3 1 6 9 6 6 7 6 9 6 1 2 2 0 0 1 0 1 0 0 0 0 1 0 0 0 1 0 0 0 0 0 0 
0 0 1 1 0 1 3 1 3 1 2 0 1 5 5 2 3 2 1 0 0 1 1 0 0 0 0 0 0 0 0 0 0 1 0 0 0 0 0 0 
1 0 0 0 0 0 1 0 0 2 2 5 6 5 3 5 5 1 3 1 1 0 1 0 0 0 0 0 0 0 0 0 0 1 0 0 0 0 0 0 
0 0 1 0 0 1 1 1 1 10 6 6 4 11 10 9 4 8 2 0 2 0 0 0 0 0 1 0 1 0 1 1 1 0 0 0 0 0 0 0 
0 0 1 0 0 0 0 1 0 0 0 1 2 7 5 1 2 3 0 3 0 0 0 0 0 0 0 0 0 0 0 0 0 0 0 0 0 0 0 0 
1 0 0 2 0 2 0 1 1 2 1 5 6 12 6 9 13 4 4 3 1 0 0 0 0 0 0 0 0 1 1 0 0 0 0 0 0 0 1 0 
0 0 0 0 2 1 0 1 2 4 4 8 8 9 2 16 11 5 1 2 2 2 0 1 0 0 0 1 0 2 0 0 0 0 0 0 0 0 0 0 
0 1 0 0 0 0 0 1 0 0 1 2 2 4 6 6 3 1 2 2 2 1 1 0 0 0 0 0 1 0 0 0 1 0 0 0 0 0 0 0 
0 0 0 0 0 0 0 0 0 1 0 2 1 6 5 9 10 1 3 4 3 4 0 0 1 1 1 1 0 0 1 0 0 0 0 0 0 0 0 0 
0 0 0 0 0 0 0 0 3 3 3 6 6 5 15 18 7 3 4 3 0 2 0 1 1 0 0 0 0 1 1 0 0 0 0 0 0 0 0 0 
0 0 0 1 0 0 0 0 1 3 1 1 3 0 0 8 2 4 3 0 0 0 2 0 0 1 0 0 0 0 0 0 0 1 0 0 0 0 0 0 
0 1 0 2 0 0 0 0 1 1 0 3 3 7 3 11 11 4 3 3 2 2 1 1 1 0 0 0 1 1 0 0 0 0 0 0 0 0 0 0 
0 0 0 0 0 2 0 1 1 1 3 2 8 7 8 8 16 4 5 6 1 1 0 1 1 0 1 0 1 2 0 1 0 0 0 0 0 0 0 0 
0 0 0 1 0 1 0 0 2 0 3 6 7 4 2 13 1 1 4 4 0 0 1 0 0 0 0 0 0 0 0 0 0 1 0 0 0 0 0 0 
0 0 0 1 2 0 0 1 0 1 0 1 4 1 6 9 5 6 13 3 5 0 5 0 0 1 0 0 0 1 0 0 1 0 0 0 1 0 0 0 
0 0 0 0 0 1 0 2 2 2 3 5 3 6 9 4 13 7 5 7 0 0 0 0 0 0 0 0 0 1 0 0 0 0 0 0 0 0 0 0 
1 0 0 0 0 0 0 0 2 2 2 0 2 1 2 3 5 3 1 1 0 2 1 3 0 0 1 0 0 0 0 0 0 0 0 0 0 0 0 0 

0 0 1 4 2 3 1 5 6 10 8 15 3 2 4 2 3 2 1 2 0 2 0 0 0 0 0 0 0 1 0 0 0 0 0 0 0 0 0 0 
0 0 0 2 1 4 2 5 9 8 8 2 11 2 2 0 2 2 2 0 2 0 0 0 0 1 0 0 0 0 0 0 0 0 0 0 0 1 0 0 
0 0 0 1 0 2 0 2 4 7 5 9 8 4 2 6 1 4 3 1 1 0 1 0 1 0 0 0 0 0 0 0 0 0 0 0 0 0 0 0 
2 0 1 0 0 1 1 0 3 4 4 17 8 3 3 1 2 3 1 0 2 1 1 0 0 0 0 0 0 0 0 0 0 0 0 0 1 0 0 0 
1 2 3 3 1 1 3 5 4 14 15 32 8 10 8 6 7 5 4 4 4 0 0 0 0 1 1 0 0 0 0 0 1 0 0 0 0 0 0 0 
0 3 0 0 2 2 2 3 5 3 7 11 14 10 6 3 2 5 5 1 1 0 0 1 0 0 0 0 0 0 0 0 0 0 0 0 0 0 0 0 
2 0 0 0 1 1 1 3 1 6 2 7 9 16 13 2 6 2 5 0 1 1 3 0 0 0 0 0 0 0 0 0 0 0 0 0 0 0 0 0 
0 1 1 1 3 1 4 5 9 9 11 11 16 13 12 11 5 6 5 4 2 0 0 0 0 0 0 0 0 1 0 0 0 0 0 0 0 0 0 0 
0 0 0 0 1 0 1 5 7 5 3 10 8 17 10 4 6 1 4 2 2 1 0 0 0 0 0 0 1 0 0 0 0 0 0 0 1 0 0 0 
0 0 0 1 1 1 1 3 0 3 2 3 6 17 13 6 6 4 4 2 2 1 1 0 0 1 1 0 0 0 1 0 0 0 1 0 0 0 0 0 
1 0 0 0 2 4 3 5 7 6 9 15 21 31 29 13 10 4 3 1 1 4 1 2 1 0 0 0 0 1 0 0 0 0 0 0 0 0 0 0 
1 0 0 1 1 0 1 1 0 6 3 10 22 32 39 34 21 5 4 4 2 2 2 3 1 0 0 0 0 0 1 0 0 0 0 0 0 0 1 0 
0 0 0 0 0 1 1 0 1 6 2 10 7 23 14 17 15 3 7 1 4 2 1 2 1 0 0 1 0 0 0 0 0 0 0 0 0 0 0 0 
2 0 3 3 1 1 0 3 5 6 7 15 22 23 43 40 18 9 4 3 0 0 1 1 1 1 0 0 1 2 1 2 0 0 0 0 0 0 0 1 
0 0 0 0 0 0 1 1 3 2 7 11 15 20 40 39 22 11 12 8 2 1 0 1 1 1 0 0 0 0 0 1 1 0 0 0 0 0 0 0 
0 0 0 0 0 0 2 1 2 1 2 8 8 10 18 23 20 5 9 3 3 1 1 1 1 0 0 0 1 0 0 0 0 0 0 0 0 0 0 0 
2 0 1 0 1 1 3 2 9 4 9 11 13 18 40 49 26 17 5 3 2 1 1 2 1 1 0 1 0 1 0 0 0 2 0 0 0 0 0 0 
0 0 0 0 0 0 1 2 2 3 6 5 8 7 28 53 30 13 14 8 2 7 2 1 1 0 0 0 0 1 0 0 2 1 0 0 0 0 0 1 
0 0 0 0 0 1 3 1 0 2 2 3 6 21 12 29 34 9 6 2 3 1 6 0 2 0 3 0 0 1 0 0 0 0 0 0 0 1 0 0 
0 0 1 0 2 3 1 5 3 3 9 15 12 16 26 46 37 20 7 9 1 0 2 0 0 1 1 3 2 0 0 0 0 0 0 0 1 0 0 0 
1 0 0 1 1 1 3 1 2 0 1 9 11 17 10 38 46 21 17 7 2 4 0 1 0 0 0 0 1 0 1 0 0 0 0 0 0 0 0 0 
0 0 1 1 1 1 1 0 3 3 3 1 9 9 13 29 28 13 16 3 4 3 3 3 1 0 1 1 0 0 0 0 1 0 0 0 0 0 0 0 
1 0 1 0 3 2 2 4 4 3 11 12 13 13 15 25 25 27 15 6 0 0 1 1 1 0 1 1 0 3 1 0 0 0 0 0 0 1 0 0 
0 0 0 2 0 0 0 0 1 5 4 6 4 6 13 40 41 34 15 7 3 5 3 0 1 1 1 0 0 0 0 0 0 0 0 0 0 0 0 0 

0 1 0 0 0 5 1 17 4 25 28 15 9 5 1 3 7 5 4 1 0 0 0 0 0 0 0 1 0 0 0 0 0 0 0 0 0 0 0 0 
0 0 0 0 0 1 2 14 11 11 19 12 5 2 5 6 5 6 4 4 2 2 1 1 0 0 0 1 0 0 1 0 0 0 0 0 0 0 0 0 
0 0 0 0 2 1 1 1 2 5 6 10 12 6 2 1 1 1 2 1 1 0 0 0 1 0 0 0 0 0 0 0 0 0 0 1 0 0 0 0 
1 0 0 0 2 3 0 5 6 12 13 37 23 5 6 2 3 5 3 1 1 0 1 0 1 0 0 0 1 1 0 0 0 0 0 0 0 0 0 0 
1 0 2 0 1 0 3 5 6 14 17 35 26 11 5 9 6 8 3 3 1 1 0 0 0 0 0 0 0 0 0 0 0 0 0 0 0 0 0 0 
1 1 1 1 1 1 1 3 5 5 8 12 15 7 2 5 5 2 0 0 0 3 0 1 0 0 0 0 1 1 0 0 0 0 0 0 1 0 0 0 
3 0 0 1 0 0 1 2 3 8 14 18 38 20 16 5 8 7 7 1 4 1 0 1 1 1 0 1 0 0 0 0 0 0 0 0 0 0 0 0 
1 0 2 0 0 1 9 5 4 17 10 21 27 17 13 14 6 6 3 3 1 0 0 1 3 1 0 0 0 2 0 0 0 0 0 0 0 0 0 0 
0 0 0 0 0 0 0 2 1 5 4 9 11 9 8 6 5 0 4 1 3 1 0 0 0 0 0 0 0 0 1 0 1 0 0 0 0 0 0 0 
0 0 1 1 0 2 1 1 2 0 5 14 24 31 36 12 14 2 4 1 0 0 0 1 1 0 1 0 1 0 1 0 0 0 0 0 0 0 0 0 
1 1 0 0 0 1 8 3 6 4 9 15 22 37 39 26 14 4 4 5 1 1 2 3 0 0 0 0 0 1 2 0 0 0 0 0 0 0 0 0 
1 1 1 0 1 1 0 3 5 4 4 14 15 57 70 25 21 7 6 2 1 2 0 0 0 0 2 0 0 0 2 0 0 0 0 0 0 0 0 1 
0 1 1 0 1 2 3 3 3 11 4 12 15 54 329 41 32 6 5 2 2 1 1 0 1 0 0 0 0 0 0 0 0 0 0 0 0 0 0 0 
0 0 0 1 1 2 1 2 1 6 5 11 11 21 192 67 26 8 5 3 1 1 1 1 0 1 1 1 0 1 0 0 0 0 0 0 0 0 0 0 
2 0 2 0 4 0 2 2 1 2 5 14 13 26 81 122 16 7 4 4 1 2 4 0 0 0 0 1 0 2 1 0 0 1 0 0 0 0 0 1 
1 1 0 1 0 2 0 1 2 3 1 6 5 18 53 243 30 8 8 3 6 0 4 0 1 0 0 4 0 0 0 0 0 0 0 0 0 0 0 0 
1 0 0 1 0 2 2 2 4 3 14 9 9 12 51 212 38 14 4 4 2 1 0 1 1 1 0 0 0 1 0 0 0 0 0 0 0 0 0 0 
1 2 0 0 0 0 1 0 1 5 2 3 13 23 32 121 53 12 4 7 4 3 0 1 1 0 0 0 2 0 0 0 0 0 0 0 0 0 1 0 
1 0 0 0 0 0 1 0 1 1 4 9 7 12 17 175 180 20 10 3 7 4 3 1 1 0 1 1 0 1 0 1 0 0 0 0 0 0 0 0 
1 0 0 0 3 1 2 3 3 3 2 7 14 10 24 93 280 19 11 5 0 1 2 1 0 1 0 1 0 1 0 0 0 0 0 0 1 1 0 0 
0 0 1 0 0 1 2 1 2 1 6 15 7 14 18 73 118 43 20 9 9 3 2 1 0 0 3 0 0 0 0 0 0 0 0 0 0 0 1 0 
0 1 0 0 0 2 1 1 1 1 3 13 4 15 14 58 133 48 35 13 7 4 3 3 2 1 0 2 1 0 0 0 0 0 1 0 0 1 0 0 
0 1 1 1 0 1 1 2 7 6 11 9 10 10 14 29 71 39 16 6 1 1 0 3 0 0 0 1 1 0 0 1 0 0 0 0 0 0 0 0 
0 0 0 0 0 0 1 1 0 1 3 8 12 14 19 57 129 75 37 15 9 5 1 1 0 0 1 0 0 0 0 0 0 0 0 1 0 0 0 0 

0 1 0 0 1 5 2 15 8 70 85 37 13 10 3 11 5 14 3 2 0 1 1 0 0 0 0 0 0 0 1 0 0 0 0 0 0 0 0 0 
3 1 0 2 5 1 5 24 23 43 175 55 29 13 8 4 4 6 11 4 2 0 2 1 1 1 0 1 2 0 0 0 1 0 0 0 0 0 0 0 
1 1 1 4 3 6 4 10 17 39 177 144 33 17 6 4 2 9 11 5 2 0 0 1 0 0 0 0 0 0 0 0 0 0 0 0 0 0 0 0 
3 1 0 3 1 3 1 3 11 17 44 181 77 4 10 10 6 10 17 0 0 0 0 1 1 0 0 0 0 1 0 0 0 0 0 0 0 0 0 0 
2 0 1 4 4 5 9 11 21 31 55 375 140 30 13 15 9 16 7 3 1 5 3 1 0 0 1 3 1 0 0 0 0 0 1 0 1 1 0 0 
2 1 1 1 1 1 7 5 13 25 32 232 263 29 22 10 7 11 5 2 7 1 0 0 0 0 1 0 0 0 0 0 0 0 0 0 0 0 0 0 
1 1 1 1 1 5 2 7 8 8 23 53 543 40 35 9 8 13 9 2 0 2 1 0 1 1 0 0 0 1 0 0 1 0 0 0 0 0 1 0 
1 1 4 0 3 4 17 12 10 27 28 59 272 67 31 19 6 18 10 3 2 1 1 1 0 0 0 0 0 0 0 2 0 0 0 1 1 0 0 0 
0 1 1 1 2 1 2 3 6 10 13 22 159 311 26 20 9 11 6 3 2 2 0 1 0 1 0 0 0 0 1 2 0 0 0 0 0 0 0 0 
1 0 0 1 0 2 1 4 2 5 9 21 29 266 62 16 12 6 9 2 2 1 2 0 1 0 0 0 0 0 1 0 0 0 0 0 0 0 0 0 
0 0 0 3 5 4 8 7 9 8 24 36 43 189 70 26 9 5 5 6 2 1 0 1 0 1 0 0 1 0 1 0 0 1 1 0 0 0 0 0 
1 0 0 1 1 0 2 1 5 8 8 14 17 21 51 13 12 5 2 3 3 0 1 1 0 0 0 0 0 0 1 0 0 0 0 0 0 0 0 2 
1 0 0 0 1 0 0 2 1 5 0 5 5 41 82 23 28 7 9 1 1 2 1 1 0 0 2 0 0 1 0 0 0 1 1 0 0 0 0 1 
3 1 0 0 2 1 3 4 6 9 18 31 12 16 26 41 15 12 1 3 0 4 1 2 0 0 1 1 1 0 0 0 0 0 0 0 1 0 0 0 
0 0 1 0 2 3 2 1 4 4 8 13 6 6 20 16 11 5 2 4 1 2 0 2 0 1 1 0 0 2 0 0 0 0 0 0 0 0 0 0 
0 0 0 1 0 0 1 1 4 7 3 5 11 13 21 41 25 6 9 2 9 2 0 1 4 0 0 0 1 0 1 0 2 0 0 0 0 0 0 0 
0 2 0 1 1 1 3 3 1 10 13 17 16 12 46 63 24 6 4 2 2 3 1 1 0 0 0 1 0 1 0 0 0 1 0 1 0 0 0 0 
1 1 0 0 2 1 1 1 4 4 1 10 7 14 18 31 29 12 7 2 3 2 2 1 2 0 0 1 0 1 0 0 0 1 0 0 0 0 0 0 
0 0 0 0 1 1 0 3 2 2 4 9 13 8 12 59 67 12 13 0 4 1 7 2 5 1 0 0 0 0 0 0 2 0 0 0 0 0 0 0 
0 0 1 0 2 1 2 4 5 4 12 14 20 11 27 50 53 17 6 1 0 3 1 0 0 2 0 1 0 0 1 0 0 1 1 0 0 0 0 0 
1 0 0 0 0 2 2 1 5 5 6 10 11 9 17 34 87 11 13 4 3 2 1 0 0 1 2 1 0 1 0 1 0 0 0 0 0 1 0 0 
2 1 0 3 2 2 0 2 1 6 3 9 6 12 14 50 299 30 29 9 9 2 5 0 1 0 3 1 0 0 0 0 0 0 1 0 0 0 0 0 
0 1 2 0 0 3 1 5 3 11 14 22 28 16 15 50 339 45 15 4 0 1 0 3 0 1 1 1 0 1 0 0 0 1 0 0 0 0 0 0 
0 0 1 0 0 1 0 2 2 7 7 13 11 6 17 23 275 56 14 4 1 2 0 4 0 0 0 0 1 1 1 0 0 0 0 1 0 0 0 0 

1 0 0 2 1 6 3 36 53 462 216 26 10 8 4 12 6 21 13 7 3 1 1 0 0 0 0 0 0 0 0 0 0 0 0 0 0 0 0 0 
4 2 1 1 2 2 9 13 34 30 319 36 25 10 7 9 12 7 8 2 2 3 1 0 3 0 1 0 0 0 0 1 0 0 0 1 0 0 1 1 
1 0 1 2 0 2 7 10 25 25 160 68 31 10 8 10 8 8 11 2 3 2 0 1 0 0 1 0 0 0 0 0 0 0 0 0 0 0 0 0 
1 0 0 0 2 4 7 5 14 28 56 101 49 10 17 12 8 10 18 5 7 2 2 2 1 0 1 1 0 2 1 0 0 0 0 1 0 1 0 0 
8 1 0 0 2 2 5 8 11 20 34 70 74 27 14 13 12 23 5 12 2 3 3 1 0 1 1 0 0 1 1 0 0 1 0 1 0 1 1 0 
5 0 1 2 1 6 7 8 9 21 22 60 55 24 17 18 5 8 10 6 7 5 1 0 0 1 1 1 0 0 0 0 0 1 0 0 0 0 0 0 
1 4 1 3 0 5 2 11 9 29 15 39 61 26 21 15 17 20 14 3 3 2 0 0 0 0 1 0 0 2 0 1 0 0 0 0 0 0 1 0 
0 5 1 1 7 4 7 5 16 20 20 30 31 22 27 28 14 13 13 3 3 3 1 1 1 2 2 0 0 1 0 1 0 0 1 0 0 0 0 1 
0 2 1 1 4 0 4 3 6 19 12 26 26 46 33 18 17 7 5 4 1 2 2 1 1 1 2 0 0 0 1 0 1 0 0 0 0 0 0 1 
2 1 0 3 1 4 4 4 6 18 17 28 45 27 35 15 21 8 8 1 7 1 0 1 3 0 0 1 0 0 1 0 0 0 0 0 0 0 0 0 
1 0 1 3 3 6 7 5 6 15 22 38 32 19 20 20 17 9 8 5 3 1 2 1 0 2 0 1 0 0 1 1 0 1 0 0 1 1 0 1 
0 1 0 2 1 0 4 0 7 8 7 10 16 10 16 15 7 3 6 3 3 0 2 1 0 0 0 0 1 0 1 0 0 0 0 0 0 0 0 0 
1 2 2 1 1 3 4 4 6 8 13 18 17 13 15 19 22 8 10 2 4 2 1 0 2 1 1 1 1 1 0 0 0 0 0 0 1 0 0 0 
0 0 0 1 0 3 2 2 7 9 17 20 24 14 18 18 16 5 4 5 1 4 0 0 0 0 0 0 0 0 0 0 0 0 0 0 0 0 0 1 
0 0 1 2 1 2 2 2 2 6 5 6 12 8 15 11 9 7 5 7 2 0 1 1 0 2 1 1 0 0 0 0 0 0 1 0 0 0 0 0 
1 1 0 0 1 3 2 0 3 7 6 14 12 9 20 26 19 13 9 5 7 4 4 4 1 1 2 0 1 0 3 1 0 0 0 0 0 0 0 0 
1 0 0 0 2 0 3 2 1 3 18 33 10 11 29 24 15 13 6 2 3 0 1 3 1 1 2 1 2 1 1 1 0 0 0 0 0 0 0 0 
0 0 0 0 0 0 0 2 3 2 3 13 11 11 12 8 15 15 5 3 3 1 3 1 0 0 1 1 0 0 1 2 1 0 0 0 0 0 0 0 
1 1 1 0 0 2 0 4 3 8 4 11 8 14 16 12 26 10 18 7 7 2 5 3 3 1 1 2 1 0 1 0 0 0 0 0 0 0 0 0 
0 1 1 0 1 1 3 4 5 8 8 18 23 13 15 28 36 4 4 4 2 2 2 3 0 2 0 2 1 0 0 1 0 0 0 0 0 0 0 1 
1 0 0 0 0 2 1 3 1 3 6 10 10 7 16 12 17 14 8 4 6 2 1 3 0 0 0 1 1 1 2 0 0 0 0 1 0 1 0 1 
1 1 0 0 1 0 0 5 1 5 5 22 25 23 23 27 33 18 22 5 10 5 4 3 0 2 3 0 1 0 0 0 0 0 0 0 1 0 0 0 
0 0 1 1 0 2 2 4 2 7 16 27 24 19 13 32 26 21 5 4 2 0 0 1 2 3 1 3 1 1 0 0 0 0 0 0 0 0 1 0 
0 0 0 0 1 0 2 7 2 3 10 12 15 16 17 20 39 23 8 8 2 2 2 3 0 1 0 0 0 1 0 0 0 0 0 0 0 0 0 0 

1 0 0 4 1 4 8 111 1548 54 34 22 9 7 5 13 13 42 16 7 0 1 2 0 1 0 0 0 0 2 1 0 0 0 0 0 0 0 0 0 
1 1 1 1 2 5 9 57 290 37 32 11 14 3 4 9 19 33 27 7 8 3 3 0 2 1 1 0 1 0 0 0 0 1 0 0 1 1 0 0 
0 3 3 2 5 5 4 27 181 49 17 25 5 9 15 19 27 43 26 15 10 3 1 1 0 0 0 1 0 0 1 0 1 0 0 0 0 1 0 0 
2 1 1 1 2 4 4 11 68 68 33 23 29 8 9 18 21 39 25 6 9 4 1 0 0 2 0 0 0 0 2 0 1 1 0 0 0 0 0 0 
3 1 1 2 3 1 9 20 52 84 26 32 17 13 12 21 32 67 32 8 8 0 2 0 1 2 0 1 2 2 0 3 0 0 0 0 0 0 1 0 
1 0 0 2 8 1 7 7 30 107 38 18 13 15 17 35 52 34 24 24 10 3 4 3 1 1 1 0 0 1 0 1 0 0 1 0 0 0 0 0 
1 0 0 2 0 3 4 15 6 69 64 28 26 20 20 23 24 34 29 8 4 2 3 1 3 0 2 1 1 0 1 0 0 0 0 0 0 0 0 0 
2 1 1 1 6 7 8 16 22 87 68 37 24 29 25 37 37 41 27 11 5 4 0 1 2 0 1 1 3 1 1 0 1 0 0 1 0 0 0 0 
2 3 7 4 8 6 8 15 31 106 128 51 24 20 34 37 38 33 17 7 7 5 2 0 0 0 1 1 0 0 0 2 0 0 0 0 0 0 0 1 
1 4 1 2 0 2 4 13 8 52 56 51 44 19 21 22 33 14 17 5 9 6 9 1 0 0 0 0 0 0 3 0 0 0 0 0 1 0 0 0 
1 1 3 1 3 2 14 9 17 39 75 103 46 27 30 51 33 21 11 6 5 3 2 0 2 1 1 2 0 1 1 0 0 1 0 0 2 0 0 0 
0 2 0 1 4 2 10 9 9 24 65 52 30 25 31 46 36 18 5 14 7 4 6 3 1 1 0 4 1 2 0 0 0 0 0 0 0 0 0 0 
1 0 1 6 1 5 1 3 4 19 26 35 39 18 20 29 31 20 18 5 5 4 2 1 3 0 2 0 0 1 1 0 0 0 1 0 1 0 0 0 
1 0 1 2 4 7 4 4 16 23 48 80 43 27 37 43 42 24 9 3 2 1 0 0 1 2 1 0 1 1 1 1 0 0 0 1 0 0 1 1 
1 2 1 3 1 3 2 7 12 23 52 80 35 30 29 68 57 24 17 7 2 5 0 5 1 2 1 2 1 0 0 0 0 1 0 0 0 1 0 0 
1 1 0 2 1 2 3 6 6 18 22 52 32 19 16 29 52 12 14 10 6 4 7 3 2 2 1 1 2 1 0 0 0 0 0 0 1 0 0 0 
0 0 1 2 0 2 3 4 12 14 56 67 46 18 33 42 35 16 6 0 5 1 2 2 0 5 0 0 3 6 0 0 2 0 0 0 0 0 0 0 
0 0 0 1 2 1 0 6 16 14 31 94 43 20 28 54 73 23 8 5 4 5 4 1 1 0 0 3 1 1 0 1 0 0 0 0 0 0 0 0 
0 1 1 1 0 1 1 5 6 13 11 43 59 21 12 48 51 15 10 11 9 1 3 1 4 1 3 2 1 0 1 0 0 0 0 0 0 0 0 0 
1 0 2 0 3 1 5 4 4 14 27 80 37 30 27 72 54 24 2 7 2 3 1 2 0 2 2 1 1 2 0 1 1 0 0 1 1 0 0 0 
0 1 1 1 1 4 2 3 4 10 23 64 66 21 23 81 87 25 15 7 6 4 4 1 1 0 2 2 2 0 2 1 0 0 0 0 0 0 0 0 
0 1 0 1 2 2 1 5 3 13 11 63 65 25 24 41 55 21 23 7 11 6 1 1 0 2 1 0 0 0 1 0 0 0 1 1 0 0 0 0 
1 1 1 0 2 3 2 5 13 13 52 282 171 39 31 51 45 18 9 5 3 1 0 0 1 1 0 1 4 6 1 1 0 1 0 1 0 0 0 0 
2 3 0 1 4 3 2 4 9 15 33 144 192 72 44 60 85 38 20 18 7 1 0 4 0 0 0 0 0 2 1 0 0 0 0 0 1 0 0 0 

1 0 1 0 1 5 11 68 200 38 25 11 8 7 0 21 119 130 27 4 3 2 2 1 2 0 0 0 0 2 2 0 0 0 0 1 0 0 0 0 
2 2 1 0 1 1 7 17 103 24 28 14 22 6 13 10 153 76 38 15 4 11 6 2 2 3 1 2 2 2 1 0 0 1 0 0 0 0 0 0 
4 1 3 5 5 4 4 11 73 33 19 16 10 11 17 12 101 73 36 12 3 4 3 1 0 1 0 0 1 0 1 2 1 0 0 0 0 0 0 0 
0 2 0 3 2 1 2 16 131 49 27 12 16 7 7 5 150 101 54 4 9 1 2 2 3 3 1 0 0 1 1 0 1 0 0 0 2 0 0 0 
2 0 3 1 2 3 5 9 23 59 24 19 9 3 10 10 196 81 23 10 10 5 5 4 1 1 2 1 1 1 1 2 0 1 0 0 0 0 0 0 
1 3 3 3 4 5 9 5 30 83 41 19 17 13 13 17 114 49 22 9 6 12 5 0 1 0 0 2 1 1 0 0 0 0 0 0 0 1 0 0 
2 0 1 2 1 8 5 12 17 110 83 18 20 15 16 20 260 63 41 4 15 5 8 5 0 1 0 1 1 1 1 1 0 0 0 0 0 0 0 0 
7 1 3 1 3 6 8 10 18 169 158 38 13 17 18 31 221 57 27 10 2 4 4 5 0 4 0 0 0 4 0 2 0 0 0 1 0 0 0 1 
8 2 4 3 3 8 11 22 41 161 202 54 36 29 13 57 120 50 28 14 2 6 6 1 0 1 0 2 1 1 0 0 0 0 1 1 1 0 0 1 
0 3 1 3 3 13 8 20 16 71 378 74 56 17 26 49 211 40 33 6 9 8 2 4 4 1 1 1 0 0 0 0 3 0 0 0 0 0 0 0 
0 1 0 0 0 3 8 2 3 31 243 117 29 25 26 71 205 29 14 7 0 3 2 1 0 0 1 5 2 0 4 0 1 0 0 2 0 0 0 1 
1 5 1 1 1 5 2 6 19 38 200 71 34 29 37 60 121 33 23 12 1 1 1 1 1 2 0 0 0 2 0 0 1 1 1 0 0 0 0 0 
5 1 0 2 0 3 3 4 7 26 149 67 45 27 19 61 303 15 29 10 9 4 4 1 0 3 2 0 3 0 0 0 0 0 1 0 0 0 0 0 
0 1 0 1 4 2 4 0 9 23 72 126 27 14 30 108 257 18 13 5 4 2 1 1 0 1 0 0 0 3 0 0 1 0 0 0 0 0 0 2 
1 1 3 2 5 4 5 12 12 19 82 300 45 25 29 119 143 23 14 11 6 2 5 4 0 1 0 0 0 2 1 2 0 0 0 0 0 0 0 0 
1 3 1 2 0 5 3 4 6 26 56 180 53 22 28 99 235 18 24 8 8 6 5 0 0 1 0 1 1 2 3 0 2 0 1 1 0 0 0 0 
0 0 2 0 0 0 4 3 5 12 46 130 45 16 22 85 181 20 9 4 2 0 2 1 0 0 0 2 1 0 1 0 0 0 0 0 0 0 0 0 
1 2 1 0 2 1 1 5 5 23 36 192 51 28 22 89 105 21 12 13 5 3 3 1 4 2 0 0 0 0 0 1 0 1 0 1 0 0 0 0 
0 1 1 0 0 2 4 3 5 18 25 315 86 20 19 109 259 21 13 11 9 5 2 3 0 1 2 1 1 0 0 1 0 0 0 0 0 0 0 0 
1 0 1 1 1 1 1 7 7 11 34 165 66 23 18 101 223 27 7 2 1 2 0 0 2 1 1 3 1 0 3 1 1 0 1 0 0 0 0 0 
6 2 0 1 1 1 2 5 9 16 21 159 86 31 40 173 226 27 15 7 7 3 4 1 1 2 2 3 0 1 2 2 4 0 1 1 0 0 0 1 
1 1 0 4 1 0 1 3 5 11 27 158 191 34 42 139 206 30 34 11 11 6 5 2 4 1 2 0 2 1 2 0 0 0 0 0 0 0 0 0 
2 0 1 0 1 1 4 2 11 13 27 286 286 38 33 100 218 26 6 1 1 1 0 0 0 1 0 3 1 6 1 2 0 0 0 0 0 0 0 1 
2 1 3 1 4 4 5 6 17 25 66 230 647 102 78 206 409 42 18 15 13 5 7 3 3 2 1 0 0 0 1 0 1 0 0 0 0 1 0 0 

1 0 0 0 2 4 3 21 18 14 10 7 1 5 3 7 8 59 19 4 0 2 1 1 0 1 0 1 0 0 3 0 0 1 0 0 0 0 0 0 
1 0 0 0 0 0 4 6 9 1 8 2 4 6 6 5 20 31 9 2 4 1 7 0 0 2 0 1 1 1 4 1 0 0 0 0 0 0 0 1 
1 0 0 1 3 0 4 7 3 8 3 13 4 4 8 4 21 18 8 3 1 3 1 1 0 0 0 1 1 1 1 0 0 1 0 0 1 0 0 0 
5 1 0 0 0 2 3 5 6 12 13 5 8 6 5 13 22 43 27 1 2 1 2 2 1 0 1 1 0 0 1 2 1 0 0 0 1 0 0 0 
0 0 1 0 5 3 5 9 4 11 10 3 7 5 10 11 66 68 17 5 3 5 3 0 0 0 1 1 1 3 2 1 0 1 1 0 0 0 0 1 
3 1 0 2 2 1 0 5 3 5 9 9 12 6 5 20 45 19 9 5 5 5 0 2 1 1 1 1 0 0 2 1 1 1 2 1 0 0 1 0 
1 0 0 2 1 1 4 4 9 8 23 12 13 12 12 22 97 52 30 3 1 3 2 0 2 0 0 0 2 1 1 0 0 0 0 0 0 0 0 0 
2 0 0 3 0 1 5 13 6 24 20 16 15 15 17 36 78 46 21 5 4 4 2 0 4 0 0 1 0 1 2 1 0 0 0 0 0 0 0 0 
1 1 0 3 4 6 3 8 9 19 13 9 13 11 26 65 105 26 15 9 6 1 1 0 2 0 3 2 0 1 0 1 1 1 0 1 0 0 1 1 
0 3 0 1 1 3 3 12 8 22 34 46 34 10 12 106 550 16 19 2 4 2 1 1 1 0 1 0 1 1 2 0 0 0 1 0 0 0 0 0 
3 1 1 2 1 2 5 6 2 20 32 43 24 16 36 104 401 22 10 3 2 0 1 1 0 1 0 3 2 7 1 2 1 0 1 1 0 0 0 0 
1 2 4 1 1 0 3 6 3 13 14 13 8 13 14 20 42 13 11 6 3 0 0 1 0 1 2 1 2 0 2 2 0 0 0 0 0 1 0 0 
0 0 0 0 2 1 1 6 2 18 17 24 24 11 25 29 77 11 15 2 4 4 2 4 0 1 0 0 0 1 3 0 1 0 1 0 0 0 0 0 
1 0 1 0 2 4 4 3 5 11 24 38 11 10 25 41 46 6 4 1 3 0 2 0 1 1 0 4 4 4 1 1 1 1 0 0 0 0 0 0 
0 0 0 0 0 3 2 3 3 10 19 23 15 11 11 19 19 9 7 3 2 2 4 3 2 0 0 2 1 1 1 1 1 0 0 1 1 0 0 0 
1 0 0 3 1 1 1 5 3 13 25 33 27 8 12 28 55 19 23 5 1 1 2 1 0 0 1 0 1 1 1 1 1 0 0 1 1 0 0 0 
0 0 0 1 1 1 2 3 2 4 17 34 13 9 12 25 23 2 2 2 0 3 0 0 0 0 2 1 4 2 2 0 1 0 1 0 0 0 0 1 
1 0 0 0 1 1 0 2 3 12 5 13 17 8 10 20 17 7 4 2 2 4 3 0 0 2 4 3 0 3 2 1 1 2 0 0 0 0 0 0 
1 1 1 0 0 0 0 3 5 13 11 23 30 18 12 21 40 7 13 1 5 2 1 0 1 1 1 0 1 1 0 0 1 1 1 0 2 0 0 0 
1 0 0 0 1 1 2 1 1 4 19 19 17 9 9 23 21 8 2 2 0 3 3 1 3 3 4 4 3 2 6 0 0 0 1 0 0 0 1 0 
1 0 0 0 0 1 2 1 1 5 8 24 16 9 15 21 28 17 8 4 2 3 1 4 0 0 2 1 3 2 5 0 1 0 0 0 0 0 0 1 
3 1 0 0 1 2 1 4 1 5 7 23 31 26 33 41 45 19 16 6 7 2 1 1 2 1 0 1 1 2 2 1 0 0 0 0 1 0 0 0 
0 0 1 0 1 2 2 2 3 6 15 31 25 17 11 27 19 8 4 7 0 0 2 2 1 0 4 5 1 4 2 2 1 0 1 0 0 0 0 0 
1 1 1 1 1 1 1 5 12 17 34 57 63 47 31 55 70 30 9 8 7 1 3 0 3 0 3 0 1 1 4 2 0 0 0 2 0 0 0 0 

0 0 1 2 0 2 4 7 13 9 7 5 1 6 1 7 4 17 10 2 1 1 1 1 0 0 0 1 1 1 2 1 1 0 0 0 0 0 0 0 
2 0 1 0 2 1 2 3 2 5 1 4 4 1 2 2 5 9 11 8 3 5 0 1 0 0 0 1 0 1 4 0 1 0 0 0 0 0 0 0 
1 2 1 0 1 0 7 5 9 2 7 4 6 1 0 4 5 6 9 2 4 3 0 2 1 0 0 1 1 1 2 2 1 0 0 1 0 0 0 1 
0 0 1 1 1 2 3 4 3 6 11 3 1 4 4 6 5 14 13 2 1 0 1 2 1 0 1 0 0 0 2 0 0 0 0 0 0 0 0 0 
2 1 0 1 0 0 1 2 3 3 6 8 7 3 2 6 9 12 8 2 1 4 0 0 1 1 1 1 1 2 1 1 1 1 1 1 0 0 0 1 
1 3 0 2 4 2 1 5 5 9 4 9 7 10 13 6 14 13 16 5 3 4 3 0 1 0 0 1 0 2 0 1 0 2 0 1 0 0 0 2 
0 2 1 3 3 2 5 3 2 5 5 3 13 9 6 23 25 15 16 5 4 0 3 1 2 2 1 1 2 4 0 0 1 0 0 0 0 0 0 1 
2 2 0 2 1 1 1 3 7 4 6 11 9 16 16 33 52 18 17 9 4 2 1 2 1 2 2 1 2 3 2 2 2 2 1 2 0 0 0 0 
0 2 3 4 3 1 3 5 10 9 13 11 11 11 21 108 80 36 25 16 7 6 2 1 2 2 0 0 1 1 1 2 0 0 1 0 0 0 0 0 
1 0 0 0 0 3 0 5 1 10 7 6 21 12 12 43 72 15 25 9 11 2 3 0 2 3 2 2 1 2 2 1 1 1 0 0 0 0 0 1 
1 0 1 0 2 1 2 3 7 5 7 13 15 15 13 36 27 6 7 6 1 0 0 0 0 2 0 2 3 1 3 1 0 0 0 0 0 0 0 0 
1 1 1 3 2 1 2 3 4 9 7 9 15 18 17 16 27 10 11 9 1 3 1 0 0 5 1 1 1 4 0 2 0 0 0 0 0 0 0 0 
0 1 1 0 0 1 0 2 4 4 6 9 15 7 12 11 25 5 13 5 5 0 0 1 1 1 0 1 1 3 1 0 0 0 0 0 0 0 0 0 
2 0 4 0 1 0 0 1 2 8 12 7 10 8 7 13 12 7 2 3 1 3 2 0 1 4 2 2 0 10 1 0 2 1 0 0 0 0 1 0 
1 1 1 0 0 2 0 6 1 7 7 5 7 12 16 10 20 5 5 6 4 2 1 3 0 0 1 2 0 1 0 0 0 0 0 1 0 1 0 0 
1 0 0 0 0 1 1 3 3 4 3 10 15 8 7 8 12 6 8 2 1 2 3 2 1 0 0 2 1 2 3 1 1 2 1 1 0 0 1 0 
1 0 0 0 0 0 1 1 3 2 7 12 14 5 8 18 8 2 3 1 3 0 0 0 0 2 4 2 5 4 5 1 2 1 0 0 0 0 0 0 
0 0 0 2 1 2 4 2 1 10 6 9 12 8 6 8 7 1 4 3 3 2 0 0 2 1 0 0 1 0 2 2 1 1 1 0 0 0 0 0 
0 0 0 0 0 0 1 0 4 6 5 12 13 7 6 9 8 3 5 6 2 1 1 1 3 3 0 1 2 2 2 2 1 0 1 0 1 1 0 0 
0 1 0 0 1 1 1 1 0 2 7 7 10 4 8 13 4 3 3 3 0 1 2 0 0 1 3 1 4 1 3 3 0 0 0 0 0 0 0 0 
2 0 1 0 0 0 3 0 1 5 8 8 14 8 9 9 16 9 4 2 1 4 3 0 2 1 1 1 0 0 3 2 0 1 0 0 0 0 1 0 
2 0 1 2 0 1 1 3 2 3 5 13 4 9 15 9 20 6 6 3 9 1 0 1 2 0 0 3 2 3 1 3 0 0 1 0 1 0 0 0 
1 0 0 3 1 1 1 6 2 3 8 14 13 8 6 8 13 5 2 2 3 0 2 2 0 1 5 2 5 7 0 1 1 0 0 0 0 0 0 0 
0 0 0 0 0 4 3 1 2 5 14 11 12 8 9 10 16 9 1 5 1 3 0 1 0 1 1 0 0 0 1 0 0 0 2 0 1 1 0 0 

1 0 0 1 0 0 2 8 8 5 1 2 1 4 1 4 2 13 4 1 2 0 0 0 0 2 0 4 1 7 7 1 0 1 1 1 0 0 0 0 
1 0 0 0 0 0 0 3 3 3 2 1 3 1 3 2 3 2 1 2 1 0 1 0 0 0 0 0 0 0 1 1 0 2 1 0 0 0 0 1 
0 0 0 0 2 0 2 1 1 1 1 5 4 1 0 1 1 2 1 1 0 1 0 0 1 0 1 1 2 7 3 1 1 0 0 0 0 0 0 0 
0 0 1 0 1 1 2 0 3 3 2 4 3 6 2 0 5 5 5 0 2 2 2 1 0 1 1 0 1 2 4 0 1 1 0 0 0 0 0 0 
0 0 0 1 0 0 1 1 3 4 2 3 0 6 7 5 0 5 3 3 2 0 0 0 0 2 0 0 2 3 2 3 2 2 0 0 1 0 0 0 
0 0 0 0 0 0 0 1 1 2 3 2 5 9 10 11 8 3 5 0 3 0 2 0 0 1 0 1 1 1 1 3 0 2 1 0 0 0 0 0 
3 0 1 0 0 1 1 5 0 2 4 3 3 11 13 29 27 5 13 2 6 2 0 1 3 0 2 0 1 3 2 2 2 0 0 0 0 0 0 0 
1 1 1 0 2 1 3 6 2 7 5 4 15 24 48 193 32 10 5 2 5 1 0 2 1 0 1 1 0 5 2 0 1 1 0 0 0 0 0 0 
1 1 1 0 0 0 2 2 3 7 4 2 12 9 15 21 22 7 6 3 3 0 0 1 0 0 0 1 1 1 6 1 3 2 2 0 0 0 0 0 
1 1 1 1 1 4 0 2 2 4 4 12 13 7 13 20 28 10 13 2 3 3 5 0 1 2 4 0 1 1 1 1 1 0 1 1 0 1 0 0 
2 0 0 0 0 0 4 2 3 5 9 16 9 16 8 12 10 3 4 2 1 0 1 1 0 1 1 3 4 5 3 2 0 1 1 0 0 1 0 0 
0 0 0 0 0 0 2 1 2 3 5 7 7 3 8 5 5 7 5 4 2 3 2 3 2 2 4 1 2 4 2 3 0 2 1 1 0 0 0 1 
0 1 0 1 0 1 0 1 0 4 4 8 11 3 12 13 5 8 11 3 1 1 2 0 1 0 1 2 2 3 2 3 1 1 0 0 1 0 0 0 
0 0 1 0 0 1 0 2 2 5 3 7 3 6 5 6 2 4 3 0 0 1 0 2 0 2 3 3 3 3 1 3 2 1 0 0 1 1 0 0 
0 0 0 1 0 0 1 3 0 1 4 3 7 4 2 9 5 5 3 0 1 2 2 0 1 0 2 0 2 6 2 0 3 1 0 0 0 0 0 0 
0 2 2 0 0 1 0 1 3 4 3 12 8 3 9 8 7 3 4 3 3 2 2 0 1 0 0 2 1 2 4 0 1 0 2 0 2 1 0 1 
0 1 1 2 0 0 0 0 0 2 5 5 9 4 6 5 6 2 3 1 1 1 2 0 0 3 1 4 5 10 4 2 1 1 1 1 0 1 2 0 
0 0 0 0 1 1 0 3 1 4 5 6 9 10 5 8 9 1 2 1 0 1 0 3 0 1 4 0 1 3 1 1 2 0 0 0 0 0 0 0 
1 1 0 2 0 4 0 2 3 5 8 1 8 3 9 6 5 3 3 2 3 3 1 1 0 2 2 2 4 2 3 3 0 1 0 1 1 1 0 0 
0 0 0 0 1 0 4 0 1 8 1 4 2 2 2 6 2 0 4 0 1 0 1 3 3 4 3 10 6 5 4 4 2 1 1 0 1 0 0 0 
0 0 0 0 0 0 1 2 2 4 4 2 7 4 4 5 8 1 1 0 0 1 0 0 1 1 1 4 1 5 5 2 3 0 1 0 2 0 0 0 
1 0 0 0 1 0 1 3 2 2 3 4 7 10 10 5 10 12 4 3 1 1 2 1 0 3 0 3 3 8 4 4 1 0 0 0 0 0 0 0 
1 0 0 0 1 1 1 0 2 3 1 5 4 2 3 9 3 3 1 1 2 2 0 3 2 1 6 4 5 13 6 0 3 1 1 0 0 0 0 0 
1 0 0 0 0 2 4 2 2 4 6 7 6 14 11 6 8 7 7 2 1 2 1 1 1 1 4 2 1 6 1 4 1 0 0 1 0 0 0 0 

0 1 0 0 0 0 1 4 5 2 1 1 0 2 1 1 1 8 9 3 4 0 0 1 0 1 2 1 2 4 2 2 0 0 2 0 0 0 0 0 
1 0 0 0 0 1 0 0 1 0 2 1 2 3 1 0 3 1 2 0 1 1 1 1 1 1 2 2 1 3 5 0 1 0 2 0 1 0 0 0 
0 0 0 1 1 0 0 0 0 0 2 6 2 1 3 2 1 0 7 3 2 0 0 1 0 0 1 0 2 0 1 0 0 1 2 1 0 0 0 0 
0 0 0 0 0 1 0 1 2 0 1 1 6 2 3 3 7 1 3 3 1 0 0 0 0 2 1 1 0 3 3 2 4 0 1 0 1 0 0 0 
1 0 1 0 0 0 0 0 1 3 0 2 3 2 10 5 10 5 4 4 3 0 1 1 0 1 1 0 2 3 5 3 6 0 1 0 0 0 1 0 
0 0 0 0 2 2 1 1 3 2 1 3 6 8 8 4 5 6 3 1 2 2 2 2 0 3 0 1 0 1 2 1 1 0 0 0 0 0 0 0 
1 0 0 1 0 0 0 1 3 3 3 6 5 22 41 34 19 7 7 1 1 0 2 1 3 0 1 0 0 2 8 2 4 1 3 0 0 1 1 0 
2 0 1 0 2 0 0 0 2 2 1 7 4 31 166 72 16 9 1 4 3 1 0 3 1 0 1 2 3 1 2 1 2 1 1 1 1 0 0 0 
1 1 0 0 2 3 3 3 1 5 5 1 7 11 18 23 17 12 6 2 4 3 4 3 2 1 4 1 1 2 3 4 0 1 0 0 0 0 0 0 
0 1 1 1 0 3 0 2 3 1 5 6 11 14 15 16 15 6 14 3 3 3 1 2 0 1 0 2 3 3 1 1 0 0 2 0 0 0 0 0 
1 0 0 0 1 0 0 1 3 2 11 9 6 16 12 9 6 1 3 0 0 0 0 1 1 1 3 2 9 7 9 0 1 1 0 0 3 1 0 0 
0 0 0 0 0 2 0 2 2 0 3 4 5 1 7 4 11 4 2 4 2 0 3 0 1 0 0 0 0 2 4 2 0 1 1 0 0 0 0 0 
0 1 0 2 0 0 0 2 1 3 3 6 5 3 8 7 5 0 2 0 1 1 1 1 1 0 1 2 1 4 5 0 2 0 1 2 1 0 1 0 
0 1 0 0 0 1 0 3 0 1 5 7 5 9 6 6 3 1 1 0 0 1 0 0 0 1 0 2 9 10 8 0 1 1 1 0 0 0 0 0 
0 0 0 0 1 1 1 0 1 0 4 6 1 5 3 8 2 2 1 2 6 1 0 0 0 0 0 0 3 4 2 2 0 0 0 0 0 0 0 1 
0 0 1 1 1 0 0 1 1 2 2 3 3 1 1 4 5 1 2 0 0 0 1 0 2 0 1 3 4 3 6 1 1 2 0 0 0 0 0 0 
0 0 0 0 0 0 1 4 0 2 2 3 7 3 3 4 3 0 1 3 0 2 1 0 0 2 3 3 4 8 7 1 3 1 2 0 0 0 0 0 
0 0 0 0 1 0 1 5 1 2 2 3 3 1 3 4 5 4 2 2 3 0 1 0 0 0 1 1 0 1 5 1 0 0 0 0 1 0 1 1 
0 0 0 0 1 1 0 0 1 3 2 2 0 1 5 3 6 1 2 2 1 0 4 1 1 4 2 0 4 8 15 3 2 2 2 1 0 0 0 0 
0 0 0 1 2 0 3 2 2 4 3 1 4 1 4 5 2 2 1 1 1 1 3 3 3 1 5 3 6 15 6 6 3 1 1 2 0 0 0 0 
1 0 0 0 0 2 1 1 2 0 2 6 11 4 1 2 2 2 1 1 0 1 3 0 1 3 3 5 2 3 6 4 1 3 0 0 1 1 0 0 
2 1 1 1 2 2 3 3 2 2 4 4 2 2 6 1 6 3 0 1 9 4 1 1 3 1 2 2 7 7 10 3 2 2 1 0 2 0 0 0 
0 0 0 0 0 0 0 4 2 1 3 4 4 4 3 5 4 3 1 1 1 0 2 2 3 0 1 11 7 11 9 3 1 1 0 0 0 1 0 1 
1 0 0 0 1 3 0 1 1 1 2 4 6 3 4 2 7 3 0 0 1 0 0 0 1 3 2 3 1 3 6 1 0 1 1 0 0 0 0 0 

0 0 0 0 0 0 1 3 4 3 3 0 1 3 1 5 3 2 2 3 1 1 0 1 0 0 1 0 1 14 9 1 3 0 1 0 0 0 0 0 
0 0 1 0 0 0 0 2 2 0 1 0 0 1 0 0 2 0 1 1 0 3 1 0 1 0 2 4 3 7 7 4 1 5 0 0 0 0 0 1 
0 0 0 0 0 0 0 0 1 0 2 0 0 3 2 2 2 0 4 1 1 0 0 0 0 1 2 0 3 7 11 6 3 2 0 1 0 0 0 1 
0 0 0 0 0 0 2 0 1 2 0 3 2 4 5 2 2 5 1 1 2 0 1 3 0 0 0 2 2 6 5 4 9 0 0 0 0 0 0 1 
0 0 0 1 0 0 0 0 2 1 2 1 4 6 8 2 2 2 1 0 0 0 0 0 1 0 0 3 2 3 11 7 10 6 4 0 0 2 0 0 
0 0 0 1 0 2 0 0 1 0 5 4 3 16 14 8 12 5 2 1 1 1 2 0 1 1 1 1 0 5 5 4 8 2 3 0 0 0 1 0 
0 0 0 0 1 0 0 1 3 0 0 11 4 25 70 13 14 3 9 1 5 1 2 5 1 2 2 2 4 5 2 1 4 1 0 2 0 0 0 0 
1 0 0 1 1 0 0 0 3 4 5 11 32 93 272 39 12 9 5 4 1 2 0 1 1 0 5 2 4 6 3 5 8 5 0 1 1 0 0 0 
0 0 0 0 4 2 3 3 3 4 6 15 33 97 101 34 19 7 10 6 3 3 1 0 2 1 0 1 6 12 10 6 1 2 0 0 0 0 0 0 
1 1 0 0 1 1 1 3 6 5 5 6 13 27 46 22 15 8 11 3 5 0 2 0 0 0 0 3 3 5 10 3 9 2 1 1 0 0 0 1 
0 0 0 0 0 1 0 3 1 5 10 8 12 19 13 6 14 1 2 1 3 0 0 1 1 0 2 6 12 16 14 5 8 1 1 0 1 0 0 0 
1 0 1 1 0 0 1 3 1 1 4 3 4 8 5 6 1 1 1 0 1 1 0 0 0 1 4 2 5 17 9 8 1 2 1 3 0 0 0 0 
0 1 0 1 0 2 0 2 0 0 4 1 3 7 6 7 5 1 3 1 0 0 2 0 1 2 0 3 2 9 12 4 6 0 4 0 1 0 0 0 
0 0 0 0 1 0 5 4 2 1 3 1 1 3 2 1 1 0 2 0 1 0 1 1 4 0 5 2 9 18 14 3 5 2 0 0 0 1 0 0 
0 0 0 0 0 0 0 2 2 2 1 2 6 2 3 4 4 0 1 2 1 0 0 0 1 2 2 5 7 11 12 4 2 4 0 0 0 1 0 0 
0 2 1 0 0 3 1 2 1 3 1 0 1 6 0 0 4 1 2 1 2 0 0 1 1 1 0 2 4 15 12 5 5 0 2 1 0 0 1 1 
0 0 0 1 0 0 0 0 1 2 1 2 0 3 3 2 1 0 0 2 2 1 1 2 2 1 6 10 21 33 27 7 5 4 0 0 2 0 0 3 
0 0 1 0 0 0 1 2 0 1 1 1 3 3 6 0 2 3 1 2 0 1 3 2 3 3 9 22 23 48 28 17 7 6 3 2 1 0 1 2 
0 0 0 0 1 1 1 1 0 2 1 2 5 1 0 1 2 1 2 0 0 1 0 0 2 2 1 4 13 22 25 5 7 8 3 4 2 1 0 0 
0 0 0 0 0 0 0 1 0 3 0 0 1 2 4 4 0 4 0 0 2 1 3 0 3 4 8 9 16 34 22 7 5 4 2 1 0 0 1 1 
0 0 0 1 1 0 1 0 1 2 1 1 4 1 2 3 5 1 0 2 1 3 0 2 2 2 6 13 25 19 18 8 7 2 3 0 2 1 0 0 
1 0 0 0 0 0 1 2 0 3 1 2 5 4 1 3 4 1 3 0 2 0 3 0 1 2 1 9 10 15 18 8 7 2 1 0 0 1 0 1 
0 1 0 1 0 1 1 1 0 2 3 1 2 3 1 3 1 0 0 0 0 0 1 2 3 7 7 12 15 54 16 7 4 1 0 0 0 0 0 1 
1 0 0 0 0 2 1 3 1 2 4 5 11 2 3 5 7 0 2 1 0 0 0 1 3 6 12 9 27 31 21 5 4 4 1 2 0 1 1 0 

0 0 0 1 0 0 0 1 4 1 0 1 0 7 3 2 0 4 2 4 0 3 1 3 0 0 0 7 3 17 20 13 1 4 3 0 1 0 0 0 
0 0 0 0 0 0 0 1 1 0 2 2 2 1 2 0 1 2 0 1 1 0 0 0 0 0 0 1 3 11 13 4 2 2 1 0 1 0 2 0 
0 0 0 0 0 0 1 2 2 0 0 0 2 1 1 4 0 1 1 0 1 1 0 0 0 0 2 1 5 6 6 6 3 3 1 1 1 0 0 0 
0 0 0 0 0 0 0 1 0 0 1 2 0 2 0 2 1 2 2 0 1 0 1 0 0 0 0 4 4 5 14 18 18 2 2 0 0 2 1 1 
0 0 0 1 0 0 0 1 0 1 0 1 5 5 7 1 6 3 6 1 0 0 2 0 1 0 1 3 6 10 15 16 12 2 3 1 1 0 0 0 
0 0 1 1 0 0 1 2 0 0 1 2 8 9 15 3 4 2 3 2 2 3 0 2 1 1 1 0 3 5 5 2 3 3 0 0 0 0 0 0 
0 0 0 0 0 0 0 0 0 2 6 6 6 20 63 10 11 1 5 0 1 0 1 1 1 0 1 2 2 6 13 6 4 0 3 1 0 1 1 0 
1 0 0 1 0 0 1 3 1 1 2 7 14 206 213 35 20 7 5 4 3 1 2 0 0 0 0 3 4 10 7 10 10 2 4 1 0 0 2 0 
3 1 0 4 1 2 4 1 3 9 5 17 24 189 256 51 17 15 8 3 3 3 1 0 3 0 0 3 2 7 16 6 3 1 0 0 0 0 1 0 
1 0 2 1 0 0 0 1 0 4 3 7 16 58 96 32 24 6 14 6 2 0 4 2 2 1 1 5 6 14 27 4 3 1 3 1 3 0 0 0 
0 0 0 1 0 0 0 3 0 0 7 3 5 16 12 4 6 1 2 2 0 1 0 0 2 0 0 2 8 19 32 15 3 4 0 1 0 0 0 1 
1 0 0 0 0 3 0 0 1 6 4 5 9 7 12 5 5 7 3 2 2 2 0 1 0 1 0 6 4 25 16 10 7 0 0 0 0 0 1 0 
1 0 0 0 0 0 1 0 2 3 3 4 4 6 12 1 2 2 2 3 1 0 0 1 0 0 0 0 3 28 29 2 4 1 0 0 0 0 0 0 
1 0 1 0 0 0 1 1 0 3 2 0 0 1 2 4 3 2 0 0 0 0 1 0 1 0 0 4 10 34 20 4 3 2 0 1 1 1 0 1 
1 0 0 0 0 1 0 1 0 0 2 0 3 3 3 1 3 2 0 2 1 0 0 0 0 1 2 6 13 26 15 6 2 1 0 0 1 0 1 1 
2 0 0 0 0 0 0 0 1 1 1 1 1 2 1 2 1 2 2 2 1 0 0 0 0 0 1 6 9 39 26 4 1 2 5 1 1 1 0 1 
0 0 1 0 0 0 1 2 2 4 0 5 0 2 4 2 1 0 3 0 0 1 2 0 0 1 4 6 20 50 23 14 3 3 1 1 2 0 0 2 
0 1 0 1 0 0 1 2 2 2 0 1 2 3 5 3 1 1 0 0 0 1 1 0 3 7 5 13 48 87 41 20 8 5 2 1 4 1 3 2 
0 0 1 1 0 0 0 0 0 0 0 1 2 0 1 3 4 1 2 1 1 1 0 1 2 4 4 15 23 45 44 7 9 7 6 1 4 1 1 0 
0 0 0 1 0 0 1 3 0 0 0 1 1 1 1 2 0 0 0 0 0 0 1 1 2 0 5 7 36 35 15 7 1 4 0 1 2 1 0 0 
0 1 0 1 0 1 1 1 1 1 1 0 3 2 0 1 1 1 2 0 0 2 0 2 1 5 13 22 42 34 21 12 3 4 2 1 1 2 0 1 
0 1 1 0 0 1 0 0 0 0 1 0 1 2 3 2 0 1 1 1 1 2 0 0 2 2 1 11 27 38 34 7 3 0 1 3 2 0 1 0 
0 0 0 0 3 0 0 1 1 0 2 2 3 3 3 3 0 2 0 0 2 1 1 1 3 1 6 14 50 47 20 9 3 1 0 0 0 0 1 0 
0 0 0 0 0 0 1 1 0 2 0 2 1 2 0 1 1 1 0 1 2 2 1 3 3 14 14 44 100 52 21 6 4 3 2 1 1 0 1 0 

0 0 0 0 1 1 0 3 0 1 0 2 0 3 1 0 1 3 2 0 1 2 0 1 0 0 2 6 7 53 60 14 5 4 1 1 0 3 2 0 
0 0 0 0 0 0 0 0 0 0 1 0 0 0 1 0 0 1 0 0 1 3 0 1 4 2 1 3 12 48 161 29 10 8 3 1 2 3 2 2 
0 0 0 0 0 0 0 4 1 1 1 2 0 0 3 1 2 1 1 1 1 1 0 2 0 0 0 6 9 51 199 50 12 7 3 1 3 3 0 0 
0 0 0 0 0 0 0 0 0 1 0 1 1 2 0 2 0 0 0 0 1 0 0 0 0 0 2 1 3 17 86 52 24 1 4 4 2 0 3 0 
0 0 0 0 0 0 0 4 0 2 1 2 2 4 4 0 1 2 2 0 0 1 1 0 0 0 4 2 16 26 87 59 23 6 1 2 4 1 0 3 
0 0 0 0 1 0 1 2 1 0 3 0 2 7 4 1 1 1 2 0 1 0 0 1 0 0 2 4 8 24 100 36 12 5 3 3 1 1 2 1 
0 0 0 0 0 0 0 0 0 2 3 5 2 17 20 11 11 2 4 1 0 2 0 1 2 3 2 1 4 16 229 18 12 3 4 3 0 1 0 0 
0 0 0 0 1 0 3 0 0 2 0 2 8 18 29 10 8 2 2 2 2 2 0 1 2 5 3 6 12 33 101 33 9 7 5 1 2 0 0 0 
0 1 1 0 0 1 1 1 1 2 4 8 7 18 32 8 8 2 2 1 1 2 2 1 2 1 0 6 7 41 337 26 8 7 3 0 1 0 2 3 
0 1 1 2 0 1 0 1 1 5 3 9 8 23 45 16 16 4 5 0 0 3 1 1 2 4 1 7 1 46 298 10 11 4 3 1 3 0 0 0 
1 0 0 0 0 0 1 1 0 2 5 2 5 14 11 0 8 1 0 0 2 3 0 1 5 3 4 6 21 190 196 14 3 4 3 1 1 2 2 1 
0 0 0 1 1 2 1 0 1 1 1 2 4 5 4 0 2 0 2 0 0 0 1 2 3 3 3 4 3 363 73 12 11 4 2 2 2 0 1 0 
1 0 2 0 0 1 0 0 0 2 3 0 2 3 1 0 1 0 0 0 0 0 0 0 0 2 0 5 4 147 86 4 5 0 1 2 2 1 2 0 
1 0 1 0 0 0 3 1 2 1 2 0 1 1 0 0 1 0 2 0 1 0 0 0 1 0 3 2 24 229 44 6 2 1 1 0 1 0 0 0 
0 0 0 0 1 0 1 1 0 3 0 1 1 1 1 2 2 2 1 0 0 1 2 2 0 2 3 5 11 300 20 4 2 3 0 1 0 0 1 0 
0 1 0 0 0 3 0 1 1 2 1 0 2 0 2 0 2 0 2 2 0 0 0 1 1 1 2 4 16 269 50 11 4 4 3 1 0 1 0 1 
0 1 0 0 1 0 1 1 1 1 2 2 0 0 0 2 1 0 0 0 0 0 0 0 2 2 3 9 59 395 25 7 7 1 2 1 0 0 0 1 
0 0 0 0 0 0 0 2 0 0 0 3 1 1 0 1 1 0 0 0 1 0 0 0 0 3 1 6 18 65 19 7 2 2 1 2 0 0 2 1 
0 0 0 0 0 0 0 1 1 1 0 0 2 1 1 2 1 0 0 0 1 1 1 0 0 0 3 5 26 98 36 4 5 2 4 1 3 0 0 0 
0 0 0 0 0 0 0 0 2 0 1 2 0 2 0 1 3 0 0 0 1 2 2 0 1 1 4 10 184 142 24 3 5 0 0 1 1 0 0 1 
0 0 1 0 1 1 1 0 0 1 1 0 4 1 1 0 2 0 0 0 0 1 1 1 2 1 5 4 214 41 23 5 4 1 1 1 0 0 2 0 
0 0 0 1 0 0 0 1 3 0 1 2 0 1 4 1 1 0 3 1 0 1 3 1 1 0 3 9 250 84 34 4 5 2 2 0 1 0 1 0 
2 0 0 0 0 1 0 1 1 3 1 0 0 1 0 0 3 0 0 0 1 1 0 1 1 4 8 20 347 132 20 9 4 1 0 2 2 0 0 0 
1 1 0 0 2 0 1 1 1 1 4 3 3 1 3 3 3 2 1 0 2 0 0 2 4 6 5 28 632 64 18 5 4 2 1 0 1 0 1 0 

0 0 0 0 0 0 0 4 0 2 0 0 0 2 0 2 0 1 1 2 0 1 0 1 1 2 1 8 6 101 295 21 5 6 2 1 0 0 1 0 
0 0 0 0 0 0 0 0 1 0 1 0 0 1 1 1 1 1 0 0 0 1 0 0 0 0 2 2 8 19 283 23 13 6 5 5 4 1 2 2 
0 0 0 0 0 0 0 0 0 0 1 1 1 0 0 0 0 0 1 0 1 0 0 2 1 3 5 6 9 20 158 22 11 7 3 2 4 3 0 6 
0 0 0 0 0 1 0 0 1 0 0 0 1 0 3 0 3 1 0 0 1 0 0 0 1 1 3 1 4 17 301 35 30 4 3 2 2 3 1 0 
0 0 0 0 0 0 0 3 0 0 1 3 1 1 3 5 1 0 3 0 0 0 0 1 2 5 1 2 5 14 276 31 16 4 4 0 3 0 1 0 
0 0 0 0 0 0 1 1 0 1 0 0 2 6 3 3 0 1 1 0 1 0 2 0 0 1 1 1 6 8 71 20 11 11 3 4 2 1 0 1 
0 0 0 0 0 0 0 1 1 1 1 4 1 7 5 2 7 0 0 1 3 0 0 1 0 5 1 2 5 11 55 25 15 5 2 1 2 2 0 1 
1 0 0 0 1 0 2 2 1 1 1 1 3 3 4 9 1 1 4 1 1 0 0 1 1 1 1 5 6 13 29 23 12 4 3 1 2 1 0 1 
0 1 1 0 0 0 0 0 0 3 2 7 1 2 9 8 5 9 3 4 1 1 2 2 1 5 2 7 13 23 44 14 9 5 7 4 3 3 1 2 
1 0 0 0 0 1 1 1 2 2 4 2 0 4 6 3 2 2 5 0 0 0 2 2 2 1 0 5 7 8 59 13 8 3 5 2 1 0 3 0 
1 0 0 0 0 0 2 1 1 2 4 3 0 3 4 1 6 0 1 0 0 1 1 0 2 0 7 5 10 16 40 12 6 4 3 2 0 1 1 1 
0 0 0 0 1 0 0 1 4 0 0 0 2 3 6 1 2 1 1 2 1 4 3 4 2 0 5 5 8 20 35 14 8 9 5 3 1 0 0 3 
1 0 0 0 0 0 0 0 0 0 1 0 1 3 2 1 0 0 1 2 1 0 0 2 2 6 1 4 5 21 31 10 8 3 3 1 3 2 2 3 
0 1 0 1 1 0 3 0 0 1 3 1 1 2 0 0 0 3 1 1 0 0 0 0 1 2 5 6 12 28 25 6 3 2 3 0 1 0 0 0 
2 0 0 0 0 1 0 0 0 0 0 1 0 1 0 1 1 0 1 2 0 1 1 0 1 2 1 6 13 21 22 10 7 1 3 0 3 1 0 0 
0 0 0 0 0 0 0 1 1 0 0 0 1 0 1 0 0 0 2 0 1 0 0 1 0 3 0 7 5 31 24 7 7 4 5 0 2 0 1 1 
0 0 0 0 2 2 1 1 0 1 0 0 0 1 1 0 0 1 0 1 1 0 3 1 1 1 4 2 18 38 19 5 2 0 0 2 0 1 2 0 
0 0 0 0 0 0 0 0 1 0 1 0 1 0 0 1 1 0 1 1 0 0 2 0 3 4 4 3 15 28 12 9 5 5 1 1 1 0 3 1 
0 1 1 0 1 1 0 0 0 0 0 0 0 0 0 0 0 0 0 0 0 0 0 1 3 5 1 5 11 17 30 2 7 1 1 1 3 1 2 0 
0 0 1 1 1 0 0 1 1 0 2 1 1 1 1 2 1 1 1 0 1 1 1 0 2 5 3 11 19 39 13 3 5 1 1 0 0 0 0 2 
0 0 0 0 0 0 0 1 0 0 0 0 2 2 0 1 1 1 0 0 1 3 1 0 0 1 4 7 24 14 15 6 4 5 6 4 1 2 1 4 
2 1 0 0 1 0 0 1 0 1 2 0 0 0 1 0 1 1 0 2 0 3 1 2 1 2 3 10 19 42 29 7 4 2 5 2 3 3 2 0 
0 0 0 0 0 0 0 0 2 0 1 1 2 2 1 2 1 0 1 1 1 0 2 0 2 4 11 12 33 40 22 6 1 1 0 0 0 1 0 1 
1 0 0 0 0 1 0 0 0 0 0 1 0 2 1 0 0 0 1 1 2 1 3 0 7 4 5 17 49 34 20 10 3 6 1 1 0 0 1 1 

0 0 0 0 0 0 0 0 1 1 0 0 0 1 0 1 1 0 1 0 0 1 0 1 1 2 1 2 10 31 24 13 4 1 1 0 0 0 0 0 
0 0 0 0 0 0 0 0 0 0 0 0 0 2 1 0 0 0 1 0 0 0 0 0 1 1 1 2 5 9 14 10 9 2 1 0 2 0 0 0 
0 0 0 0 0 0 0 1 0 0 0 0 0 1 1 0 0 0 1 0 1 0 0 0 0 1 0 1 3 6 9 4 6 2 2 0 3 0 1 1 
0 0 0 0 0 1 0 1 0 1 1 0 2 0 0 1 0 1 1 0 1 0 0 0 0 2 1 4 1 6 16 19 17 1 3 1 4 1 1 0 
0 0 0 1 1 0 0 0 0 0 0 0 1 1 0 1 0 0 0 0 1 0 0 0 0 3 3 3 2 5 5 7 11 2 0 0 0 0 0 0 
0 0 0 0 0 0 1 0 0 0 0 1 1 0 1 0 1 0 0 0 0 0 0 0 2 3 1 2 1 4 5 3 5 3 0 1 1 2 1 2 
1 0 1 0 0 1 1 0 1 0 2 0 1 0 1 1 1 1 0 0 1 0 0 0 2 0 0 2 2 7 9 7 7 7 6 1 1 0 0 0 
0 0 0 0 0 0 0 1 1 0 0 3 1 2 2 4 0 0 0 0 0 0 2 0 2 0 2 1 0 12 6 2 5 2 4 1 1 0 0 0 
0 0 0 0 0 1 0 1 0 0 0 0 2 1 3 0 2 0 0 0 1 1 0 0 1 0 0 0 4 4 12 0 3 3 0 3 0 1 0 2 
0 0 0 0 0 0 0 0 1 0 0 1 4 2 4 0 4 2 2 2 0 0 0 2 0 1 1 3 3 6 8 1 9 4 5 0 0 1 0 0 
0 0 0 0 0 0 1 0 0 0 4 0 1 2 0 1 2 0 1 0 0 0 1 1 2 1 1 3 8 10 5 4 5 2 4 1 0 0 0 1 
0 0 0 0 2 0 0 2 0 1 1 0 0 4 1 1 0 1 0 0 0 1 2 0 0 0 2 1 6 11 8 5 4 0 0 0 0 0 1 0 
0 0 0 0 0 0 0 4 1 1 0 0 5 1 0 0 1 0 3 0 0 0 0 0 1 4 1 2 4 5 12 5 5 3 2 2 1 0 0 0 
0 0 0 0 1 0 2 2 1 2 0 0 2 1 1 1 0 1 0 1 0 0 0 1 3 2 3 2 4 8 8 2 4 1 1 1 0 0 0 0 
0 0 0 0 0 0 1 1 0 1 0 0 0 2 0 0 1 0 1 1 1 0 0 0 1 0 1 5 2 8 11 3 3 4 1 1 0 0 0 0 
0 0 0 0 0 0 0 1 0 0 1 0 1 1 0 0 1 0 1 0 1 0 1 0 1 2 2 3 5 4 16 7 4 3 3 0 1 2 1 0 
0 0 0 0 0 0 0 0 3 0 1 1 2 1 1 0 0 1 0 0 0 0 1 2 2 2 1 4 4 9 4 3 2 0 2 0 0 1 0 0 
0 0 0 0 0 0 1 0 0 1 1 4 1 0 0 0 2 0 0 0 0 0 1 1 0 1 1 4 4 3 5 4 3 2 1 1 1 1 0 0 
1 0 0 0 0 0 0 0 0 0 0 0 0 1 3 0 0 0 2 1 0 2 1 0 0 4 2 4 4 5 14 8 6 0 1 1 0 0 0 2 
0 1 0 0 1 1 0 1 0 3 1 1 0 0 0 0 0 0 0 0 1 0 0 0 0 2 1 2 12 12 6 2 2 0 0 0 0 0 0 0 
0 0 0 0 1 0 0 1 0 0 0 0 0 1 1 0 0 0 1 0 0 0 2 2 0 2 0 2 6 8 5 5 4 0 2 1 1 1 2 2 
0 0 0 0 0 0 0 0 1 0 1 0 0 1 0 2 2 0 1 0 0 0 1 3 1 2 3 6 13 8 20 1 3 2 1 0 0 1 1 0 
0 0 0 1 0 0 0 3 0 4 1 2 2 1 1 0 1 0 1 0 0 1 1 2 1 1 4 9 8 14 8 2 1 2 1 0 1 1 0 1 
0 1 1 0 1 0 2 1 0 2 0 3 2 0 0 0 0 0 1 0 0 0 0 3 5 6 10 14 11 13 11 7 6 5 0 3 4 1 0 0 

0 0 0 0 0 1 0 1 1 1 1 1 1 0 1 0 1 0 0 0 0 0 0 0 0 0 0 2 3 17 6 4 1 2 3 0 0 0 0 0 
0 0 0 0 0 0 0 0 1 0 1 0 1 0 1 1 2 1 1 0 0 0 0 0 1 0 0 1 0 3 6 4 3 1 5 2 1 1 0 1 
0 0 0 0 0 0 0 0 1 0 0 0 1 0 0 2 2 0 2 1 0 0 1 0 0 1 1 1 3 4 4 3 3 2 2 1 1 0 0 0 
0 0 1 1 0 0 0 0 0 0 1 1 1 0 0 1 1 0 0 0 0 0 0 0 0 0 0 2 1 6 4 7 9 0 2 0 1 1 1 1 
0 0 0 0 0 1 1 1 1 0 0 0 0 0 1 0 1 0 0 2 0 0 0 2 1 1 0 2 2 7 5 5 3 3 0 2 2 1 0 1 
0 1 0 0 1 0 0 0 0 0 0 0 1 3 4 2 2 0 1 1 0 0 1 1 0 1 3 1 1 2 2 3 2 2 2 3 2 1 0 0 
1 1 0 0 1 0 0 0 2 0 1 0 1 0 3 1 2 0 0 0 0 0 0 0 1 1 0 0 1 1 3 3 4 1 9 1 0 0 0 1 
0 0 0 0 0 0 1 1 1 1 0 3 1 3 3 0 2 2 1 1 0 0 0 1 0 1 0 2 2 3 1 0 5 0 0 2 0 0 0 0 
1 0 0 0 0 0 1 0 0 1 1 1 1 0 2 2 0 1 0 1 0 0 0 0 2 0 2 0 2 1 4 2 2 2 2 3 1 1 1 1 
0 0 0 1 0 1 0 0 0 1 0 1 0 2 1 0 2 0 0 0 1 1 0 0 3 0 3 1 1 5 3 2 2 1 0 0 1 0 1 0 
0 0 1 1 0 0 1 3 1 1 1 1 0 0 1 0 0 0 1 1 0 0 2 0 0 0 0 1 1 8 9 1 2 5 0 0 0 0 0 0 
0 0 0 0 0 0 0 0 1 1 0 0 1 1 2 1 0 1 0 1 0 0 1 1 0 1 1 2 1 5 4 1 3 0 3 0 1 0 0 0 
1 1 0 0 0 0 0 2 1 0 0 1 2 0 3 0 0 0 1 0 0 0 2 0 0 1 3 2 1 2 5 1 1 1 0 0 0 1 0 0 
0 0 0 1 0 0 0 2 1 1 0 1 0 1 0 0 0 0 0 0 0 0 0 1 0 1 3 1 2 6 5 0 1 1 0 0 0 0 2 0 
1 0 0 0 0 0 2 1 1 0 0 1 0 0 2 0 1 0 0 0 0 0 1 0 2 0 0 0 2 3 2 2 2 2 1 1 0 0 0 2 
0 0 0 0 0 0 0 0 0 0 1 0 0 0 1 0 0 0 0 0 0 0 1 0 0 0 3 1 2 1 6 2 3 1 1 0 0 0 0 1 
0 0 0 0 1 1 1 1 0 0 0 1 0 1 0 0 1 2 0 0 0 1 0 0 0 1 2 2 5 6 5 1 2 0 0 0 0 0 0 0 
0 0 0 0 0 0 0 0 0 1 0 0 0 2 1 1 0 1 0 0 0 0 1 0 0 2 1 3 2 4 1 1 1 3 2 0 0 0 0 1 
1 0 0 0 0 1 0 1 0 0 0 0 1 0 0 0 2 1 0 0 0 2 0 0 0 0 1 2 3 1 4 1 1 1 0 0 0 0 0 0 
0 0 0 0 2 3 0 0 2 2 1 0 1 1 2 2 0 0 0 1 0 0 0 0 2 0 2 4 3 6 3 1 0 2 0 0 0 0 0 0 
0 0 0 0 0 0 0 2 0 0 0 0 2 1 0 0 0 0 0 0 0 0 0 0 0 1 1 3 3 1 6 3 2 2 3 1 2 0 0 0 
0 0 0 0 0 0 0 1 0 0 0 0 0 1 0 0 1 0 0 0 0 0 0 0 2 0 3 1 1 5 3 2 0 0 0 0 0 0 0 0 
0 0 2 0 0 0 0 0 1 2 1 1 1 0 2 0 1 1 1 0 0 2 0 0 1 0 3 4 9 15 7 1 1 1 0 1 0 0 0 0 
0 0 0 0 0 0 0 0 0 2 0 0 2 0 0 1 2 1 0 0 0 1 0 0 1 3 0 2 6 6 1 1 1 1 1 1 0 1 0 0 

0 0 0 0 0 0 0 2 1 0 0 0 0 1 0 0 0 0 0 0 0 0 0 0 0 0 1 0 1 9 5 1 0 2 1 1 0 0 0 0 
0 0 0 0 0 0 0 1 0 0 1 0 0 0 0 0 0 0 0 0 0 0 0 0 0 0 0 0 1 1 3 2 0 1 0 1 0 1 0 1 
0 0 0 0 0 0 0 0 0 0 0 2 0 0 0 0 0 1 0 0 0 0 0 1 0 0 0 1 0 2 4 0 2 2 0 0 0 0 0 0 
0 0 0 1 0 0 0 1 0 0 0 1 0 0 0 1 0 0 0 0 0 0 0 0 0 2 0 0 0 1 4 2 2 0 2 0 0 0 0 0 
0 0 0 0 0 2 0 1 0 1 0 1 1 0 0 1 0 0 1 0 0 0 0 1 1 1 0 1 0 1 2 1 3 0 3 0 1 1 0 0 
0 1 0 0 0 0 0 0 0 0 0 0 0 0 2 2 1 0 1 0 0 0 0 0 0 0 1 2 1 1 2 0 1 0 1 1 0 0 1 0 
0 0 0 1 0 0 1 2 0 0 1 1 0 1 1 0 0 0 0 0 0 0 0 0 0 1 0 0 3 1 2 0 0 1 0 0 0 0 0 0 
1 1 0 0 1 0 0 0 1 1 0 2 0 1 1 1 1 1 1 0 1 0 0 0 1 1 1 0 1 1 1 2 0 1 1 0 0 0 0 0 
0 0 0 0 0 0 0 0 3 0 0 0 0 0 1 3 1 0 0 0 0 1 0 0 0 0 1 0 1 1 2 1 1 1 0 0 2 0 0 0 
0 0 0 0 0 0 0 1 1 0 0 0 2 0 0 1 1 0 0 0 0 0 0 0 0 0 0 0 1 6 3 1 3 1 2 2 0 0 0 0 
0 2 0 1 0 2 1 0 0 0 0 0 4 0 1 1 0 0 0 0 0 0 2 0 0 0 0 2 0 2 1 0 1 1 1 0 0 0 0 0 
0 0 1 0 0 0 1 2 3 2 1 1 0 3 2 1 0 0 0 0 0 0 2 0 0 1 1 1 1 0 1 0 0 2 0 0 0 0 1 1 
0 0 0 0 1 0 0 1 1 1 0 0 0 0 0 0 0 0 0 1 0 0 1 0 1 0 0 3 0 5 4 0 8 2 2 0 0 0 0 0 
0 0 0 0 0 0 2 2 0 1 0 0 0 1 0 1 0 3 0 0 0 0 0 0 0 1 2 0 0 4 3 2 0 0 0 1 2 0 0 0 
0 0 0 0 1 0 0 1 1 0 1 1 2 1 0 0 0 0 1 0 0 0 0 0 0 0 0 2 1 3 3 0 2 0 1 0 0 0 2 0 
0 0 0 0 0 0 0 0 1 0 0 1 3 1 0 1 0 1 1 0 0 0 2 0 0 3 1 3 1 5 5 1 2 0 1 3 0 0 1 0 
0 1 0 0 1 1 0 0 1 2 3 2 1 0 1 0 1 1 0 1 0 0 0 1 0 0 1 5 0 5 1 0 5 0 0 0 1 0 0 0 
0 0 1 1 0 1 2 1 1 1 0 0 0 0 0 1 0 0 0 0 0 0 0 0 0 1 0 1 2 3 3 0 2 1 0 1 0 0 0 0 
0 0 0 0 0 0 1 1 0 1 0 3 0 0 3 1 0 0 0 0 0 0 0 1 0 1 0 1 2 2 7 2 0 1 1 0 0 0 0 0 
1 0 0 0 0 2 1 2 1 3 0 1 2 1 0 0 0 0 0 0 0 0 0 0 1 2 0 0 3 2 2 1 0 1 0 0 0 1 0 0 
0 0 0 1 0 1 1 1 0 1 0 1 0 0 0 0 0 0 0 0 1 0 1 1 0 1 0 0 3 1 1 1 2 0 0 0 0 0 0 0 
1 0 0 0 0 0 0 0 1 0 0 0 2 0 0 0 0 1 0 0 0 1 0 1 1 0 0 1 2 3 6 3 2 1 0 1 1 0 0 0 
0 0 0 0 0 0 2 2 0 0 2 1 3 0 0 0 0 1 0 1 0 0 1 1 1 2 0 1 3 3 4 1 0 2 1 0 0 0 0 0 
0 0 0 0 0 0 0 0 1 1 1 0 0 1 2 1 1 0 0 1 0 0 1 0 5 0 0 7 7 2 9 4 2 4 1 0 1 0 0 1 

0 0 0 0 0 0 0 2 0 0 1 0 0 0 1 1 0 0 0 0 0 0 0 1 0 0 1 2 0 3 2 1 1 0 0 0 0 0 0 0 
0 0 0 1 1 0 0 1 0 0 0 0 2 0 0 1 0 0 0 0 0 0 0 0 0 0 1 0 0 3 4 3 0 1 2 0 0 0 0 0 
0 0 0 0 0 0 0 0 3 1 2 0 1 0 0 0 0 0 0 0 0 0 0 0 0 0 1 1 2 3 0 1 0 0 1 0 0 0 2 0 
0 0 0 0 0 0 1 0 1 0 0 0 0 0 0 0 0 0 1 0 1 0 0 0 0 0 0 0 0 0 0 2 1 1 2 1 0 0 0 0 
1 1 0 1 0 1 1 3 1 4 1 1 1 0 0 0 1 0 0 0 0 0 1 1 1 0 0 0 2 1 0 2 1 1 0 0 0 0 0 0 
0 0 0 0 0 0 0 1 0 0 1 0 1 2 0 2 0 0 2 1 1 0 0 0 0 0 0 3 1 0 1 1 2 1 1 0 1 1 0 0 
0 0 0 1 0 0 0 0 1 0 0 1 0 1 1 0 0 0 0 0 1 0 0 0 0 0 1 1 0 1 3 0 1 0 1 0 2 0 0 0 
0 0 0 1 0 1 1 2 0 0 1 2 1 2 1 0 0 1 0 0 0 1 0 1 0 0 0 0 1 3 1 0 1 0 0 0 0 0 0 0 
0 0 0 0 2 0 0 1 0 1 0 0 0 1 0 0 0 1 0 0 0 0 0 0 1 1 1 1 2 1 2 2 1 1 1 0 0 0 0 0 
1 0 0 0 0 0 0 1 1 1 0 0 2 0 0 1 1 2 0 0 0 1 0 0 1 0 0 0 0 2 1 1 1 0 0 1 1 0 1 0 
0 0 0 0 0 0 2 2 1 1 1 1 1 1 2 1 2 0 0 0 0 0 2 0 1 0 1 1 1 1 1 0 1 0 1 0 0 0 0 0 
0 0 0 0 0 1 1 0 1 1 0 1 0 1 0 0 1 0 1 0 1 0 0 0 0 0 1 0 1 1 2 0 0 2 2 0 0 0 0 0 
3 0 0 0 0 1 1 2 1 0 0 1 0 1 1 0 0 1 0 0 2 0 0 0 0 0 0 0 0 1 3 1 1 1 0 0 0 0 0 0 
1 0 0 1 1 4 1 1 1 1 0 1 1 0 0 1 0 0 0 0 0 0 1 0 1 0 1 0 1 4 2 0 0 0 0 0 0 0 0 1 
0 0 0 1 0 0 2 0 1 0 0 2 0 0 0 0 0 0 0 0 0 0 0 0 1 0 0 0 0 2 0 1 0 0 0 0 0 0 0 0 
1 0 0 1 0 0 0 1 1 0 0 0 0 0 2 1 0 0 2 0 0 0 0 0 0 0 2 1 0 0 1 0 1 0 0 0 0 0 1 0 
0 0 0 1 0 0 1 1 0 3 0 0 0 1 2 0 0 1 1 0 1 0 0 0 0 0 2 2 1 6 0 3 0 0 0 0 0 0 0 0 
1 1 0 1 2 0 0 2 1 0 0 0 1 1 0 0 1 0 0 0 0 0 0 1 0 1 0 0 1 1 0 2 0 0 0 3 0 0 0 0 
0 0 0 1 0 0 0 2 0 0 1 0 0 0 0 0 0 1 2 0 0 0 0 0 0 0 0 1 1 1 1 0 4 0 1 0 1 0 0 0 
0 0 0 2 0 3 0 1 2 2 1 0 0 0 0 0 1 0 0 0 0 0 1 0 0 2 0 1 1 4 3 1 1 1 2 0 0 0 0 0 
0 0 0 0 0 0 1 1 1 1 1 1 1 0 0 0 1 1 0 1 0 0 2 0 1 0 0 0 0 0 5 0 0 1 2 1 0 1 0 0 
2 0 0 0 1 2 2 1 1 2 1 0 0 0 1 0 1 0 0 2 0 1 0 1 0 1 1 1 0 4 0 0 1 0 3 0 0 0 0 0 
1 0 1 1 1 1 5 2 3 3 3 2 2 0 0 0 0 0 0 0 0 0 0 2 0 0 1 2 0 6 2 0 0 1 1 1 0 1 0 0 
0 0 0 0 0 0 0 1 0 1 0 0 1 0 0 0 1 0 0 0 1 1 2 0 0 1 0 1 0 2 3 1 0 0 1 2 0 0 0 0 

0 0 0 0 0 1 0 1 2 1 0 1 1 0 0 0 0 0 0 0 0 0 0 0 0 0 1 0 0 0 1 0 1 0 0 0 0 0 0 0 
0 0 0 0 0 1 0 2 0 0 0 0 0 0 0 0 0 0 0 0 0 0 0 0 0 0 0 0 1 0 1 0 1 0 0 0 0 0 0 0 
0 0 0 0 0 0 0 0 1 0 2 1 1 0 1 0 0 0 0 0 0 0 0 0 0 1 0 0 0 0 1 1 0 0 1 0 0 0 0 0 
0 1 0 0 0 0 0 1 1 1 0 0 0 0 0 0 0 0 1 0 0 0 0 0 0 0 0 0 0 0 2 1 0 0 0 0 0 0 0 0 
0 0 0 0 0 0 0 3 2 1 0 0 0 0 1 0 0 0 0 0 0 0 0 0 0 1 0 0 0 1 2 1 2 0 1 0 0 0 1 0 
0 0 0 1 2 0 1 0 1 0 1 1 0 0 0 0 1 0 1 0 0 0 0 0 0 0 0 0 0 3 1 1 0 1 0 1 1 0 0 0 
0 1 0 1 0 0 0 3 4 0 0 0 0 0 0 0 2 0 1 0 0 0 0 0 0 0 1 1 0 3 1 1 1 0 1 0 0 0 0 1 
1 0 1 0 0 0 2 5 1 0 1 0 0 1 1 1 0 0 0 0 0 1 0 0 0 0 0 1 0 1 0 1 1 0 0 0 0 0 0 0 
0 1 0 1 0 0 1 1 1 0 1 1 1 0 1 1 1 1 0 0 0 0 0 0 1 0 0 0 0 0 1 2 1 0 1 0 0 0 0 0 
0 0 0 0 1 0 0 2 0 0 0 0 0 1 0 0 0 1 1 0 0 0 0 0 0 0 0 1 1 2 3 0 2 0 2 1 0 0 0 0 
0 0 0 1 2 0 3 5 3 1 0 3 0 1 2 0 0 0 0 0 0 1 0 0 0 0 0 0 0 2 0 0 0 1 0 0 0 0 0 0 
0 0 0 0 1 2 3 2 1 2 2 1 1 1 1 0 0 0 0 0 0 0 0 0 0 0 1 0 0 0 1 1 0 0 0 0 0 0 0 0 
0 0 0 0 0 0 0 0 1 0 4 0 1 2 0 0 0 0 0 0 0 0 0 0 0 0 0 0 2 2 1 0 1 2 2 0 1 0 1 0 
2 0 1 0 0 0 6 2 2 4 0 2 0 1 0 0 0 0 1 0 0 0 0 0 1 1 1 0 1 0 1 0 0 0 0 0 0 0 0 0 
0 0 1 1 1 1 0 2 4 1 1 1 0 0 1 0 1 0 0 0 0 0 0 0 0 0 0 0 1 0 0 0 0 1 0 0 1 0 0 0 
0 0 1 1 0 0 1 2 1 0 1 1 1 0 0 0 1 0 0 0 1 0 1 0 1 0 0 1 0 1 2 1 0 1 1 0 0 0 0 1 
2 3 1 0 0 3 5 2 2 0 0 2 0 0 2 0 0 0 1 1 0 0 0 0 0 0 0 0 2 2 0 0 1 0 1 0 0 0 0 0 
0 0 0 0 1 0 2 1 1 1 2 0 0 1 0 0 0 0 0 0 0 0 1 1 0 0 2 0 0 0 1 0 0 1 3 0 0 0 0 0 
2 1 0 1 0 2 0 1 2 2 1 0 3 0 0 0 1 1 1 0 0 0 0 0 0 0 1 2 0 0 2 1 2 1 1 0 0 0 0 0 
0 0 0 1 1 3 3 3 4 3 2 1 1 1 0 0 0 0 1 0 0 0 0 0 1 0 0 0 0 2 0 1 0 0 0 0 0 0 0 0 
0 1 0 0 2 0 0 3 1 1 0 0 1 1 1 1 1 0 0 0 0 0 0 0 0 0 0 0 0 1 1 0 0 0 0 3 0 0 0 0 
1 0 0 0 3 1 0 0 0 2 1 2 1 0 1 1 1 0 0 0 1 0 0 0 0 0 2 0 0 1 4 0 2 0 0 0 0 1 1 0 
0 1 0 0 1 1 2 1 10 10 4 5 3 1 0 0 1 0 0 0 0 0 0 0 0 0 2 2 0 1 1 0 1 0 0 0 0 0 0 0 
0 1 0 1 1 3 1 3 1 4 2 1 2 0 0 2 0 2 0 1 0 0 0 0 0 2 2 0 1 1 4 3 2 1 1 0 0 0 0 0 

1 0 0 0 0 0 2 1 0 0 1 1 0 0 1 2 0 0 0 0 0 0 0 0 0 0 0 1 0 0 2 0 0 0 0 0 0 0 0 0 
1 0 0 0 0 0 0 0 1 0 0 0 1 1 0 0 0 0 0 0 0 1 0 1 0 0 0 0 0 1 1 0 0 2 0 1 0 0 0 2 
0 0 0 0 0 0 0 2 0 0 1 1 0 0 0 0 1 0 0 0 0 0 0 0 0 0 0 1 1 1 1 0 0 0 2 0 0 0 0 0 
0 0 0 0 0 2 0 1 2 1 1 0 0 0 0 0 0 0 0 0 1 0 0 0 0 0 0 0 0 0 1 1 0 0 0 0 0 0 0 0 
0 0 1 0 1 1 1 3 0 0 0 2 1 0 1 0 0 0 0 0 0 0 0 0 0 0 0 1 0 0 1 0 0 0 1 0 0 0 0 0 
0 0 0 0 0 1 0 1 1 0 0 1 0 0 0 1 0 0 0 0 0 0 0 0 0 0 0 1 0 1 1 1 1 1 1 0 0 0 0 0 
0 0 0 1 1 0 2 2 2 0 0 1 1 0 1 0 2 0 0 0 0 0 0 0 0 0 0 0 1 0 1 1 1 0 0 0 0 0 0 0 
0 0 0 1 0 2 2 6 2 1 0 2 0 0 0 0 0 1 0 0 0 1 0 0 0 1 0 0 1 0 0 1 0 0 0 0 0 0 0 0 
0 0 0 0 0 0 0 0 1 1 2 2 2 0 0 0 1 0 2 0 0 0 0 0 0 0 0 0 0 1 0 0 0 0 0 0 0 0 0 0 
0 0 0 0 1 1 0 3 0 1 0 2 1 0 0 1 0 0 1 0 0 0 0 0 0 0 1 0 0 1 1 1 0 0 0 0 0 0 0 0 
0 0 0 2 2 2 0 2 5 4 1 0 1 1 0 2 0 0 0 0 0 0 0 0 0 1 0 0 0 3 1 0 0 0 0 0 0 0 0 0 
0 0 0 1 0 1 0 1 0 1 1 0 0 2 0 0 0 0 0 0 0 0 0 0 0 0 0 0 0 1 1 0 0 2 0 0 1 0 0 0 
0 0 1 1 0 1 1 1 0 0 0 1 0 0 0 0 1 0 0 0 1 0 0 0 0 0 0 0 0 1 0 1 1 1 0 0 0 0 0 0 
3 0 1 0 1 0 2 5 2 0 0 0 0 0 0 0 0 0 0 1 0 1 0 0 0 0 1 0 0 1 2 1 0 0 0 0 0 1 0 0 
1 0 0 1 1 1 0 0 3 0 0 1 2 0 0 1 0 0 2 0 0 0 0 0 0 0 0 0 0 0 2 0 1 0 0 0 0 0 0 0 
0 0 0 0 0 1 0 0 1 1 0 0 1 1 0 1 0 0 0 0 0 0 0 0 0 0 0 0 1 0 0 1 1 0 0 0 0 0 0 0 
1 0 1 0 0 1 1 5 2 3 1 1 0 2 0 0 0 0 0 0 0 0 0 0 2 0 0 0 0 3 0 2 0 1 0 0 0 0 0 0 
0 0 0 0 0 1 0 1 0 0 2 0 0 1 0 0 1 0 1 0 0 0 0 0 0 0 0 0 0 0 1 0 0 1 0 0 0 0 1 0 
0 0 0 1 1 1 0 2 2 0 2 1 1 2 1 1 0 0 0 0 1 1 1 0 0 0 0 0 0 0 1 1 2 0 1 0 0 0 0 0 
0 1 0 1 1 0 4 5 8 3 3 1 0 2 1 0 0 1 0 0 0 0 0 0 0 0 0 2 0 0 1 0 0 0 0 0 0 0 0 0 
1 0 0 2 0 0 3 5 2 0 2 0 0 0 1 0 0 0 1 0 0 0 0 0 0 0 0 0 1 1 0 2 0 0 0 0 0 0 0 0 
1 0 0 0 0 0 2 0 4 2 1 1 1 1 0 2 0 1 0 0 1 0 0 0 0 0 0 1 0 1 0 0 0 0 0 0 0 0 0 0 
0 0 0 1 0 1 3 1 3 7 2 2 2 0 0 0 0 0 0 0 0 0 1 1 1 2 0 0 2 2 1 0 0 1 0 0 0 0 0 1 
2 0 0 0 0 1 1 0 2 1 1 0 0 0 0 1 0 0 1 0 0 0 0 0 0 0 1 0 0 1 1 3 0 0 1 0 1 0 0 0 

0 0 0 1 0 0 1 2 0 1 0 1 0 0 0 0 0 0 0 0 0 0 0 0 0 0 0 1 0 0 1 0 0 0 0 0 0 0 0 0 
0 2 2 0 0 0 1 1 2 0 0 1 0 0 0 0 0 0 0 0 0 0 0 0 0 0 0 0 0 1 0 0 1 0 0 0 0 0 0 0 
0 0 0 0 0 0 0 3 1 1 0 0 2 0 0 0 0 0 0 0 0 0 0 1 0 0 0 0 0 0 0 1 0 0 0 0 0 0 0 0 
0 0 1 0 0 1 1 2 0 1 1 0 0 3 0 0 0 0 0 0 2 0 0 1 0 0 1 0 0 0 0 0 1 1 0 0 0 0 0 0 
0 0 0 2 0 1 4 3 0 0 1 2 1 0 0 0 0 0 1 0 0 0 0 0 0 0 0 1 0 0 0 0 2 0 0 0 0 0 0 0 
0 0 0 0 1 2 1 2 3 2 1 0 1 1 0 0 0 0 1 0 0 0 0 0 0 0 0 0 0 0 0 0 1 0 0 0 0 0 0 0 
0 0 0 1 0 1 1 4 1 1 3 0 1 0 0 0 1 0 0 0 0 0 0 0 0 0 0 0 1 0 0 1 0 0 0 0 0 0 0 0 
0 0 1 0 1 5 5 2 2 0 1 0 1 1 0 1 0 1 0 1 0 0 0 0 0 0 0 0 0 0 0 1 1 0 0 0 0 0 0 0 
1 1 0 5 1 2 2 3 2 0 0 3 0 2 0 0 0 0 0 0 0 0 0 0 0 0 0 0 0 1 1 0 1 0 0 0 0 0 0 0 
0 0 0 1 0 3 1 1 2 2 1 1 0 1 0 0 0 0 2 0 0 0 0 0 0 0 0 0 0 0 3 0 1 0 0 0 0 0 0 0 
1 0 0 2 2 2 3 5 5 4 3 0 0 0 0 0 0 0 0 0 0 0 0 0 0 0 0 0 0 0 0 0 0 0 0 0 0 0 0 0 
0 0 0 0 3 2 4 2 5 2 0 0 0 1 0 1 0 0 0 0 0 0 0 0 0 0 1 0 0 2 0 0 1 0 0 0 0 0 0 0 
1 0 1 0 1 2 1 2 4 0 0 0 0 0 1 1 0 0 0 0 0 0 0 0 0 0 0 0 1 0 2 0 1 0 0 0 0 0 1 0 
3 0 0 1 1 4 6 4 4 4 0 1 2 1 1 0 1 0 0 1 0 0 0 0 0 1 0 0 0 1 0 0 0 0 0 0 0 0 0 0 
0 1 0 1 1 1 2 3 3 3 3 0 2 0 2 1 1 0 0 0 0 0 0 0 0 0 0 0 2 1 0 0 0 0 1 0 0 0 0 0 
1 0 0 0 1 1 3 1 1 2 1 1 0 0 0 1 1 0 0 0 0 0 1 0 0 0 0 0 2 1 0 0 1 0 0 0 0 0 0 1 
1 0 0 1 2 0 9 5 7 6 1 1 1 0 0 0 0 0 0 0 0 0 0 1 0 1 0 1 1 3 1 0 0 0 0 0 0 0 0 0 
0 0 0 1 1 3 1 3 5 6 2 2 3 2 1 0 0 1 0 1 0 0 0 0 0 0 0 0 0 0 0 0 2 0 0 0 0 0 0 0 
1 0 2 1 1 2 1 3 4 4 5 1 4 1 0 0 0 0 1 0 0 0 0 1 0 0 1 0 0 0 0 1 0 0 0 0 0 0 0 0 
2 0 1 1 5 3 6 14 6 18 4 3 1 2 0 0 0 0 0 0 0 0 0 0 0 0 0 0 1 0 0 2 0 0 0 0 0 0 0 0 
1 1 0 0 2 2 5 9 12 7 6 4 0 0 1 3 0 0 1 0 0 1 0 0 0 1 0 0 0 0 1 0 0 2 1 1 0 0 0 0 
0 2 0 3 0 1 0 4 3 2 1 3 4 2 1 0 0 1 0 0 0 0 0 0 0 0 0 0 0 1 1 0 0 0 1 0 1 0 0 0 
1 0 0 1 2 3 4 7 27 27 11 5 1 5 1 1 0 0 0 0 0 0 0 0 0 0 0 1 0 0 0 1 0 0 1 0 0 0 0 0 
1 1 0 1 1 1 4 5 5 6 8 4 4 2 0 1 2 0 0 0 0 0 1 0 0 0 3 1 0 1 2 0 0 0 0 0 0 0 0 0 

0 0 1 0 0 0 0 4 3 1 0 0 1 0 0 1 0 0 0 0 0 0 0 0 0 0 0 0 0 3 1 0 0 0 0 0 0 0 0 0 
0 0 0 0 0 0 0 2 4 0 0 0 0 0 1 0 0 0 0 0 0 0 0 0 0 0 0 0 0 0 0 0 0 0 0 0 0 0 0 0 
0 0 1 0 0 0 0 1 2 1 2 0 1 0 0 0 0 0 0 0 0 1 0 0 0 0 0 0 0 0 0 0 0 0 0 0 0 0 0 0 
1 0 0 1 0 1 0 3 6 2 2 2 3 0 0 0 0 0 0 0 0 0 0 0 0 0 0 0 0 0 1 0 0 0 0 0 0 0 1 0 
0 0 1 0 0 1 3 8 2 0 0 0 0 2 1 0 1 1 0 0 0 0 0 0 0 0 0 0 0 0 2 0 0 0 0 0 0 0 0 0 
1 0 0 0 0 0 0 2 1 1 0 0 0 0 0 2 0 1 0 0 0 1 1 0 0 0 0 0 0 0 0 0 0 0 0 0 0 0 0 0 
1 1 0 0 0 2 1 4 5 1 2 0 0 0 1 1 0 0 0 0 0 0 0 0 0 0 0 0 0 1 0 0 0 0 0 0 0 0 0 0 
1 0 0 1 3 5 2 7 8 0 0 2 1 1 1 0 0 0 0 0 0 0 0 0 0 0 0 0 1 0 3 0 0 0 1 0 0 0 0 0 
0 0 1 0 0 1 0 4 4 0 0 3 0 0 0 0 0 1 0 0 0 0 0 0 0 0 0 0 0 0 0 0 0 0 0 0 0 0 0 0 
0 0 0 0 2 2 1 5 4 4 2 1 1 1 1 0 0 0 1 0 0 0 0 0 0 0 0 1 0 0 1 0 1 0 0 0 0 0 0 0 
0 0 0 2 2 0 2 4 3 0 1 1 0 0 0 0 0 1 0 0 0 0 0 0 0 0 0 1 0 0 0 1 0 0 0 0 0 0 0 1 
3 0 0 0 0 0 3 6 6 4 1 1 0 0 1 0 0 0 0 0 0 0 0 0 0 0 0 0 0 0 0 0 1 0 0 0 0 1 0 0 
2 0 0 0 1 1 3 4 3 3 2 1 0 0 0 0 0 0 0 0 0 0 0 0 1 0 0 0 0 0 0 0 0 0 0 0 0 0 0 0 
1 0 5 0 3 3 10 9 11 4 2 3 1 1 1 1 0 0 0 1 0 0 0 0 0 0 2 0 1 1 0 0 0 0 0 0 0 0 1 0 
1 0 2 1 3 0 1 1 3 3 3 0 2 0 1 1 0 0 0 0 0 0 0 0 0 0 0 0 0 0 2 0 1 0 0 0 0 0 0 1 
1 2 1 1 1 2 2 9 3 4 4 0 1 4 1 0 1 0 0 0 0 0 0 1 0 0 0 0 0 0 1 0 1 0 0 0 0 0 0 0 
0 0 1 0 2 0 7 7 6 6 2 5 0 0 0 0 0 0 0 0 0 0 0 0 1 0 0 0 1 0 2 1 1 0 0 0 0 0 0 0 
1 0 3 0 1 2 4 3 5 3 5 4 1 1 1 0 0 1 0 0 0 0 0 0 0 0 1 0 1 0 0 1 0 0 2 0 0 0 0 0 
2 0 1 3 1 3 0 6 5 7 5 2 4 2 4 0 0 1 1 1 1 0 0 0 0 0 0 0 0 1 1 0 0 0 0 0 0 0 0 0 
1 2 3 1 6 1 4 3 19 18 2 3 1 1 1 0 0 2 0 0 0 0 0 1 0 0 0 0 1 0 0 1 0 0 1 0 0 0 0 0 
2 0 2 2 2 1 4 9 9 9 4 5 2 2 1 1 0 0 0 0 0 0 0 0 0 0 0 0 0 0 0 1 0 0 0 0 1 0 0 0 
1 0 1 0 1 3 5 11 8 8 11 7 2 4 2 0 0 0 0 0 0 1 0 0 0 0 0 0 0 0 0 0 0 0 2 0 0 0 1 0 
1 1 0 3 4 3 8 17 40 23 19 6 6 4 1 0 0 0 0 0 0 0 0 0 0 0 0 2 0 2 4 0 3 0 0 0 0 0 0 0 
1 2 0 2 2 1 4 13 22 24 12 3 3 1 2 1 0 1 0 0 0 0 0 0 1 0 0 0 0 0 0 0 1 0 0 0 0 0 0 0 

0 0 0 0 0 0 0 6 1 1 0 0 0 0 0 0 0 0 0 0 0 0 0 0 0 0 0 0 0 0 0 0 0 0 0 0 0 0 0 0 
0 0 0 0 0 1 2 2 5 1 2 3 0 0 0 0 0 0 0 0 0 0 0 0 0 0 0 0 0 0 0 0 0 0 0 0 0 0 0 0 
0 0 1 0 2 0 2 3 6 1 2 0 0 1 0 0 0 0 0 0 0 0 0 0 0 0 0 0 1 0 0 0 0 0 0 0 0 0 0 0 
0 1 0 1 0 0 2 10 2 1 0 0 1 2 0 0 0 0 0 0 0 0 0 0 0 0 0 0 0 0 1 0 0 0 0 0 0 0 0 0 
0 1 1 1 2 2 6 8 8 3 1 2 0 1 1 0 2 0 1 1 0 0 0 0 0 0 1 1 0 0 0 0 0 0 0 0 0 0 0 0 
0 1 0 0 2 2 1 3 2 3 0 0 0 1 0 0 1 0 0 0 0 0 0 0 0 0 0 0 0 0 0 0 0 0 0 0 0 0 0 0 
0 0 2 1 1 2 0 5 10 0 0 1 1 1 0 0 1 0 1 1 1 0 0 0 0 0 0 0 0 0 0 0 0 0 0 0 0 0 0 0 
0 2 5 4 11 6 14 13 11 5 5 4 0 1 1 0 0 1 0 0 0 0 0 0 0 0 0 0 0 0 0 0 1 0 0 0 0 0 0 0 
0 0 1 0 4 5 1 5 5 1 1 2 4 0 0 0 0 0 0 0 0 0 0 0 0 0 1 0 0 0 0 0 0 0 0 0 0 0 0 0 
0 0 1 1 0 1 4 4 7 1 0 0 2 1 1 0 0 1 0 0 0 0 0 0 0 0 0 1 0 0 1 1 0 1 0 0 0 0 0 0 
1 1 2 0 4 0 6 6 6 6 2 1 0 1 0 0 0 1 0 0 0 0 0 0 0 0 0 0 0 1 0 0 0 0 1 0 1 0 0 0 
1 0 0 1 1 3 8 10 11 8 4 1 0 0 0 0 0 0 0 0 0 0 0 0 1 0 0 0 0 1 0 0 0 0 0 0 0 0 0 0 
2 0 0 4 1 3 5 14 12 5 4 6 1 1 0 0 0 0 1 1 0 0 0 0 0 0 1 0 0 0 0 0 0 0 0 0 1 0 0 0 
3 1 1 5 5 4 11 21 13 7 5 2 2 1 1 0 0 0 0 0 0 0 0 0 0 0 1 1 1 0 0 0 0 0 0 0 0 0 0 0 
0 0 0 0 4 2 6 13 13 4 7 2 1 1 0 0 1 0 1 0 0 0 0 0 0 0 1 0 0 1 0 0 0 0 1 0 0 0 0 0 
1 1 0 2 1 2 2 4 7 6 3 2 1 0 1 1 0 1 0 1 0 0 0 1 1 0 1 0 0 1 0 0 0 0 0 0 0 0 0 0 
2 1 0 0 5 7 12 16 13 12 8 4 0 2 2 0 0 0 0 1 0 0 0 0 0 1 0 0 0 0 1 0 0 0 0 0 0 0 0 0 
1 2 2 4 1 2 8 23 32 16 6 5 3 4 2 2 0 1 0 0 0 0 0 0 0 0 0 0 1 1 0 0 0 1 0 0 0 0 0 0 
3 2 1 4 4 8 7 18 22 19 13 5 5 2 1 0 3 0 0 0 2 0 2 0 0 0 0 0 1 0 1 1 0 0 0 0 0 0 1 0 
1 0 2 3 8 6 10 28 35 48 22 9 3 3 0 0 0 0 1 1 0 0 0 0 0 0 0 0 1 0 0 0 1 0 0 0 1 0 0 0 
2 1 0 2 3 7 10 19 78 37 19 5 7 1 1 1 2 0 1 1 1 0 1 0 0 0 0 0 0 0 1 0 1 0 0 0 0 0 0 0 
4 1 1 2 2 4 5 32 50 34 29 13 3 3 5 2 1 2 2 0 2 1 0 0 0 0 1 0 0 0 1 0 0 0 1 0 0 0 0 0 
2 2 2 3 3 8 17 29 211 149 32 12 3 3 0 0 0 0 0 2 0 0 0 0 0 0 1 1 0 0 0 0 0 0 0 0 0 0 0 0 
1 1 0 1 3 6 5 49 234 567 24 7 7 2 2 0 0 0 1 0 0 0 0 0 0 0 1 1 0 0 1 3 0 0 0 0 0 0 0 0 

0 0 0 0 0 1 1 8 5 2 1 0 0 0 0 0 0 0 0 0 0 0 0 0 0 0 0 0 0 0 0 0 0 0 0 0 0 0 0 0 
0 0 0 0 1 0 0 7 7 1 1 2 0 1 0 0 0 0 0 0 0 1 0 0 0 0 0 0 0 0 0 0 0 0 0 0 0 0 0 0 
0 1 0 0 0 1 1 8 5 2 2 0 0 0 0 0 0 0 0 0 0 0 0 0 0 0 0 0 0 0 0 0 0 0 0 0 0 0 0 0 
2 0 0 0 0 2 2 7 8 2 2 1 2 1 1 0 0 0 2 0 0 0 0 0 0 0 1 0 0 0 0 0 1 0 1 0 0 0 0 0 
0 2 1 1 3 1 5 8 6 8 3 1 1 0 2 1 0 0 0 1 1 0 0 0 0 0 0 0 0 0 0 0 0 0 0 0 0 0 0 0 
0 0 1 0 2 3 1 8 10 4 2 1 1 0 0 3 0 1 0 0 0 0 0 0 0 0 0 0 0 0 1 0 0 0 0 0 0 0 0 0 
2 4 2 5 1 5 5 15 20 6 7 5 2 1 3 0 0 0 1 0 0 0 0 0 0 0 0 0 0 0 0 0 0 0 0 0 0 0 0 0 
3 1 0 2 9 10 8 25 12 3 6 3 2 1 0 0 0 0 0 0 0 0 0 0 0 0 1 0 0 0 0 0 0 0 0 0 0 0 1 0 
2 0 0 3 1 1 3 3 6 3 1 1 3 1 1 0 1 0 0 0 0 0 0 0 0 0 0 0 0 0 0 1 0 0 0 0 0 0 0 0 
0 1 0 2 1 3 3 17 7 7 1 3 2 1 0 0 1 0 0 0 0 0 0 0 0 0 0 0 0 0 0 0 0 0 1 0 0 0 0 0 
1 0 2 5 5 4 11 11 8 7 3 0 0 1 0 0 1 2 0 0 0 0 0 0 0 0 0 1 0 0 0 0 0 0 0 0 0 0 0 0 
0 1 1 3 0 5 11 19 15 14 3 1 1 1 1 1 0 0 0 0 0 0 0 0 0 0 0 0 0 0 0 0 0 0 0 0 0 0 0 0 
3 3 2 1 1 4 5 24 34 8 11 4 2 0 0 2 0 0 0 0 1 0 0 0 1 0 0 0 0 0 1 0 0 0 0 0 0 0 0 0 
1 0 1 5 5 6 19 51 25 16 5 3 1 0 0 0 0 0 1 0 0 0 0 0 1 0 0 0 0 0 0 0 0 0 0 0 0 0 0 0 
1 1 0 2 0 2 7 12 14 7 1 3 0 2 1 0 0 1 0 0 0 0 0 1 0 0 0 0 0 0 0 0 0 0 0 1 0 0 0 0 
0 2 0 4 2 2 1 21 32 9 4 2 1 1 3 2 1 0 1 1 0 0 0 0 0 1 1 0 0 0 1 0 0 0 0 0 0 0 0 0 
0 0 2 2 3 3 10 18 50 17 5 1 1 0 0 0 0 0 1 0 0 0 0 0 0 0 0 0 0 0 0 0 0 0 0 0 0 0 0 0 
1 3 2 4 6 10 16 37 81 23 14 4 6 4 0 3 0 0 0 1 1 0 0 0 0 0 0 0 0 0 0 0 0 0 0 0 0 0 1 0 
1 1 0 4 1 10 5 34 300 31 23 5 8 1 6 2 0 1 1 0 0 0 0 0 0 0 1 0 0 0 0 0 0 0 0 0 0 0 0 0 
1 0 0 1 4 9 10 33 286 72 15 5 1 1 0 2 0 0 0 0 0 1 0 0 0 0 0 0 0 0 0 0 0 1 0 0 0 0 1 0 
2 0 1 0 3 9 10 24 300 56 20 9 6 3 6 1 2 1 0 0 0 0 0 0 0 0 0 0 1 0 0 0 0 0 0 0 0 0 0 0 
1 2 0 3 1 12 9 38 295 54 26 10 6 6 6 1 1 1 1 1 0 1 1 0 0 0 1 0 1 0 0 0 0 0 0 0 0 0 0 0 
2 1 0 3 1 7 4 28 158 135 21 9 4 2 0 0 0 1 0 1 0 0 0 1 0 1 0 1 1 0 0 2 0 0 1 0 0 0 0 0 
0 2 2 0 3 5 8 32 98 110 35 12 4 2 3 1 2 0 0 1 1 1 1 0 0 1 0 0 0 0 0 1 0 0 0 0 0 0 0 0 

0 0 1 1 0 2 1 20 11 3 2 2 1 0 0 0 0 0 0 0 0 0 0 0 0 0 1 0 0 0 0 0 0 0 0 0 0 0 0 0 
0 0 0 2 1 2 6 11 9 7 2 1 1 1 0 0 0 1 0 0 0 0 0 0 0 0 0 0 0 0 0 0 0 0 0 0 0 0 0 0 
0 0 1 1 3 0 4 13 7 4 4 1 2 2 0 0 0 0 0 0 0 0 0 0 0 0 0 0 0 0 0 0 0 0 0 0 0 0 0 0 
2 1 0 1 0 2 1 13 9 1 4 1 0 2 0 0 0 0 0 0 0 0 0 0 0 0 1 0 0 0 0 0 0 0 0 0 0 0 0 0 
3 3 2 5 3 5 21 33 28 11 10 2 3 3 2 1 0 0 1 1 0 0 0 1 0 0 0 0 0 0 1 0 1 0 0 0 0 0 0 0 
1 1 2 6 7 26 35 86 85 32 13 1 3 1 3 0 1 1 1 1 0 0 1 0 0 0 0 0 0 0 0 0 0 0 0 0 0 0 0 0 
4 1 1 4 6 18 17 64 56 10 15 5 6 2 3 0 3 0 0 0 1 0 0 0 0 0 0 0 0 0 1 0 0 0 0 0 0 0 0 1 
1 2 6 2 17 16 26 54 47 12 12 5 1 0 1 2 0 1 0 0 0 1 0 0 0 0 0 0 0 0 0 0 0 0 0 0 0 0 0 0 
3 1 1 4 2 4 24 55 52 17 7 2 3 3 1 1 0 1 0 0 0 1 0 0 1 0 0 0 0 0 0 0 0 0 0 0 0 0 0 0 
3 2 0 3 4 4 7 53 60 7 7 3 3 1 0 1 2 0 1 0 0 0 0 0 0 0 0 0 0 0 0 0 0 0 0 0 0 0 0 0 
2 3 7 3 2 12 12 93 65 9 8 4 0 0 2 0 0 0 0 0 0 0 0 0 1 0 0 1 0 0 0 0 0 0 1 0 0 0 0 0 
0 0 5 2 4 5 10 118 121 15 6 4 0 1 1 1 0 0 0 0 0 0 0 0 0 0 0 0 0 0 0 0 0 0 0 0 0 0 0 0 
2 4 5 2 3 4 8 146 375 15 13 6 3 1 3 0 1 0 1 0 0 0 1 0 1 0 0 0 0 0 1 0 1 0 0 0 0 1 0 0 
5 5 4 2 6 18 36 192 395 27 10 2 0 0 1 0 2 0 0 0 0 0 0 0 0 1 0 0 0 0 0 1 1 0 0 0 0 0 0 0 
3 1 2 1 10 5 14 47 305 26 8 4 2 1 1 2 0 0 0 1 0 0 0 1 0 0 0 1 0 0 0 0 0 0 0 0 0 0 0 0 
2 0 1 2 3 7 4 52 169 12 16 2 5 2 1 1 0 1 0 0 0 0 0 0 0 0 0 0 0 0 0 0 0 0 0 0 0 0 0 0 
0 1 2 1 4 4 14 45 251 18 7 1 1 0 0 0 0 0 1 0 0 0 0 0 0 0 0 0 0 0 0 0 0 0 0 0 0 0 0 0 
2 2 0 3 5 5 14 28 67 11 4 6 3 0 1 2 1 1 1 0 0 0 0 0 0 0 0 0 0 0 1 0 0 0 0 0 0 0 0 1 
1 3 0 5 5 7 10 33 68 21 20 7 3 0 3 0 3 1 1 0 0 0 0 0 0 0 0 0 0 0 0 0 0 0 0 0 0 0 0 0 
1 0 2 3 3 3 5 27 44 25 8 6 2 0 2 0 0 0 0 0 0 0 0 0 0 0 0 0 0 0 0 0 0 0 0 0 0 0 0 0 
3 1 1 2 4 4 7 22 25 15 9 8 1 2 0 1 1 0 1 1 0 1 0 0 0 0 0 0 0 0 0 0 0 0 0 0 1 0 0 0 
2 0 1 3 2 4 6 22 20 17 24 3 7 4 3 2 2 0 1 0 1 0 0 0 0 0 0 0 0 0 1 0 0 0 0 0 0 0 0 0 
2 1 1 2 8 2 6 17 17 29 13 2 1 0 1 0 0 0 0 0 0 0 0 0 0 0 1 3 0 1 2 0 0 0 2 0 0 0 0 0 
1 2 0 2 3 4 12 14 24 14 13 7 2 1 2 1 0 1 0 1 0 0 1 0 0 0 0 0 0 0 0 0 0 0 0 0 0 0 0 1 

0 0 0 1 1 3 3 17 16 2 0 0 1 1 1 0 0 0 0 0 0 0 0 0 0 0 0 0 0 0 0 0 0 0 0 0 0 0 0 0 
0 0 0 0 2 1 8 21 22 3 7 1 1 1 1 0 0 0 0 0 1 0 0 0 0 0 0 0 0 0 0 0 0 0 0 0 0 0 0 0 
0 1 0 0 0 4 2 12 6 8 3 0 2 0 0 0 0 0 1 0 0 0 0 0 0 0 0 0 0 0 0 0 0 0 0 0 0 0 0 0 
3 1 0 0 1 2 3 30 40 3 3 1 4 3 2 0 0 0 0 1 0 0 0 0 0 0 0 1 0 0 1 0 0 0 0 0 0 0 0 0 
0 1 3 3 4 6 14 81 54 17 4 1 3 3 2 1 0 1 0 0 1 0 0 0 0 0 0 0 0 0 0 0 1 0 0 0 0 0 0 0 
6 3 8 19 15 25 72 254 168 72 26 11 9 6 1 2 2 0 0 1 0 1 2 0 1 0 0 0 0 0 0 0 0 0 0 0 0 0 0 0 
3 5 2 3 8 23 39 288 210 32 35 9 13 3 1 1 0 2 2 0 0 0 0 0 0 0 0 0 0 0 0 0 2 0 0 0 0 0 0 1 
4 4 3 6 5 14 21 250 100 12 6 2 2 2 1 3 2 1 0 0 0 0 0 0 0 0 0 0 1 0 1 1 0 0 0 0 0 0 0 0 
3 0 3 1 7 13 13 112 75 20 14 9 1 2 0 1 2 0 1 0 0 0 0 0 0 0 0 0 0 0 0 0 0 0 0 0 0 0 0 0 
1 3 1 4 4 7 19 101 82 12 6 1 2 1 0 0 0 1 0 0 0 0 0 0 0 0 0 0 0 0 0 0 0 0 0 0 0 0 0 0 
0 0 1 0 3 7 16 68 38 9 5 3 1 1 2 0 0 1 0 0 0 0 0 0 0 0 0 0 0 0 0 1 0 0 0 0 0 0 0 0 
0 1 3 2 2 9 20 29 41 16 7 4 2 1 1 0 1 1 0 0 0 0 0 0 0 0 0 0 0 0 0 0 0 0 0 0 0 0 0 0 
3 3 1 5 6 7 9 101 440 15 10 3 7 2 1 1 6 0 1 0 0 1 1 0 0 0 0 0 0 0 1 0 0 0 0 0 0 0 0 0 
3 2 3 1 6 14 24 96 112 31 8 1 2 0 0 1 1 0 1 1 0 0 0 0 0 0 1 0 0 1 0 0 0 0 0 0 0 0 0 0 
1 0 1 4 4 10 14 46 49 18 11 3 1 1 3 1 1 0 0 1 0 1 0 0 0 0 0 0 0 0 0 0 0 0 0 0 0 0 0 0 
0 1 3 1 3 6 9 21 26 9 7 5 5 1 2 2 1 0 1 0 0 0 0 1 1 0 0 0 0 0 0 0 0 0 0 0 0 0 0 0 
0 1 3 1 4 7 14 28 23 14 7 1 1 1 0 0 0 0 0 0 0 0 0 0 0 0 0 0 0 3 0 0 0 0 0 0 0 0 0 0 
4 1 3 3 3 1 3 15 15 8 7 4 3 0 0 0 1 0 0 0 0 0 0 0 0 0 1 0 0 0 1 0 0 0 0 0 0 0 0 0 
0 2 1 2 5 3 1 13 6 9 4 2 8 2 2 0 1 0 0 2 0 0 0 0 0 0 1 0 0 0 1 0 0 1 0 0 0 0 0 0 
0 0 0 0 3 4 4 11 15 19 2 3 1 1 1 0 0 0 0 0 0 0 0 0 0 0 0 0 0 0 0 0 0 0 0 2 0 0 0 1 
2 1 1 1 0 2 4 5 14 5 4 2 5 3 1 0 0 0 0 0 0 0 0 0 0 0 0 0 0 0 0 0 0 0 0 0 0 0 0 1 
1 2 0 2 4 4 3 12 8 6 5 0 1 5 0 1 0 0 0 1 0 0 1 0 0 0 0 0 0 0 0 0 0 0 0 0 0 0 0 0 
1 2 2 0 1 4 4 8 27 21 11 9 3 2 0 1 0 0 0 0 0 1 0 0 0 0 0 0 0 0 0 0 0 0 0 0 0 0 0 0 
1 1 0 1 3 3 7 12 11 4 11 7 2 4 2 0 0 1 1 0 1 0 0 0 0 0 1 1 0 0 0 0 0 1 0 0 0 0 0 0 

0 0 0 0 0 1 7 87 81 4 4 1 0 0 0 0 1 0 0 0 0 0 0 0 0 0 0 0 0 0 0 0 0 0 0 0 0 0 0 0 
0 2 0 0 1 2 19 113 69 13 5 1 1 3 0 0 0 1 0 0 0 0 0 0 0 0 0 1 0 0 0 0 0 0 0 0 0 0 0 0 
1 2 0 0 3 3 19 214 68 10 4 1 1 2 0 1 1 0 1 0 0 0 0 0 0 0 0 1 0 0 0 0 0 0 0 1 0 0 0 0 
1 0 1 2 1 2 12 125 99 4 3 3 3 0 0 0 0 0 0 0 0 0 0 0 0 0 0 0 0 1 0 0 0 0 0 0 0 0 0 0 
4 1 2 2 2 4 25 238 53 8 3 0 0 0 0 0 0 1 0 0 1 0 0 0 0 0 0 0 0 0 0 0 0 0 1 0 0 0 0 0 
2 3 5 5 5 9 21 73 53 16 4 2 0 0 1 0 1 0 0 0 0 0 0 0 0 0 1 0 0 0 0 0 0 0 0 0 0 0 0 0 
1 2 4 6 1 17 24 99 105 10 13 6 2 0 4 1 0 0 0 0 0 1 0 0 1 0 1 0 0 0 0 0 0 0 0 0 0 0 0 0 
4 1 3 4 10 12 13 48 48 4 2 2 0 2 0 0 0 0 0 0 0 0 1 0 0 0 0 0 0 0 0 0 0 0 0 0 0 1 0 0 
1 0 1 2 6 7 8 19 17 4 3 2 0 1 2 0 0 0 0 0 0 0 0 0 0 0 0 0 0 0 0 0 0 0 0 0 0 0 0 0 
0 1 0 1 1 3 4 16 15 2 4 1 3 0 2 1 0 0 1 1 0 0 1 0 0 0 0 0 0 0 0 0 0 0 0 0 0 0 0 0 
2 1 0 3 2 5 1 13 12 6 2 1 1 0 1 0 0 0 0 0 0 0 0 0 1 0 0 0 0 0 0 0 0 0 0 0 0 0 0 0 
0 0 2 1 5 6 8 15 13 5 2 4 3 1 0 0 1 0 1 0 0 0 0 0 0 0 0 0 0 0 0 0 0 0 0 0 0 0 0 0 
3 2 1 2 3 3 2 19 24 5 5 1 3 2 1 0 1 0 0 1 1 0 0 1 0 0 0 0 0 0 0 0 0 0 0 0 0 0 0 0 
1 0 3 1 2 5 14 31 26 10 6 3 0 0 0 2 1 0 0 0 0 0 0 0 0 0 0 0 1 1 0 0 0 0 0 0 0 0 0 0 
0 2 1 0 2 8 5 10 10 4 6 0 1 0 0 0 0 0 0 2 0 0 0 0 0 0 0 0 0 0 0 0 0 0 0 0 0 0 0 0 
0 0 1 3 0 6 3 9 13 5 9 3 2 2 2 1 2 1 0 0 0 0 0 0 0 0 0 1 0 0 0 1 0 1 0 0 0 0 0 0 
2 1 0 1 4 1 1 7 5 3 4 1 1 0 0 0 0 0 0 0 0 1 0 0 0 1 0 1 0 1 0 1 0 0 0 0 0 0 0 0 
1 0 0 3 2 4 2 4 6 4 0 3 5 0 0 0 0 1 1 0 0 0 0 0 0 0 0 0 0 0 0 0 0 0 0 0 0 0 0 0 
0 1 0 3 1 4 2 4 8 0 2 0 3 0 1 1 0 0 0 0 0 0 1 1 1 0 0 0 0 0 0 0 0 0 0 0 0 0 0 0 
2 0 1 0 0 2 2 4 10 4 2 2 0 0 0 0 1 0 0 0 0 1 0 0 0 0 0 0 0 1 0 0 0 0 0 0 0 0 0 0 
2 0 0 1 1 2 2 3 4 2 0 1 1 2 0 0 2 1 1 0 0 0 0 0 0 0 0 1 0 0 0 0 0 0 0 0 0 0 0 0 
0 0 1 0 0 8 2 6 4 9 3 0 1 0 3 0 2 0 0 0 0 0 0 1 0 0 0 0 0 0 0 0 0 0 0 0 0 0 0 0 
0 0 1 1 2 2 2 4 11 9 2 3 3 0 1 0 0 0 0 0 0 0 0 0 0 0 0 0 0 1 0 0 0 0 0 0 0 0 0 0 
1 0 1 2 2 3 5 5 5 4 6 7 3 1 2 0 0 0 1 0 0 0 0 0 0 0 0 0 0 0 0 0 0 0 0 0 0 0 0 0 

1 0 0 0 2 5 9 366 159 8 1 0 1 0 0 0 0 0 0 0 0 0 0 0 0 0 0 0 0 0 0 0 0 0 0 0 0 0 0 0 
3 0 0 1 1 3 11 89 59 5 4 3 1 0 0 0 0 0 0 0 0 0 0 0 0 0 0 0 0 0 0 0 0 0 0 0 0 0 0 0 
4 2 2 0 3 7 7 47 25 19 8 4 2 0 0 2 0 0 0 0 0 1 0 0 0 0 0 0 0 0 0 0 0 0 0 0 0 0 0 0 
1 0 1 3 0 3 5 16 36 5 6 3 8 1 1 2 1 1 0 1 0 1 0 0 0 0 0 0 0 0 0 0 0 0 0 0 0 0 0 0 
0 0 2 1 3 7 15 19 14 3 5 2 1 2 0 1 0 0 1 0 0 1 0 0 0 0 0 0 0 0 0 1 0 0 1 0 0 0 0 0 
1 0 2 1 1 3 6 6 13 5 5 2 2 1 0 0 1 1 0 0 0 0 0 0 0 0 1 0 0 0 1 0 0 0 0 0 0 0 0 0 
1 0 0 2 0 2 4 14 15 4 1 2 2 1 0 0 1 0 0 0 0 0 1 1 0 0 0 0 0 1 0 0 0 0 0 0 0 0 0 0 
4 0 5 0 6 8 8 14 13 7 2 0 0 0 0 0 0 0 0 0 0 0 0 0 0 0 0 0 0 0 0 0 0 0 0 0 0 0 0 0 
0 0 0 2 0 1 5 6 5 2 2 4 0 1 3 0 0 0 0 0 0 0 0 0 0 0 0 0 0 0 0 0 0 0 0 0 0 0 0 0 
0 0 1 1 0 7 0 6 13 4 6 2 1 1 0 0 0 0 0 0 0 0 0 0 0 0 0 0 0 0 0 0 0 0 0 0 0 0 0 0 
1 1 4 1 1 2 8 9 5 6 3 0 1 1 0 0 0 0 1 0 0 0 0 0 0 0 0 0 0 0 0 0 0 0 0 0 0 0 0 0 
0 1 1 2 3 2 5 7 2 6 2 0 1 2 0 0 1 0 0 0 0 0 0 0 0 0 0 1 0 1 0 0 0 0 0 0 0 0 0 0 
0 1 4 2 1 1 7 8 8 2 2 2 2 0 1 2 0 0 0 0 1 0 0 0 0 0 0 0 0 0 0 0 0 0 0 0 0 0 0 0 
2 0 3 2 3 6 10 30 20 7 6 0 0 0 1 0 0 0 0 0 0 0 0 0 0 0 1 0 1 0 0 0 0 0 0 0 0 0 0 0 
2 0 1 1 1 2 4 6 6 3 2 2 3 0 1 0 1 0 1 0 0 0 0 0 0 0 0 0 0 1 0 0 0 0 0 0 0 0 0 0 
1 1 0 2 0 1 1 5 7 0 4 0 2 0 2 0 1 0 1 0 0 0 0 0 0 0 0 0 0 0 0 0 0 0 0 0 0 0 0 0 
0 3 1 1 1 4 9 4 2 2 1 2 1 1 0 0 0 0 0 0 0 0 0 0 0 0 0 0 0 0 0 0 0 0 0 0 0 0 0 0 
3 1 0 2 1 1 2 1 5 0 0 2 1 0 0 0 0 0 0 0 0 0 0 0 0 0 0 0 0 0 0 0 0 0 0 0 0 0 0 0 
0 2 0 1 0 3 2 4 1 2 2 0 1 4 2 1 0 0 1 0 0 0 0 0 0 1 0 0 0 0 0 0 0 0 0 0 0 0 0 0 
1 0 0 1 1 0 1 2 4 5 6 3 3 0 0 0 0 0 0 0 0 0 0 0 0 0 0 0 2 1 0 0 0 0 0 0 0 0 0 0 
0 0 0 0 0 1 1 1 4 3 0 0 1 1 0 0 1 0 0 0 0 0 0 0 0 1 0 0 0 0 0 0 1 0 0 0 0 0 0 0 
0 1 0 1 0 1 0 0 2 2 3 1 2 0 0 0 1 0 1 0 1 1 1 0 0 0 1 1 0 1 1 0 0 0 0 0 0 0 0 0 
0 1 0 0 1 1 7 3 4 7 8 2 0 0 0 0 0 0 0 0 0 1 0 0 0 1 1 0 2 0 1 0 0 0 0 0 0 0 0 0 
1 0 0 0 0 1 1 3 3 4 2 2 2 1 1 0 0 0 1 0 0 0 0 0 0 0 0 0 0 0 0 0 0 0 0 0 0 0 0 0 

1 0 0 2 0 5 4 34 26 5 2 1 1 0 0 0 0 0 0 0 0 0 0 0 0 0 0 0 0 0 0 0 0 0 0 0 0 0 0 0 
1 0 0 0 0 3 1 11 11 3 2 1 0 1 0 1 0 1 1 0 0 0 0 0 0 0 0 0 0 0 0 0 0 0 1 0 0 0 0 0 
0 1 0 1 0 3 3 11 9 0 4 1 4 1 1 1 0 0 0 1 0 0 0 0 0 0 0 0 0 0 0 1 0 0 0 0 0 0 0 0 
1 1 1 0 1 5 8 4 7 5 8 2 1 1 1 0 0 0 1 1 0 0 0 0 0 0 0 0 0 0 0 0 0 0 0 0 0 0 0 0 
1 0 1 0 4 3 3 7 10 2 0 2 0 1 0 1 1 0 1 0 0 0 0 0 0 0 0 0 0 0 0 0 0 0 0 0 0 0 0 0 
4 1 1 1 1 2 6 12 3 5 1 2 0 0 0 0 0 0 0 0 0 0 0 0 0 0 0 0 1 0 0 0 0 0 1 0 1 0 0 0 
2 0 0 3 0 3 5 11 8 5 3 0 2 2 0 1 2 0 0 1 1 0 0 0 0 0 0 0 0 0 0 0 0 0 0 0 0 0 0 0 
1 0 1 0 3 4 5 8 8 5 1 0 0 0 0 0 1 0 0 0 0 0 0 0 0 0 0 0 0 0 0 0 0 0 0 0 0 0 0 0 
2 0 2 0 0 2 1 2 2 3 2 1 0 0 0 0 0 0 0 0 0 0 0 0 0 1 0 0 0 0 0 0 0 0 0 0 0 0 0 0 
0 0 1 1 0 4 4 2 6 4 4 3 2 1 2 0 0 0 0 0 0 0 0 0 0 0 0 0 0 1 0 0 0 0 0 0 0 0 0 0 
0 0 0 1 0 0 5 2 2 2 1 0 1 0 1 1 0 0 0 0 0 0 0 0 0 0 0 0 0 0 0 0 0 0 0 0 0 0 0 0 
1 1 1 1 0 2 7 3 5 2 2 1 0 1 1 0 1 0 0 0 0 0 0 0 0 0 0 0 0 0 0 0 0 0 0 0 0 0 0 0 
3 0 0 2 0 3 4 4 6 3 2 2 1 0 0 0 0 0 0 0 0 0 1 0 0 0 0 0 0 0 0 0 0 0 0 0 0 0 0 0 
3 0 1 2 1 4 6 7 7 4 2 0 0 0 0 0 1 0 0 0 0 0 0 0 0 0 0 0 0 0 0 0 0 0 0 0 0 0 0 0 
2 2 1 1 1 0 3 3 4 1 1 4 3 0 0 1 0 1 0 0 0 0 0 0 0 0 0 0 0 0 0 1 0 0 0 0 0 0 0 0 
0 0 0 0 0 6 0 4 9 3 3 1 0 0 0 1 0 0 0 0 0 0 0 0 0 0 0 1 0 0 1 0 0 0 0 0 0 0 0 0 
1 0 0 1 2 3 2 2 2 0 1 0 2 2 1 0 0 0 0 0 0 0 0 0 0 0 0 0 0 1 1 0 0 0 0 0 0 0 0 0 
3 1 0 0 0 3 1 4 1 2 0 0 0 1 0 0 0 0 1 0 0 0 0 0 0 0 0 0 0 0 0 0 0 0 0 0 0 0 0 0 
1 0 1 0 1 0 3 5 3 1 1 1 0 1 1 1 0 0 0 0 0 0 0 0 0 0 0 0 0 0 1 0 0 0 1 0 0 0 0 0 
2 0 0 0 2 0 1 3 2 3 3 0 0 0 0 0 1 0 0 0 0 0 0 0 0 0 0 0 0 0 0 0 0 0 0 0 0 0 0 0 
1 0 0 1 0 1 1 1 1 0 2 1 1 0 0 0 0 0 1 0 0 0 1 0 0 0 0 0 0 0 1 0 0 0 0 0 0 0 0 0 
1 1 0 0 1 0 2 6 4 7 2 0 0 0 1 0 0 0 0 0 0 0 0 0 0 0 0 0 0 0 0 0 0 0 0 0 0 0 0 0 
0 0 0 0 0 2 1 2 3 2 1 1 2 0 0 0 0 0 0 0 0 0 0 0 0 0 0 0 1 0 0 0 0 0 0 0 0 0 0 0 
0 0 0 0 0 0 4 4 1 4 5 2 1 3 0 0 0 1 0 0 1 0 0 0 0 0 0 0 0 0 0 0 0 0 0 0 0 0 0 0 

0 0 0 0 0 1 3 19 10 1 0 0 1 0 0 0 0 0 0 0 0 0 0 0 0 0 0 0 0 1 0 0 0 0 0 0 0 0 0 0 
0 0 0 2 2 2 2 5 7 0 2 1 0 0 2 0 0 0 0 0 0 0 0 0 0 0 0 0 0 0 0 0 0 0 0 0 0 0 0 0 
0 0 0 1 2 0 3 4 6 3 4 1 2 1 0 0 0 0 0 0 0 0 0 0 0 0 0 0 0 0 0 0 0 0 0 0 0 0 0 0 
2 0 0 1 1 2 1 5 3 0 3 1 2 0 2 0 0 0 0 0 0 0 0 0 0 0 0 1 0 0 0 0 0 0 0 0 0 0 0 0 
0 0 1 0 3 2 3 6 12 1 1 1 0 0 0 0 0 0 0 0 0 0 0 0 0 0 0 0 0 0 0 0 0 0 0 0 0 0 0 0 
0 0 0 1 0 0 0 2 2 2 0 0 0 0 2 0 0 0 0 0 0 0 0 0 0 0 0 0 0 0 0 0 0 0 0 0 0 0 0 0 
1 0 0 1 0 0 0 4 4 2 2 0 0 0 1 1 0 0 0 0 0 0 0 0 0 0 0 0 0 0 0 0 0 0 0 0 0 0 0 0 
0 0 0 0 3 3 5 10 4 1 1 1 0 0 1 0 0 0 0 0 0 0 0 0 0 0 0 0 0 0 0 0 0 0 0 0 0 0 0 0 
2 0 0 1 2 1 1 1 2 1 1 0 0 0 1 1 0 0 0 0 1 0 0 0 0 0 0 0 0 0 0 0 0 0 0 0 0 0 0 0 
0 0 1 0 0 1 1 2 2 1 4 0 2 1 0 1 0 0 0 0 0 0 0 0 0 0 0 0 0 0 0 0 0 0 0 0 0 0 0 0 
0 0 1 1 2 0 3 4 4 0 0 2 1 0 1 0 0 1 0 0 0 0 0 0 0 0 0 0 0 0 0 0 0 0 0 1 0 0 0 0 
0 0 0 1 1 1 7 4 4 2 1 0 0 1 0 0 0 0 0 0 0 0 0 0 0 0 0 0 0 0 0 0 0 0 0 0 0 0 0 0 
1 1 0 1 0 1 2 2 6 0 1 1 2 3 1 0 0 0 0 0 0 0 0 0 0 0 0 0 0 0 0 0 0 0 0 0 0 0 0 0 
5 0 1 1 2 1 2 5 4 5 1 1 0 1 0 1 0 0 1 0 0 0 0 0 0 0 0 0 0 0 0 0 0 0 0 0 0 0 0 0 
0 2 0 1 0 2 3 1 4 0 0 0 1 0 0 1 0 0 0 0 1 0 0 0 0 0 0 0 0 0 0 0 0 0 0 0 0 0 0 0 
1 0 0 1 0 2 0 2 5 1 4 0 2 2 0 0 1 0 0 0 0 0 0 0 0 0 0 0 0 0 0 0 0 0 0 0 0 0 0 0 
0 1 1 1 1 0 4 3 7 0 1 1 0 0 0 0 0 0 0 0 0 0 0 0 1 0 1 1 0 0 0 0 0 1 0 0 0 0 0 0 
0 0 0 0 0 0 1 1 1 1 0 0 0 1 0 1 0 0 0 0 0 0 0 0 0 0 0 0 0 0 0 0 0 0 0 0 0 0 0 0 
0 0 0 2 1 1 0 0 1 0 0 0 1 0 0 1 2 1 0 0 0 0 0 0 0 0 0 1 1 0 0 0 0 0 0 0 1 0 0 0 
2 0 1 1 1 1 0 1 4 4 3 1 1 0 0 1 0 0 0 0 0 0 0 0 0 0 0 0 1 0 0 0 0 0 0 0 0 0 0 0 
1 2 0 0 1 0 1 2 1 0 1 1 0 0 0 0 0 0 0 0 0 0 0 0 0 0 0 0 0 0 0 0 0 0 0 0 0 0 0 0 
0 2 0 1 1 2 0 1 0 0 0 0 3 0 0 0 0 0 0 0 0 0 0 0 0 0 1 0 0 0 0 0 0 0 0 0 0 0 0 0 
1 0 1 0 1 0 1 1 1 4 5 1 2 2 2 0 0 0 0 1 0 0 0 0 0 0 0 0 0 1 0 0 0 0 0 0 0 0 0 0 
0 0 0 0 0 0 2 0 0 0 0 0 0 0 0 2 0 0 0 0 0 0 0 0 0 0 0 0 0 0 0 0 0 0 0 0 0 0 0 0 

0 0 0 0 0 3 1 9 4 0 1 1 0 0 0 0 1 0 0 0 0 0 0 0 0 0 0 0 0 0 0 0 0 0 0 0 0 0 0 0 
0 1 0 0 1 0 1 4 1 0 0 0 1 0 1 0 0 0 0 0 0 0 0 0 0 0 0 0 0 0 0 0 0 0 0 0 0 0 0 0 
0 0 0 0 1 1 0 1 2 5 1 3 0 0 0 1 0 0 0 0 0 0 0 1 0 0 0 0 0 0 0 0 0 0 0 0 0 0 0 0 
0 0 1 0 0 1 1 5 3 0 1 0 1 0 0 1 0 0 0 0 0 0 0 0 0 0 0 0 0 0 0 0 0 0 0 0 0 0 0 0 
0 1 0 0 1 1 3 2 2 2 1 2 1 0 0 0 0 0 0 0 0 0 0 0 0 0 0 0 0 0 0 0 0 0 0 0 0 0 0 0 
3 0 0 1 0 0 0 0 1 1 0 0 0 0 0 0 1 0 0 0 0 0 0 0 0 0 0 0 0 0 0 0 0 0 0 0 0 0 0 0 
3 0 0 1 1 1 2 5 6 0 4 2 0 0 0 0 0 0 0 0 0 0 0 1 0 0 0 0 0 0 0 0 0 0 0 0 0 0 0 0 
0 0 1 0 0 1 7 6 3 1 0 1 0 0 0 0 0 0 0 0 0 0 0 0 0 0 0 0 0 0 0 0 0 0 0 0 0 0 0 0 
0 0 0 0 0 0 0 1 1 2 0 0 2 0 1 0 1 0 0 0 0 0 0 0 0 0 0 0 0 0 0 0 0 0 0 0 0 0 0 0 
0 1 1 3 0 2 2 3 5 1 2 0 1 0 0 0 1 0 0 0 1 0 0 0 0 0 0 0 0 1 0 0 0 0 0 0 0 0 0 0 
1 0 1 2 1 1 2 3 1 0 1 0 0 0 1 0 0 1 0 0 0 0 0 0 0 0 0 0 1 0 0 0 0 0 0 0 1 0 0 0 
0 0 1 0 0 1 0 2 2 1 2 0 2 0 0 0 0 0 0 0 0 0 0 0 0 0 0 0 0 0 0 0 0 0 0 0 0 0 0 0 
1 0 0 2 2 1 0 3 2 0 1 0 1 1 0 0 0 0 0 0 0 0 0 0 0 0 0 0 0 0 0 0 0 0 0 0 0 0 0 0 
0 1 0 1 1 3 1 6 2 2 0 0 0 0 0 0 0 0 0 0 0 0 0 0 0 0 0 0 0 0 0 0 0 0 0 0 0 0 0 0 
0 1 0 0 0 0 1 3 1 1 1 1 1 0 1 0 0 0 0 0 0 0 0 0 0 0 0 0 0 0 0 0 0 0 0 0 0 0 0 0 
0 1 0 0 0 2 2 1 3 1 0 0 0 0 0 0 0 1 0 0 0 0 0 0 0 0 0 0 0 0 0 1 0 0 0 0 0 0 0 0 
2 1 1 0 0 0 1 3 2 0 0 1 1 0 0 0 0 0 0 0 0 0 0 0 0 0 0 0 1 1 0 0 0 0 0 0 0 0 0 0 
0 0 0 1 1 0 4 0 0 0 0 0 1 0 0 1 0 0 1 0 0 0 0 0 0 0 0 0 0 0 0 0 0 0 0 0 0 0 0 0 
0 0 0 0 0 0 0 2 1 0 0 0 0 0 0 1 0 0 0 0 0 0 0 0 0 0 0 0 0 0 0 0 0 0 0 0 0 0 0 0 
0 0 0 0 0 0 1 1 1 2 1 1 0 0 0 0 0 0 0 0 0 0 0 0 0 0 0 0 0 0 0 0 0 0 0 0 0 0 0 0 
0 1 1 0 1 0 1 0 0 0 0 1 1 1 0 0 0 0 0 0 0 0 0 0 0 0 0 0 0 0 0 0 0 0 0 0 0 0 0 0 
0 1 0 0 0 0 0 1 3 1 1 0 0 0 3 0 0 0 0 0 0 0 0 0 0 0 0 0 0 0 0 0 0 0 0 0 0 0 0 0 
0 0 0 0 1 1 0 3 2 2 3 1 1 1 0 0 0 0 0 0 0 0 0 0 0 0 0 0 2 0 0 0 0 0 0 0 0 0 0 0 
0 0 0 1 0 0 0 1 0 2 0 0 0 0 0 0 0 0 0 0 0 0 0 0 0 1 0 0 0 0 0 0 0 0 0 0 0 0 0 0 

0 0 1 0 0 0 0 8 1 0 0 0 0 0 0 0 0 0 0 0 0 0 0 0 0 0 0 0 0 0 0 0 0 0 0 0 0 0 0 0 
0 0 0 0 0 0 0 6 5 1 0 0 0 0 0 0 0 0 0 0 0 0 0 0 0 0 0 0 0 0 0 0 0 0 0 0 0 0 0 0 
0 0 0 0 0 0 2 0 0 1 0 1 0 0 0 0 0 0 0 0 0 0 0 0 0 0 0 0 0 0 0 0 0 1 0 0 0 0 0 0 
0 0 0 0 0 1 1 1 7 1 1 0 1 0 0 0 0 1 0 0 0 0 0 0 0 0 0 1 0 0 0 0 0 0 0 0 0 0 0 0 
0 0 0 0 1 2 4 2 4 1 0 0 1 0 0 1 0 0 0 0 0 0 0 0 0 0 0 0 0 1 1 0 1 0 0 0 0 0 0 0 
0 0 0 1 0 0 0 1 1 0 0 0 0 0 0 0 1 0 1 0 0 0 0 0 0 0 0 0 0 0 0 0 0 0 0 0 0 0 0 0 
0 0 0 1 0 0 1 2 3 0 0 1 0 0 0 0 0 0 0 0 0 0 0 0 0 0 0 0 0 0 0 0 0 0 0 0 0 0 0 0 
0 0 0 0 2 1 1 1 1 3 0 1 0 0 1 0 0 0 1 0 0 0 0 0 0 0 0 0 0 0 0 0 0 0 0 0 0 0 0 0 
1 1 0 0 1 0 0 0 0 0 0 0 0 0 0 0 0 0 0 0 0 0 0 0 0 0 0 0 0 0 0 0 0 0 0 0 0 0 0 0 
0 0 0 0 0 0 1 0 1 1 1 0 0 0 0 0 0 0 0 0 0 0 0 0 0 0 1 0 0 0 0 0 0 0 0 0 0 0 0 0 
0 0 1 1 1 0 3 1 5 1 0 2 0 0 0 0 0 0 0 0 0 0 0 0 0 0 0 0 0 0 0 0 0 0 1 0 0 0 0 0 
0 0 0 0 1 2 2 2 1 0 0 0 0 0 0 0 0 0 0 0 0 0 1 0 0 0 0 0 0 1 0 0 0 0 0 0 0 0 0 0 
0 1 0 0 1 0 0 1 1 2 1 0 0 0 1 1 0 0 0 0 0 0 0 0 0 0 0 0 0 0 0 0 0 0 0 0 0 0 0 0 
0 0 2 0 1 2 2 1 7 1 0 1 0 0 0 0 0 0 0 0 0 0 0 0 0 0 0 0 0 0 0 0 0 0 0 0 0 0 0 0 
1 0 0 0 0 0 2 1 0 1 0 0 0 0 0 0 0 0 0 0 0 0 1 0 0 0 0 0 0 0 0 0 0 0 0 0 0 0 0 0 
1 0 2 0 0 0 1 0 1 2 0 1 1 0 0 0 1 1 0 0 0 0 0 0 0 0 0 0 0 1 0 0 0 0 0 0 0 0 0 0 
0 0 0 0 1 1 1 2 3 1 1 2 1 0 0 0 0 0 0 0 0 0 0 0 0 0 0 0 0 0 0 0 0 0 0 0 0 0 0 0 
0 0 0 0 1 1 1 0 0 0 0 0 0 0 0 0 0 0 0 0 0 0 0 0 0 0 0 0 0 0 0 0 0 0 0 0 0 0 0 0 
0 0 0 0 1 0 0 1 0 0 1 0 1 0 0 0 1 1 0 0 0 0 0 0 0 0 0 0 0 1 0 0 0 0 0 0 1 0 0 0 
0 0 1 0 0 1 1 3 1 2 0 2 0 0 0 0 1 0 0 0 0 0 0 0 0 0 0 0 0 1 0 0 0 0 0 0 0 0 0 0 
0 0 0 0 0 0 0 0 0 0 1 0 0 1 0 0 0 0 1 0 0 0 0 0 0 0 0 0 0 0 0 0 0 0 0 0 0 0 0 0 
0 0 0 0 0 0 1 0 0 1 1 2 0 1 0 0 0 0 0 0 0 0 0 0 0 0 0 0 0 0 0 0 0 0 0 0 0 0 0 0 
0 1 0 1 0 1 0 3 1 0 0 1 0 0 0 0 1 0 0 0 0 0 0 0 0 0 0 0 0 0 0 0 0 0 0 0 0 0 0 0 
0 0 0 0 0 0 0 0 0 0 2 0 0 0 0 0 0 0 0 0 0 0 0 0 0 0 0 0 1 0 0 0 0 0 0 0 0 0 0 0 

0 0 0 0 0 0 0 4 3 0 0 0 0 0 0 0 0 0 0 0 0 0 0 0 0 0 0 0 0 0 0 0 0 0 0 0 0 0 0 0 
0 0 0 1 0 0 0 5 1 1 0 0 0 0 0 0 0 0 0 0 0 0 0 0 0 0 0 0 0 0 0 0 0 0 0 0 0 0 0 0 
0 0 0 0 1 1 0 3 5 4 1 1 0 0 1 0 0 0 0 0 0 0 0 0 0 0 0 0 0 0 1 0 0 1 0 0 0 0 0 0 
1 0 0 0 0 0 0 1 2 2 1 0 0 1 0 0 0 1 0 0 0 0 0 0 0 0 0 0 0 0 0 0 0 0 0 0 0 0 0 0 
0 0 1 0 1 0 2 5 3 1 2 0 0 0 0 0 0 0 0 0 0 0 0 0 0 0 0 0 0 1 0 1 0 0 0 0 0 0 0 0 
0 0 0 0 0 1 2 7 7 1 0 0 1 0 0 0 0 1 0 0 0 0 0 0 0 0 0 0 0 0 0 0 0 0 0 0 0 0 0 0 
0 0 1 0 0 1 1 0 5 0 0 0 0 0 0 0 0 1 0 1 0 0 0 0 0 0 0 0 0 0 0 0 0 0 0 0 0 0 0 0 
0 0 1 0 0 0 2 3 2 1 1 0 0 2 0 0 0 0 0 1 0 0 0 0 0 0 0 0 0 0 0 0 0 0 0 0 0 0 0 0 
1 0 0 2 1 0 0 5 0 4 1 1 3 0 0 2 0 0 0 0 0 0 0 0 0 0 0 0 0 0 1 0 0 0 0 0 0 0 0 0 
0 0 0 0 1 1 1 1 0 0 2 0 1 0 1 0 1 1 0 0 0 0 0 0 0 0 0 0 0 0 0 0 0 0 0 0 0 0 0 0 
0 0 0 0 0 1 2 4 0 1 2 0 0 0 0 0 0 0 0 0 0 0 0 0 0 0 0 1 0 0 0 0 0 0 0 0 0 0 0 0 
0 0 0 0 0 1 3 2 4 1 0 0 1 2 1 1 0 0 0 0 0 0 0 0 0 0 0 0 0 0 0 0 0 0 0 0 0 0 0 0 
0 2 2 0 1 0 1 3 4 1 1 0 0 1 0 0 0 0 0 0 0 0 0 0 0 0 0 0 0 0 0 0 0 0 0 0 0 1 0 0 
0 1 0 1 1 2 2 4 2 2 2 0 0 0 0 0 0 0 0 2 0 0 0 0 0 1 0 0 0 0 0 0 0 0 0 0 0 0 0 0 
1 0 1 0 1 0 2 0 0 1 3 1 1 1 0 1 1 0 0 1 0 0 0 1 0 0 0 1 0 0 0 0 0 0 0 0 0 0 0 0 
1 1 0 0 0 0 1 1 2 2 1 0 0 0 1 1 1 0 0 0 0 0 0 0 0 0 0 0 0 0 0 0 0 0 0 0 0 0 0 0 
1 0 2 0 0 2 0 3 1 0 1 2 0 1 0 1 0 0 0 0 0 0 0 0 0 1 0 0 0 1 0 0 0 0 0 0 0 0 0 0 
0 0 1 2 0 1 0 0 1 0 0 1 0 1 1 0 0 1 0 0 0 0 0 0 0 0 0 0 0 0 0 0 0 0 0 0 0 0 0 1 
0 1 0 0 2 0 1 1 1 1 0 0 0 0 0 0 0 0 0 0 0 0 0 0 0 0 0 0 0 0 0 0 0 0 0 0 0 0 0 0 
0 0 0 0 0 0 1 1 2 0 0 1 1 0 1 0 0 0 0 0 0 0 0 0 0 0 0 0 0 0 0 0 0 0 0 0 0 0 0 0 
0 0 1 1 1 0 0 2 1 0 1 0 0 0 1 2 0 0 0 0 0 0 0 0 0 0 0 0 0 0 1 0 0 0 0 0 0 0 0 0 
0 0 0 0 0 0 1 2 0 1 1 0 0 1 0 0 1 0 0 0 0 0 0 0 0 0 0 0 0 0 0 0 0 0 0 0 0 0 0 0 
0 0 0 0 2 0 0 0 1 4 1 0 1 1 0 0 0 1 0 0 0 0 0 0 0 0 0 0 1 1 0 0 0 0 0 0 0 0 0 0 
1 0 0 0 0 1 1 1 1 0 0 1 0 1 2 0 0 0 0 0 0 0 0 0 0 0 0 0 0 0 0 0 0 0 0 0 0 0 0 0 

