#################################### 
# Matrix Size= (40,1,4)
# Resol      = (20,8,1)
# VoxelSize  = (2,0.125,4)
# nbVal      = 160
#################################### 
0 0 0 0 0 0 0 2 0 8 6 0 2 3 1 3 1 2 0 0 
0 0 0 0 0 0 2 2 3 2 3 0 0 0 0 2 4 0 0 0 
0 0 0 0 0 0 2 4 2 4 3 2 1 3 1 2 1 1 0 0 
0 0 0 0 0 0 1 2 0 8 4 0 1 0 1 1 6 1 0 0 
0 0 0 0 0 1 2 6 2 7 3 0 0 0 2 4 4 0 0 0 
0 1 0 0 1 0 1 2 2 8 5 0 0 0 1 2 4 0 0 0 
0 0 0 0 1 1 0 4 5 12 7 0 0 0 1 1 1 0 0 0 
0 0 0 1 2 2 0 3 0 14 5 4 1 0 2 2 3 0 0 0 
