#################################### 
# Matrix Size= (39.9997,23.9997,39.9995)
# Resol      = (40,24,40)
# VoxelSize  = (0.999993,0.999989,0.999989)
# nbVal      = 38400
#################################### 
0 0 0 0 0 1 0 1 0 2 1 0 1 0 0 0 0 1 0 4 0 6 2 0 0 0 0 1 0 1 0 2 0 0 0 0 0 0 0 0 
0 0 0 0 0 0 0 0 2 2 1 0 1 0 0 1 0 0 0 0 1 10 0 0 0 1 1 2 0 1 0 3 1 0 0 0 1 0 0 0 
0 0 0 0 0 0 0 0 0 0 1 0 0 0 0 1 0 0 0 0 2 2 1 0 0 0 0 0 0 2 0 0 0 2 0 0 1 0 0 0 
1 0 0 0 0 0 0 1 1 2 1 0 1 0 1 1 0 0 0 0 2 2 1 0 0 0 0 1 0 4 0 3 0 0 0 0 0 0 0 0 
0 0 0 0 1 0 0 1 0 2 1 0 1 1 0 1 1 1 1 0 2 3 0 0 2 0 0 2 1 3 0 4 2 1 0 0 0 0 1 0 
0 0 0 0 0 0 0 1 1 1 0 0 0 1 0 0 0 0 0 1 0 0 2 0 0 0 0 1 0 1 0 2 2 1 0 0 0 0 0 0 
0 0 0 0 0 0 0 0 0 2 0 1 0 0 0 0 0 2 0 0 0 0 1 0 0 0 0 0 1 2 0 6 1 2 0 4 0 0 0 0 
0 0 1 0 0 1 2 0 0 3 0 0 0 0 1 1 0 0 0 4 2 2 0 0 1 1 0 0 1 1 3 9 3 0 2 0 0 0 0 1 
1 0 0 0 0 0 0 1 0 0 0 1 0 0 0 0 1 0 0 0 1 0 0 0 2 0 0 0 0 0 2 1 0 0 0 0 0 0 0 0 
0 0 0 0 0 0 0 1 0 0 0 2 0 0 0 2 0 1 0 1 0 0 1 0 0 0 0 4 1 1 1 1 0 0 0 0 0 1 0 0 
0 0 0 0 0 0 1 0 0 3 3 2 0 0 1 0 0 1 1 5 2 2 0 0 2 0 0 2 0 2 1 3 1 1 0 0 0 0 0 0 
0 0 0 0 0 0 0 0 0 0 0 0 2 0 0 0 0 0 0 0 2 0 1 0 0 0 0 0 0 0 0 0 0 1 0 0 0 0 0 0 
1 0 0 0 0 0 0 0 0 0 0 2 0 0 0 0 0 1 0 1 1 1 3 1 1 1 0 0 2 0 0 1 1 0 0 0 2 0 0 0 
0 0 1 0 0 0 0 0 2 3 1 1 0 1 0 1 0 4 1 0 3 1 0 0 0 0 1 0 1 1 0 4 1 1 0 0 0 0 1 0 
0 0 0 0 0 0 0 0 0 0 1 0 0 0 0 0 0 1 0 0 1 1 0 1 0 0 0 0 1 0 0 0 1 0 0 1 0 0 0 0 
0 0 0 0 0 0 0 1 0 1 1 2 0 1 0 1 0 1 0 0 1 1 0 0 2 0 1 0 1 1 0 0 0 1 0 0 0 0 0 0 
1 0 0 0 1 0 0 0 2 1 0 0 0 0 1 1 2 1 3 2 3 1 1 1 1 0 0 0 0 0 0 1 0 0 1 1 0 1 0 0 
0 0 0 0 0 0 0 1 1 0 0 0 0 0 0 0 0 1 0 0 0 0 1 0 0 0 0 0 1 0 0 0 0 0 0 0 0 0 0 0 
0 0 0 0 0 0 0 0 0 1 1 0 0 1 1 0 0 1 0 1 0 1 1 0 0 1 0 0 0 0 0 0 0 1 0 0 0 0 0 0 
0 0 1 0 0 0 1 0 0 0 2 0 0 0 0 2 0 2 2 3 2 1 0 0 0 1 0 3 0 0 0 1 1 0 0 1 0 0 0 0 
0 0 0 0 0 0 0 0 0 1 0 0 1 0 0 0 0 0 1 0 1 1 0 0 0 0 0 0 0 0 0 1 0 0 0 0 0 0 0 0 
1 0 0 0 0 0 0 0 0 0 0 0 0 0 0 0 0 2 1 0 0 2 1 1 0 0 0 1 0 0 0 1 0 1 0 0 0 0 0 0 
0 0 0 0 0 0 0 0 2 1 3 1 0 2 2 1 0 1 1 0 1 0 1 0 0 0 2 1 0 1 1 1 2 1 0 0 0 0 1 0 
0 0 0 0 0 0 0 0 0 0 0 0 0 0 0 0 0 0 0 0 0 0 0 0 0 0 0 0 0 0 0 0 0 0 0 0 0 0 0 0 

0 0 0 0 0 0 0 1 0 1 4 0 0 0 1 1 0 2 1 2 0 2 1 2 0 0 0 0 0 0 0 2 0 2 0 0 0 0 0 0 
0 0 0 0 0 1 0 0 0 1 1 2 0 0 0 0 0 1 0 0 2 0 0 0 1 0 0 0 0 1 2 2 0 1 0 0 0 0 0 1 
0 0 0 0 0 0 0 0 0 0 0 0 1 0 2 0 0 0 0 0 0 0 1 0 0 0 0 1 0 0 0 1 3 1 0 0 0 1 0 0 
0 0 0 0 0 0 0 2 0 0 1 0 0 0 0 0 0 0 0 1 1 0 0 0 0 1 1 1 1 2 1 1 2 0 0 1 0 0 0 1 
0 0 0 0 0 0 1 0 1 5 1 2 2 1 2 0 0 2 0 1 0 1 1 0 0 1 1 0 0 1 0 1 1 0 0 0 1 0 0 0 
0 0 0 0 0 0 1 1 2 1 1 1 0 0 1 0 0 1 0 1 2 0 0 0 1 1 0 0 0 0 0 0 2 1 1 1 0 0 0 0 
0 0 1 0 0 0 0 0 0 1 0 0 0 0 1 1 0 0 0 0 3 0 0 0 0 1 0 0 1 0 4 4 0 1 0 0 0 0 0 0 
0 0 0 0 0 1 0 1 1 2 1 1 0 0 1 1 0 2 1 3 0 0 1 0 0 0 1 1 1 6 0 8 0 1 2 1 1 0 1 0 
0 0 0 0 0 0 0 0 0 2 2 0 2 0 1 0 0 0 1 1 0 0 1 1 0 0 0 0 0 0 1 0 0 0 2 0 0 0 0 0 
0 0 0 0 0 0 0 1 2 0 1 0 0 0 0 1 1 0 0 1 1 1 0 0 0 0 0 0 1 2 1 1 3 0 2 0 0 0 0 0 
1 0 0 0 0 0 0 1 3 3 2 1 1 0 4 0 0 0 0 4 0 2 1 0 0 3 0 2 2 0 0 1 1 0 0 0 0 0 0 0 
0 0 0 0 0 0 0 0 1 2 1 0 1 0 0 0 0 1 1 1 0 1 0 0 0 0 1 0 1 1 0 0 0 0 0 0 0 0 0 0 
1 0 0 0 0 0 1 0 1 0 0 1 0 0 0 0 1 0 0 1 0 1 0 0 0 0 1 0 0 1 1 2 0 0 0 0 0 0 0 0 
0 0 0 0 0 0 0 2 1 3 3 0 2 0 1 1 0 2 3 2 0 3 1 0 0 0 0 0 0 1 1 1 1 2 0 0 0 0 0 0 
1 0 0 0 1 0 0 0 2 0 1 0 0 0 1 0 1 2 1 1 4 1 0 3 1 0 0 0 0 0 0 2 0 1 0 0 0 0 0 0 
0 0 0 0 0 0 0 0 0 0 1 0 1 0 1 1 0 1 0 2 0 2 0 0 0 1 0 0 0 1 0 0 0 0 0 0 0 0 0 0 
0 0 0 0 0 1 0 0 3 0 0 0 0 0 2 1 0 2 4 4 1 1 0 0 0 0 1 1 0 1 1 0 0 0 0 1 1 0 0 0 
0 0 0 0 1 0 0 0 0 0 0 0 0 0 0 0 0 0 1 1 0 0 0 0 0 1 0 0 0 0 1 0 0 0 0 0 1 1 0 0 
0 0 0 0 0 0 0 0 0 0 0 0 1 1 0 0 0 0 0 1 1 1 0 0 0 1 0 2 2 0 0 0 1 0 0 0 0 0 0 1 
0 0 0 0 0 0 0 2 0 1 1 0 1 0 2 0 0 2 0 4 0 0 0 1 1 1 1 0 1 0 4 2 1 2 1 1 0 0 0 0 
0 0 0 0 0 0 0 0 0 0 0 0 0 0 0 0 0 1 1 1 0 0 1 0 0 0 0 0 0 0 0 0 0 0 1 0 0 0 0 0 
0 0 0 0 0 0 0 0 0 0 1 0 0 0 0 0 0 1 0 0 0 1 0 0 0 0 0 0 0 0 0 0 0 0 0 0 0 0 0 0 
0 0 1 0 0 0 0 0 0 1 1 2 1 1 1 1 1 0 0 1 1 0 0 0 1 0 0 0 0 0 0 1 0 1 0 0 0 0 0 0 
0 0 0 0 0 0 0 0 0 0 0 0 1 0 0 0 0 0 0 0 0 0 0 0 0 0 0 1 0 0 1 0 0 0 0 0 0 0 0 0 

0 0 0 0 0 1 0 1 1 5 0 1 1 2 0 0 0 5 0 2 1 2 1 0 0 0 0 1 0 1 1 4 1 1 1 0 0 0 0 0 
0 0 0 0 0 1 0 1 0 1 1 0 0 0 0 0 1 1 0 1 0 2 1 0 0 0 0 0 0 0 1 1 1 0 0 0 0 1 0 0 
0 0 0 1 0 0 0 1 2 1 0 1 1 0 1 0 0 0 2 0 0 2 1 0 0 1 0 0 0 0 1 1 1 0 1 0 0 0 0 0 
2 0 0 0 0 0 0 0 1 0 2 0 1 0 0 0 0 0 0 3 0 1 0 0 0 1 0 0 0 0 2 3 1 2 2 1 0 0 0 0 
1 0 1 0 0 2 1 1 5 7 3 0 1 0 1 2 0 1 1 1 2 2 1 1 1 0 0 0 2 0 2 3 1 0 1 0 0 0 1 0 
0 0 0 0 0 0 1 1 0 0 0 0 0 0 1 1 1 1 0 0 1 0 0 0 0 1 0 1 0 1 1 1 1 0 2 0 0 1 1 0 
0 0 0 0 0 0 0 0 1 3 0 1 0 1 1 0 1 0 0 2 0 0 2 0 0 0 0 0 3 0 0 5 4 0 1 0 1 0 0 0 
0 0 0 0 0 1 0 0 2 2 1 1 0 0 0 1 0 0 2 2 1 2 1 1 1 1 0 1 0 2 1 2 2 2 2 3 0 0 0 1 
0 0 0 0 1 1 0 0 0 0 0 0 0 0 0 0 0 0 0 0 0 0 0 2 0 0 0 0 1 1 0 1 3 0 0 0 0 0 0 0 
0 0 0 0 0 0 0 1 1 1 0 0 0 0 0 0 0 0 1 0 0 0 0 0 0 1 0 1 0 1 1 1 0 0 0 0 0 0 0 0 
0 0 0 1 0 0 1 2 3 4 3 0 0 0 0 1 1 1 0 3 1 2 0 0 0 0 1 1 1 3 2 1 2 1 0 1 0 0 0 0 
0 0 1 0 0 0 0 0 0 0 0 0 0 0 0 0 0 1 0 0 0 0 0 0 1 1 0 0 1 0 0 0 1 0 0 0 0 0 0 0 
0 0 1 0 0 0 0 0 1 1 0 1 0 1 0 0 0 1 1 3 1 0 0 1 0 1 0 0 2 1 0 0 1 1 0 0 0 0 0 0 
0 0 0 1 0 0 2 0 0 4 0 0 1 2 1 0 1 1 1 2 3 2 0 2 0 0 1 2 1 0 2 3 1 0 0 0 0 0 0 1 
0 0 0 0 0 1 0 0 0 0 2 0 0 0 0 1 1 0 0 2 0 1 2 0 1 0 0 0 0 0 0 1 0 0 0 0 0 0 0 0 
0 0 0 0 0 0 0 1 0 0 1 0 0 0 0 0 0 0 0 1 1 0 2 0 0 0 0 0 0 2 0 0 1 0 0 0 0 0 0 0 
0 0 1 0 0 0 1 0 1 2 1 1 0 0 0 0 2 0 3 1 2 3 1 0 0 0 0 0 1 1 1 0 0 0 0 0 0 0 0 0 
0 0 0 0 0 0 0 0 1 0 0 0 0 0 0 1 0 1 1 0 0 0 0 0 0 1 1 0 0 0 0 0 0 0 0 0 0 0 0 0 
0 0 0 0 0 0 0 0 0 1 0 1 1 0 0 0 1 1 0 1 3 1 1 0 0 0 0 1 0 1 0 1 0 0 0 0 0 0 1 0 
0 0 0 0 0 1 0 1 1 2 1 1 0 1 1 2 1 2 1 2 1 1 0 0 0 1 1 1 1 0 1 2 0 0 0 0 0 0 0 0 
0 0 0 0 0 0 0 1 0 0 1 0 0 0 0 0 0 0 0 0 0 1 0 0 1 0 0 0 0 0 0 0 0 0 0 0 0 0 0 0 
0 0 0 0 0 0 0 0 0 0 0 0 0 1 0 2 0 0 0 0 1 0 1 0 0 0 0 0 0 1 0 1 0 0 0 0 0 1 0 0 
0 0 0 0 0 2 0 0 1 2 0 1 1 0 0 0 2 2 3 1 0 1 1 0 0 0 1 0 1 0 1 0 1 0 0 0 1 0 0 0 
0 0 0 0 0 0 0 0 0 0 1 0 0 0 0 1 0 0 0 0 0 0 0 0 0 0 0 0 0 0 0 0 0 0 0 0 0 0 0 0 

0 0 0 0 0 0 0 1 1 6 7 2 0 0 0 2 0 3 1 4 1 3 2 2 0 0 0 3 1 0 0 7 4 2 0 1 0 0 0 0 
0 0 0 0 0 0 0 0 0 4 3 2 0 1 0 0 2 4 2 1 1 2 1 3 0 0 1 1 0 2 1 4 2 1 0 0 0 0 1 0 
0 0 0 0 0 0 0 0 3 1 1 5 0 0 0 1 0 0 0 2 0 0 2 1 0 1 0 0 0 0 2 4 4 4 2 0 1 0 0 1 
1 0 0 0 0 0 0 2 2 2 7 1 0 0 0 1 0 0 0 3 3 4 2 1 0 0 0 0 1 1 3 5 3 1 1 0 0 0 0 1 
1 0 0 0 0 6 5 4 2 8 1 3 1 1 1 1 0 1 2 5 2 5 3 1 0 2 2 0 2 1 2 6 2 1 2 1 0 0 0 0 
0 0 0 0 0 0 0 0 0 2 0 2 1 1 0 0 0 0 3 0 1 0 2 4 0 0 3 1 0 2 5 0 5 4 2 0 1 1 0 0 
1 0 0 0 0 0 0 0 1 1 2 2 0 0 0 0 0 1 1 3 4 0 0 1 0 0 0 2 1 4 2 9 6 2 2 0 0 1 1 1 
0 1 0 1 1 4 3 3 6 8 11 2 1 1 1 1 1 0 7 7 1 1 3 0 3 0 0 3 3 4 1 9 5 3 1 0 0 0 0 0 
0 0 1 0 1 1 0 2 0 3 3 0 1 0 1 0 1 1 0 2 0 1 1 0 0 2 1 2 0 3 4 1 2 0 1 0 0 0 0 0 
0 0 1 0 0 0 1 0 1 2 0 0 1 1 0 0 1 1 1 2 1 3 1 3 0 0 0 2 0 2 1 2 1 1 1 1 1 0 0 0 
1 0 1 1 0 1 3 0 4 3 2 1 1 1 2 0 0 1 2 5 3 3 2 1 0 0 0 0 5 2 2 5 2 2 2 0 0 0 0 1 
0 1 1 0 0 0 2 1 1 3 2 0 1 0 0 0 0 2 3 0 0 0 2 2 1 0 0 1 0 1 0 1 1 0 0 0 0 0 0 0 
0 0 0 1 0 1 0 0 0 0 0 0 0 1 0 0 0 0 0 1 4 2 1 0 0 0 0 0 1 0 0 0 2 0 0 0 0 0 1 0 
1 0 0 0 0 1 0 1 5 1 2 0 2 0 2 3 1 1 0 2 4 1 1 1 1 0 2 1 1 2 1 2 2 0 0 1 0 0 0 0 
0 1 0 0 1 1 1 0 0 1 1 2 0 1 0 0 0 1 0 0 2 0 0 0 0 0 0 1 1 1 0 2 0 0 1 0 2 0 1 0 
1 1 0 0 0 0 0 0 0 1 0 0 0 1 0 0 0 2 0 1 2 0 1 0 1 0 0 1 1 1 1 1 2 0 0 0 0 0 0 0 
0 0 0 0 1 1 1 3 1 1 2 1 0 2 1 0 1 0 3 4 2 3 1 3 0 0 1 3 0 1 1 1 0 0 1 0 0 0 0 0 
0 0 0 0 0 0 0 0 0 3 0 1 0 1 0 1 1 1 1 2 1 1 0 1 0 0 0 1 2 0 0 0 0 1 0 1 0 0 0 0 
0 0 0 0 0 0 0 0 0 0 0 1 0 0 0 1 0 1 2 0 2 1 1 0 0 0 0 0 0 0 0 0 0 1 1 1 0 0 0 0 
0 0 0 0 0 0 0 0 1 1 3 3 0 1 1 0 2 1 1 2 4 2 0 1 0 0 0 1 1 0 0 3 2 0 0 0 0 0 0 0 
0 0 0 0 0 0 0 0 0 1 1 0 0 0 0 0 0 0 2 1 0 0 1 0 0 0 0 0 1 0 0 0 0 0 1 0 1 1 0 0 
0 0 0 0 0 0 0 0 1 0 1 1 1 1 2 0 0 0 0 1 2 0 0 0 0 0 1 1 1 0 0 0 0 0 0 0 0 0 1 0 
0 0 0 0 0 1 0 1 0 0 3 3 0 0 2 2 2 0 1 2 2 0 2 0 0 1 2 0 0 0 1 1 2 0 0 0 0 1 0 0 
0 0 0 0 0 0 0 0 0 0 0 0 0 2 1 1 0 0 1 0 0 0 0 0 0 0 1 0 0 1 0 0 0 0 0 0 0 0 0 0 

0 1 0 0 0 1 0 2 0 15 5 3 0 0 0 1 1 4 1 4 1 2 5 1 0 1 1 0 1 1 1 10 8 1 2 4 0 0 0 0 
1 0 1 0 2 0 1 1 1 4 1 1 0 1 1 1 0 0 0 2 0 4 1 0 0 0 1 2 1 1 5 1 4 1 0 0 1 1 0 0 
0 0 0 0 0 0 0 2 0 2 1 0 3 0 1 0 1 0 1 0 0 1 1 2 0 0 0 0 0 2 0 2 3 1 0 0 0 0 0 0 
0 0 0 0 0 0 0 3 3 7 7 5 2 1 2 0 0 2 0 3 1 2 5 0 1 3 1 1 2 1 5 14 1 3 2 1 1 0 0 0 
0 0 0 0 0 1 0 1 5 5 5 4 2 0 0 0 0 1 2 2 2 4 2 1 2 1 0 0 0 3 3 7 1 1 3 1 0 0 0 0 
0 0 0 0 0 1 0 0 0 2 1 0 1 2 0 0 2 0 1 3 1 0 1 0 0 3 0 1 1 0 0 2 3 2 2 1 0 0 0 1 
2 0 0 0 1 1 0 1 1 3 3 1 2 0 2 0 0 6 0 5 2 2 2 1 0 2 1 2 1 3 1 6 2 5 1 0 1 0 0 1 
0 0 0 1 0 0 0 4 1 6 5 3 1 2 1 0 0 4 1 4 4 1 1 0 0 0 0 4 2 5 4 3 2 11 4 0 0 1 0 0 
0 0 0 1 0 1 1 0 1 0 0 1 1 0 0 0 0 0 2 0 2 0 1 2 1 2 0 0 0 1 2 0 2 2 2 0 0 0 1 0 
0 0 0 0 1 0 1 0 0 3 3 2 1 4 1 0 1 1 0 2 3 2 2 0 1 1 1 1 0 4 0 0 4 0 3 1 0 0 0 1 
0 0 3 1 3 0 0 5 1 4 7 2 2 1 2 0 1 0 1 1 1 3 1 1 0 2 0 0 4 3 4 6 1 1 3 1 0 0 0 1 
0 0 0 0 0 1 0 2 2 2 1 0 1 0 0 1 0 0 2 0 0 2 2 0 0 0 0 1 0 0 0 3 1 2 1 2 0 0 1 0 
1 1 0 0 0 0 1 4 1 3 3 0 1 0 1 0 0 1 1 1 0 2 2 1 0 0 1 0 2 1 2 0 1 0 2 0 0 0 0 0 
0 0 1 0 0 1 0 1 2 11 4 3 0 2 0 1 2 4 1 2 3 3 2 0 2 2 0 2 2 1 0 6 1 0 1 1 0 1 0 0 
0 0 0 1 0 1 0 0 1 2 0 0 0 1 1 1 1 0 1 1 3 1 2 0 0 1 0 0 0 1 1 0 0 0 1 0 0 0 0 0 
0 0 0 0 0 1 1 0 0 2 1 1 1 0 3 1 3 1 0 0 2 1 0 2 1 0 0 0 2 0 1 3 0 0 1 0 0 0 0 0 
1 0 0 0 1 1 1 1 1 1 2 1 1 1 0 2 1 2 6 5 3 5 0 1 0 2 0 1 1 4 1 3 2 1 0 2 0 0 0 0 
0 0 0 0 0 0 0 0 0 1 0 1 1 1 1 1 1 2 0 1 0 0 0 1 0 1 1 1 0 0 0 1 1 0 0 0 0 0 0 0 
0 0 0 0 0 0 0 0 0 2 1 1 0 1 0 0 2 0 0 0 3 1 0 1 0 1 0 0 0 1 1 0 0 1 0 0 0 0 0 0 
0 0 1 0 0 0 1 0 0 3 2 1 0 1 3 0 3 1 1 0 3 2 1 3 1 2 1 0 0 0 3 1 5 0 0 0 0 0 1 1 
0 0 0 0 0 0 0 0 1 1 0 0 0 0 1 0 0 0 1 0 0 0 0 1 0 0 1 0 0 2 0 0 1 0 1 0 0 0 0 0 
0 1 0 0 0 0 0 0 0 0 0 2 1 1 1 0 0 0 1 0 0 0 2 0 0 0 0 0 1 1 2 2 0 0 0 0 0 0 1 0 
0 0 0 0 0 1 0 0 2 1 2 2 1 3 1 2 4 1 1 0 1 0 2 1 0 0 0 2 2 1 2 0 3 0 0 0 0 1 0 0 
0 0 0 0 1 0 0 0 1 1 1 0 0 0 0 0 0 0 1 0 0 0 0 1 0 0 0 0 0 0 0 0 2 0 0 0 0 0 0 0 

0 0 0 1 1 1 1 1 1 20 13 3 0 1 0 0 1 6 1 10 3 14 8 1 2 0 0 1 1 2 1 22 12 8 0 1 0 0 0 0 
0 0 0 1 1 0 3 2 6 15 8 6 3 2 1 0 2 1 0 4 2 9 9 0 2 0 0 1 1 5 10 9 11 1 2 2 1 2 2 0 
0 0 0 0 0 0 1 3 1 15 14 6 3 2 2 1 1 0 2 6 1 4 1 2 1 3 2 0 2 2 9 17 9 9 0 0 0 1 0 0 
1 0 0 0 0 2 0 1 1 9 11 1 4 1 2 3 1 1 1 3 3 4 3 0 1 1 0 3 0 1 2 9 16 2 7 0 2 2 0 0 
0 0 0 0 2 0 9 6 10 12 1 2 5 5 1 0 0 1 3 8 2 11 4 0 0 2 2 1 0 6 3 10 11 4 2 1 0 2 2 1 
0 0 0 1 2 2 4 0 1 9 3 4 5 0 2 0 2 1 2 7 2 1 4 1 2 0 0 0 0 3 6 10 6 3 2 3 1 1 1 1 
0 0 0 0 1 1 0 2 1 9 13 5 5 1 1 0 1 3 0 5 5 4 1 1 4 2 2 1 0 3 1 10 13 5 9 0 1 0 3 0 
0 0 0 0 0 2 4 3 8 17 10 0 4 1 0 0 3 4 1 9 6 3 3 2 3 5 0 6 6 10 10 17 9 10 3 1 2 0 2 1 
0 1 0 0 0 0 5 3 0 5 7 2 5 0 1 0 0 0 2 2 2 2 1 1 1 1 1 0 1 4 4 6 1 5 2 2 3 0 0 0 
0 0 0 0 1 2 0 0 0 4 3 2 1 2 2 0 1 0 1 1 6 2 1 2 0 0 0 1 3 1 2 4 4 3 0 1 1 1 1 0 
0 3 3 0 0 0 3 5 5 10 7 3 5 3 2 2 5 2 12 5 4 4 2 3 5 1 2 0 12 3 10 9 9 1 3 1 0 1 0 0 
0 0 0 0 0 1 1 1 4 1 5 0 1 1 2 2 1 4 1 2 2 1 3 1 0 0 1 0 1 0 3 3 2 2 1 0 0 0 0 0 
1 0 0 4 2 2 1 1 3 4 5 4 2 1 0 1 0 2 1 6 1 3 4 0 1 1 2 0 1 2 0 2 2 1 1 0 0 0 0 0 
2 1 1 0 0 4 1 3 3 12 8 3 0 0 1 1 2 2 6 3 4 2 2 2 4 1 1 6 1 5 3 9 5 2 5 2 0 0 0 0 
0 0 1 0 1 0 0 3 1 5 4 3 0 3 2 1 0 2 3 2 3 3 1 2 1 1 1 0 1 1 1 1 2 1 2 1 1 0 0 0 
1 0 0 0 0 0 0 0 1 1 2 2 2 1 0 1 0 1 2 0 3 0 2 2 0 1 1 1 1 2 1 0 3 0 0 0 1 1 0 0 
0 0 0 1 1 1 1 4 4 4 1 2 1 3 3 3 7 2 8 8 4 4 1 2 2 1 1 2 2 0 4 4 2 1 0 1 0 0 0 0 
0 0 0 0 0 0 1 2 4 6 0 0 0 3 1 0 2 1 0 3 0 2 1 1 1 1 0 0 1 0 2 1 3 2 1 0 0 0 1 0 
0 0 0 0 0 0 0 0 1 4 1 0 0 0 0 1 1 0 0 1 1 0 0 0 0 1 2 0 0 1 1 2 5 0 0 0 0 0 0 0 
0 0 0 2 1 1 0 2 1 2 1 2 0 3 2 0 1 2 0 3 5 2 1 3 2 3 4 0 2 0 2 7 5 1 0 0 1 0 0 0 
0 0 0 0 0 0 0 1 0 2 1 0 4 1 0 0 1 2 2 1 1 0 0 1 0 2 2 0 0 1 2 1 1 0 0 0 0 0 0 0 
0 0 0 0 0 1 0 0 0 0 2 0 1 0 0 0 1 1 1 1 2 2 1 0 0 0 1 1 1 1 0 1 2 0 1 0 0 1 0 0 
0 0 0 0 0 0 3 3 4 5 3 6 2 1 1 1 1 2 2 3 0 2 1 2 2 2 1 2 3 4 1 1 2 3 0 0 1 0 0 0 
0 0 0 0 0 1 0 0 1 0 3 2 2 0 1 0 0 0 2 1 1 0 0 0 0 1 0 0 0 0 1 1 1 0 1 0 0 0 0 0 

0 0 0 1 0 2 2 4 6 62 20 1 4 2 2 0 3 4 3 8 3 26 11 2 1 1 2 4 0 7 5 31 29 6 2 1 0 1 1 1 
0 1 0 0 0 0 0 4 9 15 18 2 4 0 1 0 1 1 0 1 2 15 15 3 2 3 0 1 2 3 6 17 14 1 3 1 1 0 0 1 
0 0 1 0 0 0 0 2 1 11 8 5 5 0 1 1 0 4 2 1 3 5 1 2 2 2 0 0 3 2 9 9 7 3 4 2 0 0 0 0 
0 0 0 1 0 2 0 1 6 14 18 5 6 4 2 1 4 2 1 2 6 4 10 4 0 1 2 4 2 2 6 15 14 9 1 3 2 0 0 2 
2 2 0 1 0 0 3 1 9 21 11 5 2 1 2 4 4 2 2 6 8 10 6 0 3 1 1 0 4 2 10 19 9 7 5 1 4 2 1 1 
0 0 0 0 0 2 0 1 3 6 9 6 3 1 0 2 1 2 2 2 4 1 3 2 0 5 1 0 1 1 8 11 9 10 5 3 1 2 0 2 
1 0 1 2 0 2 1 4 5 13 16 4 3 2 5 1 2 1 3 6 5 2 2 3 7 1 3 3 2 8 9 20 12 12 8 3 3 1 1 0 
1 0 0 1 1 2 4 4 3 12 6 6 6 2 4 3 2 2 7 8 4 1 4 3 4 2 3 3 10 7 4 18 15 12 8 6 1 2 0 2 
0 0 1 1 0 0 1 2 1 4 6 4 3 1 0 1 1 3 1 5 3 1 0 0 2 1 2 0 2 1 1 5 8 4 2 0 1 0 0 0 
0 0 0 0 1 1 1 4 6 8 12 9 4 3 2 5 1 2 2 3 4 2 3 2 1 2 1 2 4 1 3 12 14 1 11 2 1 2 2 0 
0 1 0 2 1 1 3 1 7 16 6 2 3 1 2 2 2 1 5 6 2 8 1 4 1 2 1 0 4 9 7 11 7 2 0 2 0 0 1 0 
0 0 0 1 1 0 1 4 1 4 6 1 5 2 2 2 1 3 1 1 2 1 1 3 1 0 2 2 2 0 3 3 5 0 3 0 1 0 0 0 
1 1 0 1 0 2 1 2 1 10 8 6 4 1 4 2 1 1 1 2 5 1 4 2 1 0 1 3 4 2 3 7 6 2 4 1 1 2 0 0 
1 0 2 0 4 2 6 3 11 11 10 2 0 1 0 2 2 3 6 9 7 4 4 6 1 1 0 2 2 0 5 10 7 2 1 0 2 0 1 0 
0 1 0 1 1 0 2 0 1 3 5 2 1 1 2 0 1 1 2 2 2 1 3 0 1 1 1 2 1 1 0 1 0 0 0 0 2 0 0 2 
1 0 1 0 0 0 0 0 1 1 5 5 2 1 1 0 1 1 0 6 7 3 2 0 1 2 1 0 1 2 1 6 2 0 0 0 1 0 0 0 
0 0 1 1 3 0 5 1 4 6 2 2 0 4 1 3 3 5 8 7 5 6 1 1 0 2 2 3 1 2 2 9 2 3 1 0 0 0 1 1 
0 0 0 0 0 0 1 1 0 4 9 2 3 0 1 3 1 0 2 5 2 2 2 2 1 0 0 0 0 1 0 2 0 1 1 0 1 0 0 0 
0 0 0 0 0 0 1 2 0 2 0 0 3 0 1 1 2 0 0 4 2 1 2 0 2 0 0 3 4 0 0 1 1 1 1 0 0 1 0 0 
0 0 1 1 0 1 0 0 2 4 3 2 2 1 3 0 3 2 2 5 3 3 3 0 0 1 0 2 1 6 2 2 2 1 1 1 0 0 0 0 
0 0 0 0 0 0 0 0 1 2 0 0 0 0 0 0 0 0 0 1 1 0 1 0 0 0 0 0 2 2 2 1 1 0 0 0 0 1 0 2 
1 0 0 1 0 0 0 0 0 2 2 0 1 2 2 0 1 2 1 2 2 3 2 0 0 0 1 0 0 1 2 1 6 2 0 0 0 0 0 0 
0 0 0 0 0 1 1 2 1 1 6 6 2 5 2 4 5 0 5 6 4 3 3 0 0 2 1 1 5 3 2 2 3 2 1 0 0 0 0 0 
0 0 0 0 0 0 1 0 0 0 0 0 1 0 0 0 1 0 0 2 0 0 0 0 0 0 0 2 2 0 1 0 0 0 0 0 0 0 0 0 

1 0 0 0 0 0 1 4 17 428 51 9 3 4 3 5 0 2 3 18 5 33 20 4 4 1 1 0 1 2 17 434 61 9 6 2 3 1 1 0 
1 0 1 0 1 0 0 6 43 250 56 7 7 5 2 5 1 5 5 6 12 32 17 7 4 4 3 1 5 6 25 154 49 9 3 1 4 3 3 2 
0 1 0 4 1 5 4 4 26 297 34 12 9 1 5 3 5 5 8 12 27 34 17 18 7 4 3 2 3 5 15 72 26 12 5 5 4 3 2 0 
1 1 0 0 0 0 2 4 20 164 46 5 5 1 2 0 4 4 3 9 11 12 25 7 6 2 2 5 3 12 11 55 51 6 5 2 3 1 1 0 
4 1 2 1 1 2 12 9 39 128 32 5 7 6 0 7 3 8 9 11 5 16 15 5 3 1 1 1 2 11 15 57 62 19 15 7 7 3 1 4 
0 4 1 1 1 4 5 6 45 144 42 18 12 5 2 3 2 3 6 11 11 13 11 6 0 2 3 8 6 10 23 74 69 26 10 7 4 2 3 2 
2 0 0 1 0 4 2 7 11 51 38 12 7 3 4 2 4 4 9 9 8 8 11 7 3 2 3 6 3 13 11 41 43 14 26 2 6 0 3 1 
3 2 0 2 2 1 7 6 31 74 35 15 9 3 5 2 1 9 12 22 12 7 8 3 2 4 4 11 13 6 28 55 64 31 12 4 3 3 1 2 
0 0 3 1 3 3 10 9 26 68 45 10 13 2 2 1 1 3 5 4 6 8 8 6 2 1 5 7 3 22 34 67 73 38 16 8 4 4 3 2 
0 0 0 3 1 6 1 10 5 27 31 12 4 4 3 3 3 6 8 10 6 5 7 1 2 4 3 1 5 10 9 19 31 11 16 5 4 1 3 3 
1 0 1 3 6 3 7 8 19 41 22 16 8 4 1 3 4 6 7 8 8 12 13 3 2 4 4 3 8 10 11 25 15 6 5 2 0 0 2 0 
1 2 2 2 1 1 1 9 27 29 28 10 4 3 1 3 3 5 2 10 3 6 4 4 1 2 1 2 1 3 6 11 9 7 3 3 0 0 2 0 
1 0 0 2 0 4 0 6 11 21 30 9 9 4 3 4 2 1 3 6 4 10 2 3 4 7 2 2 1 5 3 4 12 0 5 2 1 0 3 1 
1 0 0 1 0 2 2 8 20 26 21 10 10 5 2 3 4 7 12 13 10 8 10 6 1 2 2 6 3 8 7 20 5 1 4 0 1 0 0 0 
1 0 1 1 2 2 0 1 4 10 10 3 6 1 1 1 2 1 2 7 5 4 6 2 1 2 2 0 3 0 3 12 7 2 3 1 0 0 0 0 
0 0 1 1 1 1 0 0 4 11 8 5 6 2 1 0 2 4 1 4 3 6 7 0 2 1 1 2 2 3 3 8 7 2 3 1 2 0 1 1 
1 0 0 1 0 2 0 5 5 7 16 6 6 2 1 2 2 6 12 13 9 10 6 4 3 4 3 4 7 5 6 7 5 5 3 0 2 0 1 0 
1 1 0 0 0 0 1 3 5 6 7 3 3 5 4 0 1 3 3 5 2 1 3 1 2 1 2 0 5 1 1 3 1 2 3 1 0 1 0 0 
1 2 0 0 0 1 1 1 3 5 7 3 2 7 5 2 1 5 1 7 3 5 5 3 2 0 3 2 0 3 2 4 4 0 3 0 1 0 1 0 
1 1 0 1 1 1 3 1 7 7 3 3 2 0 2 6 3 8 9 10 9 7 3 4 1 2 4 5 0 8 8 13 7 0 2 0 0 0 0 0 
0 0 1 0 0 1 1 0 2 4 4 2 3 2 0 4 0 3 4 6 1 3 2 1 0 4 0 3 1 1 4 2 5 0 1 0 1 0 0 0 
1 0 0 0 1 2 1 2 0 1 2 7 6 1 4 0 2 0 3 1 2 2 2 1 1 2 2 1 0 1 1 3 4 1 1 0 0 0 0 0 
0 1 1 0 1 1 1 2 1 8 8 13 7 6 1 2 1 0 6 5 5 1 2 2 3 1 0 2 4 5 3 9 2 2 1 0 1 0 0 0 
0 1 0 0 0 0 0 2 1 4 2 3 5 3 2 2 2 1 2 4 2 2 0 1 1 1 2 2 1 1 1 3 1 4 0 1 2 1 0 1 

0 0 0 4 0 1 2 6 9 138 45 12 1 3 2 3 0 8 4 7 14 270 52 5 1 1 2 3 3 5 14 132 58 11 4 3 2 0 0 1 
3 0 0 0 0 0 3 2 20 45 44 11 10 6 7 5 1 5 6 8 29 57 28 6 7 3 3 0 7 4 20 50 35 11 3 7 5 2 4 1 
0 3 1 4 0 5 6 8 19 86 28 6 3 5 3 2 2 5 8 12 44 46 26 14 5 2 2 3 2 3 10 46 30 10 5 5 1 2 2 3 
0 1 1 1 0 1 1 11 12 79 44 2 7 1 4 2 1 1 1 20 28 33 30 9 7 2 5 2 1 9 11 101 97 3 4 4 5 2 1 2 
1 0 1 0 2 0 6 3 17 115 32 9 7 5 5 2 2 3 11 15 7 43 14 7 2 5 3 2 4 5 13 164 146 33 15 3 9 4 2 5 
0 2 0 2 2 5 6 15 20 150 33 11 9 8 1 1 4 4 5 12 25 7 15 10 2 1 1 8 3 15 23 151 143 28 20 13 13 3 6 5 
0 1 0 1 3 5 6 13 11 202 74 10 7 2 5 5 1 5 3 27 34 20 17 4 3 7 3 9 3 8 12 149 175 30 34 3 7 2 4 4 
2 1 1 1 2 2 3 9 19 144 42 5 2 5 2 4 1 5 10 25 21 4 9 4 5 3 2 1 8 12 23 96 132 34 20 9 10 7 1 6 
1 1 3 2 4 1 6 14 23 229 41 14 3 4 3 1 1 4 3 8 6 5 4 5 3 3 4 5 9 18 31 88 98 39 14 8 0 5 1 4 
5 0 0 0 1 6 2 12 13 214 69 15 12 4 1 1 4 6 3 7 13 14 9 3 4 1 3 9 1 9 9 38 58 7 13 5 4 2 4 1 
1 1 1 1 2 3 2 6 16 149 29 5 6 5 2 4 1 1 9 16 13 11 14 4 1 1 3 1 5 4 9 20 22 5 5 0 3 2 1 2 
3 1 3 3 3 4 6 14 34 99 54 19 8 3 3 4 1 1 2 8 5 4 8 7 2 0 2 1 6 6 7 14 10 6 8 5 1 1 1 0 
2 0 1 3 0 4 3 17 19 110 73 14 7 5 6 5 4 2 2 10 12 9 12 2 8 6 3 6 1 5 5 13 28 7 9 0 2 0 2 0 
0 0 2 0 2 1 2 8 21 48 26 10 6 4 2 1 4 4 5 16 15 16 6 5 6 3 2 1 3 6 10 23 12 2 2 4 0 0 0 2 
1 0 1 1 1 1 1 4 6 15 21 7 9 5 3 3 3 5 7 6 7 7 4 5 1 2 1 1 1 1 1 8 4 4 4 2 2 1 1 0 
2 0 2 3 1 2 0 5 3 16 22 8 5 5 6 3 7 5 4 14 13 11 10 2 7 3 2 2 5 3 4 4 5 4 5 4 0 4 2 1 
2 2 2 0 4 1 3 3 8 12 10 10 2 1 5 3 4 7 11 17 17 14 6 6 8 1 1 2 5 4 3 16 10 1 3 1 1 2 0 0 
1 0 0 0 1 1 2 1 3 10 10 5 5 2 2 1 1 2 1 8 14 2 3 2 1 1 2 1 2 1 2 1 5 2 1 1 2 0 1 0 
0 1 0 1 1 0 0 2 2 9 12 3 6 1 1 2 4 4 5 9 5 1 2 3 4 1 4 4 3 3 1 7 7 4 3 0 2 2 0 0 
2 0 0 0 2 0 1 4 4 10 14 3 3 2 2 2 2 3 7 13 12 4 3 4 1 2 3 4 7 9 10 10 8 2 1 1 1 1 0 0 
0 0 0 0 0 1 1 4 6 4 4 3 4 0 0 3 3 2 3 5 4 2 3 1 0 3 1 2 1 4 2 2 4 1 1 4 0 0 0 0 
1 0 0 0 0 1 1 3 1 11 7 6 3 5 6 2 2 3 4 7 6 3 11 6 6 0 1 0 0 6 3 3 6 2 1 0 1 1 0 1 
1 0 0 0 0 0 1 1 2 3 9 18 5 2 1 3 5 5 5 9 3 10 2 3 1 1 1 5 1 2 2 7 9 2 2 1 0 0 0 1 
0 0 0 0 0 0 0 2 0 2 4 2 3 1 3 0 1 0 1 1 4 3 0 0 1 1 1 1 2 3 0 3 2 2 0 0 0 1 0 0 

0 0 1 0 0 1 0 5 2 33 22 2 0 3 1 2 2 8 2 14 4 176 45 10 2 2 1 3 2 5 6 36 26 6 3 1 1 0 1 0 
0 0 0 2 0 0 0 0 3 6 11 3 2 1 2 1 1 7 9 10 155 107 25 1 3 3 3 2 4 1 5 9 8 6 0 5 1 0 0 3 
0 0 0 0 0 0 0 2 3 7 6 3 5 2 1 2 2 4 5 18 230 54 20 9 7 5 4 5 1 2 3 13 14 2 5 2 2 2 2 0 
0 0 0 1 1 3 0 6 3 11 14 1 7 4 3 4 2 3 6 20 201 89 30 5 2 0 1 2 4 4 8 17 24 4 4 4 6 0 3 2 
0 0 0 0 1 1 2 5 4 9 9 2 5 3 7 3 5 15 4 26 237 93 39 9 8 3 3 2 3 8 12 22 30 5 9 5 6 2 0 2 
1 1 5 0 2 2 3 3 9 10 9 8 7 3 1 3 3 14 19 64 689 100 23 9 8 5 6 4 3 3 10 37 40 13 10 11 3 2 1 0 
0 0 0 1 1 2 2 6 6 19 18 9 6 6 2 3 4 3 11 46 677 51 27 11 15 6 6 4 4 6 13 83 125 37 39 4 2 1 3 2 
0 1 1 0 0 2 3 8 12 21 10 7 6 3 3 2 6 6 32 46 220 47 10 9 1 4 5 9 12 7 37 505 200 53 30 4 5 5 1 2 
0 1 2 1 0 0 2 3 8 23 10 5 3 1 4 8 2 6 9 37 137 39 15 10 7 4 3 4 6 13 18 142 63 22 15 8 9 4 2 3 
0 0 0 0 0 4 2 2 9 32 39 9 12 2 6 6 5 4 8 16 45 38 33 3 8 3 3 4 4 10 14 132 87 10 11 4 6 1 4 1 
0 0 0 2 3 1 5 7 17 26 17 4 0 3 4 5 6 4 24 25 46 46 24 8 1 4 6 4 10 10 29 149 52 16 5 3 3 2 0 0 
1 1 0 1 2 2 2 4 8 97 30 10 6 3 0 2 7 3 15 32 63 35 16 14 7 8 4 3 7 12 22 212 61 14 7 2 4 5 2 0 
1 1 1 0 0 2 0 8 6 322 95 4 12 1 1 4 2 6 9 24 30 24 16 7 12 4 3 5 6 10 11 77 74 7 7 0 3 2 1 0 
1 1 0 0 2 1 8 5 32 288 64 13 14 4 7 6 9 10 16 46 51 53 19 13 9 6 7 9 10 5 36 105 48 12 5 3 3 1 1 4 
1 2 0 0 1 8 4 7 16 285 96 10 6 6 4 6 4 10 23 56 87 45 22 11 11 6 3 5 3 2 20 37 28 15 6 2 4 1 3 1 
3 0 3 0 0 0 1 11 11 152 134 17 7 2 3 7 4 5 8 35 44 22 14 16 4 4 5 5 2 6 7 21 24 7 3 0 2 1 1 1 
4 1 1 0 0 1 2 12 21 82 107 12 7 5 3 6 14 11 26 43 44 35 16 3 2 3 9 3 13 10 28 33 24 7 2 2 3 1 0 1 
2 2 1 2 2 3 4 8 17 57 110 25 9 12 6 9 4 12 16 25 42 15 8 5 6 4 3 5 16 23 23 40 35 11 9 4 1 1 1 0 
2 0 0 5 0 3 0 4 3 42 51 17 12 7 9 3 2 5 10 17 19 17 10 6 7 4 5 6 3 4 13 25 28 6 5 5 4 1 2 1 
0 1 1 1 1 0 3 5 10 34 32 15 14 3 7 4 11 6 19 27 38 14 11 4 6 0 6 5 12 14 30 41 17 5 1 2 1 3 0 0 
1 0 0 0 2 1 9 4 12 25 41 24 12 6 6 6 9 13 15 39 37 19 13 15 4 5 2 1 6 8 16 7 12 2 2 0 2 1 2 0 
2 0 0 0 1 3 2 3 3 15 23 14 16 0 6 4 2 2 7 13 27 10 12 3 5 2 1 1 2 6 8 12 7 3 4 1 0 0 1 0 
0 0 0 1 1 3 6 2 2 18 42 53 12 9 5 7 9 7 14 20 17 8 6 5 3 6 6 11 17 12 9 29 23 4 4 2 1 1 0 1 
0 0 3 0 2 2 2 4 5 25 30 37 20 10 6 3 5 4 6 8 8 5 2 0 3 2 1 2 4 6 2 7 17 2 0 0 3 2 0 1 

0 0 0 0 0 0 1 4 2 15 8 1 3 2 0 5 4 13 9 16 3 52 30 8 2 1 0 2 2 9 4 22 6 2 0 2 0 0 2 0 
0 0 0 3 0 1 0 1 1 5 6 4 1 3 5 2 6 5 11 12 17 10 10 6 11 4 8 2 6 0 7 8 5 7 3 2 0 3 3 0 
0 0 0 0 0 1 0 1 0 2 6 4 4 3 3 1 1 1 3 11 10 19 17 9 4 3 2 5 3 6 4 6 5 3 2 3 1 2 2 1 
0 0 0 0 0 1 1 1 1 6 7 1 0 1 1 4 5 3 10 15 18 28 29 4 6 3 6 5 4 5 9 8 8 3 4 2 4 1 1 0 
0 0 0 0 0 1 3 2 2 5 4 1 4 1 3 4 0 6 16 17 44 44 32 10 5 2 6 6 8 5 7 10 20 9 14 7 3 3 6 4 
2 0 0 0 0 2 2 1 5 5 5 2 2 2 7 2 6 6 14 26 67 28 21 12 11 5 6 3 4 6 3 13 19 10 6 9 8 5 2 3 
1 0 1 0 1 2 2 0 3 4 4 6 7 2 1 5 2 11 8 43 160 37 29 7 9 6 6 3 8 4 18 40 69 55 29 1 4 2 1 3 
1 1 0 1 1 0 3 3 2 5 4 3 0 3 7 2 4 5 16 30 136 19 15 7 5 6 7 6 9 5 15 90 545 83 36 7 4 5 3 1 
1 0 1 1 1 1 2 5 3 6 17 7 6 5 4 3 6 10 6 19 132 28 16 10 8 3 4 2 5 10 14 38 59 24 21 17 4 8 4 5 
0 1 0 2 0 5 1 3 2 7 6 3 6 1 4 5 4 7 14 24 269 45 22 5 7 3 4 7 5 8 15 19 42 12 22 3 11 8 7 0 
0 1 1 0 0 1 1 0 3 4 2 7 3 2 7 4 3 8 13 15 108 39 28 5 5 4 9 6 4 11 15 32 42 12 9 6 6 1 1 2 
0 2 0 1 3 3 4 3 1 16 15 8 5 6 1 4 3 2 12 31 152 28 14 7 5 8 6 6 7 11 19 106 33 14 13 11 3 0 2 7 
1 2 0 2 0 3 4 4 8 7 27 5 5 3 3 8 4 9 11 32 420 34 21 10 8 7 5 6 5 13 14 203 81 10 12 3 1 2 3 1 
3 0 3 1 1 1 2 1 20 35 29 7 3 8 8 4 8 6 15 43 248 49 19 11 6 2 4 10 5 4 26 294 44 10 5 6 5 0 2 2 
2 2 4 0 3 2 4 9 12 26 36 9 12 6 12 8 14 15 24 64 247 54 45 17 10 4 4 5 6 10 22 131 53 9 7 1 4 2 2 4 
2 0 0 2 1 6 2 6 14 56 73 14 11 4 7 6 6 10 14 54 635 44 29 10 16 7 5 4 7 11 24 169 42 4 8 8 5 1 1 1 
2 1 0 1 0 1 1 9 15 42 103 21 6 6 1 1 7 7 29 53 493 45 16 6 2 7 2 0 7 10 41 144 23 5 3 4 0 1 3 0 
3 2 2 5 3 6 4 13 22 49 130 26 20 6 6 2 6 11 11 42 86 18 15 8 6 10 6 7 6 17 47 103 40 10 8 4 4 4 3 4 
4 0 0 2 0 5 3 9 6 79 414 22 8 2 7 7 8 9 11 49 120 17 19 4 7 4 5 9 2 16 31 47 53 9 11 2 3 2 1 3 
1 1 0 0 0 0 3 2 9 28 81 18 10 6 2 3 8 7 13 29 68 23 8 1 4 2 10 5 9 6 32 66 17 3 6 3 0 1 1 1 
0 0 1 2 3 4 5 11 11 40 154 35 16 8 10 10 7 12 17 55 67 25 21 14 7 2 2 2 4 9 17 16 11 6 3 1 1 0 0 0 
2 2 0 1 3 3 1 5 7 35 163 37 27 8 6 7 5 8 7 37 59 18 20 7 4 8 3 4 8 13 25 30 31 1 1 3 1 2 1 1 
1 0 0 0 2 0 2 2 7 20 131 100 19 11 6 1 7 5 7 34 27 19 8 4 1 3 6 8 8 19 22 59 19 6 1 0 0 0 0 0 
0 1 0 0 1 2 8 11 30 39 126 155 52 17 13 6 3 3 5 10 10 9 3 1 0 1 2 1 4 9 9 7 6 3 0 1 0 0 0 0 

0 0 0 0 1 0 1 3 1 11 3 7 1 1 2 3 2 22 17 14 3 25 12 5 2 0 2 1 1 5 3 16 7 7 2 1 0 0 0 0 
0 0 0 0 0 0 1 0 1 4 2 1 3 4 3 9 3 13 9 5 9 3 4 2 2 0 1 1 2 4 3 2 3 0 0 0 0 0 0 0 
0 0 0 0 0 0 0 1 2 1 2 2 2 0 2 1 6 5 1 7 11 11 6 4 1 4 2 7 3 6 3 3 6 2 0 1 0 0 2 0 
0 0 0 0 0 0 0 1 0 3 4 4 1 1 0 3 3 6 8 16 19 15 14 5 5 4 3 3 2 7 4 7 13 6 0 0 0 0 1 0 
0 0 0 0 0 0 1 1 1 1 1 1 1 4 1 0 7 11 5 16 13 8 15 5 3 4 0 3 3 6 4 4 4 6 4 7 3 3 0 1 
0 2 0 0 1 0 0 0 0 2 2 2 5 1 2 2 4 3 5 19 5 16 7 5 3 2 2 1 2 4 4 9 6 19 10 10 2 3 3 1 
1 0 0 0 0 0 0 3 3 2 6 0 3 2 1 2 1 3 2 14 23 23 15 5 11 5 3 2 3 4 6 10 19 45 33 3 0 1 3 2 
0 1 0 0 0 0 0 0 1 2 3 2 1 5 4 4 7 8 11 17 19 6 9 3 4 3 2 5 3 8 9 17 57 64 28 6 5 1 2 2 
0 2 0 0 0 0 2 4 2 4 3 1 4 1 1 3 5 5 11 18 11 8 12 6 5 2 2 4 5 9 3 9 9 12 3 2 4 6 3 3 
1 0 1 2 1 1 0 1 2 5 7 3 2 7 3 3 2 5 10 14 20 23 21 4 5 4 5 6 3 9 5 6 11 10 10 3 5 0 2 0 
0 1 0 0 1 1 1 0 2 5 4 4 5 2 5 3 12 6 12 18 21 17 12 9 4 4 4 9 7 11 8 13 10 6 3 2 1 1 3 1 
0 0 0 0 0 2 2 2 3 3 7 1 6 2 3 5 3 3 7 12 11 9 9 2 3 5 5 6 3 5 6 17 9 8 6 3 3 0 1 2 
0 2 0 1 0 0 2 4 2 8 6 5 6 1 5 3 4 3 3 14 11 22 16 5 10 0 3 3 3 4 8 11 27 6 6 2 4 1 3 1 
1 0 0 1 0 1 2 2 4 7 6 1 1 5 1 7 6 7 12 29 24 25 11 6 5 7 8 5 3 5 3 19 26 7 2 2 2 1 1 0 
1 0 0 2 0 1 2 3 3 8 7 2 5 2 4 3 2 3 7 28 36 11 16 9 4 8 4 6 5 5 4 19 14 7 3 2 3 2 2 4 
1 0 0 0 1 3 2 4 8 5 15 5 13 4 3 4 10 5 5 25 110 41 34 5 10 6 8 2 1 3 12 30 28 2 9 3 3 2 4 1 
2 0 2 1 2 2 3 6 4 5 9 5 4 1 6 4 8 5 16 53 112 33 13 5 7 8 10 6 6 11 26 152 19 10 6 1 0 2 0 0 
2 3 2 0 1 1 4 4 6 9 15 7 3 1 3 4 3 12 7 29 52 19 10 7 8 4 3 1 6 8 40 77 14 7 3 3 4 4 2 2 
0 1 0 2 1 5 1 7 4 19 27 8 5 8 1 3 4 5 6 29 330 18 12 2 6 5 1 2 8 11 42 175 39 4 9 1 4 1 2 0 
0 0 0 1 1 1 2 2 4 9 14 8 5 1 3 4 8 11 22 44 286 19 12 5 7 4 5 5 11 8 207 181 30 10 4 2 3 0 1 0 
1 1 0 0 0 2 2 3 5 9 21 12 9 7 2 4 1 3 9 24 120 11 6 5 5 5 2 4 7 12 259 44 20 6 3 4 2 0 1 0 
0 0 0 0 1 2 2 3 6 26 47 24 21 3 8 6 4 2 3 37 373 20 10 2 4 5 2 4 8 16 333 79 40 6 7 2 3 1 3 3 
0 2 0 1 2 0 2 4 4 15 209 180 21 2 5 3 2 6 16 64 315 29 17 2 9 3 4 13 15 31 345 103 36 5 5 1 2 1 0 0 
3 0 1 0 2 2 3 3 8 11 79 138 22 9 3 7 1 4 14 44 346 26 9 2 3 3 4 8 13 56 480 56 3 6 5 3 1 0 1 0 

0 0 1 0 0 0 0 2 1 9 2 3 1 1 0 4 7 70 36 8 5 13 8 4 2 4 3 3 2 7 2 11 4 0 3 1 0 0 1 0 
0 0 0 0 1 1 0 1 0 0 1 1 3 1 2 5 6 20 22 5 5 6 10 3 2 2 2 2 3 4 2 2 2 5 1 0 2 0 1 0 
0 0 0 0 0 1 0 0 2 2 1 1 1 0 4 4 3 6 13 7 7 2 7 10 6 2 3 4 0 3 6 1 2 1 0 2 0 1 1 1 
0 0 0 0 0 0 0 0 0 0 0 3 0 5 0 3 3 5 10 23 19 4 1 1 4 2 3 3 5 7 9 5 2 3 3 0 2 0 1 0 
0 0 0 0 0 0 0 1 1 4 0 1 4 0 3 2 6 8 10 20 13 3 11 1 5 6 4 4 6 4 6 4 12 4 11 7 4 6 1 1 
0 0 0 0 0 0 2 1 1 1 2 1 1 3 0 3 1 5 8 9 17 6 6 8 4 1 5 5 1 4 7 8 8 2 3 4 4 1 5 3 
0 0 0 0 0 2 0 2 0 2 3 1 2 1 1 2 1 8 6 15 19 16 16 8 8 3 3 4 0 8 9 10 10 18 14 0 1 2 3 0 
1 0 1 0 0 0 0 1 2 1 3 1 1 3 1 3 5 4 6 18 10 1 4 4 3 2 6 5 5 10 6 9 5 15 8 5 3 3 3 3 
0 0 0 1 0 1 0 3 1 7 2 2 1 1 3 2 5 3 6 13 11 8 6 3 5 2 1 3 7 6 4 10 13 6 9 11 7 5 2 3 
1 0 0 1 0 0 1 1 1 2 1 3 1 1 2 2 2 5 4 9 5 10 16 2 6 5 6 5 2 2 5 2 14 5 8 2 5 0 2 1 
1 0 0 0 2 1 3 0 2 2 3 3 2 0 3 6 5 5 7 14 16 11 13 6 2 5 4 9 5 7 12 7 2 4 1 1 1 1 0 1 
0 0 0 1 0 1 1 0 2 5 4 3 6 2 2 2 3 5 6 17 10 7 6 4 9 6 3 4 3 6 8 5 7 6 4 2 2 1 1 2 
0 1 0 0 0 0 0 3 5 3 0 2 3 2 2 6 2 1 8 11 11 14 18 6 10 10 5 8 8 1 2 13 12 5 2 0 8 1 4 3 
0 0 2 1 1 0 0 2 2 2 4 2 3 1 1 4 3 5 6 14 12 26 14 9 5 4 7 11 6 6 9 17 12 5 0 0 1 0 1 2 
1 0 0 1 0 0 0 7 2 5 2 3 3 3 2 1 2 4 7 9 14 15 7 5 7 4 3 8 8 3 5 5 8 7 5 2 2 2 3 0 
0 0 0 1 0 2 1 3 2 4 4 2 5 5 3 6 5 2 5 18 9 13 17 4 7 2 5 5 10 2 5 6 16 3 5 0 2 1 2 2 
0 2 2 0 1 1 0 1 1 3 3 4 1 3 4 3 2 7 13 24 22 27 15 10 4 8 3 8 5 4 10 13 7 3 3 1 1 0 0 1 
4 0 0 0 1 2 2 5 5 6 9 5 3 4 1 7 5 10 8 22 21 13 8 3 7 7 4 5 8 9 10 12 17 7 4 4 0 2 3 2 
0 1 0 1 0 1 1 4 1 11 4 6 3 4 3 4 2 5 7 14 23 10 10 8 5 4 6 2 6 5 8 16 22 5 12 2 7 1 1 0 
1 0 1 1 1 1 2 2 4 6 6 2 3 2 1 1 4 4 4 18 22 23 13 7 7 9 8 15 7 10 27 39 11 2 4 1 2 1 0 1 
0 0 0 1 0 2 4 5 1 4 8 0 5 3 4 0 6 5 8 18 17 12 6 4 3 8 2 3 3 17 15 23 15 7 4 5 2 2 0 1 
0 0 0 1 1 1 1 2 2 4 2 3 7 4 3 4 4 5 6 14 31 7 9 1 10 6 2 11 4 7 26 53 37 1 4 4 4 0 1 1 
0 0 0 0 0 0 2 3 3 7 18 22 8 6 1 3 2 10 17 26 40 16 9 8 3 3 5 10 14 17 64 65 24 7 1 0 1 0 1 1 
0 0 2 1 1 2 0 2 1 10 23 20 7 3 8 9 8 11 26 32 70 17 11 8 5 4 7 7 28 49 114 55 22 17 9 6 2 1 1 1 

3 0 0 0 0 0 0 2 2 1 2 0 0 2 0 5 383 193 55 13 7 8 6 0 4 5 0 4 1 10 7 11 1 3 0 1 0 0 0 0 
0 0 0 0 0 1 0 0 1 1 2 2 1 0 2 4 11 269 66 10 13 4 3 2 7 1 1 3 4 2 7 1 4 2 1 1 1 2 3 2 
0 1 0 0 0 0 0 0 1 2 0 1 2 3 2 2 10 119 138 23 12 9 8 3 4 0 4 0 6 3 9 7 2 9 2 0 2 2 2 0 
1 0 0 0 0 0 1 0 0 2 0 2 1 2 0 6 11 15 103 60 33 5 9 4 2 1 0 3 3 13 3 3 6 4 4 0 0 0 1 1 
1 0 0 0 0 0 0 2 0 0 2 1 0 1 3 5 12 20 91 163 37 9 8 5 2 5 4 6 15 20 8 6 5 3 6 0 4 3 0 1 
0 0 0 0 0 0 2 0 0 0 2 1 3 1 2 5 6 13 64 180 48 13 16 7 5 4 2 5 4 8 9 5 8 4 5 2 3 0 2 1 
0 0 0 0 1 1 0 0 1 0 3 1 2 1 1 7 1 10 12 57 51 7 7 5 1 5 5 4 5 5 8 5 6 5 4 0 3 1 2 1 
0 0 0 0 1 0 0 0 0 1 2 0 0 1 5 7 8 13 29 58 58 15 12 4 6 4 8 8 11 15 5 7 8 9 4 7 0 0 0 1 
1 0 0 0 0 1 0 2 0 5 1 1 4 3 4 3 4 9 14 38 54 18 18 7 6 2 4 7 5 9 12 8 8 5 3 6 1 0 1 1 
0 0 0 0 0 1 0 3 2 0 3 0 0 2 1 1 3 6 7 17 32 20 20 0 5 2 3 6 5 7 13 2 2 2 10 2 5 1 4 1 
0 0 1 0 0 0 0 1 1 3 3 1 5 2 2 3 10 9 18 29 29 30 15 3 5 6 13 7 12 11 5 14 3 3 3 2 0 1 0 0 
2 0 0 0 1 0 0 2 0 0 3 1 3 2 3 4 3 12 12 28 32 34 29 12 7 3 10 7 5 8 10 6 4 6 3 1 1 1 0 2 
1 1 0 1 1 0 0 2 0 2 2 1 2 3 2 2 2 4 9 13 22 27 23 10 13 12 7 8 6 2 7 7 10 4 2 2 3 1 2 0 
0 0 0 0 0 0 2 0 1 0 4 2 3 3 5 1 8 5 7 22 26 42 24 13 13 8 8 15 7 3 9 9 6 2 2 1 1 1 1 1 
0 0 0 0 0 0 0 0 3 0 2 2 3 4 1 1 3 7 9 15 12 24 19 19 12 9 4 3 6 6 7 2 14 5 5 1 2 0 1 2 
1 1 0 0 0 0 2 3 1 3 7 3 3 2 1 2 1 10 4 12 7 17 25 10 13 9 8 5 7 4 8 4 6 3 5 0 4 2 1 1 
2 0 0 0 0 0 1 0 0 1 2 3 3 1 4 5 7 6 13 33 34 46 28 7 7 5 11 15 7 6 1 10 3 3 2 2 0 0 0 0 
0 0 0 1 0 0 1 1 1 3 4 6 2 0 2 2 5 3 4 18 15 21 12 2 5 7 3 9 3 4 3 4 2 2 3 1 2 3 0 1 
0 0 0 0 0 0 0 3 0 7 1 1 2 3 1 3 3 12 7 13 13 18 20 6 8 3 2 9 5 4 10 11 10 4 6 4 0 0 0 1 
0 0 1 0 1 0 0 0 1 3 1 2 2 1 1 5 5 7 12 16 26 32 25 6 11 6 12 16 8 7 5 11 7 1 0 2 2 1 0 2 
1 0 1 1 2 2 2 0 1 3 2 1 1 1 2 2 5 2 11 9 12 8 14 11 5 3 2 7 3 11 10 7 9 6 5 5 0 2 1 2 
0 1 1 0 0 3 1 0 2 9 1 5 1 3 1 5 2 2 11 10 9 10 16 4 3 6 7 6 8 7 14 17 21 2 9 3 4 0 0 1 
0 0 0 1 1 0 2 1 3 1 8 5 4 4 3 5 4 8 13 13 12 22 14 3 7 8 11 9 11 14 8 22 7 1 3 2 1 2 1 0 
0 0 0 2 3 1 2 4 6 16 12 13 13 9 10 6 6 8 16 19 28 12 17 8 5 4 10 6 10 16 24 23 15 7 7 5 3 1 2 0 

0 0 0 0 0 0 0 0 0 2 0 1 0 3 1 7 14 90 40 23 8 9 2 2 3 3 3 6 3 13 15 13 5 3 1 1 0 1 0 1 
1 0 0 0 0 1 0 0 0 2 1 4 1 2 2 2 11 18 40 9 11 5 10 3 8 3 1 1 7 12 11 5 3 3 6 0 2 0 0 1 
0 0 0 0 0 0 0 0 0 1 1 2 1 1 4 5 5 15 27 19 9 4 6 8 2 4 2 2 4 5 10 5 5 5 1 1 1 0 0 1 
0 0 0 0 0 0 0 0 0 0 1 1 1 3 2 4 7 11 30 31 31 3 5 0 7 5 0 7 4 26 18 3 5 3 0 0 0 0 1 0 
0 0 0 0 0 1 1 0 0 1 2 1 2 1 1 2 2 14 28 58 25 6 8 5 8 2 3 3 2 18 12 8 3 5 6 5 3 1 0 3 
1 0 0 1 1 0 0 0 1 0 4 1 1 2 0 2 10 11 38 152 50 13 12 4 7 2 6 3 8 7 5 4 5 5 1 3 3 1 1 3 
0 0 0 0 0 0 0 0 1 2 1 1 0 2 2 4 6 6 15 154 87 16 7 4 8 1 4 5 5 26 13 7 5 7 8 2 2 0 1 1 
1 2 1 0 0 2 2 0 0 1 1 0 3 0 1 1 3 7 7 102 138 20 10 8 4 7 10 6 10 22 18 8 6 5 4 0 3 1 0 2 
0 0 0 0 0 1 1 0 0 2 4 1 1 3 1 2 4 5 14 50 129 21 11 12 10 4 5 6 7 9 5 6 5 2 6 6 4 2 1 1 
1 0 0 0 0 0 3 0 1 3 1 0 0 2 0 1 5 6 8 27 341 29 31 5 10 2 5 12 7 19 13 5 3 0 2 1 1 1 2 0 
0 0 0 0 0 0 2 0 1 1 0 4 1 1 2 2 2 4 12 36 93 39 18 3 8 7 12 7 21 23 13 5 4 4 2 0 1 0 1 1 
3 0 0 0 1 0 1 1 3 4 3 1 3 2 4 5 5 6 13 45 86 53 24 20 12 8 6 5 14 8 4 3 6 2 5 1 0 0 0 1 
0 1 0 0 0 0 0 0 0 2 3 4 1 5 0 2 1 12 1 24 36 55 33 13 11 12 9 14 13 6 13 10 8 1 6 1 0 1 1 3 
0 0 1 1 1 1 1 0 2 3 3 3 2 1 4 3 4 3 5 21 33 31 29 14 9 7 12 11 7 10 7 8 5 2 1 2 2 1 0 0 
0 0 0 0 0 1 0 0 3 3 2 3 0 4 1 2 3 7 5 20 12 30 23 16 8 5 8 7 5 6 4 5 5 2 0 1 1 0 0 1 
0 0 0 0 0 0 1 2 0 1 1 2 0 7 2 5 7 3 4 9 22 37 33 7 13 4 9 6 8 14 8 4 10 1 2 2 2 1 2 0 
1 0 0 1 0 3 0 0 0 0 0 1 1 3 1 3 8 6 11 26 45 66 33 12 15 11 12 15 11 8 4 8 2 2 3 2 1 0 0 1 
0 1 0 0 0 0 3 0 0 2 3 0 3 0 1 2 1 3 8 14 10 14 16 4 6 8 3 5 5 9 6 2 6 4 4 0 1 1 1 2 
0 0 0 1 0 0 0 0 2 1 1 0 2 3 2 10 2 6 5 10 19 15 25 9 9 7 10 12 9 3 8 1 6 2 2 4 4 0 0 0 
0 0 0 0 0 1 1 3 3 0 1 2 1 4 3 5 5 6 14 16 21 33 17 4 6 6 5 18 11 7 4 6 6 5 2 2 1 1 1 0 
0 0 0 0 0 0 0 0 2 2 1 0 0 3 1 2 2 1 6 8 8 3 5 0 3 6 1 6 2 4 4 4 5 4 3 1 3 0 0 1 
0 0 0 1 0 1 0 1 1 0 0 3 0 5 2 5 4 8 3 12 9 17 17 4 9 5 11 12 12 7 4 4 7 3 1 3 0 0 3 1 
1 1 1 1 1 0 0 2 1 3 7 8 5 4 1 9 4 7 14 10 24 26 19 2 6 10 9 13 11 6 7 18 9 5 3 5 0 1 0 0 
0 0 0 1 0 1 1 1 2 1 1 6 4 3 2 8 4 4 8 12 14 11 5 6 4 4 4 8 7 7 5 8 9 5 2 1 3 2 1 1 

0 1 1 1 0 0 0 0 0 1 5 1 0 2 0 4 3 32 18 8 3 5 5 3 0 4 3 6 2 43 423 23 12 3 1 4 2 1 1 0 
0 0 0 0 0 0 0 1 0 1 0 0 1 4 1 3 7 7 7 5 4 3 4 1 0 2 4 3 11 36 138 20 8 7 4 4 1 0 0 1 
0 0 0 0 0 0 0 0 0 2 0 0 0 2 3 3 2 1 3 5 6 3 3 3 2 2 1 6 10 123 105 13 15 7 2 3 1 1 2 1 
0 0 0 0 0 1 0 1 0 0 0 2 1 1 0 5 4 3 8 20 21 0 7 1 1 4 3 4 6 74 74 12 5 7 1 0 2 0 1 0 
0 0 0 0 0 0 0 0 0 1 3 0 1 1 1 4 5 4 7 9 11 6 1 3 1 0 3 12 34 122 67 11 13 7 3 2 2 2 1 0 
0 0 0 0 0 0 0 0 0 0 0 1 1 1 4 1 4 9 5 14 18 4 3 5 5 3 5 8 35 151 56 25 9 9 4 4 0 5 2 2 
0 0 0 0 0 0 1 0 0 1 3 0 1 4 1 2 4 7 10 11 27 7 6 4 4 3 1 14 17 84 53 9 14 3 11 3 0 0 0 0 
0 0 0 0 0 0 0 0 0 0 1 0 1 3 6 8 3 6 11 19 25 5 3 1 7 4 9 12 50 118 43 15 8 4 4 2 0 2 0 0 
0 0 0 0 0 0 0 0 1 2 0 2 1 2 1 3 3 3 8 15 35 8 10 8 2 2 6 17 46 51 25 10 14 5 5 3 5 4 1 1 
0 0 0 1 0 0 0 0 0 0 1 0 0 3 0 3 3 5 7 24 105 18 16 3 7 7 4 8 26 49 40 11 10 8 4 3 7 4 3 1 
1 0 0 0 0 0 3 0 1 0 1 1 3 3 3 5 5 4 11 28 216 27 21 3 11 10 11 24 64 68 27 14 5 3 4 2 0 1 1 1 
0 0 0 0 0 0 1 1 0 1 0 1 1 3 1 4 2 3 4 12 144 30 8 10 15 11 16 49 78 42 24 7 11 3 3 1 2 0 2 2 
0 0 0 0 0 0 1 3 0 1 1 1 2 2 2 1 6 6 1 20 186 73 41 13 9 12 16 34 47 18 20 9 11 4 5 1 1 1 3 1 
0 1 0 1 0 0 0 0 0 1 0 0 3 1 4 4 6 4 12 19 226 135 41 31 28 9 41 46 48 17 13 5 10 4 3 4 2 1 1 1 
0 0 1 0 0 0 0 0 0 0 2 1 0 2 3 3 10 3 6 32 321 148 57 29 22 20 28 34 35 15 13 4 6 3 1 1 0 0 1 0 
0 1 1 1 0 0 2 2 1 1 3 1 1 4 2 2 2 4 1 22 129 128 83 18 21 9 18 17 30 3 8 5 6 2 3 0 1 3 0 1 
0 1 0 0 1 0 0 1 0 2 3 4 1 4 0 2 8 16 20 35 273 395 81 29 25 11 17 40 38 8 8 1 0 1 0 1 3 0 1 1 
0 0 0 1 1 1 0 1 2 2 1 0 3 3 5 6 7 9 9 30 238 219 45 24 17 18 22 46 36 19 8 4 6 1 4 1 2 2 0 0 
0 1 0 1 1 1 1 1 1 1 4 2 2 2 2 3 0 3 6 31 75 92 59 14 17 10 12 24 30 13 11 4 11 1 3 1 1 1 5 0 
2 0 0 0 0 0 0 1 2 2 0 1 1 3 8 4 9 3 17 37 141 162 48 14 21 6 20 50 22 8 9 10 3 4 4 1 0 1 1 1 
0 0 1 0 1 0 2 4 1 1 0 1 5 3 3 5 6 7 10 27 100 84 33 15 8 16 34 31 31 21 14 5 7 2 2 1 0 7 0 1 
1 1 0 0 1 0 1 2 1 2 1 1 0 3 2 6 3 12 5 17 33 40 26 17 13 8 14 29 16 8 6 5 9 2 2 2 2 1 0 1 
0 0 0 0 0 0 1 0 1 2 4 3 1 2 5 5 9 11 20 29 64 70 25 18 10 17 29 40 22 10 4 6 7 2 0 0 0 0 1 0 
0 0 0 1 1 3 2 3 2 6 8 2 3 7 8 3 7 11 19 40 113 105 37 26 18 33 45 37 19 16 4 12 12 11 5 7 3 3 1 0 

0 0 0 0 0 0 0 1 0 1 1 0 0 2 2 3 6 16 6 2 3 4 2 1 0 4 2 2 4 44 172 22 4 6 2 0 0 1 0 1 
0 0 0 0 0 0 0 0 0 1 0 0 0 3 1 0 3 4 3 7 7 1 1 2 1 3 2 2 10 20 74 17 11 10 7 5 2 0 3 2 
1 0 0 0 0 0 0 0 0 0 1 3 0 2 0 1 3 2 4 3 2 3 3 0 3 0 2 7 5 57 52 20 4 7 9 3 1 1 1 1 
0 0 0 0 0 0 0 0 0 0 0 0 1 2 1 2 5 3 4 6 10 2 2 2 3 1 1 6 2 93 87 11 6 3 8 2 1 2 0 2 
0 0 0 0 0 0 0 0 0 0 1 0 0 0 0 3 0 3 3 10 8 5 2 2 3 2 4 5 16 130 67 10 13 18 8 2 7 4 0 1 
0 1 0 1 0 0 0 0 2 3 2 0 0 2 0 4 2 3 5 5 8 3 6 3 4 9 4 10 13 133 45 15 15 10 7 2 2 2 1 3 
0 0 1 0 0 1 0 0 1 0 0 0 1 0 2 1 1 6 0 6 8 4 5 2 6 4 2 1 7 146 67 8 5 12 5 2 5 1 0 2 
0 0 1 0 0 0 0 0 0 0 2 0 2 1 4 3 3 3 8 8 7 1 4 6 5 3 9 3 29 160 41 10 6 8 5 2 4 2 0 1 
0 0 0 0 0 0 1 0 0 1 2 1 0 2 1 1 5 7 8 13 9 7 8 3 4 3 10 8 53 85 32 15 11 11 4 3 5 1 1 2 
0 0 0 0 0 0 1 1 0 0 1 1 0 1 2 1 4 8 8 4 11 13 11 5 3 7 5 17 246 65 47 6 7 5 6 5 3 0 0 1 
0 0 1 0 0 0 0 2 0 1 0 0 1 2 0 5 9 4 8 10 18 9 7 4 5 11 10 19 246 69 27 8 6 5 0 1 0 3 2 1 
0 0 0 0 0 1 0 1 1 1 1 1 0 1 0 5 3 6 4 7 17 16 3 14 12 12 11 31 165 51 20 25 13 6 5 4 1 2 2 2 
0 0 0 0 0 1 0 0 0 0 0 0 0 2 2 2 4 3 3 8 11 34 25 8 8 16 12 43 581 24 43 9 11 5 5 1 3 2 3 0 
0 0 0 0 1 0 0 0 0 1 2 1 2 3 2 1 2 8 5 10 25 43 31 24 21 13 20 60 223 15 15 7 5 2 3 1 1 2 0 2 
2 1 0 0 0 0 0 0 0 1 2 1 2 3 1 8 3 14 6 24 27 57 80 38 31 25 35 83 85 17 18 11 5 3 3 1 3 2 2 4 
0 0 1 0 0 3 0 1 2 1 2 1 0 5 2 4 9 11 5 25 24 213 296 42 43 12 19 120 140 11 20 4 4 2 5 3 1 0 1 0 
0 1 0 0 0 0 1 0 3 2 1 2 2 5 0 9 1 9 19 22 117 386 87 23 15 12 25 107 51 17 9 3 0 1 2 1 2 2 1 2 
2 1 0 0 0 0 1 1 1 1 3 4 4 2 3 4 5 11 14 24 144 124 56 28 15 19 37 107 72 21 11 9 5 4 2 1 0 1 0 0 
0 0 1 0 0 1 0 1 1 0 2 3 1 5 2 4 4 5 5 22 200 123 54 27 24 12 23 83 59 11 12 7 6 3 2 0 0 0 1 0 
0 0 0 0 0 1 0 1 0 0 1 0 5 1 3 2 5 9 20 30 156 191 40 14 11 20 30 101 34 7 6 7 2 0 3 2 2 0 1 0 
0 0 2 1 1 0 0 0 1 1 4 1 2 0 1 1 5 7 17 37 131 109 46 19 13 20 53 78 39 18 4 0 6 2 3 1 3 0 1 1 
0 0 0 1 0 1 0 0 0 2 1 1 2 1 3 3 4 8 9 30 97 58 37 12 21 16 28 55 36 14 6 2 3 1 6 1 1 2 0 0 
0 1 0 1 0 0 0 0 0 1 1 7 1 1 5 3 4 7 10 21 183 133 26 6 15 8 62 75 19 3 5 7 3 2 2 2 1 1 0 2 
0 2 1 0 0 0 2 0 2 8 7 3 7 2 11 5 8 18 46 80 666 371 85 48 43 47 115 70 40 11 12 7 5 6 5 2 2 3 3 1 

0 0 0 0 0 0 0 0 2 1 1 3 3 1 2 6 1 7 6 10 2 3 4 2 1 2 2 3 6 17 14 9 7 8 6 3 0 0 1 0 
0 0 0 0 0 0 0 0 0 0 0 1 3 2 1 1 2 0 2 3 2 0 2 0 2 1 0 0 3 9 13 5 0 8 8 2 0 1 0 0 
0 0 0 0 0 0 0 0 0 0 0 0 0 0 2 2 1 1 0 3 2 4 0 1 4 0 0 7 5 14 7 4 4 13 6 0 2 0 0 2 
0 0 0 0 0 0 0 0 0 0 1 1 0 0 0 4 0 1 3 5 7 4 3 0 2 0 2 4 3 11 24 7 7 7 7 1 3 0 1 1 
0 1 0 0 1 1 0 0 0 0 0 1 1 2 0 1 3 2 3 4 2 4 0 1 2 1 2 6 1 19 14 7 6 8 2 2 1 1 1 0 
0 0 0 0 0 0 0 0 1 0 0 0 0 0 0 1 1 3 1 4 1 3 1 1 2 2 2 1 5 7 7 2 6 4 8 0 1 3 2 0 
1 0 0 0 0 0 0 0 0 1 2 1 1 3 0 2 3 5 3 1 2 1 4 1 0 2 4 4 0 17 17 6 12 3 4 2 1 0 0 1 
0 0 0 0 1 0 0 0 0 1 1 0 2 3 1 4 2 4 1 3 5 1 3 2 3 1 5 9 9 27 15 4 4 8 2 3 0 1 1 0 
0 0 0 0 0 0 0 0 0 0 3 1 0 0 0 3 0 3 3 5 7 1 1 2 1 6 2 6 4 9 22 2 4 3 8 1 2 2 1 2 
0 1 0 0 0 0 0 0 1 0 0 0 0 1 0 1 4 2 4 3 5 4 4 3 2 5 5 13 15 24 30 6 8 7 4 2 3 0 1 0 
0 0 0 0 0 1 1 1 1 1 4 0 2 4 5 1 3 3 4 5 8 4 4 6 7 2 6 12 25 24 12 4 5 14 4 4 0 0 1 2 
0 0 0 0 0 1 0 1 0 0 0 0 1 3 0 1 1 4 1 1 3 7 3 3 14 5 6 8 16 18 12 5 7 5 2 0 2 1 1 3 
1 1 1 0 0 1 0 0 0 0 2 0 0 0 2 3 2 7 2 2 5 18 12 13 18 6 9 25 58 19 18 1 9 3 1 2 1 1 0 1 
0 0 0 0 0 1 0 0 0 1 2 2 0 6 5 4 5 5 7 11 10 26 27 35 16 19 14 19 28 17 8 3 2 2 2 1 1 0 0 1 
0 1 0 0 0 0 1 1 0 1 2 2 1 2 2 0 6 9 8 8 17 41 400 220 36 20 18 27 32 14 7 5 2 4 1 2 2 1 1 2 
1 0 0 0 0 0 0 0 2 0 0 1 0 3 2 6 0 8 3 18 17 70 287 112 39 16 17 83 112 9 10 1 3 3 1 0 2 1 1 0 
0 0 0 0 0 1 1 3 0 1 2 2 3 3 4 6 6 5 13 22 39 68 38 13 23 7 11 199 39 5 9 4 3 2 0 1 0 0 1 1 
1 0 0 0 0 0 1 2 1 1 2 1 0 2 2 2 3 2 7 16 21 25 22 11 12 9 10 67 24 4 8 2 3 2 0 2 1 1 1 2 
0 1 0 0 1 0 0 0 0 2 2 1 1 3 2 6 1 10 7 18 24 33 46 12 17 10 17 167 49 9 11 4 2 2 1 1 0 0 0 1 
0 0 0 0 0 0 0 0 0 0 1 2 1 2 8 10 6 13 6 13 19 25 28 4 7 11 32 362 29 6 1 3 2 2 4 1 0 0 1 0 
1 0 0 0 1 0 1 1 0 0 2 0 1 0 1 3 2 3 9 20 17 19 20 7 8 6 26 69 16 7 2 6 2 2 2 1 2 0 1 0 
0 0 0 1 0 1 0 1 0 4 1 1 2 3 0 1 1 10 4 11 15 19 32 10 8 7 54 127 35 5 3 7 6 1 0 1 0 0 0 1 
0 0 0 0 0 0 1 0 3 0 1 2 3 1 4 4 6 4 13 17 21 22 17 5 11 13 168 109 17 6 4 4 3 3 1 1 1 1 0 0 
0 0 0 0 1 0 2 1 0 7 1 3 5 4 5 0 7 13 9 47 118 90 34 14 16 27 208 43 16 5 3 6 4 1 1 1 1 1 2 1 

0 0 0 0 0 0 0 0 1 1 1 1 2 0 3 2 3 11 4 4 0 4 1 0 0 1 0 4 0 8 6 10 8 15 13 7 0 0 1 1 
0 0 0 0 0 0 0 0 0 0 0 0 0 4 2 2 1 0 2 2 0 0 1 1 0 2 0 0 3 3 5 6 2 21 11 6 2 2 2 1 
0 0 0 0 0 0 0 0 0 1 0 1 0 0 0 1 1 3 1 2 2 2 2 1 1 2 3 1 4 3 6 6 3 7 4 1 1 1 0 0 
0 0 0 0 0 0 0 0 0 2 2 0 1 0 3 4 0 2 0 2 3 2 6 0 1 2 2 2 3 4 6 9 6 9 9 1 1 1 3 0 
1 0 0 0 0 0 0 0 0 1 0 1 1 1 1 0 3 2 1 6 2 0 2 0 2 0 1 4 2 7 11 9 5 15 7 3 1 2 0 0 
0 0 0 0 0 0 0 0 0 0 1 0 1 2 0 1 2 1 4 3 4 1 1 2 1 4 3 3 3 6 8 5 3 4 6 3 0 1 0 1 
0 0 0 0 0 0 1 0 0 1 1 1 0 1 1 5 6 2 5 5 5 0 4 2 0 4 3 3 1 3 7 4 6 5 7 1 2 1 0 1 
1 0 0 0 1 0 0 0 2 1 0 1 4 4 3 6 6 2 2 6 4 2 2 0 3 1 4 5 7 10 6 7 8 10 5 1 0 0 2 1 
0 0 0 0 0 0 0 0 0 0 2 1 1 0 4 0 4 3 5 6 4 3 4 0 0 2 1 2 3 9 7 6 2 4 4 2 4 1 0 2 
0 0 0 0 0 0 0 0 0 0 0 0 0 0 0 3 5 1 2 4 3 3 5 0 1 2 3 3 5 11 12 4 10 5 6 1 5 1 1 1 
0 0 0 0 1 0 0 0 0 0 0 0 5 0 3 7 3 2 6 5 6 4 4 6 3 2 6 8 8 12 5 4 4 3 5 1 0 0 2 0 
0 0 0 0 0 0 0 0 0 1 1 2 0 2 1 2 6 4 2 3 5 5 8 8 7 6 3 6 9 10 3 4 3 3 8 3 1 2 0 3 
1 0 0 0 0 0 0 0 0 3 0 1 1 2 0 2 1 1 3 10 6 11 11 13 12 11 2 12 14 8 9 2 7 3 4 2 1 0 2 0 
1 1 0 1 0 0 0 2 0 1 1 2 0 3 2 3 2 6 3 12 11 11 28 42 30 15 11 11 11 5 3 5 5 2 1 3 1 1 1 2 
1 0 0 0 1 0 0 1 2 3 1 1 1 2 2 2 4 7 7 10 9 25 157 259 51 24 16 12 18 9 7 4 3 1 2 1 2 3 0 2 
0 0 0 0 0 2 0 0 1 0 1 3 0 2 3 2 2 8 5 13 13 30 132 124 58 14 18 18 19 4 4 3 6 1 3 1 1 1 0 1 
1 0 0 0 1 0 0 4 1 0 1 0 3 1 2 7 4 4 15 10 33 40 13 12 23 6 14 22 7 7 1 1 3 3 3 2 1 0 1 1 
0 0 0 0 0 0 0 0 1 0 1 2 1 4 1 0 9 5 9 13 9 14 16 9 14 14 12 15 12 3 6 3 2 1 1 3 3 3 0 0 
0 1 1 0 0 1 0 0 1 0 2 0 2 3 1 1 1 7 3 10 5 10 24 8 11 10 7 16 15 3 9 3 4 1 1 1 1 1 1 1 
1 0 0 0 0 0 0 1 0 0 0 3 1 4 6 6 5 6 14 15 18 19 7 3 6 6 9 14 8 9 2 3 4 1 1 0 0 0 1 1 
0 1 0 0 1 0 0 0 1 0 1 0 1 2 2 4 0 4 3 6 4 8 7 9 7 14 6 14 10 7 6 3 3 3 1 1 0 0 0 1 
0 0 0 0 0 1 0 0 0 1 0 1 1 1 2 6 1 3 5 6 7 6 12 6 4 4 7 18 11 6 4 4 1 0 2 0 0 0 2 0 
0 0 0 0 0 0 1 0 1 2 2 3 1 1 4 7 10 4 8 6 13 12 6 3 3 3 16 32 8 5 2 5 1 1 1 2 0 0 0 1 
0 0 0 0 0 1 0 1 1 1 2 0 2 0 2 4 6 7 5 11 10 11 8 4 4 10 18 17 20 4 7 3 4 4 2 0 2 0 0 0 

1 0 0 0 0 2 0 1 0 0 1 2 1 8 4 5 3 4 1 7 2 0 2 3 0 1 1 3 0 6 1 19 5 32 21 5 0 0 1 1 
0 0 0 0 0 0 0 0 0 0 1 1 2 7 2 1 0 1 7 5 5 3 0 0 0 1 0 1 1 1 5 5 10 23 17 7 1 2 3 1 
0 0 0 0 0 0 0 0 0 0 0 1 1 3 1 4 2 2 1 2 4 2 1 1 2 1 0 0 1 2 3 2 6 16 13 3 1 0 0 0 
0 0 0 0 0 0 0 0 1 0 0 0 1 2 3 2 1 3 0 0 3 1 0 1 1 3 1 2 2 5 1 6 4 12 9 2 5 2 0 0 
0 0 0 0 0 0 0 1 1 0 3 3 7 3 1 3 6 0 3 2 2 5 1 0 2 2 1 3 4 4 2 4 5 15 10 5 1 3 0 4 
0 0 0 0 0 0 0 0 0 0 1 2 3 0 3 1 4 5 2 2 8 2 4 2 1 2 1 0 0 3 3 4 4 11 9 4 3 2 1 0 
0 0 0 0 1 0 0 0 0 1 1 1 6 4 1 4 8 2 2 3 6 0 2 1 1 1 1 2 1 5 7 4 6 5 7 4 4 2 0 1 
0 0 0 0 0 0 0 0 0 0 5 1 3 6 2 9 8 8 2 4 3 1 1 0 1 2 1 2 5 5 5 5 7 13 7 0 1 0 0 0 
0 0 0 0 0 1 0 0 0 0 1 0 1 1 0 5 2 4 4 2 2 4 0 3 3 1 1 4 2 1 6 3 5 5 6 4 2 1 3 1 
1 0 0 0 0 0 0 1 1 0 0 2 2 1 3 2 2 0 0 3 1 4 1 0 2 0 2 4 4 9 11 5 6 3 2 2 1 0 0 0 
0 0 1 0 0 0 1 1 2 1 0 3 7 5 11 12 5 3 6 2 4 3 6 1 2 1 1 2 5 4 4 4 7 4 2 1 3 0 0 1 
0 0 0 0 0 1 0 0 1 4 2 2 1 2 0 6 8 0 4 1 3 7 3 6 5 3 2 2 4 6 5 3 4 2 0 3 1 0 1 1 
0 0 0 0 1 0 0 0 0 0 0 0 2 0 1 1 5 3 5 3 9 6 7 14 3 3 12 7 5 6 10 5 2 5 5 1 1 2 1 0 
0 0 1 0 1 0 0 2 1 0 1 5 3 2 3 7 8 4 3 13 8 21 390 114 8 6 6 10 4 8 6 5 4 3 6 3 0 1 0 0 
0 0 0 0 0 0 0 1 0 0 1 1 0 2 3 2 7 3 8 5 8 13 43 51 23 8 6 12 7 4 5 6 2 3 4 4 3 0 0 1 
0 0 0 0 0 1 0 0 1 0 1 0 1 2 2 4 2 4 5 19 11 25 42 43 35 12 13 13 8 4 7 1 1 1 2 2 0 0 0 1 
0 0 0 0 0 1 2 0 1 0 3 3 2 3 8 8 11 6 8 6 21 18 14 3 15 1 3 3 2 0 2 4 6 4 3 1 0 4 0 0 
1 0 0 1 0 0 0 0 0 1 2 1 1 5 3 6 7 6 1 13 5 7 8 4 7 3 6 7 8 5 6 0 0 1 0 0 2 0 0 1 
1 0 0 0 0 0 2 0 1 0 1 1 2 3 1 4 3 7 1 15 5 10 15 8 4 3 7 9 6 5 5 0 1 0 2 1 2 0 1 0 
1 0 0 0 1 0 1 0 0 0 0 1 4 1 4 8 9 6 11 8 6 9 6 2 3 7 1 5 5 2 4 2 0 0 2 1 0 2 1 0 
1 0 0 0 0 0 0 0 0 0 1 1 1 3 4 1 2 2 1 4 6 3 7 3 1 5 6 8 2 2 2 3 2 2 2 1 0 0 3 1 
4 0 0 0 0 0 0 1 2 0 1 1 0 2 2 3 2 5 1 7 8 6 4 4 5 3 7 15 9 6 4 0 3 4 1 1 1 0 0 2 
0 0 1 0 0 0 0 2 0 2 3 3 4 3 2 11 7 8 1 9 8 8 9 3 2 0 4 9 11 2 2 2 3 0 2 0 0 1 0 0 
0 0 0 0 0 0 1 0 0 0 2 1 3 6 4 6 6 3 7 10 8 11 9 8 3 7 20 15 12 10 5 4 3 3 0 1 1 0 0 0 

0 0 0 1 0 0 0 0 0 0 1 4 1 7 3 4 1 4 1 7 1 1 1 2 1 0 1 0 1 5 1 13 6 57 28 5 3 1 1 1 
1 0 0 0 0 0 0 0 0 0 0 0 2 4 7 2 1 1 4 1 5 0 0 0 3 0 2 0 1 3 3 2 9 29 18 4 2 4 1 1 
0 0 0 0 0 0 0 2 0 1 0 2 1 2 0 0 4 6 4 1 4 3 2 3 0 1 0 2 0 0 2 3 9 9 13 7 5 3 4 3 
1 0 0 0 0 0 0 1 0 0 1 1 1 3 6 9 11 4 4 4 10 3 2 1 4 0 1 1 1 3 7 6 10 32 25 6 3 5 3 0 
0 0 0 0 0 0 0 1 2 2 2 3 6 3 2 4 5 3 4 7 2 1 2 2 3 0 1 3 2 4 6 7 11 18 13 5 4 2 2 2 
1 0 0 0 0 0 0 1 1 1 1 1 2 2 0 0 2 2 3 1 4 1 0 3 4 1 2 1 0 3 1 7 1 5 8 3 2 1 2 3 
0 0 0 0 0 0 1 0 0 2 0 2 0 2 2 7 6 3 7 3 7 1 1 1 1 2 1 0 1 2 4 5 7 8 13 10 5 0 2 0 
0 0 0 0 0 0 0 0 0 1 2 2 4 4 4 7 7 7 5 8 5 4 0 2 1 0 2 3 0 3 5 4 3 13 8 0 2 1 2 0 
0 0 0 1 0 0 0 0 0 1 0 0 2 1 2 1 2 2 1 0 6 2 5 1 2 3 2 3 5 2 6 2 2 6 5 3 3 1 2 1 
1 1 0 1 0 0 0 0 0 1 1 0 2 3 3 6 12 5 4 5 6 1 1 0 2 2 2 3 3 5 4 4 4 6 3 1 5 0 1 0 
2 0 0 0 0 0 0 1 0 1 1 0 4 3 9 14 6 8 6 4 4 2 1 0 3 1 3 2 4 4 7 4 6 5 4 1 4 0 0 3 
0 0 0 0 1 0 0 0 0 0 0 1 1 1 0 4 4 1 6 6 3 7 0 7 4 4 3 5 4 1 3 0 1 4 3 3 3 1 2 1 
0 0 0 0 0 0 0 0 0 2 0 1 2 2 2 3 4 4 4 5 4 2 8 9 7 4 4 3 5 1 4 1 2 4 3 2 2 0 1 0 
1 2 0 0 1 0 0 0 0 0 1 1 1 2 8 7 6 6 5 5 5 10 11 16 11 6 4 5 4 4 6 5 3 8 3 1 1 0 0 1 
3 0 0 0 0 1 0 0 1 1 2 1 1 1 0 5 3 4 7 9 2 7 20 20 9 7 8 4 5 2 4 2 0 4 2 1 2 1 0 1 
0 0 0 0 0 0 0 0 0 0 0 1 0 2 1 4 3 2 4 5 16 10 16 12 14 8 5 3 1 1 2 3 3 1 3 0 2 1 1 3 
0 0 0 0 0 0 1 0 0 1 1 1 1 5 8 12 6 9 5 6 21 21 9 8 8 2 3 8 2 3 0 2 2 3 2 2 3 0 0 0 
0 0 1 0 0 0 1 1 0 0 0 1 5 3 2 3 5 2 6 4 2 9 5 3 4 2 3 2 3 4 1 3 0 2 1 2 2 0 2 0 
0 0 0 1 0 0 0 1 1 1 1 1 0 3 0 3 6 6 3 7 2 9 2 5 6 4 5 1 7 1 4 0 1 3 1 0 1 1 1 0 
0 0 0 0 0 0 1 0 1 1 0 2 2 6 7 14 7 7 9 5 6 8 14 2 4 2 2 5 6 5 5 2 3 1 2 2 1 0 0 1 
1 0 0 0 1 0 0 1 0 1 2 0 0 4 1 1 3 6 8 4 3 4 2 5 1 1 2 3 4 1 2 2 1 3 2 1 4 0 0 0 
0 0 0 0 1 0 0 0 0 1 0 0 3 1 0 4 5 0 1 7 4 2 7 3 5 6 3 7 2 4 4 0 1 2 1 0 1 0 0 0 
0 0 0 0 0 1 0 0 0 1 1 2 2 6 8 9 15 6 8 7 7 8 8 4 1 2 7 8 4 3 0 0 3 4 0 1 0 1 0 0 
0 0 0 0 1 0 0 0 1 0 0 1 0 0 2 2 0 3 6 1 7 5 4 4 3 3 5 4 1 4 3 3 2 1 0 0 0 1 0 1 

1 0 0 0 0 0 1 0 1 0 1 2 2 9 20 8 3 4 4 11 9 1 2 1 2 1 0 2 0 8 6 22 201 195 51 12 11 3 0 0 
0 0 1 0 0 0 0 1 1 2 1 2 6 13 13 5 6 7 5 4 9 3 2 0 1 0 3 2 2 1 6 13 58 147 60 12 4 8 7 2 
0 1 0 0 0 0 0 0 1 0 0 0 2 7 3 7 11 7 3 3 5 1 2 1 1 1 1 4 4 6 5 16 74 136 42 18 14 6 3 5 
1 0 0 0 0 0 0 0 0 0 3 3 2 5 6 5 10 5 2 3 7 2 4 0 1 0 2 1 1 3 9 12 21 65 59 10 11 3 4 2 
0 0 0 0 0 0 0 0 0 0 2 5 7 10 9 15 16 11 3 6 6 3 0 0 1 2 4 3 3 8 9 27 30 73 72 22 14 5 4 2 
0 0 0 0 0 0 0 0 0 0 1 0 2 3 3 6 10 5 6 7 5 3 1 1 2 0 1 2 4 4 6 13 27 67 47 26 9 12 1 1 
0 0 0 0 1 0 0 0 1 1 0 2 1 5 2 16 8 4 3 4 8 4 3 1 3 0 1 4 0 5 4 3 3 13 33 5 13 0 5 1 
0 0 0 0 0 1 1 1 2 0 6 3 4 13 13 30 11 9 6 11 7 5 4 1 1 4 2 3 4 4 6 11 12 21 19 9 6 2 1 2 
0 0 0 0 0 0 0 0 0 1 1 3 0 3 5 9 14 2 6 9 3 4 4 4 2 2 2 2 1 4 2 5 7 11 6 5 3 1 1 1 
1 0 0 0 0 0 0 1 1 2 2 0 1 11 6 16 13 5 9 4 2 1 7 2 3 1 3 3 3 0 7 4 4 10 11 3 3 2 1 1 
0 0 1 0 0 0 0 1 1 3 1 5 8 6 13 29 18 9 10 7 4 6 7 1 2 1 4 0 0 3 5 7 11 13 11 1 2 2 1 1 
0 0 0 0 0 0 1 2 0 1 0 3 4 5 9 8 16 7 5 6 5 6 1 4 2 2 3 1 3 4 6 0 6 4 4 1 3 3 0 2 
1 0 0 0 0 0 0 0 0 1 2 0 1 4 4 6 14 4 4 4 10 1 5 1 4 3 6 3 3 2 2 0 5 7 3 3 3 1 1 1 
0 0 0 0 1 0 0 0 2 3 3 7 1 6 14 19 18 4 7 13 9 6 12 12 7 2 3 4 1 2 4 1 8 11 9 3 1 0 0 0 
0 0 0 0 0 0 0 0 1 1 4 3 2 4 10 9 4 10 2 6 5 7 7 8 6 5 2 2 7 2 2 1 6 4 3 4 2 1 1 1 
0 1 0 1 0 1 0 0 0 2 0 1 3 6 1 12 6 4 5 7 8 8 5 5 9 5 7 3 2 0 3 3 0 2 1 0 1 0 0 0 
0 1 0 0 0 0 0 1 0 1 3 6 8 8 11 24 10 4 9 10 12 16 7 3 5 3 2 6 3 1 4 4 1 5 0 2 4 0 1 0 
0 0 0 0 1 0 1 1 2 1 1 0 5 2 12 6 10 6 6 5 3 7 10 4 5 5 4 1 5 1 2 3 2 0 2 0 1 1 0 1 
0 0 0 0 0 0 0 0 0 0 2 4 1 4 4 9 10 4 3 5 8 11 8 4 8 6 1 3 5 0 1 1 0 3 1 1 4 0 2 0 
2 0 0 0 1 0 1 1 1 2 3 1 3 12 18 28 9 9 17 8 6 14 7 2 3 4 0 2 6 1 3 3 0 4 0 0 0 0 0 1 
0 0 0 0 2 0 0 1 1 0 3 2 2 6 12 10 10 8 5 5 7 3 10 2 1 5 2 1 3 3 1 4 0 1 2 0 1 0 0 1 
0 0 0 0 0 0 1 1 0 1 0 4 1 3 3 14 8 7 10 4 9 3 4 2 5 2 5 2 1 0 1 3 1 0 2 0 2 0 0 0 
0 0 0 0 0 0 0 2 1 0 0 2 2 7 22 28 16 5 11 11 10 9 5 1 2 1 4 5 4 1 0 2 2 3 2 0 2 0 1 1 
0 0 0 0 0 0 1 0 0 1 3 1 3 5 18 7 11 6 7 5 11 5 14 9 3 4 2 7 11 7 2 2 0 4 3 1 2 1 0 0 

0 0 0 1 0 0 0 0 0 2 4 3 3 51 64 18 14 4 2 10 6 4 0 0 1 1 1 1 1 2 1 15 38 196 64 13 3 0 2 1 
0 0 0 0 1 0 1 0 0 0 0 2 5 17 35 6 11 8 4 4 6 6 3 3 3 1 0 0 0 2 2 7 80 217 71 14 12 7 2 8 
0 0 0 0 0 0 0 0 1 1 1 3 4 8 17 10 5 5 3 3 2 3 1 1 0 1 0 2 2 3 7 7 42 287 60 26 18 13 9 8 
0 0 0 0 0 0 0 0 0 2 0 3 5 8 11 24 19 4 7 7 9 1 4 4 1 1 0 1 0 3 8 6 29 209 119 11 17 7 3 5 
0 0 1 0 0 0 0 0 0 0 1 3 1 15 5 26 13 9 8 12 8 1 2 0 0 2 0 1 3 4 1 9 34 803 144 28 17 5 7 5 
0 0 0 0 0 0 0 3 3 0 1 2 3 4 4 5 8 2 2 4 2 2 6 1 0 0 2 1 1 6 7 11 32 100 78 35 16 9 9 8 
0 0 0 0 1 1 0 1 2 0 2 0 4 8 12 38 30 6 6 9 16 4 5 2 1 2 2 1 5 7 3 6 24 49 87 17 8 6 7 3 
0 0 0 0 0 0 0 1 0 1 3 3 5 11 17 47 23 11 12 17 19 7 2 1 4 2 4 4 3 2 5 9 12 44 48 7 3 9 2 0 
0 0 0 0 0 0 0 0 0 0 1 3 3 0 9 9 4 7 6 9 1 2 1 2 3 0 2 1 1 1 3 5 5 10 19 5 3 4 3 4 
0 1 1 0 0 0 1 0 0 1 1 3 2 10 10 26 30 9 4 5 10 3 8 3 1 0 0 1 1 2 5 5 3 6 11 3 6 1 4 1 
1 0 0 1 0 0 1 0 1 1 3 3 7 8 21 51 30 8 14 5 13 3 3 3 2 2 0 4 3 0 4 1 6 7 7 1 0 0 0 1 
0 1 0 0 0 1 1 0 1 0 0 2 6 5 9 17 15 6 1 7 11 1 3 3 2 0 1 1 1 6 5 0 6 8 11 3 1 0 0 2 
0 1 0 1 0 0 0 1 2 1 0 1 0 9 10 22 14 2 4 8 11 3 6 1 10 1 3 2 5 2 0 2 5 7 12 6 4 4 3 1 
0 1 0 0 0 1 0 0 0 3 2 1 6 8 23 31 7 9 13 16 9 13 7 4 5 0 3 3 2 4 2 2 13 9 2 3 3 4 0 0 
0 1 0 0 0 0 0 0 0 1 2 2 3 2 12 7 8 7 4 5 5 5 5 1 5 2 0 3 0 4 2 0 1 11 6 1 2 1 0 2 
0 0 0 0 0 0 1 0 0 1 1 1 2 7 5 27 9 2 4 11 6 3 8 5 6 0 2 6 7 2 2 0 1 3 3 3 1 0 1 0 
1 1 0 0 1 0 0 0 0 0 1 5 8 8 26 30 14 2 9 11 10 14 5 0 4 4 2 0 5 1 4 1 3 4 4 3 2 0 0 1 
0 0 0 0 0 0 0 0 0 1 2 1 2 9 7 11 8 5 7 8 6 4 3 6 7 0 3 0 1 4 3 2 1 1 3 4 1 1 0 0 
0 0 0 0 0 1 1 1 0 2 1 2 3 12 15 13 17 6 4 10 16 3 7 6 1 0 2 3 1 1 3 0 4 1 3 3 3 0 1 0 
0 0 0 0 1 1 0 0 1 3 2 2 9 11 30 28 24 7 9 7 9 8 10 4 0 2 2 3 3 1 2 4 6 7 2 1 1 1 0 0 
0 0 0 0 1 0 1 0 0 0 0 3 3 4 5 7 7 4 5 11 7 5 5 1 4 2 0 2 1 1 2 3 1 2 3 0 0 0 1 0 
0 0 2 0 0 0 0 0 0 0 1 4 0 7 11 12 11 12 3 11 5 7 8 4 6 2 3 0 4 1 2 1 3 3 2 1 1 0 0 0 
0 0 1 1 0 1 0 0 1 2 3 4 6 7 54 56 23 10 11 16 6 8 5 5 2 4 4 3 2 2 2 0 0 3 1 2 1 0 0 0 
0 0 0 0 1 0 1 2 0 1 1 2 0 2 5 11 5 2 4 7 7 5 2 3 1 0 4 2 1 1 1 2 1 0 1 0 1 1 1 0 

0 0 0 0 0 0 0 0 0 2 0 10 6 134 1278 19 6 13 5 19 18 3 3 1 2 0 1 0 0 3 2 7 8 70 31 9 3 1 1 1 
0 0 0 0 1 1 0 1 0 1 2 5 6 52 341 25 13 7 4 17 11 5 7 3 4 0 0 1 1 2 1 3 11 28 25 10 6 3 2 3 
0 0 0 0 1 0 2 1 0 1 2 4 2 21 397 24 10 7 7 14 6 2 4 3 1 1 1 1 0 0 0 8 11 31 16 9 7 5 2 1 
1 0 0 0 0 1 0 0 0 1 0 3 1 23 253 49 32 6 9 6 14 5 5 4 6 0 1 2 0 1 3 9 13 42 71 5 6 2 3 4 
1 0 0 1 1 0 0 0 0 1 2 7 9 20 315 67 30 9 15 14 16 3 12 3 1 1 2 1 2 3 3 7 11 117 84 12 4 4 3 1 
0 0 0 0 1 0 1 1 0 0 4 3 9 21 322 38 20 12 16 13 7 6 4 3 3 2 2 3 2 3 3 4 7 96 40 9 4 6 3 3 
2 0 0 0 0 0 1 0 1 1 3 2 5 20 164 71 52 9 14 14 16 5 5 4 3 2 2 0 2 2 2 2 6 151 112 8 8 2 2 3 
1 0 1 0 0 0 0 0 2 4 5 7 17 19 168 213 79 23 20 22 19 3 7 4 1 3 2 2 4 2 8 3 16 254 120 21 11 3 3 3 
0 0 2 1 0 0 1 3 1 4 6 6 10 37 391 261 79 23 20 26 16 6 2 4 5 2 4 5 3 3 2 1 11 172 64 12 9 2 4 1 
0 0 1 2 0 0 0 1 1 2 1 6 8 18 128 114 71 18 13 10 9 8 6 2 6 2 6 3 2 7 2 4 4 40 49 11 6 7 1 3 
0 0 0 5 0 1 0 1 4 6 9 5 13 26 178 194 35 14 20 23 12 13 7 4 3 2 1 3 0 2 2 5 13 27 35 15 9 3 3 3 
0 1 1 0 1 0 0 0 0 1 1 6 5 8 216 100 31 8 8 12 15 7 13 3 3 5 3 7 5 5 5 8 16 49 56 15 7 5 3 3 
0 0 0 0 0 0 0 2 1 0 2 6 3 13 287 82 42 6 8 15 12 4 4 2 5 5 3 1 6 3 4 4 5 18 22 5 9 1 2 3 
1 1 0 0 0 0 1 3 1 3 5 5 13 16 120 103 35 11 34 31 13 14 3 3 6 7 2 2 4 2 4 5 20 24 23 5 6 1 4 3 
0 0 0 3 0 2 0 2 1 1 3 2 2 6 373 104 26 12 10 15 11 6 8 4 5 3 4 1 1 2 3 3 10 11 10 5 4 1 3 1 
0 1 0 0 0 1 0 1 2 4 3 3 3 14 128 59 31 9 7 9 17 5 7 2 2 6 2 1 3 2 1 3 6 7 6 2 1 1 1 2 
0 0 0 2 0 0 0 2 1 1 5 4 7 25 210 134 22 10 19 16 20 14 6 5 5 3 0 6 3 1 4 4 10 14 8 3 1 1 0 2 
0 0 0 1 0 1 0 0 1 4 2 3 5 9 288 78 21 18 15 15 17 9 9 8 1 2 2 6 3 2 3 3 4 4 6 5 4 3 0 1 
1 0 0 0 0 1 0 1 2 0 1 2 5 16 216 64 28 5 11 12 17 5 8 4 5 3 4 4 2 1 2 2 1 4 7 3 4 0 1 0 
0 0 0 0 0 1 0 1 0 0 3 5 13 31 283 147 25 12 20 22 23 20 9 8 3 2 4 2 3 3 9 6 4 12 3 2 1 1 0 1 
0 0 0 0 1 0 0 0 0 0 3 10 5 16 183 68 23 8 18 30 25 13 8 4 3 0 0 4 4 5 1 1 1 5 0 2 2 0 1 0 
1 1 0 0 0 0 0 0 0 1 1 3 4 11 150 94 28 6 17 23 19 13 15 3 1 3 7 2 2 2 1 3 1 3 0 0 1 1 0 0 
1 1 0 0 0 1 0 2 2 1 5 4 9 17 187 327 27 17 22 22 14 16 2 2 1 0 2 5 1 2 1 1 4 5 6 1 2 0 0 0 
0 0 0 1 1 0 0 2 2 3 5 1 4 18 120 370 31 20 28 35 32 19 15 4 8 3 3 2 1 2 5 2 2 2 1 1 3 1 0 1 

0 0 0 0 0 1 0 0 0 2 0 11 3 40 79 19 16 13 6 33 24 1 8 0 0 1 0 0 1 3 6 4 4 29 19 10 0 2 0 0 
0 0 0 0 0 1 0 0 2 0 0 1 10 14 35 9 14 14 14 13 16 9 2 3 1 3 2 2 2 1 1 3 4 6 11 7 6 3 0 3 
2 0 0 3 0 0 1 1 1 2 2 2 3 16 25 18 11 7 2 13 7 5 2 0 3 2 1 0 1 1 1 3 8 10 10 6 2 2 3 10 
0 0 0 0 1 0 0 0 1 2 2 5 3 12 30 25 21 5 15 20 20 5 11 2 2 0 3 4 0 1 4 1 3 8 30 4 4 0 2 4 
0 0 0 0 1 0 0 0 0 1 3 4 11 11 23 23 27 12 13 18 21 6 9 4 3 2 1 3 1 0 5 3 8 15 25 6 6 4 5 5 
0 1 0 0 0 0 3 0 0 1 4 2 7 15 24 27 23 9 10 10 8 8 1 1 3 2 1 0 3 0 4 6 13 11 18 7 13 2 5 5 
1 0 0 1 0 0 0 3 1 2 3 7 6 6 19 41 29 13 12 19 16 17 11 3 5 2 4 3 2 3 8 2 5 13 30 6 2 2 1 2 
2 0 0 0 1 0 3 1 0 0 2 4 6 16 22 153 60 29 21 38 12 12 6 7 4 6 2 3 5 1 3 1 6 17 22 10 10 0 2 4 
2 1 0 0 1 1 0 1 8 9 11 6 18 42 59 240 133 38 16 30 18 4 6 6 3 0 1 2 1 2 7 10 8 11 23 10 4 6 4 5 
0 0 1 0 0 0 2 2 1 2 3 7 4 29 43 79 63 25 24 22 24 11 12 3 3 3 1 3 1 0 2 2 4 39 51 5 7 3 2 3 
1 1 0 1 0 1 0 1 5 1 5 4 11 10 48 68 30 18 20 29 15 5 4 1 6 5 2 3 3 1 1 4 10 174 62 16 6 7 6 4 
0 1 1 0 0 1 2 3 1 4 3 8 4 27 27 45 22 12 14 16 13 12 4 3 5 3 6 1 3 3 3 7 23 102 92 32 13 10 11 4 
0 0 0 0 1 0 1 2 2 1 1 2 4 11 19 29 41 7 13 27 23 3 6 6 5 1 4 2 1 4 6 2 12 47 102 3 21 5 4 2 
0 0 0 2 0 0 3 0 2 3 3 2 10 21 26 42 19 9 25 45 33 14 6 4 1 5 2 2 1 2 3 12 22 37 32 5 8 2 3 2 
2 0 0 1 0 0 0 0 2 3 1 6 3 16 31 37 11 7 12 17 5 10 5 2 1 4 1 1 2 3 2 4 8 11 12 4 4 2 3 1 
0 0 0 0 0 1 0 0 1 2 1 4 7 21 21 34 35 10 10 20 25 4 12 12 4 2 5 2 3 3 1 5 1 8 16 4 3 2 0 3 
1 0 0 0 1 0 1 0 0 1 4 4 10 18 26 46 15 18 23 28 15 10 7 4 4 3 4 3 3 1 0 4 4 12 8 6 3 2 1 1 
0 0 0 0 0 1 1 2 0 2 3 5 8 22 26 31 22 17 21 35 21 16 7 11 4 8 4 2 1 4 0 4 5 2 5 5 1 1 0 1 
0 2 0 0 0 0 0 2 2 2 0 8 3 17 38 34 19 6 17 35 45 12 8 2 4 4 3 2 2 0 1 5 2 4 8 6 9 3 2 5 
1 0 1 0 0 1 0 2 1 0 2 7 9 18 58 67 20 10 24 47 32 22 16 2 6 4 0 3 2 4 7 4 6 14 8 4 3 3 1 0 
1 0 0 1 0 1 0 0 0 1 4 5 9 11 37 34 16 13 21 37 44 21 8 5 4 3 3 3 0 5 2 1 2 2 6 2 0 2 0 1 
0 0 0 0 0 2 0 0 0 6 2 5 3 9 20 27 29 20 14 41 75 10 14 4 5 2 5 2 3 3 1 0 3 4 4 2 1 0 0 0 
2 0 0 0 0 1 0 0 4 2 4 5 6 10 55 78 31 8 25 72 46 7 8 1 1 1 5 1 1 3 5 2 5 7 6 1 2 1 1 2 
0 1 0 1 1 1 0 1 3 2 3 6 11 16 44 63 51 37 44 124 75 33 17 6 6 1 1 1 0 2 0 1 2 0 2 2 1 0 0 3 

0 0 0 0 0 1 0 1 1 2 1 5 6 23 20 12 5 15 5 70 43 3 7 0 2 1 0 1 2 3 0 2 2 15 8 7 2 1 1 1 
1 0 1 0 0 0 0 2 0 0 0 0 1 4 7 3 6 9 17 41 41 18 13 3 5 3 1 0 1 0 1 2 4 4 10 0 3 1 0 2 
0 0 0 0 1 0 0 0 0 1 1 2 0 6 8 6 17 11 20 56 34 27 10 7 4 6 1 1 1 1 3 1 1 9 6 6 1 0 2 4 
0 0 0 0 0 1 1 0 0 4 0 2 4 3 10 9 11 10 9 26 34 8 18 5 9 1 2 2 0 4 2 4 3 10 9 2 2 0 2 3 
0 0 0 1 0 0 1 0 1 0 2 3 3 3 8 9 13 8 21 53 52 10 9 3 4 0 1 0 1 1 1 1 2 6 4 3 2 1 0 0 
0 0 0 0 0 0 0 1 0 0 0 3 4 7 8 8 12 8 31 73 38 21 9 8 4 0 0 3 0 3 2 5 4 6 8 7 1 3 3 2 
0 1 0 0 0 0 0 0 1 3 1 3 8 6 12 15 31 15 24 61 63 17 10 2 6 3 1 1 1 4 3 4 2 8 7 6 6 4 2 0 
2 0 0 0 0 0 1 1 0 1 4 6 4 11 8 12 24 17 51 164 69 21 14 5 1 2 1 0 2 3 2 4 7 7 3 2 1 2 0 0 
0 0 0 1 0 0 0 2 2 4 3 2 6 11 9 31 27 18 42 178 58 26 12 5 4 2 1 1 3 1 3 2 7 6 9 4 5 0 1 2 
0 1 1 0 0 1 0 0 1 3 4 5 4 14 19 35 51 28 43 118 55 11 15 5 7 1 1 0 2 2 3 3 5 5 11 4 4 2 2 2 
0 0 0 0 0 0 0 0 1 4 5 3 8 8 8 26 25 14 37 167 43 11 5 2 5 4 2 1 1 1 2 1 5 12 13 6 10 0 2 1 
0 0 0 0 0 0 0 2 3 1 0 2 2 6 8 10 9 12 19 110 33 15 7 4 3 2 3 1 2 2 3 3 4 67 35 11 11 3 6 2 
0 1 0 0 0 0 2 2 3 2 1 3 2 10 6 9 21 2 16 266 83 13 13 4 7 3 4 2 3 6 4 3 7 156 167 16 14 6 1 0 
0 1 0 1 0 0 1 0 1 2 1 4 4 8 12 9 16 18 68 269 68 32 22 7 4 1 2 3 2 5 8 13 24 250 143 16 10 1 2 4 
1 0 0 0 0 1 1 0 1 1 1 2 6 7 8 8 14 13 31 130 41 16 14 7 2 4 3 3 3 3 2 5 23 156 87 12 2 2 0 2 
0 1 0 2 0 1 1 0 1 2 1 4 2 12 8 16 12 9 14 166 60 19 18 9 9 3 2 4 2 2 2 9 5 33 49 5 8 0 6 3 
0 0 0 0 1 0 1 1 4 1 2 1 5 10 6 20 16 22 21 163 45 13 11 6 3 3 5 2 4 4 4 7 15 39 31 10 6 6 0 2 
0 0 0 0 0 0 0 0 0 0 4 0 9 9 6 10 10 15 22 309 45 18 8 6 4 5 9 1 4 3 6 13 17 42 40 7 8 8 5 1 
0 0 0 2 0 0 0 1 1 2 2 4 3 9 8 17 21 8 20 398 145 12 17 9 7 5 3 3 0 7 8 3 10 17 33 6 9 7 1 2 
0 0 0 0 0 1 2 0 1 0 3 12 8 6 9 26 15 7 43 316 104 19 19 3 3 6 4 3 3 6 9 4 21 29 22 4 4 1 2 2 
0 0 0 0 1 0 2 1 2 1 4 1 3 9 13 9 8 9 18 183 53 15 15 5 5 3 2 2 3 4 5 1 6 10 9 5 3 0 2 1 
0 0 0 0 0 0 1 0 1 3 4 4 2 7 5 10 17 14 15 267 171 15 20 9 4 4 1 1 3 0 1 0 5 9 7 1 3 0 1 2 
1 0 0 1 1 0 1 0 1 5 0 6 4 7 17 19 8 14 33 388 105 26 6 8 2 5 2 2 6 3 2 5 5 25 11 3 4 2 2 2 
1 0 0 0 0 1 1 1 2 2 6 10 12 16 21 22 19 11 40 257 99 28 19 6 4 6 2 3 2 2 4 4 13 13 13 7 1 0 3 2 

0 0 0 0 0 0 0 0 1 0 0 3 3 11 7 10 6 12 13 183 116 18 3 3 2 2 1 0 2 0 1 2 1 8 4 3 1 1 1 0 
0 0 0 0 0 0 0 0 0 1 2 0 1 8 5 6 4 6 20 83 103 28 8 5 1 4 3 6 1 1 4 1 1 1 4 3 3 1 3 1 
0 0 0 0 0 0 0 0 1 0 0 1 4 4 2 2 2 5 17 70 48 25 19 2 4 1 1 0 1 1 1 0 1 4 8 5 5 0 2 6 
0 0 0 0 0 0 0 1 0 1 2 2 1 4 1 7 10 13 11 123 130 15 16 3 4 1 3 1 1 0 3 1 1 5 8 3 3 0 1 0 
0 0 0 0 0 0 0 1 0 1 2 1 1 3 5 3 3 8 30 150 86 21 11 8 6 2 1 2 2 2 2 2 1 3 7 3 2 1 1 4 
1 0 0 0 1 0 0 0 1 2 3 3 1 5 4 4 21 23 29 112 62 25 13 6 5 2 6 0 3 1 5 0 3 3 4 2 5 0 3 3 
0 0 0 0 0 0 1 0 1 0 4 0 1 6 3 5 7 11 15 233 103 17 12 3 5 2 2 1 1 0 4 1 1 3 10 2 3 0 0 1 
0 0 0 0 0 0 0 0 2 2 1 3 5 3 5 10 10 10 35 191 55 17 8 3 3 3 1 5 2 2 1 4 1 4 6 0 2 0 2 1 
0 0 0 0 1 0 0 0 0 1 6 4 3 5 6 7 12 17 26 142 46 17 18 7 5 3 1 1 4 2 5 0 3 2 7 2 2 1 1 1 
0 0 0 0 1 0 0 1 3 2 2 1 3 9 8 10 11 13 20 151 86 21 24 3 3 4 5 0 2 3 1 2 3 2 5 0 2 1 5 2 
0 0 0 0 1 0 0 0 3 2 1 2 10 9 7 13 14 6 26 88 27 13 14 8 1 5 4 1 0 1 4 4 5 8 11 4 5 2 1 2 
0 0 0 0 0 0 0 1 0 2 3 3 3 3 6 7 5 9 20 58 45 14 10 8 6 5 4 1 4 2 1 7 7 9 9 10 5 3 2 5 
0 0 0 0 0 0 0 2 1 1 1 0 4 2 5 4 15 7 10 66 65 26 20 3 6 5 4 5 2 1 6 6 10 13 36 7 10 3 5 4 
1 0 1 0 1 0 1 1 0 1 1 2 6 6 9 18 3 14 43 82 43 23 12 8 4 4 4 4 1 3 3 9 25 39 39 9 8 4 3 3 
0 0 0 0 0 0 2 0 0 0 0 2 4 7 6 8 15 9 12 47 25 11 9 12 9 2 1 3 2 0 3 7 8 76 56 18 1 12 7 8 
0 0 0 0 0 0 0 0 2 1 1 4 2 8 7 4 10 5 20 36 37 18 13 9 13 6 3 3 4 4 3 7 4 95 117 13 10 2 4 4 
0 0 0 0 0 0 2 0 2 2 5 4 8 7 9 7 6 18 22 57 30 20 20 5 4 1 4 2 1 3 8 5 18 259 101 14 5 3 1 2 
1 0 1 0 0 1 0 1 1 1 1 3 4 6 5 9 10 6 15 32 33 12 10 8 4 2 5 3 9 8 6 13 13 102 102 38 19 8 12 12 
0 0 0 0 0 0 0 1 1 0 2 2 1 5 4 7 10 12 18 46 55 22 38 8 6 4 5 4 5 6 3 13 13 54 85 19 12 5 2 9 
1 0 0 0 0 0 0 0 0 0 3 4 7 5 14 13 14 12 25 41 46 22 14 12 5 1 1 5 5 2 11 4 11 36 19 9 7 2 4 2 
0 0 0 0 0 2 0 0 3 0 1 1 4 3 7 3 6 9 21 37 26 13 14 5 3 3 3 1 2 4 4 4 8 19 14 5 8 4 2 3 
0 0 0 0 0 1 0 0 1 1 2 3 2 4 2 6 9 10 18 31 46 20 23 5 6 4 6 1 1 2 3 5 7 14 17 4 1 1 3 0 
0 0 1 0 0 0 3 1 3 0 5 1 7 5 16 17 14 15 27 39 34 28 24 8 3 4 1 1 1 1 0 12 17 27 16 4 1 1 1 2 
0 1 0 0 1 0 0 1 2 2 2 4 7 5 5 8 12 16 20 44 38 17 5 3 4 0 1 3 1 3 1 3 17 25 12 2 0 1 0 1 

0 0 0 0 0 1 0 0 2 1 0 3 1 13 2 6 3 21 346 378 444 17 7 1 2 1 0 2 1 0 1 1 1 2 1 0 1 0 0 0 
0 0 0 0 0 0 0 0 1 1 0 2 0 1 1 2 3 13 105 438 323 17 15 8 3 3 7 3 1 0 0 1 2 0 3 1 0 0 0 1 
1 0 0 0 0 0 0 0 0 0 0 0 1 3 3 2 5 7 46 177 86 29 10 10 8 5 1 2 1 3 2 0 3 1 0 2 2 2 3 1 
0 0 0 0 0 0 0 0 0 1 0 0 0 1 4 4 3 6 17 141 126 17 14 6 8 5 1 0 2 0 1 3 1 3 6 0 1 1 0 0 
0 0 0 0 0 0 0 0 0 1 1 2 4 2 4 6 5 10 45 105 77 17 16 4 2 1 2 1 1 3 1 0 1 1 2 2 0 0 1 1 
0 0 1 0 0 0 0 0 0 3 0 3 2 1 2 4 9 14 21 51 61 21 13 7 5 1 1 1 0 3 0 1 2 5 4 1 1 1 1 2 
0 0 0 0 0 1 0 1 1 0 1 3 4 1 2 4 13 7 10 56 69 14 14 7 6 4 5 1 1 1 0 1 1 1 5 1 0 1 0 1 
1 0 0 1 0 0 0 3 0 1 1 3 2 5 1 7 13 13 22 82 71 19 9 6 6 1 3 2 1 0 2 1 0 3 5 2 1 1 0 1 
0 0 0 1 1 0 0 0 0 0 1 3 4 7 5 5 11 17 24 45 70 38 15 8 4 2 1 1 0 1 1 3 1 1 7 0 2 0 1 2 
0 0 0 0 1 0 1 0 0 0 1 6 1 6 6 8 15 9 15 34 64 37 27 10 7 2 3 1 2 0 4 1 1 4 4 1 2 0 4 0 
0 1 0 0 0 2 0 0 2 1 0 1 3 5 6 9 6 10 19 37 46 39 14 5 9 2 1 0 2 5 2 1 4 3 0 2 0 0 1 1 
1 0 1 0 0 0 0 0 0 0 0 1 2 5 0 7 8 11 7 24 52 44 19 13 10 6 3 0 0 2 4 4 4 9 9 3 3 2 2 3 
0 0 0 0 0 0 1 0 1 1 2 2 1 5 5 7 6 9 13 21 46 39 31 9 10 3 2 3 1 4 0 4 2 1 11 4 3 3 1 3 
0 0 1 0 0 0 0 0 1 0 0 3 1 5 6 7 9 9 30 43 65 66 33 8 5 3 0 3 2 2 0 1 3 11 9 5 1 0 1 0 
0 0 0 0 0 0 0 0 3 0 2 6 1 10 3 4 5 8 11 16 53 35 17 13 7 4 3 5 1 3 4 3 3 8 22 5 8 5 7 4 
2 0 0 0 0 0 0 0 0 0 0 4 3 6 4 8 7 13 17 18 32 23 28 12 7 1 5 4 6 4 3 4 6 21 31 6 14 1 6 1 
0 0 0 0 0 0 1 0 1 2 3 2 1 4 3 7 4 8 16 36 51 58 28 5 5 1 4 2 2 3 4 9 7 26 29 3 5 2 2 2 
1 0 0 0 0 0 1 0 0 0 1 1 1 5 4 6 4 7 14 21 45 34 13 12 10 3 2 4 7 4 2 5 12 64 53 15 11 2 1 7 
1 1 0 1 0 0 0 0 1 1 2 1 3 2 4 6 10 12 13 24 34 32 31 13 11 3 5 4 4 9 4 8 12 147 166 13 14 3 5 5 
0 0 0 0 1 0 2 0 0 1 0 0 3 2 5 5 8 11 13 20 53 78 35 15 9 0 2 5 4 4 7 10 22 199 133 23 10 1 4 1 
0 0 1 1 0 1 1 0 1 0 0 3 3 4 5 4 4 6 14 20 42 71 26 8 7 5 4 4 4 3 1 5 16 294 137 21 6 3 2 4 
0 0 0 1 0 0 0 0 0 0 2 4 6 4 4 5 12 18 10 20 37 41 48 16 14 5 5 3 0 6 2 8 13 87 117 15 9 5 4 1 
0 0 1 0 0 0 1 1 1 0 0 0 0 5 10 6 7 9 23 25 48 90 33 4 1 4 2 2 5 4 6 7 34 165 45 5 2 0 1 1 
1 0 0 0 1 0 0 1 3 0 1 5 2 2 15 7 15 18 16 25 66 121 45 9 7 6 2 2 5 5 5 11 76 652 53 12 6 4 0 3 

0 0 0 0 0 0 0 0 1 1 0 2 1 6 3 1 2 16 16 195 101 14 6 2 3 0 1 0 0 2 1 1 2 3 1 1 1 1 0 0 
0 0 0 0 0 0 0 0 0 0 0 0 1 1 1 3 3 2 46 77 65 23 14 7 8 2 2 1 2 2 1 2 1 0 0 2 0 0 0 2 
1 0 1 0 0 1 1 0 1 2 0 2 1 5 1 4 7 10 33 174 72 26 14 16 3 4 3 3 3 1 1 3 2 3 5 0 3 1 1 0 
0 0 0 1 0 0 0 0 0 0 0 4 1 2 2 4 3 11 21 212 116 16 12 13 8 2 3 1 1 2 0 1 1 1 0 1 0 0 1 1 
0 0 0 1 0 0 0 0 1 0 4 0 1 2 2 3 1 8 28 132 88 20 16 3 2 1 2 2 3 2 1 1 1 2 3 0 1 0 1 1 
0 0 1 0 0 0 0 0 0 1 0 1 0 1 1 5 5 8 24 61 166 30 13 14 10 0 3 2 3 0 0 2 0 2 6 1 1 2 1 1 
0 0 0 0 0 0 1 0 1 1 0 1 3 1 2 4 14 8 16 53 303 16 15 4 7 1 2 3 1 2 3 1 1 0 4 1 0 0 0 0 
0 0 0 0 0 1 0 0 1 0 0 2 4 3 5 3 5 15 17 60 251 19 7 3 7 1 0 4 3 1 0 0 1 2 1 0 2 1 1 0 
0 0 0 1 0 1 1 0 0 2 1 2 0 1 2 5 11 12 12 45 230 32 17 10 6 2 4 3 3 5 3 1 2 1 0 0 1 1 0 1 
0 0 0 0 1 0 1 0 1 0 1 0 0 1 2 4 10 7 10 29 211 48 34 11 6 1 3 2 4 0 2 1 0 0 0 0 0 0 0 1 
0 0 0 0 0 0 0 0 0 3 3 0 1 5 3 5 9 3 18 31 254 59 17 5 2 2 0 0 1 1 0 0 0 5 1 0 3 1 1 0 
0 0 0 0 0 1 0 0 0 1 1 2 2 3 4 7 9 7 14 24 143 63 19 11 6 11 2 3 0 3 3 1 3 3 6 1 2 2 0 0 
0 0 0 0 0 0 0 0 0 3 1 3 1 1 1 4 5 9 5 24 154 83 35 9 7 3 4 0 0 1 1 2 2 3 6 3 4 1 2 2 
0 0 1 0 0 0 0 0 0 0 2 1 1 6 3 5 5 9 20 31 364 185 31 9 5 1 6 2 1 3 2 3 8 10 4 1 0 0 1 2 
0 0 0 0 0 0 0 0 0 2 1 4 1 2 1 3 6 7 10 24 95 64 35 7 8 3 6 2 5 2 2 1 3 7 9 2 3 0 1 2 
1 0 0 1 0 1 0 0 0 1 2 1 0 1 3 8 5 5 8 20 105 95 39 10 17 5 5 1 6 1 1 0 4 3 11 2 7 1 4 1 
0 1 0 1 0 0 0 0 0 0 1 6 4 5 4 6 6 5 12 17 88 222 28 7 4 2 1 2 4 2 3 3 13 19 8 2 3 3 2 0 
1 0 0 0 1 0 0 0 1 0 1 2 2 1 4 3 7 4 11 16 47 81 25 9 10 9 4 1 4 2 4 3 6 12 21 7 5 5 5 6 
0 0 0 0 1 1 0 0 1 0 0 1 1 6 3 4 3 9 9 17 40 205 55 10 8 6 2 4 1 4 2 5 13 15 27 6 9 5 4 3 
0 1 0 0 0 0 0 1 0 1 1 2 4 5 7 7 14 3 14 15 101 308 31 7 3 5 3 3 7 5 0 5 14 39 42 12 6 7 1 5 
0 0 0 0 1 0 0 0 0 0 0 1 2 1 2 3 3 4 7 14 45 187 41 10 11 3 3 4 2 5 3 8 15 48 47 9 4 7 7 7 
0 1 0 0 0 0 0 0 0 0 1 2 3 1 2 4 2 7 6 24 27 245 50 10 12 11 7 4 5 5 1 8 19 153 124 16 10 2 7 2 
1 0 0 0 1 0 0 0 1 1 1 0 2 6 3 10 6 5 13 27 67 287 43 4 5 4 3 1 3 8 4 15 36 208 58 6 7 0 3 1 
0 1 0 0 0 1 0 0 1 0 3 0 1 3 2 7 6 4 9 14 73 440 54 10 4 4 6 8 4 3 9 13 64 237 27 13 9 7 3 1 

1 0 0 0 0 0 0 0 0 2 0 3 0 5 0 3 3 11 9 75 32 8 3 4 1 0 1 1 1 1 0 0 1 4 0 0 0 0 0 0 
0 0 0 0 0 0 0 0 0 0 0 0 0 0 0 1 2 4 6 11 10 3 5 3 2 1 1 0 4 1 0 2 1 1 2 0 0 0 0 1 
0 0 0 0 0 0 0 0 0 0 0 1 0 2 0 4 2 4 4 8 10 5 3 3 4 3 1 0 0 1 0 1 1 2 0 0 1 1 2 0 
0 0 0 0 0 0 0 0 0 1 0 0 0 0 0 1 4 6 3 26 41 10 19 4 8 0 3 0 1 1 1 0 1 0 3 0 0 0 0 0 
0 0 0 0 0 0 0 0 1 1 1 1 0 0 2 2 4 2 8 29 12 4 3 3 0 2 0 0 1 1 0 0 1 1 2 0 1 0 1 0 
1 0 0 0 0 0 0 1 2 0 0 0 2 1 2 0 1 4 8 14 20 6 7 0 1 2 0 0 1 1 0 0 0 2 1 3 0 0 0 1 
0 0 1 1 0 1 0 0 1 0 1 1 1 3 1 7 3 4 6 23 36 7 8 5 2 1 5 0 1 1 2 1 0 0 1 1 2 0 0 0 
0 0 0 1 0 0 0 0 0 1 1 0 0 0 2 7 1 6 13 27 20 3 6 1 1 5 0 3 0 0 0 4 0 0 0 2 0 0 0 0 
0 1 0 0 0 0 0 0 0 0 1 1 2 2 2 1 4 10 7 9 20 6 4 7 1 1 1 2 0 1 1 0 2 1 0 0 0 1 1 0 
0 0 0 0 0 0 0 1 0 0 0 1 3 2 0 4 6 7 2 11 33 26 26 5 3 4 4 1 2 3 2 0 1 2 6 1 0 0 0 0 
0 0 0 0 0 0 0 0 1 0 1 0 1 3 8 6 3 11 9 16 22 33 9 1 0 1 1 2 1 0 1 0 1 1 0 1 2 0 0 0 
1 0 0 1 0 1 0 0 0 1 1 2 1 0 0 6 3 3 6 11 19 17 5 6 4 1 2 2 2 2 0 1 2 0 4 0 0 1 0 0 
0 0 0 1 0 0 0 0 2 0 1 3 6 1 2 7 4 5 5 9 30 33 20 3 9 3 2 1 1 1 0 2 3 2 4 0 1 0 0 0 
0 0 0 1 0 0 0 0 1 2 0 2 1 2 3 3 5 2 8 15 39 51 12 4 4 0 2 1 0 0 0 0 1 4 0 0 0 2 0 0 
1 0 0 0 0 0 0 0 0 1 1 1 0 2 1 2 0 4 5 11 14 21 18 3 7 5 2 0 0 2 0 2 0 2 3 1 4 3 1 3 
0 0 0 0 0 0 0 2 0 0 1 2 1 2 1 1 6 6 6 9 15 33 21 8 5 7 3 3 2 1 3 2 1 3 6 4 5 2 0 2 
0 0 0 0 0 0 0 0 1 0 0 0 2 4 3 1 2 3 3 10 23 41 8 5 0 0 0 0 3 3 1 1 3 7 3 0 3 1 0 2 
1 0 0 0 0 0 1 0 0 0 0 0 1 1 2 3 5 4 3 6 15 25 17 11 4 1 3 1 1 4 1 0 3 5 8 0 3 2 2 2 
0 0 0 0 1 1 0 0 0 2 1 4 1 5 2 3 5 6 7 20 21 28 29 7 5 2 3 4 1 5 2 8 3 12 10 3 4 6 1 2 
0 0 0 0 0 0 0 1 0 0 2 1 1 5 2 4 4 5 11 12 45 40 12 5 3 1 3 3 3 2 2 4 8 10 12 7 3 2 0 2 
0 0 0 0 0 0 0 0 1 1 2 1 0 5 1 1 1 4 4 14 21 20 18 10 6 2 2 1 2 4 2 6 6 14 20 11 6 2 4 7 
0 0 1 1 0 0 0 1 0 0 2 0 2 3 2 3 4 12 10 14 21 28 26 7 16 1 2 2 2 4 4 8 8 16 25 10 14 5 3 2 
0 0 0 0 0 0 2 0 0 1 0 3 0 0 2 2 3 3 4 9 16 22 15 2 7 2 1 3 1 6 2 9 14 19 13 2 5 1 1 1 
0 0 0 0 1 1 0 1 1 1 0 0 3 3 0 3 7 5 9 12 26 31 22 12 12 2 2 4 2 8 4 11 16 34 19 5 3 2 1 4 

0 0 0 0 0 0 0 0 0 0 0 0 0 2 1 0 1 4 1 28 23 2 1 2 0 0 0 0 0 0 0 0 1 2 1 0 0 0 0 0 
0 0 1 0 0 0 0 0 0 0 0 0 0 0 0 1 2 0 4 8 5 2 3 3 1 1 2 1 1 0 0 0 2 1 0 1 0 0 1 0 
0 0 0 0 0 0 0 0 1 0 0 2 0 1 2 0 4 2 7 7 15 4 5 6 4 2 5 1 0 0 0 1 0 0 0 0 3 0 1 0 
0 0 0 0 1 1 0 0 0 0 0 0 1 3 2 5 2 1 1 9 11 2 3 0 6 0 3 1 1 0 0 0 0 1 0 0 1 1 0 0 
0 0 0 0 0 0 0 0 0 0 1 0 1 1 2 0 2 1 9 14 9 3 1 0 4 0 0 1 1 2 1 0 0 1 3 1 1 0 0 0 
0 1 0 0 0 0 0 1 1 0 0 0 0 1 0 3 1 4 2 7 19 8 4 4 0 1 3 0 1 2 0 0 2 3 1 1 0 1 1 0 
0 0 0 0 0 0 0 1 0 0 0 0 0 3 1 4 2 7 3 7 16 2 4 1 2 1 1 1 1 1 0 1 2 0 3 0 2 0 1 1 
0 0 0 0 0 0 1 0 1 1 1 0 1 2 0 5 2 7 8 10 12 4 2 0 2 1 1 1 0 0 0 0 0 1 0 0 1 0 0 2 
0 0 1 0 0 0 0 0 0 0 0 0 0 1 1 1 1 6 2 4 11 5 3 1 2 3 2 2 0 4 0 0 0 0 0 1 0 0 3 0 
0 0 0 0 1 0 0 0 0 0 2 0 0 0 1 1 3 6 3 4 8 11 11 3 2 0 1 2 2 0 1 1 0 1 0 0 0 0 1 0 
0 0 0 0 0 0 0 0 0 0 2 0 3 0 1 3 7 2 6 5 7 9 11 5 2 2 1 0 1 2 1 0 2 2 0 2 1 1 2 0 
0 0 0 0 0 0 0 0 0 0 0 0 0 2 2 2 1 3 4 5 3 7 6 9 2 6 1 2 1 1 2 0 2 1 1 2 0 0 1 0 
1 0 0 0 0 0 1 1 1 1 2 2 0 1 3 1 2 1 3 4 7 11 14 2 4 2 1 1 1 0 1 3 0 1 2 1 1 0 0 2 
0 0 1 0 0 0 0 0 0 1 1 0 1 2 6 4 2 4 12 14 19 26 19 1 2 2 2 3 1 0 0 0 4 4 6 1 1 0 1 0 
0 1 1 0 0 1 0 2 0 0 0 0 0 2 1 2 3 2 5 9 5 11 8 5 3 3 2 4 1 2 1 0 2 1 5 1 3 1 1 2 
0 0 0 0 0 1 0 0 0 0 1 1 2 1 3 7 3 9 3 3 7 7 18 9 5 0 2 1 2 0 1 2 2 3 2 1 1 0 0 2 
0 0 1 0 0 0 1 0 1 0 1 3 0 2 2 5 2 6 7 7 18 19 12 1 3 3 2 0 0 1 3 3 3 9 2 0 2 0 1 0 
0 0 0 0 0 0 0 1 0 0 0 2 0 3 2 2 3 4 2 3 7 4 6 2 3 3 1 4 4 0 1 2 1 4 4 1 1 2 2 2 
0 0 0 1 0 1 0 0 0 1 0 2 1 2 1 3 5 5 5 11 9 12 13 3 6 1 1 1 2 1 2 1 2 3 4 1 2 2 1 1 
0 0 1 0 0 1 0 1 0 0 1 2 0 1 6 5 4 3 6 9 30 29 15 4 2 2 1 0 2 0 4 1 7 9 4 4 0 0 1 1 
0 0 0 0 0 0 0 0 1 0 0 0 0 2 0 3 2 2 1 6 8 9 8 7 2 0 2 0 1 3 0 1 3 2 1 3 6 3 4 2 
0 0 0 0 0 0 0 0 0 0 1 1 0 1 1 3 5 6 3 9 2 8 8 1 4 3 4 0 2 2 2 4 1 10 7 2 5 2 4 1 
0 0 0 0 0 0 0 1 0 1 1 1 0 2 3 6 2 3 10 11 15 16 13 2 2 0 2 2 2 1 3 1 9 13 5 3 0 0 0 0 
0 0 0 0 0 0 0 0 1 0 0 0 0 1 2 1 1 3 4 7 10 10 12 6 2 2 2 3 2 2 3 5 9 12 8 4 0 1 3 5 

0 0 0 0 0 0 0 0 0 1 0 0 1 1 2 1 0 3 2 20 10 4 1 0 0 0 0 0 0 0 0 1 0 2 2 0 0 0 0 0 
0 0 0 0 0 0 0 0 0 0 0 0 0 0 0 0 2 3 0 2 4 4 1 0 1 0 0 0 0 0 0 0 0 1 0 0 0 0 0 0 
0 1 0 0 0 0 0 0 0 0 0 0 0 2 0 0 1 1 1 3 2 3 3 1 3 0 1 0 0 0 0 0 0 1 0 0 1 0 0 0 
0 0 0 0 0 0 0 0 0 0 0 0 0 1 0 1 3 1 1 6 9 2 1 0 2 0 2 0 1 1 0 0 0 3 0 0 0 0 0 0 
0 0 0 0 0 0 0 0 0 0 0 0 2 0 0 0 2 4 6 3 3 1 2 0 2 1 0 0 0 0 1 0 2 2 0 0 1 0 0 0 
0 0 0 0 0 0 0 0 0 0 0 0 0 2 0 2 1 4 1 3 4 3 3 0 2 0 1 0 0 1 0 0 0 1 1 0 0 0 0 0 
0 0 0 0 0 0 0 0 0 0 1 0 0 1 1 0 2 1 5 3 19 1 3 2 3 0 3 1 2 2 0 1 1 0 1 0 3 0 0 1 
1 0 0 0 1 1 0 0 0 0 0 0 0 1 1 1 0 2 3 4 2 0 1 3 1 1 1 0 0 1 0 0 0 3 0 2 1 0 0 0 
0 0 0 0 0 0 0 0 0 0 0 0 0 0 2 1 3 2 1 2 5 1 3 1 2 0 1 1 0 0 0 0 0 0 1 0 0 1 0 0 
0 0 0 0 0 1 0 0 0 0 0 0 1 0 0 4 1 6 3 0 19 3 5 1 3 0 0 0 0 1 0 0 1 0 2 0 1 0 0 0 
0 0 0 0 0 0 0 2 0 0 0 1 0 1 0 1 1 3 1 8 5 6 5 4 0 0 2 2 0 1 1 0 0 0 0 0 0 1 0 0 
0 0 0 1 0 0 0 0 0 0 1 0 0 1 0 0 1 2 1 2 1 2 3 0 5 4 0 5 2 0 1 0 0 1 0 0 1 0 2 0 
0 0 0 0 0 1 0 0 1 0 1 0 0 1 1 3 1 0 1 5 5 7 8 3 3 4 1 1 0 0 0 0 0 3 1 0 1 0 0 1 
0 0 0 0 0 0 0 0 0 0 1 1 1 1 1 0 1 4 3 7 7 14 4 4 0 2 4 1 0 0 0 1 1 2 1 0 0 0 0 0 
0 0 0 0 0 0 0 0 0 0 0 0 1 0 1 0 3 1 2 3 6 3 7 3 1 4 2 2 1 0 0 0 1 1 1 2 1 0 1 1 
0 0 1 0 0 0 1 1 0 0 0 0 2 0 1 1 2 5 3 3 6 8 13 0 6 1 1 4 0 0 0 3 0 3 5 0 2 0 2 2 
0 0 0 0 0 0 0 0 0 0 0 0 5 1 1 1 1 2 6 6 5 11 10 2 1 1 1 0 1 1 2 0 2 5 2 1 1 0 1 0 
0 0 0 0 0 0 0 0 1 0 0 0 0 0 0 0 2 0 3 1 2 4 5 5 6 1 1 0 0 0 0 0 0 1 2 1 1 0 2 3 
0 0 0 0 0 0 0 0 0 0 0 0 2 1 0 2 2 3 2 7 7 4 8 2 2 4 0 0 2 0 0 1 3 2 5 2 1 0 3 1 
1 0 0 0 0 0 0 0 1 1 0 1 2 0 2 2 0 1 4 5 10 14 4 0 2 1 1 0 2 0 1 0 2 6 1 1 1 3 2 0 
0 0 1 0 0 0 1 0 1 2 0 0 1 1 1 2 2 1 3 3 4 2 2 2 3 0 1 2 2 0 1 2 2 2 2 1 1 1 1 2 
0 0 0 0 2 0 0 1 0 1 1 0 1 3 2 0 1 4 2 4 6 9 8 3 3 1 2 2 0 0 1 3 2 4 4 5 1 1 3 0 
0 0 0 0 0 0 0 0 0 0 0 1 0 1 2 6 2 2 6 7 5 8 7 1 1 1 1 1 0 0 3 2 5 9 2 0 2 0 1 0 
2 0 1 0 0 0 0 0 1 0 0 1 5 3 3 1 5 1 5 2 7 9 7 6 3 2 2 1 4 4 3 5 3 6 8 6 4 2 4 3 

0 0 0 0 0 0 0 0 0 0 0 0 0 3 1 0 0 0 1 6 9 0 1 0 2 0 0 0 0 0 0 0 0 1 0 1 0 0 0 0 
0 0 0 0 0 0 0 0 0 0 0 0 0 1 0 0 0 2 2 2 2 0 4 3 3 0 1 0 0 0 0 1 0 0 1 0 0 0 0 0 
0 0 0 0 0 0 0 0 0 1 0 0 0 0 2 0 0 1 2 3 2 3 5 1 0 2 1 0 0 0 1 0 0 1 1 0 0 0 0 0 
0 0 0 0 0 0 0 0 0 0 0 0 0 0 2 1 0 0 0 5 1 1 3 0 2 1 0 0 0 0 0 0 1 1 1 0 1 0 0 0 
0 0 0 0 0 0 0 0 0 0 0 0 0 0 2 2 1 0 2 1 3 3 4 1 2 0 0 0 0 0 0 1 0 1 3 0 0 0 0 1 
0 0 0 0 0 1 0 0 0 0 0 0 1 0 2 0 1 0 2 2 3 0 1 1 2 0 1 1 0 0 0 0 0 1 0 3 0 0 1 0 
0 0 0 0 0 0 0 0 0 0 0 0 0 0 0 1 0 0 0 2 3 0 5 0 0 0 0 0 0 0 1 0 1 0 0 1 0 1 1 0 
0 0 0 0 0 0 0 0 0 0 0 0 0 1 1 1 2 1 3 10 4 2 2 0 0 1 0 0 0 0 2 0 0 1 0 1 0 0 0 0 
0 0 0 0 0 0 0 0 1 0 1 2 0 1 0 0 1 2 2 2 6 1 0 0 0 0 2 1 0 1 1 0 1 0 0 1 0 0 0 0 
0 0 0 0 0 0 0 0 0 0 0 0 0 0 0 0 1 3 1 4 6 4 1 0 1 0 0 0 1 0 1 0 0 1 0 0 0 0 0 0 
0 0 0 0 0 1 0 0 0 0 0 1 1 2 2 2 4 6 2 5 1 12 0 3 2 0 0 1 0 0 0 0 0 0 0 2 1 0 0 0 
0 0 0 0 0 1 0 0 0 0 0 0 0 0 1 0 1 3 0 4 2 0 4 0 2 0 0 0 2 1 1 0 0 0 1 0 0 0 1 0 
2 0 0 0 0 0 0 0 0 0 0 1 0 1 0 3 1 0 4 3 5 5 2 2 2 0 1 0 1 0 0 0 1 0 3 0 1 0 3 1 
0 0 0 1 0 0 0 0 0 1 1 0 1 1 0 2 2 2 2 12 7 6 4 1 2 1 5 1 0 0 0 1 1 3 2 0 0 1 1 0 
0 0 0 0 0 0 0 0 0 0 0 0 1 2 0 1 1 0 1 3 4 0 2 0 0 1 0 0 1 0 0 1 0 1 1 1 1 0 0 0 
0 0 0 0 0 0 0 0 0 0 0 0 1 0 2 2 1 1 0 0 2 6 3 0 3 0 1 0 1 0 2 0 0 1 0 0 0 0 0 2 
0 0 0 0 0 0 0 0 0 1 1 4 1 0 2 3 2 2 3 3 7 8 5 0 3 0 2 0 0 1 5 4 2 2 2 0 0 1 0 0 
0 0 0 1 0 0 0 0 0 0 0 0 0 1 1 2 0 1 1 2 1 5 1 2 0 1 1 0 3 1 0 1 0 0 1 1 0 0 0 0 
1 0 0 0 0 0 0 1 0 2 0 0 2 0 1 1 0 2 0 2 4 3 3 0 3 3 0 1 1 0 1 1 2 4 2 2 0 0 0 0 
0 0 0 0 0 0 0 0 1 0 0 0 1 1 2 2 2 2 9 6 5 13 1 3 0 0 1 1 2 1 3 2 2 2 3 0 0 0 0 0 
0 0 0 0 1 0 0 0 0 0 0 0 1 1 1 0 1 1 0 3 0 1 3 3 1 1 0 0 0 0 1 1 1 2 4 1 0 0 0 1 
0 0 0 0 0 0 0 0 0 0 0 0 0 0 0 3 1 1 3 3 3 3 4 2 4 2 0 0 2 1 0 0 1 2 4 0 1 1 1 0 
0 0 0 0 0 0 0 1 0 0 1 1 0 3 2 1 2 2 0 3 5 8 4 1 2 0 1 2 2 1 4 4 5 7 0 1 1 1 0 0 
0 0 0 0 0 0 0 1 1 1 0 1 2 1 1 1 0 2 6 2 3 2 1 0 1 1 1 0 2 1 2 0 2 3 2 0 0 1 1 1 

0 0 0 0 1 0 1 0 0 1 0 0 0 1 0 0 1 2 2 10 2 2 0 0 0 0 0 0 0 0 0 0 0 2 0 0 0 0 0 0 
0 0 0 0 0 0 0 0 0 0 0 1 0 0 0 1 2 0 0 2 0 1 1 0 0 0 0 0 1 0 1 0 0 1 1 0 0 0 0 0 
0 0 0 0 0 0 0 0 0 0 0 0 0 0 0 1 0 0 0 1 0 1 1 0 0 0 1 0 0 0 0 0 0 0 0 1 0 0 0 2 
0 0 0 0 0 0 0 0 0 0 0 0 1 1 0 0 0 0 0 3 2 1 1 0 0 1 1 0 0 0 1 0 0 0 0 0 0 0 0 0 
0 0 0 0 0 0 0 0 0 0 0 0 1 0 0 0 0 1 0 3 4 0 0 0 0 1 0 0 1 0 0 0 0 0 0 0 0 0 0 0 
0 0 0 0 0 0 0 0 0 0 0 0 0 0 0 2 1 1 2 1 2 2 1 0 1 3 0 0 0 0 0 0 0 0 0 0 0 0 0 1 
0 0 0 0 0 0 0 0 0 0 0 1 1 0 1 0 1 0 1 1 4 0 0 1 4 0 1 0 0 0 0 1 0 0 0 0 0 0 0 0 
0 0 0 0 1 0 0 0 0 0 0 0 0 0 0 0 1 0 0 5 0 2 0 2 1 0 0 0 0 0 0 0 1 1 1 0 0 0 0 0 
0 0 0 0 0 0 0 0 0 0 0 0 0 1 0 0 0 0 0 1 2 1 1 1 0 1 0 0 0 1 1 0 0 0 1 0 1 0 0 0 
0 0 0 0 0 0 0 0 0 0 0 0 0 0 0 0 1 0 0 2 5 5 3 1 1 0 0 0 0 0 0 0 0 0 0 0 0 0 0 0 
0 0 0 0 0 0 0 0 0 0 0 0 0 0 0 2 0 1 3 2 2 4 3 2 1 0 0 1 0 0 0 0 0 0 1 0 0 0 0 0 
0 0 0 0 0 0 0 0 0 0 0 0 0 1 0 0 0 3 1 1 3 0 1 0 2 0 0 0 0 0 0 0 0 0 0 1 0 0 1 2 
0 0 0 0 0 0 0 0 0 2 0 0 0 0 1 1 0 2 2 4 3 3 4 0 2 0 0 0 1 0 0 0 1 1 2 0 1 0 0 0 
0 0 0 0 0 0 0 0 0 0 0 2 0 0 0 0 0 0 5 0 1 2 2 2 1 1 0 0 2 0 1 0 0 1 0 0 0 1 0 0 
0 0 0 0 0 0 0 0 0 0 0 0 1 1 1 2 1 2 1 1 2 1 7 3 2 0 2 0 0 0 1 0 1 0 2 0 0 0 0 0 
0 0 0 0 0 0 0 0 0 0 0 1 0 0 0 1 0 1 2 1 1 0 4 2 0 0 0 0 0 0 0 1 1 0 1 1 0 0 0 0 
0 0 0 0 1 0 0 0 1 2 0 1 0 0 1 2 0 0 1 2 3 3 1 1 4 0 2 0 1 0 2 0 1 1 3 0 0 1 0 0 
0 0 0 0 0 0 0 0 0 0 0 0 1 0 0 0 1 0 1 2 2 1 1 1 3 0 2 0 2 0 0 0 1 3 3 0 0 2 0 0 
0 0 1 0 0 0 0 0 0 0 0 0 1 0 1 1 2 0 0 2 2 2 1 2 4 1 2 1 0 1 1 1 0 0 1 0 0 0 0 2 
0 0 0 0 0 0 0 0 0 0 0 0 0 1 0 1 0 3 0 5 5 5 1 2 0 1 1 0 4 0 0 0 3 2 1 1 0 0 0 0 
0 1 0 0 0 0 0 0 0 0 0 0 1 0 0 0 0 1 3 0 1 2 1 2 1 1 1 0 0 1 1 1 0 0 1 1 2 0 0 2 
0 0 0 0 0 0 0 0 0 1 1 0 0 0 0 0 4 2 1 3 4 3 2 2 4 0 0 0 2 0 0 1 2 1 2 2 1 0 2 0 
0 0 0 0 0 0 0 0 2 2 1 0 0 0 2 0 2 3 1 3 4 5 4 4 0 0 3 1 0 0 2 0 4 5 3 0 1 0 0 0 
2 0 0 0 0 0 0 0 0 0 1 0 1 5 1 0 3 2 0 3 1 5 2 4 2 0 2 3 2 1 1 0 3 2 5 3 0 1 0 1 

0 0 0 0 0 0 0 0 0 0 0 0 0 0 2 0 1 2 1 9 1 0 0 0 0 0 0 0 0 0 0 0 0 1 0 0 0 0 0 0 
1 0 0 0 0 0 0 0 0 0 0 0 0 1 0 0 3 2 1 0 1 0 1 1 0 0 0 0 0 0 0 0 0 1 0 0 0 0 0 1 
0 0 0 0 0 0 0 0 0 1 0 0 0 0 3 0 0 0 0 0 1 0 0 1 0 0 0 0 0 0 0 0 0 1 0 0 0 0 0 0 
0 0 0 0 0 0 0 0 0 0 0 0 0 0 0 1 0 0 0 2 0 0 3 0 2 0 1 0 0 1 0 0 0 0 0 0 0 0 0 0 
0 0 0 0 0 0 0 0 0 0 0 1 0 0 1 0 1 1 1 1 2 1 0 1 0 1 0 0 0 0 0 0 0 1 1 0 0 0 0 0 
0 0 0 0 0 0 0 0 0 0 0 1 0 0 0 0 0 1 0 1 3 0 0 0 0 0 1 0 0 0 0 1 0 0 0 1 0 0 0 0 
0 0 0 0 0 0 0 0 0 0 0 1 0 0 0 0 0 1 0 3 0 0 1 0 0 0 0 0 0 0 0 0 1 1 0 0 0 0 0 0 
0 0 0 0 0 0 0 0 0 1 0 0 0 1 0 1 2 1 0 1 1 0 1 0 1 0 0 1 0 0 1 0 0 0 1 0 0 0 0 0 
0 0 0 0 1 0 0 0 0 0 0 0 1 0 0 1 1 0 1 2 2 0 5 0 0 1 0 1 0 0 0 1 0 0 0 0 0 0 1 0 
0 0 0 0 0 0 0 0 0 0 0 0 0 0 0 2 0 0 0 2 0 1 1 1 0 0 1 0 0 1 0 0 0 1 0 0 1 0 0 0 
0 0 0 0 0 0 0 0 0 0 0 0 0 0 1 3 0 1 1 3 2 1 3 0 0 1 0 0 1 0 0 0 0 0 0 0 0 0 0 0 
0 0 0 0 0 0 0 0 0 0 0 0 0 0 1 0 0 2 0 2 1 0 0 0 0 0 2 0 0 0 0 0 0 0 0 0 0 0 0 0 
0 0 0 0 0 0 1 0 0 0 0 1 0 1 0 0 2 0 1 1 2 0 1 3 0 0 0 0 0 0 0 2 0 0 0 0 0 0 0 0 
0 0 0 0 0 1 0 0 0 0 1 0 0 0 1 0 1 1 5 1 5 6 2 2 0 2 0 1 0 1 0 0 0 2 0 0 0 0 0 0 
1 0 0 0 0 0 0 0 0 0 0 1 2 0 1 0 0 0 0 0 2 1 3 0 0 0 0 0 0 0 0 0 0 0 0 1 0 1 1 0 
0 0 1 0 0 0 0 0 1 1 0 2 0 1 0 1 0 1 1 0 0 0 2 2 3 1 2 0 4 0 2 1 0 3 0 0 1 0 0 0 
0 0 0 0 0 1 0 0 0 0 0 0 0 1 2 0 0 3 2 1 3 2 2 4 3 0 0 1 0 0 0 0 0 1 4 0 1 0 0 0 
0 0 0 0 0 0 0 0 0 0 0 0 0 0 0 0 0 0 0 0 1 1 2 0 0 0 0 0 0 0 0 0 0 1 0 0 0 0 0 0 
0 0 0 0 0 0 0 0 0 0 0 0 0 1 0 0 0 0 0 0 4 2 0 1 2 0 1 1 0 0 1 0 1 0 1 0 0 1 1 0 
0 0 0 0 0 1 0 0 0 0 0 1 0 1 0 0 4 1 1 1 1 4 3 2 1 1 1 1 1 0 1 0 1 3 1 2 0 1 1 0 
0 0 0 0 0 0 1 0 0 0 0 0 1 0 0 0 0 0 1 0 2 0 2 0 0 0 1 1 0 0 0 0 0 0 0 1 1 0 0 0 
0 0 0 0 0 1 1 0 0 0 0 0 1 0 1 2 0 1 1 3 2 1 1 0 0 0 1 0 0 0 0 1 0 0 1 0 0 0 0 0 
0 0 0 0 1 0 0 0 0 0 0 1 0 0 1 2 2 1 1 2 4 4 1 0 4 0 0 1 0 0 0 0 3 2 2 2 1 0 0 0 
0 0 0 0 0 0 0 0 0 0 0 0 0 0 0 2 2 0 1 4 0 1 0 0 0 0 0 0 0 1 0 0 0 0 1 0 0 0 0 0 

0 0 0 0 0 0 0 0 0 0 0 0 0 0 0 0 0 0 0 1 0 1 0 0 0 0 0 0 0 0 0 0 0 0 0 0 0 0 0 0 
0 0 0 0 0 0 0 0 0 0 0 0 0 0 0 0 0 1 1 1 2 0 0 0 0 0 0 0 0 0 1 0 1 0 0 0 0 0 0 0 
0 0 0 0 0 0 0 0 0 0 0 0 1 0 1 0 0 0 0 3 2 0 0 0 0 0 0 0 0 0 0 0 0 0 0 0 0 0 0 0 
0 0 0 0 0 0 0 0 0 0 0 0 0 0 0 0 0 0 1 2 2 0 1 1 0 0 0 0 1 0 0 0 0 1 0 1 0 0 1 0 
0 0 0 0 0 1 0 0 0 0 0 0 0 1 0 1 0 0 0 2 0 0 0 0 0 0 0 0 0 0 0 1 0 1 0 0 0 0 0 0 
0 0 0 0 0 0 0 0 0 0 0 0 0 0 0 2 0 0 2 0 1 0 0 0 2 0 0 0 1 0 0 0 1 0 0 0 0 0 0 0 
0 0 0 0 0 0 0 0 0 0 0 0 0 0 0 1 0 1 0 1 2 0 1 0 0 0 1 0 0 0 0 0 0 1 0 0 0 0 0 0 
0 0 0 0 0 0 0 0 0 0 0 0 0 0 0 3 2 1 2 0 2 0 0 0 0 0 0 0 0 0 0 1 0 0 1 0 0 0 0 0 
0 0 0 1 0 0 0 0 0 0 0 0 0 0 1 0 0 0 0 1 5 1 0 0 0 0 2 0 0 0 0 0 0 0 0 0 0 0 0 0 
0 0 0 0 0 0 0 0 0 0 0 0 0 1 0 0 0 0 1 3 1 2 1 0 0 0 0 0 0 0 1 1 0 1 0 0 0 0 0 0 
0 0 0 0 0 0 0 0 0 0 0 0 0 1 0 1 1 1 0 1 0 1 1 0 1 0 0 0 1 2 0 0 1 0 0 0 0 0 0 0 
0 0 0 0 0 0 0 0 0 0 0 0 0 0 1 0 0 2 3 0 0 0 0 0 1 0 0 0 0 1 0 0 0 0 0 1 0 0 0 0 
0 0 0 0 0 0 0 0 0 0 0 0 0 0 0 0 1 1 0 0 2 0 0 1 1 0 0 0 0 0 0 1 0 0 0 0 0 0 1 0 
1 0 0 0 0 0 0 0 0 0 2 1 0 2 1 2 1 3 2 1 2 2 3 0 0 1 0 0 1 0 0 1 1 1 1 0 0 0 0 1 
0 0 0 0 0 0 0 0 0 0 0 0 0 0 0 0 0 1 0 1 0 1 4 0 1 0 0 1 0 0 0 0 0 1 1 0 0 0 0 0 
0 0 0 0 1 1 0 0 0 0 0 0 0 0 0 0 0 1 0 0 1 1 1 2 2 1 0 0 0 0 0 0 1 0 0 0 0 0 0 0 
0 0 0 0 0 0 0 0 0 0 1 1 0 0 2 0 1 1 1 2 0 5 2 2 0 0 0 0 1 0 0 0 3 0 1 1 1 0 0 0 
0 0 0 0 0 0 0 0 0 0 0 0 1 1 0 1 0 0 1 2 2 1 0 0 1 0 1 0 0 0 0 0 0 0 1 0 0 1 0 0 
0 0 0 0 0 0 0 0 0 0 0 0 0 0 3 1 0 0 0 0 0 2 0 2 0 0 1 1 0 0 0 1 1 2 2 0 1 0 0 2 
0 1 0 0 0 0 0 0 0 0 1 0 1 2 1 1 1 3 1 1 2 2 0 0 1 0 0 0 0 0 0 0 1 3 0 2 0 0 0 0 
0 0 0 0 0 0 0 0 0 0 1 0 0 0 0 1 1 0 0 0 0 0 0 1 0 0 0 0 0 0 1 0 1 0 0 0 1 1 0 2 
0 0 0 0 0 0 0 0 0 0 0 1 0 0 0 2 0 1 0 1 0 0 2 0 1 2 0 0 0 0 0 0 2 0 0 0 0 0 0 0 
0 0 0 0 0 0 0 0 1 0 0 1 0 0 1 1 1 1 2 2 2 3 3 0 2 0 1 1 1 2 2 0 1 3 1 0 0 1 0 0 
0 0 0 0 0 0 0 0 0 0 0 0 0 0 0 0 0 0 1 0 0 1 0 2 0 0 0 0 1 0 0 0 1 1 0 1 0 0 1 0 

0 0 0 0 0 0 0 0 0 1 0 0 0 0 0 0 0 0 0 0 2 0 0 0 0 0 0 0 0 0 0 0 0 0 0 0 0 0 0 0 
0 0 0 0 0 0 0 0 0 0 0 0 0 0 1 0 0 0 1 2 0 1 1 0 0 0 0 0 0 1 1 1 0 1 0 0 0 0 0 0 
0 0 0 0 0 0 0 0 0 0 0 0 0 0 0 0 0 0 0 1 0 0 0 0 0 0 0 0 0 0 0 0 0 0 1 0 0 0 0 0 
0 0 0 0 0 0 0 0 0 0 0 0 0 0 0 1 0 0 0 0 1 1 0 0 1 0 0 0 0 0 0 0 1 2 0 0 1 0 0 0 
0 0 0 0 0 0 0 0 0 0 0 0 0 1 0 0 0 2 0 0 1 0 0 1 0 1 0 0 0 0 1 0 0 0 1 0 0 0 0 1 
0 0 0 0 0 0 0 0 0 0 0 0 0 0 0 0 0 0 0 1 1 0 0 0 0 0 0 0 1 0 0 0 0 0 0 0 0 0 0 0 
0 0 0 0 0 0 0 0 0 0 0 0 0 0 0 0 1 0 1 2 2 2 1 0 1 1 0 0 0 1 0 0 1 0 0 0 0 0 0 0 
0 0 0 0 0 0 0 0 0 0 0 0 0 0 0 0 1 1 1 2 1 0 3 0 0 0 0 0 1 2 0 0 0 0 0 0 0 0 0 0 
0 0 0 0 0 0 0 0 0 0 0 0 0 0 1 0 1 0 0 1 0 1 0 0 0 0 0 0 0 0 0 0 0 0 0 0 0 0 0 0 
0 0 0 0 0 0 0 0 0 0 0 0 0 0 1 0 0 0 0 1 0 1 0 1 0 0 0 0 0 0 1 1 0 1 0 0 0 0 0 0 
0 0 0 0 0 0 0 0 0 0 1 0 1 0 3 2 1 0 0 1 0 0 0 0 0 0 1 0 0 1 0 0 1 0 1 0 0 0 0 0 
0 0 0 0 0 1 0 0 0 0 0 0 0 0 0 0 0 0 0 1 0 0 0 0 0 1 0 0 0 0 0 0 0 0 0 0 0 0 0 0 
0 0 0 1 0 0 0 0 0 0 0 0 0 0 0 0 0 1 0 4 1 1 0 1 1 0 1 0 0 0 0 0 1 0 0 0 0 0 0 0 
0 0 0 0 0 0 0 0 1 1 0 0 0 0 2 0 0 0 1 3 2 4 0 1 0 0 0 0 0 0 0 0 0 0 0 0 0 0 1 0 
0 0 0 0 0 0 1 0 0 0 0 0 0 0 0 0 0 1 0 0 1 0 0 1 0 0 0 0 0 0 0 0 0 0 0 0 0 0 0 0 
0 0 0 0 0 0 0 0 0 0 0 0 0 0 0 0 0 0 2 0 3 1 3 1 1 1 1 0 0 0 0 0 0 0 0 0 0 0 0 1 
0 0 0 0 0 0 0 0 0 0 0 0 0 1 1 0 1 0 0 1 3 2 3 0 1 1 0 1 1 0 2 1 2 0 0 0 0 0 0 0 
0 0 0 0 0 0 0 0 0 0 0 0 0 0 0 0 0 0 0 1 0 0 0 0 0 0 0 0 0 0 0 1 0 0 0 0 0 0 0 0 
0 0 0 0 0 0 0 0 1 0 0 0 0 0 1 0 1 2 1 1 1 3 2 1 0 0 0 0 0 0 1 0 2 0 1 0 0 0 0 0 
0 0 0 0 0 0 0 0 0 0 0 0 0 0 0 1 1 0 0 1 0 2 4 0 0 1 0 0 0 0 0 0 0 1 0 0 0 1 0 0 
0 0 0 0 0 0 0 0 0 1 0 0 1 0 1 1 0 1 0 1 0 0 1 0 0 0 0 0 1 0 1 1 1 1 0 0 0 0 0 0 
0 0 0 0 0 0 0 0 0 0 0 0 0 0 0 0 0 1 1 0 0 1 0 0 0 0 0 0 0 0 1 0 1 0 1 0 2 0 1 0 
0 0 0 0 0 0 0 0 0 0 0 0 0 1 0 2 1 0 1 2 4 0 1 2 1 0 0 0 0 1 1 0 3 2 0 0 0 0 0 0 
0 0 0 0 0 0 0 0 0 0 0 0 0 0 0 0 0 0 0 0 0 0 1 0 0 1 0 0 0 0 0 1 1 0 0 0 0 0 0 0 

0 0 0 0 0 0 0 0 0 1 0 1 0 0 1 0 1 1 1 1 1 1 0 0 0 0 0 0 0 0 0 0 0 0 0 0 0 0 0 0 
0 0 0 0 0 0 0 0 0 0 0 0 0 0 0 0 0 0 0 1 0 2 0 0 0 0 0 0 0 0 0 0 0 0 0 0 0 0 0 0 
0 0 0 0 0 0 0 0 0 0 0 0 0 0 0 0 0 0 0 0 0 0 0 0 0 0 0 0 0 0 0 0 0 0 0 0 0 0 0 1 
0 0 0 0 0 0 0 0 0 0 0 0 0 0 0 0 0 0 0 1 0 0 0 0 0 0 0 0 0 0 0 2 0 0 1 0 0 0 0 0 
0 0 0 0 0 0 0 0 0 1 0 1 0 0 0 1 0 0 0 1 1 1 0 0 1 0 0 0 0 0 0 0 0 1 1 0 1 0 0 0 
1 0 0 0 0 0 0 0 0 0 0 0 0 0 0 0 0 1 0 0 0 1 0 0 0 0 0 0 0 0 0 0 0 0 0 0 0 0 0 0 
0 0 0 0 0 0 0 0 0 0 0 0 0 0 0 0 0 0 0 1 0 0 0 0 0 0 0 0 0 0 0 0 0 0 0 0 0 0 0 0 
0 0 0 0 0 0 0 0 0 0 0 0 0 0 0 0 0 0 1 0 1 0 1 1 0 0 0 0 0 0 0 0 1 0 0 0 0 1 0 0 
0 0 0 0 0 0 0 0 0 0 0 0 0 0 0 0 0 0 0 0 0 0 0 0 0 0 0 0 0 1 0 0 0 0 0 0 0 0 0 0 
0 0 0 0 0 0 0 0 0 0 0 0 0 0 0 0 0 0 1 1 0 0 3 0 0 0 0 0 0 0 0 0 0 0 0 0 0 0 0 0 
0 0 0 0 0 0 0 0 0 0 0 0 0 0 3 0 0 0 0 2 0 0 0 1 0 1 0 0 0 0 0 1 1 0 0 0 0 0 0 0 
0 0 0 0 0 0 0 1 0 0 0 0 0 0 0 0 0 0 0 0 0 1 1 1 1 0 0 0 0 0 0 0 0 0 0 0 0 0 0 0 
0 0 0 0 0 0 0 0 0 0 0 0 0 1 0 0 1 0 0 2 0 0 3 0 0 0 0 0 0 0 0 0 0 1 1 0 0 0 0 0 
0 0 0 0 0 0 0 0 0 0 0 0 0 0 1 0 0 0 0 1 4 1 0 0 1 0 0 1 0 0 0 0 1 0 0 0 0 0 0 0 
0 0 0 0 0 0 0 0 0 0 0 0 0 0 0 0 0 0 0 0 0 0 0 2 0 0 1 0 0 1 0 0 0 0 0 0 0 0 0 0 
0 0 0 0 0 0 0 0 0 0 0 0 0 1 2 0 0 0 0 1 2 1 1 0 1 0 0 1 3 0 0 0 0 0 0 0 0 0 0 0 
0 0 0 0 0 0 0 0 0 0 0 0 0 0 0 0 1 0 0 1 3 1 1 1 1 0 0 0 0 0 0 0 0 1 0 2 0 0 0 1 
0 0 0 0 0 0 0 0 0 0 0 0 0 0 0 0 0 0 1 0 0 0 1 0 1 0 0 1 0 0 0 0 0 0 0 0 0 0 0 0 
0 0 0 0 0 0 0 0 0 0 0 2 0 1 0 0 0 0 0 1 0 2 0 1 0 0 0 0 1 0 0 0 0 0 0 1 0 1 0 0 
0 0 0 0 0 0 0 0 0 0 0 0 0 0 0 1 2 0 0 2 1 1 1 0 1 0 1 1 0 0 1 0 0 2 0 0 0 0 0 0 
0 0 0 0 0 0 0 0 0 0 0 0 0 1 0 0 0 0 0 2 0 0 2 1 0 0 0 0 0 1 0 0 0 0 0 0 0 0 0 0 
0 0 0 0 0 0 0 0 0 0 0 0 1 2 0 0 1 0 0 0 1 1 0 0 0 0 1 0 0 0 0 0 1 0 1 0 3 0 0 0 
0 0 0 0 0 1 0 1 0 0 0 0 1 0 0 1 1 3 1 2 1 1 2 1 0 1 0 2 0 0 0 1 2 1 1 0 0 0 0 0 
0 0 0 0 1 0 0 0 0 1 0 0 0 0 0 1 1 0 0 2 0 1 0 0 0 2 0 1 1 0 0 1 0 0 0 0 0 0 0 0 

0 0 0 0 0 0 0 0 0 0 0 0 0 1 0 0 0 2 1 0 0 0 0 0 0 0 0 0 0 0 0 0 0 0 1 0 0 0 0 0 
0 0 0 0 0 0 0 0 0 0 0 1 0 0 0 1 0 0 0 0 0 1 0 0 0 0 0 0 0 1 0 0 0 1 1 0 0 0 0 0 
0 0 0 0 0 0 0 0 0 0 0 0 0 0 1 0 0 0 0 0 0 0 0 0 0 0 0 0 0 0 0 0 0 0 0 0 0 0 0 0 
0 0 0 0 0 0 0 0 0 0 0 0 0 0 0 0 0 0 1 1 0 1 0 0 0 0 0 0 0 0 0 1 0 0 0 0 0 0 0 0 
0 0 0 0 0 0 0 0 0 0 0 0 0 0 1 0 0 0 0 0 0 0 0 0 0 0 0 0 0 0 0 0 0 1 0 0 1 0 0 0 
0 0 0 0 0 0 0 0 0 0 0 0 0 0 0 0 0 0 0 0 1 0 0 0 1 0 0 0 0 0 0 0 1 0 0 0 0 0 0 0 
0 0 0 0 0 0 0 0 0 0 0 0 0 0 0 0 1 0 0 1 0 0 0 0 0 1 0 1 0 1 1 1 0 0 0 0 0 0 0 0 
0 0 0 0 0 0 0 0 0 0 0 0 1 0 1 0 1 1 0 4 3 0 0 0 0 0 0 0 0 0 0 0 0 0 0 0 0 0 0 0 
0 0 0 0 0 0 0 0 0 0 0 0 0 0 1 1 0 0 0 0 0 0 3 1 2 0 1 0 0 0 0 0 0 0 0 0 0 0 0 0 
0 0 0 0 0 0 0 0 0 0 0 0 0 0 0 1 0 0 0 1 0 1 2 0 0 0 0 0 1 1 0 0 0 0 0 0 0 0 0 0 
0 0 0 0 0 0 0 0 0 0 1 0 0 3 0 0 0 0 1 0 1 0 0 2 0 0 0 0 0 0 1 0 0 0 0 0 0 0 0 0 
0 0 0 0 0 0 0 0 0 0 0 0 0 1 0 1 0 0 1 0 0 0 0 0 0 0 0 0 1 0 0 0 0 0 0 0 0 0 0 0 
0 0 0 0 0 0 0 0 0 0 0 1 0 0 0 1 1 0 0 0 4 2 0 0 2 0 0 0 0 0 0 0 0 0 1 0 0 1 0 1 
0 0 0 0 0 0 0 0 0 0 0 0 0 1 0 0 1 3 2 3 4 1 1 0 0 1 0 0 0 1 0 0 0 1 0 0 0 0 0 0 
0 0 0 0 0 0 0 0 0 0 1 0 0 0 0 0 0 0 0 0 0 2 0 0 0 0 0 1 0 1 0 0 2 0 0 0 0 0 0 0 
0 0 0 0 0 0 0 0 0 1 0 0 0 0 0 1 0 0 0 0 1 0 1 0 1 0 0 0 1 0 0 0 1 0 0 0 0 0 0 0 
0 0 0 0 0 0 0 0 0 0 0 0 1 1 0 1 1 0 0 1 2 2 1 0 0 0 0 0 0 0 0 1 0 1 0 0 0 0 1 0 
0 0 0 0 0 0 0 0 1 0 0 0 0 0 0 1 0 0 0 0 0 0 1 0 0 0 1 0 1 0 1 0 0 0 0 0 0 0 0 0 
0 0 0 0 0 0 0 0 0 0 0 1 1 0 1 1 0 1 0 0 0 2 1 1 1 0 0 0 1 0 0 0 0 0 1 0 0 0 0 0 
0 0 0 0 0 0 0 0 1 0 0 0 1 0 0 1 1 2 1 2 4 4 1 0 0 0 0 1 0 0 0 0 2 0 1 0 0 0 0 0 
0 0 0 0 0 0 0 0 0 0 0 0 0 0 0 0 0 1 0 0 1 0 0 1 1 0 0 0 0 0 0 0 0 1 0 0 0 0 0 0 
0 0 0 0 0 1 0 0 0 0 0 0 0 0 0 0 1 1 0 1 1 0 0 0 0 0 0 1 1 0 1 0 0 0 1 1 0 0 1 0 
0 0 0 0 0 1 0 0 0 0 1 0 0 0 0 1 0 0 0 0 0 3 0 1 0 0 1 0 1 2 0 1 0 0 1 0 0 0 0 0 
0 0 0 0 0 0 0 0 0 0 1 0 0 0 0 0 0 0 0 1 0 1 1 0 1 0 1 1 0 0 0 0 0 0 2 0 1 0 0 0 

0 0 0 0 0 1 0 0 0 0 0 0 0 0 0 0 1 0 0 1 0 0 0 0 0 0 0 0 0 0 0 0 0 2 0 0 0 0 0 0 
1 0 0 0 0 1 0 0 0 1 0 0 0 0 0 1 0 0 0 1 0 0 0 0 0 0 0 0 0 0 0 1 0 0 0 0 0 0 0 0 
0 0 0 0 0 0 0 0 0 0 0 0 0 0 0 1 1 0 1 3 0 2 0 0 2 0 0 1 0 0 0 0 0 1 1 0 0 2 0 0 
0 0 0 0 0 0 0 0 0 0 0 0 0 0 0 0 0 1 0 1 0 0 0 0 0 0 0 1 0 0 0 0 0 0 0 0 0 0 0 0 
0 0 0 0 0 0 0 0 0 0 0 0 0 0 0 1 3 1 1 2 0 0 1 0 3 0 1 0 0 0 0 0 0 0 0 0 0 0 0 0 
0 0 0 0 0 0 0 0 1 0 0 0 0 0 0 0 0 0 2 1 1 0 0 0 1 0 0 0 0 2 1 1 0 0 0 1 0 0 0 0 
0 0 0 0 0 0 0 0 0 0 0 0 0 0 0 0 0 0 0 3 0 0 0 0 0 1 0 0 0 0 0 0 0 0 0 0 0 0 0 0 
0 0 0 1 0 0 1 0 0 0 0 0 0 0 0 0 0 1 0 3 0 1 1 0 0 0 0 0 0 1 0 0 0 1 0 0 0 0 0 0 
0 0 0 0 0 0 0 1 0 1 0 0 0 0 0 0 0 0 1 0 1 1 0 2 0 3 0 0 1 1 0 0 0 0 0 0 0 0 0 0 
0 0 0 0 0 0 0 0 0 0 0 0 0 0 2 0 0 1 0 0 1 1 0 0 1 0 0 0 0 0 0 0 0 0 0 0 0 0 0 0 
0 0 0 0 0 0 0 0 0 0 0 0 0 0 0 0 0 0 0 2 1 0 0 0 0 0 0 0 0 0 0 0 0 0 0 1 0 0 0 0 
0 0 0 0 0 0 0 0 0 0 0 0 1 1 0 1 0 0 0 1 0 1 3 2 0 0 1 1 0 0 0 1 1 0 0 1 0 0 0 1 
0 0 0 0 0 0 0 0 0 0 1 0 0 0 0 0 0 1 0 1 1 0 1 0 0 0 0 0 0 0 0 0 0 1 0 0 0 0 0 0 
0 0 0 0 0 0 0 0 0 0 0 0 0 0 3 1 2 1 2 1 1 2 1 2 0 1 0 0 0 0 0 1 0 0 0 0 0 0 0 0 
0 0 0 0 0 0 0 0 0 0 0 0 1 1 0 1 1 0 1 1 0 1 2 0 0 0 0 0 0 1 0 0 0 1 0 1 0 0 0 0 
0 0 0 0 0 0 0 0 0 0 0 1 0 0 0 0 0 0 0 2 0 0 2 1 1 1 0 0 0 0 0 0 0 0 0 0 0 0 0 0 
0 0 0 1 0 0 0 0 0 0 0 0 1 0 0 1 0 0 0 0 4 1 1 2 1 0 0 0 0 0 1 0 0 0 0 0 0 0 0 0 
0 0 0 0 1 0 0 0 0 0 0 0 0 0 0 0 0 1 0 1 3 2 1 0 0 1 0 0 0 1 1 2 0 1 2 0 0 1 0 0 
0 0 0 0 0 0 0 0 0 0 0 0 0 0 0 1 0 1 0 0 0 0 0 0 1 0 0 0 0 0 0 0 0 1 0 0 0 0 0 0 
0 0 0 0 0 0 0 0 0 0 0 2 0 1 1 3 0 1 1 1 0 2 0 0 1 1 1 0 0 0 0 0 0 1 1 0 0 0 1 0 
0 0 0 0 0 1 0 0 1 0 0 0 0 1 0 0 0 0 0 1 1 1 4 2 0 0 1 0 0 0 1 0 2 1 1 1 0 1 0 0 
0 0 0 1 0 0 0 0 0 0 0 0 0 0 0 1 0 1 2 0 0 0 0 1 0 1 0 0 1 1 0 0 0 0 0 0 0 0 0 0 
0 0 0 0 0 0 0 0 0 0 0 0 1 0 0 0 2 1 2 1 1 1 2 0 0 2 0 0 0 0 1 1 0 0 1 0 0 0 1 0 
0 0 0 0 0 0 0 0 0 0 0 0 1 0 1 0 0 0 2 0 0 0 0 0 0 0 1 0 0 0 1 0 0 1 0 0 0 0 0 0 

