#################################### 
# Matrix Size= (39.9997,23.9997,39.9995)
# Resol      = (40,24,40)
# VoxelSize  = (0.999993,0.999989,0.999989)
# nbVal      = 38400
#################################### 
0 0 0 0 0 0 0 0 0 0 0 1 0 0 0 0 0 0 0 0 0 0 0 0 0 0 0 0 0 1 0 0 0 0 0 0 0 0 0 0 
0 0 0 0 0 0 0 0 0 0 0 0 0 0 0 0 0 0 0 0 0 1 0 0 0 0 0 1 0 0 0 0 0 0 0 0 0 0 0 0 
0 0 0 0 0 0 0 0 0 0 0 0 0 0 0 0 0 0 0 0 0 0 0 0 0 0 0 0 0 0 0 0 0 0 0 0 0 0 0 0 
0 0 0 0 0 0 0 0 0 0 0 0 0 0 0 0 0 0 0 1 1 0 0 0 0 2 0 0 0 0 0 0 0 0 0 0 0 0 0 0 
0 0 0 0 0 0 0 0 0 0 0 0 0 0 0 0 0 0 1 1 0 0 0 0 0 1 0 0 0 0 0 0 0 0 0 0 0 0 0 0 
0 0 0 0 0 0 0 0 0 0 0 0 0 0 0 0 0 0 0 0 0 0 0 1 0 0 0 0 0 0 0 0 0 0 0 0 0 0 0 0 
0 0 0 0 0 0 0 0 0 0 0 0 0 0 0 0 0 0 0 0 0 0 0 0 0 0 0 1 0 0 0 0 0 0 0 0 0 0 0 0 
0 0 0 0 0 0 0 0 0 0 0 0 1 0 0 1 0 0 0 0 0 0 0 0 0 0 0 1 0 0 0 0 0 0 0 0 0 0 0 0 
0 0 0 0 0 0 0 0 0 0 0 0 0 0 0 0 0 0 0 0 0 0 0 0 0 0 0 0 0 0 0 0 0 0 0 0 0 0 0 0 
0 0 0 0 0 0 0 0 0 0 0 0 0 0 0 0 0 0 0 0 0 0 0 0 0 0 0 0 0 0 0 0 0 0 0 0 0 0 0 0 
0 0 0 0 0 0 0 0 0 0 0 0 1 0 0 0 0 0 0 0 0 0 0 0 0 0 1 0 0 0 0 0 0 0 0 0 0 0 0 0 
0 0 0 0 0 0 0 0 0 0 0 1 0 1 0 0 0 0 0 0 0 1 0 0 0 0 0 0 0 0 0 0 0 0 0 0 0 0 0 0 
0 0 0 0 0 0 0 0 0 1 0 2 1 0 0 0 0 0 0 0 0 0 0 0 0 0 0 0 0 0 0 0 0 0 0 0 0 0 0 0 
0 0 0 0 0 0 0 0 0 0 0 0 1 0 0 0 0 0 0 0 0 0 0 0 0 0 0 0 0 0 0 0 0 0 0 0 0 0 0 0 
0 0 0 0 0 0 0 0 0 0 1 0 0 0 0 0 0 0 0 0 0 0 0 0 0 0 0 0 0 0 0 0 0 0 0 0 0 0 0 0 
0 0 0 0 0 0 0 1 0 0 0 0 0 0 0 0 0 0 0 0 0 0 0 0 0 0 0 0 0 0 0 0 0 0 0 0 0 0 0 0 
0 0 0 0 0 0 0 0 0 0 0 0 1 0 1 1 0 0 0 0 0 0 0 0 0 0 0 0 0 0 0 0 0 0 0 0 0 0 0 0 
0 0 0 0 0 0 0 0 0 0 0 0 0 0 0 0 0 0 0 0 0 0 0 0 0 0 0 0 0 0 0 0 0 0 0 0 0 0 0 0 
0 0 0 0 0 0 0 0 0 0 0 0 0 0 1 1 0 0 0 0 0 0 0 0 0 0 0 0 0 0 0 0 0 0 0 0 0 0 0 0 
0 0 0 0 0 0 0 0 0 0 0 0 0 0 2 1 0 0 0 1 0 0 1 0 0 0 0 0 0 0 0 0 0 0 0 0 0 0 0 0 
0 0 0 0 0 0 0 0 0 0 0 0 0 0 0 0 0 0 0 0 0 0 0 0 0 0 0 0 0 0 0 0 0 0 0 0 0 0 0 0 
0 0 0 0 0 0 0 0 0 0 0 0 0 0 0 0 0 0 0 0 0 0 0 1 0 0 1 1 0 0 0 0 0 0 0 0 0 0 0 0 
0 0 0 0 0 0 0 0 0 0 0 1 0 0 0 0 0 0 0 0 0 0 1 0 0 0 1 0 0 0 0 0 0 0 0 0 0 0 0 0 
0 0 0 0 0 0 0 0 0 0 0 0 0 0 0 0 0 0 0 0 0 0 0 0 0 0 0 0 0 0 0 0 0 0 0 0 0 0 0 0 

0 0 0 0 0 0 0 0 0 0 0 0 0 0 0 0 0 0 0 0 0 0 0 0 0 0 0 1 0 0 0 0 0 0 0 0 0 0 0 0 
0 0 0 0 0 0 0 0 0 0 0 0 0 0 0 0 0 0 0 0 0 0 0 0 0 0 0 0 0 0 0 0 0 0 0 0 0 0 0 0 
0 0 0 0 0 0 0 0 0 0 0 0 0 0 0 0 0 0 0 0 0 1 0 1 0 0 0 0 0 0 0 0 0 0 0 0 0 0 0 0 
0 0 0 0 0 0 0 0 0 0 0 0 0 1 1 0 0 0 0 0 0 1 0 0 0 0 0 0 0 0 0 0 0 0 0 0 0 0 0 0 
0 0 0 0 0 0 0 0 0 0 0 0 0 0 0 0 1 0 0 0 0 1 0 0 0 0 0 0 0 0 1 0 0 0 0 0 0 0 0 0 
0 0 0 0 0 0 0 0 0 0 0 0 0 0 0 0 0 0 0 0 0 0 0 0 0 0 0 0 0 0 0 0 0 0 0 0 0 0 0 0 
0 0 0 0 0 0 0 0 0 0 0 0 0 0 0 0 0 0 0 1 0 0 0 0 0 0 0 0 0 0 0 0 0 0 0 0 0 0 0 0 
0 0 0 0 0 0 0 0 0 0 1 0 0 0 0 0 1 0 0 1 0 0 0 0 1 0 1 0 0 0 0 0 0 0 0 0 0 0 0 0 
0 0 0 0 0 0 0 0 0 0 0 0 0 0 0 0 0 0 0 0 0 0 0 0 0 0 0 0 0 0 0 0 0 0 0 0 0 0 0 0 
0 0 0 0 0 0 0 0 0 0 0 0 0 0 0 0 0 0 0 0 0 0 0 0 0 0 0 0 0 0 0 0 0 0 0 0 0 0 0 0 
0 0 0 0 0 0 0 1 0 0 0 0 0 0 0 0 0 0 0 0 0 0 0 0 0 0 1 0 0 0 0 0 0 0 0 0 0 0 0 0 
0 0 0 0 0 0 0 0 0 0 0 0 0 0 0 0 0 0 1 0 0 0 0 0 0 0 1 0 0 0 0 0 0 0 0 0 0 0 0 0 
0 0 0 0 0 0 0 0 0 0 0 0 1 1 0 0 0 1 0 0 0 0 0 0 0 0 0 0 0 0 0 0 0 0 0 0 0 0 0 0 
0 0 0 0 0 0 0 0 0 1 0 1 0 1 0 1 0 0 0 0 0 1 0 0 0 0 0 0 0 0 0 0 0 0 0 0 0 0 0 0 
0 0 0 0 0 0 0 0 0 0 0 0 0 0 0 0 1 0 0 0 0 0 0 0 0 0 0 0 0 0 0 0 0 0 0 0 0 0 0 0 
0 0 0 0 0 0 0 0 1 0 0 0 0 0 0 0 0 0 0 0 0 0 0 0 0 0 0 0 0 0 0 0 0 0 0 0 0 0 0 0 
0 0 0 0 0 0 0 0 0 0 0 0 0 1 0 1 0 0 0 0 0 0 1 2 1 0 0 0 0 0 0 0 0 0 0 0 0 0 0 0 
0 0 0 0 0 0 0 0 0 0 0 0 0 0 0 0 0 0 0 0 0 1 0 0 0 0 0 0 0 0 0 0 0 0 0 0 0 0 0 0 
0 0 0 0 0 0 0 0 0 0 0 0 0 0 0 0 0 0 0 0 1 0 0 0 0 0 0 0 0 0 0 0 0 0 0 0 0 0 0 0 
0 0 0 0 0 0 0 0 0 0 0 0 0 2 0 0 0 2 0 0 0 0 0 0 0 0 0 0 0 0 0 0 0 0 0 0 0 0 0 0 
0 0 0 0 0 0 0 0 0 0 0 0 0 0 0 0 0 0 0 0 0 0 0 0 0 0 0 0 0 0 0 0 0 0 0 0 0 0 0 0 
0 0 0 0 0 0 0 0 0 0 0 0 0 0 0 0 0 0 1 0 0 0 0 0 0 0 0 0 0 0 0 0 0 0 0 0 0 0 0 0 
0 0 0 0 0 0 0 0 0 1 0 0 0 0 0 0 0 0 0 0 0 0 1 0 0 0 0 0 0 0 0 0 0 0 0 0 0 0 0 0 
0 0 0 0 0 0 0 0 0 0 0 0 0 0 0 0 0 0 0 0 0 0 0 0 0 0 0 0 0 0 0 0 0 0 0 0 0 0 0 0 

0 0 0 0 0 0 0 0 0 0 0 0 0 0 0 0 0 0 0 0 0 0 0 0 1 0 0 0 0 0 0 0 0 0 0 0 0 0 0 0 
0 0 0 0 0 0 0 0 0 0 0 0 0 0 1 0 0 0 0 0 0 0 0 0 0 0 0 0 0 0 0 0 0 0 0 0 0 0 0 0 
0 0 0 0 0 0 0 0 0 0 0 0 0 0 0 0 0 0 0 0 0 0 0 0 0 0 0 0 0 0 0 0 0 0 0 0 0 0 0 0 
0 0 0 0 0 0 0 0 0 0 0 0 0 0 0 0 0 0 0 0 0 0 1 0 0 0 0 0 0 0 0 0 0 0 0 0 0 0 0 0 
0 0 0 0 0 1 0 0 0 0 0 0 0 0 0 0 0 1 0 0 1 0 1 1 0 1 0 1 0 0 0 0 0 0 0 0 0 0 0 0 
0 0 0 0 0 0 0 0 0 0 0 0 0 1 0 0 0 0 0 0 1 0 0 1 0 0 0 0 0 0 0 0 0 0 0 0 0 0 0 0 
0 0 0 0 0 0 0 0 0 0 0 0 0 0 0 0 0 0 0 0 0 0 0 0 0 0 0 0 0 0 0 0 0 0 0 0 0 0 0 0 
0 0 0 0 0 0 0 0 0 0 0 0 0 0 0 0 0 0 0 0 0 0 0 0 1 0 0 0 0 0 0 0 0 0 0 0 0 0 0 0 
0 0 0 0 0 0 0 0 0 0 0 0 0 0 0 0 0 0 0 0 0 0 0 0 0 0 0 0 0 0 0 0 0 0 0 0 0 0 0 0 
0 0 0 0 0 0 0 0 0 1 0 0 0 0 0 0 0 0 0 0 0 0 0 0 1 0 1 0 0 0 0 0 0 0 0 0 0 0 0 0 
0 0 0 0 0 0 0 0 0 0 0 0 0 1 0 0 0 0 0 0 0 0 0 1 0 0 0 0 0 0 0 0 0 0 0 0 0 0 0 0 
0 0 0 0 0 0 0 0 0 0 0 0 0 0 0 0 0 0 0 0 0 0 0 0 0 1 0 0 0 0 0 0 0 0 0 0 0 0 0 0 
0 0 0 0 0 0 0 0 0 0 0 0 0 0 0 1 0 0 0 0 0 0 0 0 0 0 0 1 0 0 0 0 0 0 0 0 0 0 0 0 
0 0 0 0 0 0 0 1 1 0 0 0 0 0 0 0 0 0 0 0 0 1 0 0 0 0 0 0 0 0 0 0 0 0 0 0 0 0 0 0 
0 0 0 0 0 0 0 0 0 0 0 0 0 0 0 0 0 0 0 0 0 0 0 0 0 0 0 0 0 0 0 0 0 0 0 0 0 0 0 0 
0 0 1 0 0 0 0 0 0 0 0 0 0 0 0 0 0 0 0 0 0 0 0 0 0 0 0 0 0 0 0 0 0 0 0 0 0 0 0 0 
0 0 0 0 0 0 0 0 0 0 0 0 0 0 1 0 1 0 0 1 0 0 0 0 1 0 1 0 0 0 0 0 0 0 0 0 0 0 0 0 
0 0 0 0 0 0 0 0 0 0 0 0 0 0 0 0 0 0 0 0 0 0 0 0 0 0 0 0 0 0 0 0 0 0 0 0 0 0 0 0 
0 0 0 0 0 0 0 0 0 0 1 0 0 0 0 0 0 0 0 0 0 0 0 0 0 0 0 0 0 0 0 0 0 0 0 0 0 0 0 0 
0 0 0 0 0 0 0 0 0 1 0 0 0 0 0 0 0 0 0 0 0 0 0 0 0 0 0 0 0 0 0 0 0 0 0 0 0 0 0 0 
0 0 0 0 0 0 0 0 0 0 0 0 0 0 0 0 0 0 0 0 0 0 0 0 0 0 0 0 0 0 0 0 0 0 0 0 0 0 0 0 
0 0 0 0 0 0 0 0 0 0 0 0 0 0 0 0 0 0 0 0 0 0 0 0 0 0 0 0 0 0 0 0 0 0 0 0 0 0 0 0 
0 0 0 0 0 0 0 0 0 0 0 0 0 0 0 0 0 0 0 0 0 0 0 0 0 0 0 1 0 0 0 0 0 0 0 0 0 0 0 0 
0 0 0 0 0 0 0 0 0 0 0 0 0 0 0 0 0 0 0 0 0 0 0 0 0 0 0 0 0 0 0 0 0 0 0 0 0 0 0 0 

0 0 0 0 0 0 0 0 0 0 0 0 1 0 0 0 1 0 0 0 0 1 1 0 0 1 0 0 0 0 0 0 0 0 0 0 0 0 0 0 
0 0 0 0 0 0 0 0 0 0 0 0 0 0 0 0 0 0 0 0 0 0 0 1 0 0 0 0 1 1 0 1 0 0 0 0 0 0 1 0 
0 0 0 0 0 0 0 0 0 0 0 0 0 0 0 0 0 1 0 0 0 0 0 0 0 0 1 0 0 0 0 0 0 0 0 0 0 0 0 0 
0 0 0 0 0 0 0 0 0 0 0 0 0 0 1 0 0 0 0 0 0 1 0 1 0 3 0 0 0 0 0 0 0 0 0 0 0 0 0 0 
0 0 0 0 0 0 0 0 0 0 0 0 2 1 0 0 0 0 0 0 1 1 0 0 0 1 0 0 0 0 0 0 0 0 0 0 0 0 0 0 
0 0 0 0 0 0 0 0 0 0 0 0 0 0 0 0 0 0 0 0 0 0 0 0 0 1 0 0 0 0 0 0 0 0 0 0 0 1 0 0 
0 0 0 0 0 0 0 0 0 0 0 0 0 1 0 1 0 0 0 0 0 0 0 0 0 0 0 0 0 0 0 0 0 0 0 0 0 0 0 0 
0 0 0 0 0 0 0 0 0 0 0 0 0 1 0 0 0 0 0 0 0 1 0 0 0 0 0 2 0 0 0 0 0 0 0 0 0 0 0 0 
0 0 0 0 0 0 0 0 0 0 0 0 0 1 0 0 0 0 0 0 0 0 0 0 0 0 1 0 0 0 0 0 0 0 0 0 0 0 0 0 
0 0 0 0 0 0 0 0 0 0 0 0 0 0 2 0 1 0 0 0 0 0 0 0 0 0 0 0 0 0 0 0 0 0 0 0 0 0 0 0 
0 0 0 0 0 0 0 0 0 0 0 0 0 0 0 0 1 0 0 0 0 0 1 0 1 1 0 0 0 0 0 0 0 0 0 0 0 0 0 0 
0 0 0 0 0 0 0 0 1 1 0 0 0 0 0 0 0 0 0 0 0 0 0 0 0 0 0 0 0 0 0 0 0 0 0 0 0 0 0 0 
0 0 0 0 0 0 0 0 0 0 0 0 0 0 0 0 0 0 0 0 0 0 0 0 0 0 0 0 0 0 0 0 0 0 0 0 0 0 0 0 
0 0 0 0 0 0 0 0 0 0 2 1 0 0 0 0 0 1 0 0 0 0 0 0 0 0 0 0 0 0 0 0 0 0 0 0 0 0 0 0 
0 0 0 0 0 0 0 0 0 0 0 0 0 1 0 0 0 0 0 0 0 0 0 0 0 1 0 0 0 1 0 0 0 0 0 0 0 0 0 0 
0 0 0 0 0 0 0 0 0 0 1 0 0 0 0 0 0 0 0 0 0 0 0 0 0 0 0 0 0 0 0 0 0 0 0 0 0 0 0 0 
0 0 0 0 0 0 0 0 0 0 0 0 0 0 0 0 1 0 0 0 0 0 1 0 0 0 0 0 0 0 0 0 0 0 0 0 0 0 0 0 
0 0 0 0 0 0 0 0 0 0 1 0 0 0 0 0 0 0 0 0 0 0 1 0 0 0 0 0 0 0 0 0 0 0 0 0 0 0 0 0 
0 0 0 0 0 0 0 0 0 0 0 0 0 0 0 0 0 1 1 2 0 0 0 0 0 0 0 0 0 0 0 0 0 0 0 0 0 0 0 0 
0 0 0 0 0 0 0 0 0 0 0 0 0 0 0 0 1 1 0 1 1 0 0 0 0 0 0 0 0 0 0 0 0 0 0 0 0 0 0 0 
0 0 0 0 0 0 0 0 0 0 0 0 0 0 0 0 0 0 0 0 0 0 0 0 0 0 0 0 0 0 0 0 0 0 0 0 0 0 0 0 
0 0 0 0 0 0 0 0 0 0 0 0 0 0 0 0 0 0 0 0 0 0 0 0 0 0 0 0 0 0 0 0 0 0 0 0 0 0 0 0 
0 0 0 0 0 0 0 0 0 0 0 1 0 0 0 0 0 0 0 0 0 0 1 0 0 0 0 0 0 0 0 0 0 0 0 0 0 0 0 0 
0 0 0 0 0 0 0 0 0 0 0 0 0 0 0 0 0 0 0 0 0 0 0 0 0 0 0 0 0 0 0 0 0 0 0 0 0 0 0 0 

0 0 0 0 0 0 0 0 0 0 0 0 0 0 0 0 0 0 0 0 0 0 0 0 0 0 0 0 1 0 0 0 0 0 0 0 0 0 0 0 
0 0 0 0 0 0 0 0 0 0 0 0 0 0 0 0 0 0 0 0 0 0 0 0 0 0 1 0 0 1 0 0 0 0 0 0 0 0 0 0 
0 0 0 0 0 0 0 0 0 0 0 0 0 0 1 0 0 0 0 0 0 1 0 0 0 0 0 0 0 0 0 0 0 0 0 0 0 0 0 0 
0 0 0 0 0 0 0 0 0 0 0 0 0 0 0 0 0 0 0 0 0 0 0 0 0 0 0 0 0 0 1 0 0 0 0 0 0 0 0 0 
0 0 0 0 0 0 1 0 0 0 0 0 0 0 0 0 0 0 0 1 0 0 0 0 0 0 0 0 0 0 0 0 0 0 0 0 0 0 0 0 
0 0 0 0 0 0 0 0 0 0 0 0 0 0 0 0 0 0 0 0 0 0 0 0 0 1 0 0 0 0 0 0 0 0 0 0 0 0 0 0 
0 0 0 0 0 0 0 0 0 0 0 0 0 0 0 1 0 0 0 0 0 0 0 0 0 0 0 0 0 0 0 0 0 0 0 0 0 0 0 0 
0 0 0 0 0 0 0 0 0 0 0 0 1 0 1 0 0 1 0 0 0 0 0 0 0 0 0 0 0 0 0 0 0 0 0 0 0 0 0 0 
0 0 0 0 0 0 0 0 1 0 0 0 0 0 0 0 1 0 0 0 0 0 0 0 0 0 0 1 0 0 0 0 0 0 0 0 0 0 0 0 
0 0 0 0 0 0 0 0 0 0 0 0 0 0 0 0 0 0 1 0 0 0 0 0 0 0 0 0 0 0 0 1 0 0 0 0 0 0 0 0 
0 0 0 0 0 0 0 0 0 0 0 2 2 0 0 0 2 1 0 0 0 0 0 0 1 2 0 0 0 0 0 0 0 0 0 0 0 0 0 0 
0 0 0 0 0 0 0 0 0 0 0 0 0 0 0 0 0 0 0 0 0 0 0 0 0 0 0 0 0 0 0 0 0 0 0 0 0 0 0 0 
0 0 0 0 0 0 0 0 0 0 1 0 0 0 0 0 0 0 0 0 0 1 0 0 0 0 0 0 0 0 0 0 0 0 0 0 0 0 0 0 
0 0 0 0 0 0 0 0 0 1 0 0 1 0 0 0 0 0 0 0 0 0 0 0 0 0 0 0 0 0 0 0 0 0 0 0 0 0 0 0 
0 0 0 0 0 0 0 0 0 0 0 0 2 0 0 0 0 0 0 0 0 0 0 0 0 0 0 0 0 0 0 0 0 0 0 0 0 0 0 0 
0 0 0 0 0 0 0 0 0 0 0 0 0 1 1 0 0 0 0 0 0 0 0 0 0 0 0 0 0 0 0 0 0 0 0 0 0 0 0 0 
0 0 0 0 0 0 0 0 0 0 0 0 0 1 0 0 1 0 0 0 0 0 0 1 1 0 0 0 0 0 0 1 0 0 0 0 0 0 0 0 
0 0 0 0 0 0 0 0 0 0 0 0 0 0 0 0 0 0 0 0 0 0 0 0 0 0 0 0 0 0 0 0 0 0 0 0 0 0 0 0 
0 0 0 0 0 0 0 0 0 0 0 0 0 0 0 0 0 0 0 0 0 0 0 0 1 0 0 0 0 0 0 0 0 0 0 0 0 0 0 0 
0 0 0 0 0 0 0 0 0 0 0 0 0 0 0 0 0 0 2 0 0 0 0 0 0 0 0 0 0 0 0 0 0 0 0 0 0 0 0 0 
0 0 0 0 0 0 0 0 0 0 0 1 0 0 0 0 0 0 0 0 0 0 0 0 0 0 0 0 0 0 0 0 0 0 0 0 0 0 0 0 
0 0 0 0 0 0 0 0 0 0 0 0 0 0 0 0 0 0 0 0 0 1 0 0 0 0 0 1 0 0 0 0 0 0 0 0 0 0 0 0 
0 0 0 0 0 0 0 0 0 0 0 0 0 0 0 1 0 1 0 0 0 0 0 1 0 0 0 0 0 0 0 0 0 0 0 0 0 0 0 0 
0 0 0 0 0 0 0 0 0 0 0 0 0 0 0 0 0 0 0 0 0 0 0 0 0 0 0 0 0 0 0 0 0 0 0 0 0 0 0 0 

0 0 0 0 0 0 0 0 0 0 0 0 0 0 0 0 0 0 0 0 0 0 0 0 0 0 0 2 0 0 0 0 0 0 0 0 0 0 0 0 
0 0 0 0 0 0 0 0 0 0 0 0 1 0 0 0 0 0 0 0 0 0 0 0 1 0 0 0 0 0 0 0 1 1 0 1 0 0 0 0 
0 0 0 0 0 0 0 0 0 0 0 0 0 0 0 1 0 0 0 0 0 0 0 0 0 0 1 0 0 0 0 0 0 0 0 0 0 0 0 0 
0 0 0 0 0 0 0 0 0 0 0 0 0 1 0 0 0 0 0 0 0 0 0 0 0 0 0 1 0 0 0 0 0 0 0 0 0 0 0 0 
0 0 0 0 0 0 0 0 0 0 0 0 0 1 0 0 0 0 0 0 0 0 1 0 0 1 0 0 0 0 0 0 0 0 0 0 0 0 0 0 
0 0 0 0 0 0 0 0 0 0 0 0 0 0 1 0 0 0 0 0 0 0 0 0 0 1 1 0 0 0 0 0 0 0 0 0 0 0 0 0 
0 0 0 0 0 0 0 0 0 0 0 0 0 0 0 0 0 0 0 1 0 0 0 0 1 0 0 0 0 0 0 0 0 0 0 0 0 1 0 0 
0 0 0 0 0 0 0 0 0 0 0 0 0 0 0 0 0 1 1 0 0 0 0 0 0 3 0 0 1 0 0 0 0 0 0 0 0 0 0 0 
0 0 0 0 0 0 0 0 0 0 0 0 0 0 0 0 0 0 1 0 1 0 0 0 0 0 0 0 0 0 0 0 0 0 0 0 0 0 0 0 
0 0 0 0 0 0 0 0 0 0 0 0 1 0 2 0 1 1 0 0 0 0 0 0 0 0 1 0 0 0 0 0 0 0 0 0 0 0 0 0 
0 0 0 0 1 0 0 0 0 0 1 0 0 0 2 0 0 0 0 0 0 1 0 0 1 0 0 0 0 0 0 0 0 0 0 0 0 0 0 0 
0 0 0 0 0 0 0 0 2 0 0 0 1 0 0 0 0 0 0 0 0 0 0 0 0 0 0 0 0 0 0 0 0 0 0 0 0 0 0 0 
0 0 0 0 0 0 1 0 0 0 0 0 0 0 1 0 0 0 0 0 0 0 1 0 0 0 0 0 0 0 0 0 0 0 0 0 0 0 0 0 
0 0 0 0 0 1 2 1 1 2 1 1 0 0 1 0 1 0 1 0 0 0 0 0 0 0 0 0 0 0 0 0 0 0 0 0 0 0 0 0 
0 0 0 0 0 0 0 0 0 0 1 1 0 1 0 0 0 0 0 0 0 1 0 0 0 0 0 0 0 0 0 0 0 0 0 0 0 0 0 0 
0 0 0 0 0 0 0 1 0 0 0 0 0 0 0 0 0 0 0 0 0 0 0 0 0 0 1 0 0 0 0 0 0 0 0 0 0 0 0 0 
0 0 0 0 0 0 0 0 0 0 1 0 1 1 0 1 0 0 0 0 0 0 0 0 1 0 0 0 1 0 0 0 0 0 0 0 0 0 0 0 
0 0 0 0 0 0 0 0 0 0 0 0 0 0 0 0 0 0 0 0 0 0 0 0 0 0 0 0 0 0 0 0 0 0 0 0 0 0 0 0 
0 0 0 0 0 0 0 0 0 0 0 0 0 0 0 0 0 0 0 0 2 0 0 1 0 0 0 0 0 0 0 0 0 0 0 0 0 0 0 0 
0 0 0 0 0 0 0 0 0 0 0 0 0 0 0 1 0 0 0 0 0 0 0 0 1 0 0 0 0 0 0 0 0 0 0 0 0 0 0 0 
0 0 0 0 0 0 0 0 0 0 0 0 0 1 0 0 0 0 0 0 0 1 0 0 0 0 0 0 0 0 0 0 0 0 0 0 0 0 0 0 
0 0 0 0 0 0 0 0 0 0 0 0 0 1 0 0 0 0 0 0 0 0 0 0 0 1 0 0 0 0 0 0 0 0 0 0 0 0 0 0 
0 0 0 0 0 0 0 0 0 0 0 0 0 0 0 0 0 0 0 0 1 0 0 0 0 1 0 0 0 0 0 0 0 0 0 0 0 0 0 0 
0 0 0 0 0 0 0 0 0 0 0 0 0 0 0 0 0 0 0 0 0 0 0 0 0 0 0 0 0 0 0 0 0 0 0 0 0 0 0 0 

0 0 0 0 0 0 0 0 0 0 0 0 0 0 0 0 0 0 0 0 0 0 0 0 1 0 0 1 0 2 2 0 0 0 0 0 0 0 0 0 
0 0 0 0 0 0 0 0 0 0 0 0 0 0 0 0 0 0 0 0 0 0 1 1 0 0 1 0 0 0 0 1 0 1 0 0 0 0 0 0 
0 0 0 0 0 0 0 0 0 0 0 0 0 1 1 0 1 0 0 0 0 0 0 0 0 1 1 0 0 0 0 0 0 0 0 0 0 0 0 0 
0 0 0 0 0 0 0 0 0 0 0 1 1 0 1 0 0 0 0 0 0 0 0 0 0 1 0 1 0 0 0 0 0 0 0 0 0 0 0 0 
0 0 0 0 0 1 0 0 0 0 0 0 0 0 0 1 0 0 0 1 1 1 0 0 0 2 0 1 0 0 1 0 0 0 0 0 0 0 0 0 
0 0 0 0 0 0 0 0 0 0 0 0 0 0 0 1 0 0 1 1 0 0 0 0 0 0 0 0 1 0 1 0 0 0 0 0 0 1 0 0 
0 0 0 0 0 0 0 0 0 1 0 0 0 0 0 0 0 0 0 0 0 0 0 0 0 2 0 0 0 0 0 0 0 0 0 0 0 0 0 0 
0 0 0 0 0 0 0 0 0 0 0 0 0 0 0 0 0 1 0 0 0 0 0 0 0 0 0 0 1 0 0 1 0 0 0 0 0 0 0 0 
0 0 0 0 0 0 0 0 0 1 0 1 0 0 0 0 1 0 0 0 0 0 0 0 0 0 0 0 0 0 0 0 0 0 0 0 0 0 0 0 
0 0 0 0 0 1 0 0 0 0 0 0 0 0 1 0 1 0 0 0 0 0 0 1 0 0 0 0 0 0 0 0 0 0 0 0 0 0 0 0 
0 0 0 0 0 0 0 1 0 0 0 0 0 0 0 0 0 1 1 0 0 0 1 0 1 0 0 0 0 0 0 0 0 0 0 0 0 1 0 0 
0 0 0 0 0 0 0 0 0 1 1 1 0 0 0 0 0 0 0 0 0 0 0 0 0 0 0 0 0 0 0 0 0 0 0 0 0 0 0 0 
0 0 0 0 0 0 0 0 0 0 1 0 0 1 1 0 0 0 0 0 0 0 0 0 0 0 0 0 0 0 0 0 1 0 0 0 0 0 0 0 
0 0 0 0 0 0 0 0 1 1 2 2 1 2 1 0 1 0 0 0 0 0 0 0 1 0 0 0 0 0 0 0 0 0 0 0 0 0 0 0 
0 0 0 0 0 0 0 0 0 0 0 0 0 0 0 0 0 0 0 0 0 0 0 0 0 0 0 0 0 0 0 0 0 0 0 0 0 0 0 0 
0 0 0 0 0 0 0 0 1 0 1 0 0 0 0 0 0 1 0 0 0 0 0 0 0 0 0 0 0 0 0 0 0 0 0 0 0 0 0 0 
0 0 0 0 0 0 0 0 1 0 1 0 0 0 1 0 0 0 0 0 0 0 1 1 0 0 0 0 0 0 0 0 0 0 0 0 0 0 0 0 
0 0 0 0 0 0 0 0 0 0 0 0 0 0 0 0 0 0 0 0 0 0 0 0 0 0 1 0 0 0 0 0 0 0 0 0 0 0 0 0 
0 0 0 0 0 0 0 0 0 0 0 0 0 0 0 0 0 0 0 0 0 0 0 0 0 0 0 0 0 0 0 0 0 0 0 0 0 0 0 0 
0 0 0 0 0 0 0 0 0 0 0 0 0 0 0 0 0 1 0 0 0 0 1 0 0 0 0 0 0 0 0 0 0 0 0 0 0 0 0 0 
0 0 0 0 0 0 0 0 0 0 0 0 0 0 0 0 0 0 0 1 0 0 0 0 0 0 0 1 0 0 0 0 0 0 0 0 0 0 0 0 
0 0 0 0 0 0 0 0 0 0 0 0 0 0 0 0 0 1 0 0 0 0 0 0 0 0 1 0 0 0 0 0 0 0 0 0 0 0 0 0 
0 0 0 0 0 0 0 0 0 0 0 0 0 0 0 1 1 0 0 0 0 0 0 1 0 1 0 0 0 0 0 0 0 0 0 0 0 0 0 0 
0 0 0 0 0 0 0 0 0 0 0 0 0 0 0 0 0 0 0 0 0 0 0 0 0 0 0 0 0 0 0 0 0 0 0 0 0 0 0 0 

0 0 0 0 0 0 0 0 0 0 0 0 0 0 1 0 0 0 0 1 0 1 2 0 0 0 1 0 0 1 3 0 0 1 1 0 0 0 0 0 
0 0 0 0 0 0 0 0 0 0 0 0 0 0 0 0 0 0 0 0 0 0 1 2 0 1 0 1 1 1 2 1 0 0 0 0 0 1 0 0 
0 0 0 0 0 0 0 0 0 0 0 1 0 0 0 0 1 0 0 0 0 0 0 1 0 1 0 0 2 0 1 0 1 0 0 0 0 0 0 0 
0 0 0 0 0 0 0 0 0 0 0 0 0 0 0 0 2 0 0 0 0 0 0 0 0 1 1 1 0 0 0 0 0 0 0 0 0 0 0 0 
0 0 0 0 0 0 0 0 0 0 0 0 0 3 0 0 0 0 0 0 0 2 0 2 1 2 0 1 1 0 0 0 0 0 0 0 0 0 0 0 
0 0 0 0 0 0 0 0 0 0 0 0 0 1 0 0 1 0 0 2 0 1 2 0 0 0 0 0 1 1 0 0 0 0 0 0 0 0 0 0 
0 0 0 0 0 0 0 0 0 0 0 0 0 0 1 0 0 0 0 0 0 0 0 1 0 1 0 1 0 0 0 0 0 0 0 0 0 0 0 0 
0 0 0 0 0 0 0 0 0 1 0 1 0 2 0 0 0 0 0 0 0 0 2 0 0 0 0 0 0 0 0 0 0 0 0 0 0 0 0 0 
0 0 0 0 0 0 0 0 0 0 0 0 0 0 0 0 1 1 0 0 1 0 1 0 0 1 0 1 0 0 0 0 0 0 0 0 0 0 0 0 
0 0 0 2 0 0 0 0 0 0 0 1 0 1 0 0 0 0 1 0 0 0 0 1 0 0 1 0 0 0 0 1 0 0 1 0 0 0 0 0 
0 0 0 0 0 0 0 1 0 1 0 1 0 0 3 3 0 0 2 0 0 2 0 1 1 1 1 0 0 0 1 0 0 0 0 0 0 0 0 0 
0 0 1 0 0 0 0 1 1 1 0 3 0 0 0 2 1 0 0 1 0 0 1 1 0 1 1 0 0 0 0 0 0 0 0 0 0 0 0 0 
0 0 0 0 0 0 0 0 0 0 0 1 0 1 0 0 1 0 0 0 0 0 0 0 2 0 0 0 0 0 0 0 0 0 0 0 0 0 0 0 
0 0 0 1 0 0 1 1 5 1 3 1 1 4 1 0 0 1 0 1 0 0 0 1 0 0 0 0 0 0 0 0 0 0 0 0 0 0 0 0 
0 0 0 0 0 0 0 0 2 2 0 0 1 0 1 1 0 1 0 0 0 0 0 0 0 0 0 0 0 0 0 0 0 0 0 0 0 0 0 0 
0 0 0 0 0 0 0 0 0 1 0 0 0 0 0 0 1 0 0 0 0 0 0 1 0 1 0 0 0 0 0 0 0 0 0 0 0 0 0 0 
0 0 0 0 0 0 0 0 0 3 1 1 1 0 1 0 2 1 0 2 0 0 0 1 0 1 0 0 1 0 0 0 0 0 0 0 0 0 0 0 
0 0 0 0 0 0 0 0 0 0 0 1 0 0 0 1 0 0 0 1 0 1 0 1 1 0 0 0 0 0 0 0 0 0 0 0 0 0 0 0 
0 0 0 0 0 0 0 0 0 0 0 0 0 0 0 0 0 0 0 0 0 0 0 1 0 0 0 0 0 0 0 1 0 0 0 0 0 0 0 0 
0 0 0 0 0 0 0 0 0 0 0 0 0 0 2 0 0 1 0 0 1 0 0 0 0 0 0 0 0 0 0 0 0 0 0 0 0 0 0 0 
0 0 0 0 0 0 0 0 0 0 0 0 0 0 0 0 0 1 1 0 0 0 0 0 0 0 0 0 0 0 0 0 0 0 0 0 0 0 0 0 
0 0 0 0 0 0 0 0 0 0 0 0 0 0 0 0 0 0 0 0 0 0 0 0 0 0 0 0 0 0 0 0 0 0 0 0 0 0 0 0 
0 0 0 0 0 0 1 0 0 1 0 0 0 0 1 0 0 0 1 0 0 1 0 0 0 0 0 0 0 0 0 0 0 0 0 0 0 0 0 0 
0 0 0 0 0 0 0 0 0 0 0 1 0 0 0 0 2 0 0 0 0 0 0 0 0 0 0 0 0 0 0 0 0 0 0 0 0 0 0 0 

0 0 0 0 0 0 0 0 0 0 0 0 0 0 0 0 0 0 0 0 0 1 0 1 0 2 0 1 1 8 1 0 1 0 0 0 0 0 0 0 
0 0 0 0 0 0 0 0 0 0 0 1 0 0 0 0 0 0 0 0 1 1 0 1 1 0 0 0 1 5 3 1 0 0 1 0 0 0 0 0 
0 0 0 0 0 0 0 0 0 0 0 0 0 0 1 0 0 0 0 1 1 0 0 1 0 0 0 2 2 1 0 0 0 0 0 0 0 0 0 0 
0 0 0 0 1 0 0 0 0 0 0 0 0 0 0 0 0 1 0 0 0 0 0 0 1 2 0 1 1 0 0 0 0 0 0 0 0 0 0 0 
0 0 0 0 0 0 0 0 0 0 0 0 1 1 0 0 1 0 1 0 1 1 0 1 0 0 2 1 0 0 0 0 1 1 0 0 0 0 0 1 
0 0 0 0 0 0 0 0 0 0 0 0 0 0 0 0 0 0 0 0 1 0 1 0 0 0 0 1 1 1 0 0 0 0 0 0 0 0 0 0 
0 0 0 0 0 0 0 0 0 0 1 0 0 0 1 0 0 0 0 1 0 0 2 1 1 1 1 0 1 2 0 0 0 0 0 0 0 0 0 0 
0 0 0 1 0 0 0 0 0 0 0 0 1 0 0 0 0 2 0 0 0 1 0 1 0 0 0 1 0 0 0 0 0 0 0 0 0 0 0 0 
0 0 0 0 0 0 0 0 0 0 0 0 0 0 1 0 0 0 1 0 0 0 0 0 0 0 1 0 0 0 0 0 0 0 0 0 0 0 0 0 
1 0 0 0 1 0 1 0 0 2 0 0 0 0 0 0 0 1 0 0 1 1 1 0 0 0 0 2 1 0 1 0 0 0 0 0 0 0 0 0 
0 0 0 1 0 0 1 0 1 0 0 0 0 1 0 1 0 1 1 1 0 0 1 1 1 1 1 0 0 0 0 1 0 0 0 0 0 0 0 0 
0 0 0 0 0 0 0 0 0 4 1 1 2 1 0 1 1 0 0 0 1 0 1 1 0 0 0 1 0 0 0 0 0 0 0 0 0 0 0 0 
0 0 0 0 0 0 0 0 0 3 2 1 0 1 1 0 1 0 0 0 0 0 0 0 0 0 1 0 1 0 0 0 0 0 0 0 0 0 0 0 
1 0 0 0 0 0 0 3 5 6 4 5 1 3 1 1 0 0 0 0 0 0 1 0 0 0 0 0 0 0 0 0 0 0 1 0 0 0 0 0 
0 0 0 0 0 0 0 0 0 0 0 1 0 1 0 0 1 0 1 0 0 0 0 0 0 0 0 0 0 0 1 0 0 0 0 0 0 0 0 0 
0 0 0 0 0 0 0 0 0 0 0 0 0 0 0 1 1 0 0 0 0 0 1 0 0 0 0 0 1 0 0 0 0 0 0 0 0 0 0 0 
0 0 0 0 0 0 0 0 0 1 2 2 1 1 0 3 0 0 0 1 1 0 0 0 1 0 0 0 0 0 0 0 0 0 0 0 0 0 0 0 
0 0 0 0 0 0 1 0 0 0 0 0 0 1 1 0 0 0 1 0 0 0 0 0 0 0 1 0 0 0 0 0 0 0 0 0 0 0 0 0 
0 0 0 0 0 0 0 0 0 0 0 0 0 0 0 0 0 0 1 0 0 0 0 0 0 0 0 0 1 0 0 0 0 0 0 0 0 0 0 0 
0 0 0 0 0 0 0 0 0 0 0 0 0 1 0 0 0 1 0 0 0 0 0 1 0 0 0 1 0 0 0 0 0 0 0 0 0 0 0 0 
0 0 0 0 0 0 0 0 0 0 0 0 0 0 0 0 0 0 0 1 0 0 0 0 0 0 0 0 0 0 0 0 0 0 0 0 0 0 0 0 
0 0 0 0 0 0 0 0 0 0 0 0 0 0 0 0 0 0 0 0 0 0 0 0 0 0 0 0 0 0 0 0 0 0 0 0 0 0 0 0 
0 0 0 0 0 0 0 0 0 0 0 0 1 0 0 0 1 0 1 0 1 2 1 1 0 0 0 0 0 0 0 0 0 0 0 0 0 0 0 0 
0 0 0 0 0 0 0 0 0 0 0 0 0 0 0 0 0 0 0 0 0 1 0 0 0 0 0 0 0 0 0 0 0 0 0 0 0 0 0 0 

0 0 0 0 0 0 0 0 0 0 0 0 0 0 0 0 0 0 0 2 1 2 0 0 0 1 0 5 1 7 5 4 1 0 0 0 0 0 0 0 
0 0 0 0 0 0 0 0 0 0 0 1 0 0 0 0 0 0 0 1 0 0 0 0 0 0 0 1 5 9 6 2 1 1 0 0 0 0 0 0 
0 0 0 0 0 0 0 0 0 0 3 1 0 1 1 0 1 1 0 0 0 0 0 1 0 1 5 5 5 5 2 5 0 0 1 0 0 0 0 0 
0 0 0 0 0 0 0 0 0 1 1 0 0 2 0 0 0 0 0 2 1 2 0 1 1 2 1 1 2 1 1 1 1 0 0 0 1 0 0 0 
0 0 0 0 0 0 0 0 0 0 0 0 0 2 0 1 0 0 0 2 0 0 1 0 2 2 4 4 0 2 2 0 0 0 0 0 0 0 0 0 
0 0 0 0 0 0 0 0 0 0 0 0 0 0 1 0 0 0 0 0 0 0 0 0 1 0 2 1 2 0 0 0 0 0 0 0 0 0 0 0 
0 0 0 0 0 0 0 0 0 0 0 0 0 0 0 0 0 1 0 1 1 0 0 0 1 2 0 1 1 0 0 0 0 0 0 0 0 0 0 0 
0 0 0 0 0 0 0 1 0 0 0 1 0 0 0 1 1 3 0 4 2 0 1 0 3 2 0 2 1 0 0 1 0 0 0 0 0 0 0 0 
0 0 0 0 0 0 0 1 0 1 1 1 0 1 2 1 0 1 0 2 0 1 2 0 0 0 3 1 0 1 0 0 0 0 0 0 0 0 0 0 
0 0 0 1 0 0 0 0 0 0 2 2 1 0 0 0 0 0 1 2 0 2 0 1 2 0 2 0 1 0 0 0 0 0 0 0 0 0 0 0 
0 0 0 0 1 1 1 0 1 0 2 3 0 2 1 2 2 2 0 1 3 0 0 1 0 0 2 1 0 0 1 0 1 0 0 0 0 0 0 0 
1 0 0 1 0 0 0 0 4 11 9 2 0 3 2 2 2 1 1 0 1 0 0 2 1 0 1 3 0 0 0 0 0 0 0 0 0 0 0 0 
0 0 0 0 1 0 0 1 3 23 13 0 0 3 0 1 0 0 2 0 0 0 0 0 1 0 2 1 0 0 0 0 2 0 0 0 0 0 0 0 
0 1 0 0 0 1 1 1 2 20 9 3 2 3 1 1 0 0 0 0 0 0 1 2 1 0 0 0 0 0 0 0 0 0 0 0 0 0 0 0 
0 0 0 0 1 0 0 1 1 7 3 2 1 2 1 0 1 0 1 1 1 0 1 1 0 1 0 1 0 0 0 0 0 0 0 0 0 0 0 0 
0 0 0 0 0 0 0 0 1 2 3 0 1 0 0 3 0 0 1 0 0 0 0 0 0 0 0 1 0 0 0 0 0 0 0 0 0 0 0 0 
0 1 0 0 0 0 0 0 0 3 3 2 3 2 3 1 0 1 0 0 0 1 0 0 0 0 0 0 1 0 0 1 0 0 0 0 0 0 0 0 
0 0 0 0 0 1 0 0 1 0 1 0 1 1 0 1 0 1 0 0 0 0 1 0 0 0 1 1 0 0 0 0 0 0 1 0 0 0 0 0 
1 0 0 0 0 0 0 0 0 0 0 0 1 0 0 0 0 0 1 0 1 0 0 1 0 0 0 0 0 0 0 0 0 0 0 0 0 0 0 0 
0 0 0 0 0 0 1 0 0 0 2 1 1 0 1 1 0 2 1 0 1 0 2 1 0 0 0 0 0 0 0 0 0 0 0 0 0 0 1 0 
0 0 0 0 0 0 1 0 0 0 0 0 1 0 1 1 0 2 0 0 0 1 0 0 0 1 0 0 0 0 0 0 0 0 0 0 0 0 0 0 
1 0 0 0 0 0 0 0 0 0 0 0 0 0 0 0 0 0 1 0 0 0 0 0 0 0 0 0 0 0 0 0 0 0 0 0 0 0 0 0 
0 0 0 0 0 1 0 0 0 0 0 0 1 0 0 0 0 1 0 0 1 2 2 1 1 0 0 0 0 0 0 0 0 0 0 0 0 0 0 0 
0 0 0 0 0 0 0 0 0 0 0 0 0 0 1 0 1 0 0 0 0 0 0 0 0 0 0 0 0 0 0 0 0 0 0 0 0 0 0 0 

0 0 0 0 0 0 0 0 0 0 0 2 0 2 0 1 0 1 0 1 0 2 0 2 1 3 3 2 33 24 7 0 0 0 0 0 0 0 0 0 
0 0 0 0 0 0 1 0 0 0 2 1 1 1 0 1 0 1 0 1 0 3 0 0 1 0 3 4 34 5 4 0 0 0 0 1 0 0 0 1 
0 0 0 0 0 0 0 1 0 0 0 0 0 0 2 0 0 0 0 1 0 0 0 1 0 0 3 7 9 10 1 0 2 1 1 1 1 0 0 0 
0 0 0 1 0 0 0 0 0 0 0 1 0 0 0 0 0 1 1 0 1 0 1 0 1 2 2 2 5 2 2 2 0 0 0 0 0 0 0 0 
1 0 0 0 0 0 0 0 1 1 0 1 1 2 2 2 0 2 0 1 0 0 1 0 2 5 5 6 4 2 0 1 0 0 0 0 0 0 0 0 
0 0 0 0 0 0 0 0 0 0 0 0 1 0 1 0 0 0 1 2 1 1 0 0 0 1 1 1 0 2 0 0 0 0 0 0 0 0 0 0 
0 0 0 0 0 0 0 0 0 0 1 0 0 1 0 0 1 1 1 0 2 1 0 2 0 2 0 1 2 1 1 0 0 0 0 0 0 0 0 0 
0 0 0 0 0 1 0 1 0 0 0 0 0 0 0 2 1 0 0 2 2 0 0 0 0 1 2 3 1 0 0 1 0 0 0 0 0 0 0 0 
0 0 0 0 0 0 0 0 0 0 1 1 0 0 1 0 1 0 1 0 0 0 0 2 1 0 2 0 1 0 1 0 0 0 0 0 0 0 0 0 
1 0 0 1 0 0 0 1 0 0 1 0 1 1 0 0 0 1 0 1 0 1 0 0 0 1 1 0 1 1 0 0 0 0 0 0 0 0 0 0 
0 0 0 0 0 0 0 0 1 2 3 2 1 3 1 1 1 2 2 0 1 3 0 0 1 4 0 0 0 0 0 0 0 0 0 0 0 0 0 0 
0 0 0 1 1 1 0 1 2 5 5 5 3 0 1 1 0 2 2 1 0 1 0 2 2 2 0 0 0 0 0 0 0 0 0 0 0 0 0 0 
1 0 0 1 1 0 1 1 1 180 100 2 3 1 0 3 2 1 1 0 1 1 2 1 2 1 0 0 0 1 0 0 0 0 0 0 0 0 0 0 
0 0 0 0 0 0 0 0 6 13 10 5 2 2 2 1 2 4 2 0 3 0 0 3 4 0 2 0 0 0 0 0 0 0 0 0 0 0 0 0 
0 0 0 0 0 0 1 0 1 5 2 1 2 1 3 0 1 2 1 1 0 0 0 2 3 0 0 0 1 0 0 0 0 0 0 1 0 0 0 0 
0 0 0 0 0 0 0 2 1 0 2 1 1 0 2 0 3 1 1 0 1 1 0 1 1 0 1 1 0 0 0 0 0 0 0 0 0 0 0 0 
0 0 0 0 0 0 0 0 2 0 1 3 1 1 0 3 0 1 0 2 0 1 1 0 3 1 0 1 0 1 0 0 1 0 0 0 0 0 0 0 
0 1 0 0 0 0 0 1 1 0 1 0 0 0 2 0 1 0 0 0 0 0 0 0 1 0 0 0 0 0 0 0 0 0 0 0 0 0 0 0 
0 0 0 0 0 0 0 0 0 0 0 0 0 0 0 2 1 0 1 1 1 0 0 2 0 0 0 0 0 0 0 1 0 0 0 0 0 0 0 0 
1 0 0 0 0 0 1 0 1 0 0 2 1 1 1 2 1 3 2 1 0 1 0 3 1 1 0 0 0 0 0 0 0 0 0 0 0 0 0 0 
0 0 0 0 0 0 1 0 0 0 0 0 0 0 0 0 0 0 1 0 1 2 0 0 1 0 0 0 0 0 0 0 0 0 0 0 0 0 0 0 
0 0 0 0 1 0 0 1 0 0 0 0 0 0 0 0 1 0 0 1 0 0 0 0 1 0 0 0 1 0 0 0 0 0 0 0 0 0 0 0 
0 1 0 0 0 0 0 0 0 0 1 1 0 1 1 0 0 1 3 1 0 1 2 0 0 1 0 0 0 0 0 0 0 0 0 0 0 0 0 0 
0 0 0 0 0 0 0 0 0 0 0 0 0 0 0 0 0 0 0 0 0 1 0 0 0 0 0 0 0 0 0 0 1 0 0 0 0 0 0 0 

0 0 0 0 0 0 0 1 0 1 0 0 0 0 1 0 0 1 0 3 0 2 1 0 1 4 3 11 9 11 8 1 2 1 0 0 0 0 0 0 
0 0 0 0 0 0 0 0 0 2 0 1 1 3 0 0 2 0 1 1 1 1 0 1 2 5 7 6 66 5 3 4 0 0 0 0 0 0 0 0 
0 0 0 0 0 0 0 0 0 0 0 0 0 4 2 2 0 0 0 1 0 1 2 4 2 3 5 10 47 4 2 1 1 0 1 1 1 0 0 0 
0 0 0 0 0 0 0 0 0 0 1 0 0 3 2 1 0 0 1 0 1 3 1 1 2 4 12 9 26 1 1 0 0 0 0 0 0 0 0 0 
0 0 0 0 0 1 1 0 0 0 1 0 1 6 1 1 1 0 2 0 2 1 3 2 6 5 7 11 9 3 2 2 1 0 0 0 0 0 0 0 
0 0 0 0 0 0 0 0 0 1 0 0 0 0 2 1 1 0 1 1 1 1 1 1 1 6 11 8 7 5 0 0 0 0 0 0 0 0 0 0 
1 0 1 0 0 0 0 0 0 0 0 0 2 1 2 0 1 3 0 0 1 0 1 1 2 0 4 4 2 0 0 0 0 0 0 0 0 0 0 0 
0 0 0 0 0 1 0 0 0 0 1 3 1 1 0 2 4 2 1 1 1 1 5 3 4 6 5 4 2 0 0 1 0 0 0 0 0 0 0 0 
0 0 0 0 0 1 0 0 0 0 0 0 0 1 0 0 0 0 2 0 0 1 1 3 1 2 4 1 0 0 2 0 0 0 0 0 0 0 0 0 
0 0 0 0 0 0 0 1 0 0 0 0 0 1 0 2 0 1 0 2 1 1 0 4 2 2 4 0 2 0 0 1 0 0 0 0 0 0 0 0 
0 0 0 0 0 0 0 0 0 0 1 4 1 2 3 0 2 1 1 1 2 0 3 4 1 6 1 1 1 1 2 1 0 0 0 0 0 0 0 0 
0 0 0 0 0 0 1 2 0 3 2 2 1 0 0 1 0 2 1 0 0 2 2 2 1 2 1 1 0 0 0 0 0 0 0 0 0 0 0 0 
1 0 0 0 1 0 0 2 1 15 83 6 5 2 2 1 1 0 2 1 0 0 2 0 4 3 0 0 2 1 0 0 0 0 0 0 0 0 0 0 
1 1 0 0 0 0 1 4 7 10 10 9 4 5 1 2 1 2 2 4 2 2 1 2 1 0 2 0 0 1 0 0 0 0 0 0 0 1 0 0 
0 0 0 0 0 0 1 1 2 1 8 17 16 3 5 2 3 1 1 2 2 1 1 1 1 0 0 0 2 0 0 0 0 0 0 0 0 0 0 0 
0 0 0 1 0 0 0 0 3 1 4 3 8 2 4 5 1 2 1 0 1 0 2 0 0 0 0 0 0 0 0 0 0 0 0 0 0 0 0 0 
1 0 0 0 0 1 1 0 1 2 1 2 2 3 7 6 2 2 3 1 2 3 1 1 0 0 0 0 0 0 0 0 0 0 1 0 0 0 0 0 
0 0 0 0 1 0 0 0 0 1 1 1 0 2 1 2 3 3 1 3 0 2 1 2 0 0 0 0 0 0 0 0 0 0 0 0 0 0 0 0 
0 0 0 0 0 1 0 0 1 0 1 0 0 1 1 1 1 1 0 0 0 0 0 1 2 0 1 1 0 0 0 1 0 0 0 0 0 0 0 0 
0 0 0 0 0 0 1 0 0 1 0 0 1 1 2 0 0 2 3 1 1 0 1 2 0 1 2 0 0 0 0 0 0 0 0 0 0 0 0 0 
0 0 0 0 0 0 0 0 0 0 0 0 0 0 0 1 1 0 1 2 0 1 0 1 3 0 0 0 0 0 0 0 0 0 0 0 0 0 0 0 
0 0 0 0 0 0 0 0 0 0 0 0 1 0 1 0 0 2 1 1 0 0 1 0 2 0 0 0 0 0 0 0 0 0 0 0 0 0 0 0 
0 0 0 0 0 0 0 0 0 0 0 0 0 1 0 1 0 1 2 0 2 0 0 0 0 0 0 0 0 0 0 0 0 0 0 0 0 0 0 0 
0 0 0 0 0 0 0 0 0 0 0 0 0 0 0 0 0 0 0 0 0 0 0 0 1 0 1 0 0 0 0 0 0 0 0 0 0 0 0 0 

0 0 0 0 0 0 0 0 0 0 0 1 1 5 2 0 2 0 1 3 1 2 0 3 0 9 27 2 0 5 3 1 0 0 0 0 0 0 0 0 
0 0 0 0 0 0 0 0 0 0 0 0 0 0 0 2 3 0 0 1 0 0 2 0 1 3 12 7 6 3 1 2 1 0 1 0 0 0 0 0 
0 0 0 0 0 0 0 0 0 0 0 1 1 0 1 3 1 0 1 0 1 0 0 1 3 9 12 11 4 4 2 0 2 2 0 0 1 0 0 0 
0 0 0 0 0 0 0 0 0 0 0 1 0 1 2 1 2 1 1 2 1 1 2 2 1 8 7 18 18 2 2 0 0 2 1 0 0 0 0 0 
0 0 0 0 0 0 0 0 0 0 1 2 4 3 1 2 1 1 1 2 0 2 2 2 2 4 14 32 5 6 2 1 0 1 0 0 1 1 0 0 
0 1 0 0 0 0 0 0 0 0 0 0 0 0 1 0 2 1 3 0 0 0 2 3 3 1 7 24 3 1 0 0 0 0 0 0 0 0 0 0 
0 0 0 0 0 0 1 0 0 0 0 1 2 0 4 0 3 0 0 1 2 0 2 3 8 6 28 14 5 1 0 1 1 1 0 0 1 1 0 0 
0 0 0 0 1 0 0 0 0 0 0 2 0 1 2 4 2 0 2 2 1 1 1 2 4 9 7 5 2 3 1 0 0 0 0 0 0 1 0 0 
0 0 0 0 0 0 0 0 0 0 1 0 0 1 1 0 0 0 0 0 1 0 1 2 4 6 8 1 0 1 1 1 2 0 0 0 0 0 0 0 
0 0 0 0 0 0 0 0 0 0 0 1 1 2 1 2 2 0 0 2 1 0 1 2 2 6 12 0 5 0 2 0 1 0 0 0 0 0 0 0 
0 0 0 0 0 0 0 1 0 1 2 1 3 1 1 2 2 3 2 1 2 1 1 3 13 2 6 0 2 1 0 0 0 0 0 0 0 0 0 0 
0 0 0 1 0 1 0 0 0 2 3 2 0 2 1 0 0 0 1 1 2 1 1 3 2 3 3 2 1 0 0 1 0 0 0 0 0 0 0 0 
0 0 0 0 0 0 1 2 2 1 3 5 5 2 3 1 1 0 3 3 3 0 2 1 2 2 4 0 2 2 0 0 0 0 0 0 0 0 0 0 
2 0 0 0 0 0 0 1 3 2 5 41 9 2 2 2 1 1 1 1 2 3 1 5 0 1 3 0 0 1 0 0 0 0 0 0 0 0 0 1 
0 0 0 0 1 1 2 5 1 5 7 14 30 14 9 6 3 1 2 0 0 1 2 5 2 0 0 0 0 0 0 0 0 0 0 0 0 0 0 0 
0 0 0 0 0 0 0 1 0 3 1 17 19 8 8 2 3 3 3 3 1 1 1 1 0 0 1 0 1 0 0 0 1 0 0 0 0 0 0 0 
0 0 0 0 0 0 0 0 1 0 3 3 8 0 13 2 2 2 2 2 1 2 3 4 1 1 1 0 0 0 0 0 0 0 0 0 0 0 0 0 
0 0 0 0 0 0 0 0 0 1 1 0 1 0 0 4 3 1 0 0 1 1 2 3 0 0 1 0 0 0 1 0 0 0 0 0 0 0 0 0 
1 0 0 0 0 1 0 1 0 1 1 1 0 4 1 6 3 4 1 0 1 0 1 4 1 0 2 0 0 0 0 0 0 0 0 0 0 0 0 0 
1 0 0 0 0 0 0 0 1 0 3 0 2 0 0 6 3 1 0 1 2 1 3 2 1 0 0 0 0 1 0 0 0 0 0 0 0 0 0 0 
0 0 0 0 0 0 0 0 0 0 0 0 0 0 1 0 1 1 0 1 1 0 1 0 0 0 0 0 1 0 0 0 0 0 0 0 0 0 0 0 
0 0 0 0 0 0 0 0 1 0 0 0 0 0 1 0 0 1 1 2 1 2 0 1 2 0 2 0 0 0 0 0 0 0 0 0 0 0 0 0 
0 0 0 0 0 0 0 0 0 1 1 0 0 0 2 1 1 2 2 3 0 1 1 0 0 1 1 0 0 0 0 0 0 0 0 0 1 0 0 0 
0 0 0 0 0 0 0 0 0 0 0 0 0 0 0 0 0 1 0 0 0 0 0 0 0 0 0 0 0 0 0 0 0 0 0 0 0 0 0 0 

0 0 0 1 0 0 0 0 0 0 0 2 0 4 1 1 0 4 3 5 2 9 3 3 3 14 27 1 2 4 1 1 0 0 0 0 0 0 0 0 
1 0 0 0 0 0 0 0 0 0 1 1 2 1 1 1 1 1 2 2 8 5 6 3 2 46 38 5 4 1 2 1 1 0 0 0 0 0 1 0 
0 0 1 0 0 0 0 0 0 0 0 2 2 1 5 3 2 2 4 3 7 5 7 2 8 60 12 5 4 0 0 0 0 2 0 0 0 0 0 0 
0 0 0 0 0 0 0 0 0 0 0 1 0 4 6 1 1 1 2 3 2 3 2 2 4 64 32 3 2 1 1 1 0 0 0 0 0 0 0 0 
0 0 0 1 1 0 2 0 0 0 2 0 4 8 4 2 2 4 4 6 4 4 4 3 12 47 16 4 2 2 2 1 0 2 2 0 0 1 0 0 
0 0 0 0 0 0 1 0 0 0 1 0 2 3 2 2 0 2 1 5 2 0 2 0 8 32 11 6 4 1 3 1 0 0 0 0 0 0 0 0 
0 0 0 0 0 0 0 0 0 0 1 0 0 3 3 0 0 1 3 5 1 1 1 6 1 11 11 7 6 0 2 1 2 0 2 0 0 0 0 0 
0 0 0 0 0 0 0 0 0 0 2 2 1 6 3 0 3 1 4 4 2 4 2 3 11 32 142 13 5 5 1 1 0 2 0 0 0 0 0 0 
0 0 0 0 0 0 0 1 0 0 2 3 0 2 2 2 2 1 3 2 3 2 7 5 21 72 198 8 4 1 2 1 1 0 0 0 1 0 0 0 
1 0 0 0 0 0 0 0 0 2 0 0 2 2 0 2 4 0 0 0 1 2 3 4 9 33 27 4 5 1 1 1 1 1 2 0 0 0 0 0 
0 0 0 1 0 0 0 0 0 0 0 0 0 1 5 2 7 4 2 3 6 8 6 5 23 10 16 2 0 1 1 0 0 1 0 1 0 0 0 0 
0 0 0 1 1 0 1 0 2 1 0 0 2 2 2 2 4 3 1 1 3 4 4 6 18 22 3 3 2 2 0 0 2 0 0 0 0 0 0 0 
0 0 0 0 0 0 0 0 0 2 3 2 0 1 4 1 0 3 4 1 0 3 2 4 12 5 6 1 2 1 0 0 0 0 0 0 0 0 0 0 
0 0 0 1 0 0 1 0 3 2 5 4 6 3 8 10 6 3 4 3 6 3 3 6 6 4 1 2 0 0 0 1 0 1 0 0 0 0 0 0 
0 0 0 0 0 0 0 2 1 3 4 3 31 58 12 5 6 4 1 3 3 3 5 7 3 1 1 1 0 0 0 0 0 0 0 0 0 0 0 0 
0 0 0 0 0 1 0 1 2 1 2 5 17 58 33 2 6 1 3 2 2 0 2 5 5 0 1 1 1 0 0 0 0 0 0 0 0 0 0 0 
0 0 0 0 0 0 0 0 1 2 7 6 11 15 24 13 9 5 0 3 4 5 6 9 3 0 0 0 0 2 0 0 0 0 0 0 0 0 0 0 
0 0 0 1 0 1 0 1 1 1 1 2 2 8 5 10 4 4 4 4 1 0 2 4 5 1 3 2 0 1 0 0 0 0 0 0 0 0 0 0 
0 0 1 0 0 0 0 0 1 0 0 2 0 4 3 6 8 3 2 0 3 2 4 3 4 1 2 0 0 1 0 0 0 0 1 0 0 0 0 0 
1 0 0 0 0 1 0 1 0 1 0 2 3 5 4 9 0 5 3 2 3 3 7 7 2 0 1 0 0 1 0 0 0 0 0 0 0 0 0 0 
0 0 0 0 0 0 0 0 0 0 0 1 2 2 1 1 3 4 0 3 1 3 2 2 0 0 1 0 0 1 0 0 0 0 0 0 0 0 0 0 
0 0 0 0 0 0 0 0 0 0 0 1 0 0 0 0 3 0 0 0 0 1 0 3 2 0 0 0 0 0 0 0 0 0 0 0 0 0 0 0 
0 0 0 0 0 0 1 0 0 0 1 1 0 2 4 3 1 6 6 2 2 3 3 4 1 1 0 0 0 1 1 1 0 0 0 0 0 0 0 0 
0 0 0 0 0 0 0 0 0 0 0 0 0 0 1 1 1 2 1 3 2 0 2 0 1 1 0 0 0 0 0 0 0 1 0 0 0 0 0 0 

0 0 0 0 0 0 1 0 0 0 0 2 1 11 4 0 4 2 0 3 57 21 9 6 0 13 3 6 2 2 1 1 0 0 0 0 0 0 0 0 
0 0 0 0 0 0 0 0 0 0 0 1 3 2 1 0 2 1 1 3 29 3 5 5 3 5 5 4 4 3 1 1 0 1 1 0 0 0 0 0 
0 0 0 1 0 0 0 0 0 0 0 0 2 6 5 2 1 1 3 5 22 10 5 7 3 2 8 2 3 2 0 5 0 0 1 0 0 1 0 1 
0 0 0 0 0 0 0 0 0 1 0 2 2 12 13 5 2 1 0 7 10 4 10 3 2 9 13 2 5 0 1 0 2 0 0 0 0 0 0 0 
0 0 0 0 0 0 1 0 0 0 1 3 3 9 8 1 1 3 1 3 8 5 4 9 6 20 9 1 0 4 1 0 0 1 1 0 1 0 0 0 
0 0 0 0 0 0 0 0 0 0 0 0 2 1 3 2 2 2 2 1 4 4 2 5 8 47 12 4 8 2 1 0 0 1 1 1 0 0 0 0 
1 0 0 0 0 0 0 0 0 0 0 0 2 2 5 5 2 3 5 6 6 7 3 1 9 41 12 2 4 1 2 0 1 1 0 0 0 0 0 0 
0 0 0 0 0 0 0 0 2 2 3 2 2 2 3 4 6 4 5 7 2 2 1 5 39 10 19 16 4 1 4 0 1 0 1 1 0 0 0 0 
0 0 0 0 0 0 0 0 0 0 0 0 1 2 2 5 3 4 1 3 3 2 3 8 35 22 26 9 7 4 4 1 1 0 0 1 0 1 0 0 
0 0 0 0 1 0 0 0 0 1 2 0 2 2 2 8 3 5 2 4 3 4 3 11 27 33 20 5 6 3 3 1 0 0 1 0 0 0 0 0 
1 0 0 0 1 0 0 0 0 0 0 1 3 3 6 7 7 5 2 4 3 3 4 10 43 68 13 7 3 2 0 0 0 1 0 0 0 0 0 0 
0 0 0 0 0 1 0 1 1 1 0 0 2 1 3 5 2 0 3 0 1 1 8 6 53 35 9 4 2 2 1 0 1 0 0 0 0 0 0 0 
0 0 1 0 0 0 0 0 0 1 1 0 0 1 1 5 2 4 3 4 3 5 5 9 42 4 8 4 1 2 1 0 2 0 0 0 0 0 0 0 
0 0 0 0 0 0 1 0 0 1 1 0 3 5 5 6 6 3 2 2 1 3 6 13 8 2 5 0 1 0 0 0 0 0 0 1 0 0 0 0 
0 0 1 0 1 1 0 0 0 2 3 4 1 5 3 5 1 2 1 1 4 2 2 9 9 2 2 0 1 0 0 0 0 0 0 0 0 0 0 0 
0 0 1 0 0 0 0 1 1 0 2 2 1 18 57 2 8 1 4 2 2 8 2 6 13 5 2 1 0 0 0 0 1 0 0 0 0 0 1 0 
1 0 1 0 0 0 0 1 0 0 2 3 5 10 67 14 5 6 1 6 1 5 8 16 8 3 0 1 0 0 1 0 0 0 2 0 0 0 0 0 
0 0 0 0 0 0 0 0 0 0 6 1 5 11 22 28 15 3 1 3 1 2 3 2 4 2 1 2 0 1 0 1 1 0 0 0 0 0 0 0 
0 0 0 0 0 0 0 0 0 0 0 1 1 4 10 20 12 3 3 3 1 4 1 5 3 2 4 0 0 1 0 0 0 0 0 0 0 0 0 0 
1 0 0 0 0 0 0 0 0 0 0 3 2 2 4 8 8 6 2 1 4 6 3 1 6 1 2 0 0 0 0 1 0 0 0 1 0 0 0 0 
0 0 0 0 0 0 1 0 0 1 1 0 1 0 2 6 6 4 4 2 3 1 5 2 0 0 1 0 0 0 0 0 0 0 0 0 0 0 0 0 
0 0 0 0 0 0 0 0 1 1 1 0 0 4 1 3 3 7 3 0 3 3 0 3 2 0 1 2 1 1 0 0 0 0 0 0 0 0 0 0 
0 0 0 0 0 0 0 0 0 0 2 0 2 1 1 3 3 7 5 1 2 8 1 7 5 0 1 0 1 1 0 0 0 0 0 0 0 0 0 0 
0 0 0 0 0 0 0 0 0 0 0 0 0 1 0 0 1 1 0 0 0 0 1 0 0 0 0 0 0 0 0 0 0 0 0 0 0 0 0 0 

0 0 0 0 0 1 1 1 1 0 1 2 49 24 5 5 1 1 0 1 2 9 11 3 1 6 2 1 1 1 0 0 0 2 0 1 1 0 1 0 
1 1 0 0 0 0 0 0 0 0 1 0 3 38 7 4 3 1 3 2 23 3 7 1 1 2 3 1 1 0 1 0 1 0 0 0 0 0 0 0 
0 0 0 0 0 1 0 0 0 2 0 0 6 141 17 7 5 3 4 10 43 7 7 3 4 1 1 0 0 0 0 0 0 0 0 0 0 0 0 0 
0 0 0 0 0 1 0 0 1 1 0 1 4 96 58 2 3 3 4 6 37 13 5 1 2 2 0 2 4 0 0 0 0 0 0 1 0 0 0 0 
0 0 0 0 0 1 1 0 1 1 1 3 10 52 54 9 4 4 6 37 44 10 8 2 2 1 1 2 2 0 0 1 0 0 0 1 0 0 0 0 
0 0 0 0 0 1 0 0 0 1 0 2 3 9 25 8 3 4 9 87 39 9 7 3 3 6 4 1 2 1 1 0 1 0 0 0 0 0 0 0 
0 0 0 0 0 0 0 0 2 1 0 3 2 12 64 5 5 2 5 23 28 2 3 3 3 3 8 1 5 0 2 0 0 0 0 0 0 0 0 0 
0 0 0 0 0 2 0 0 2 1 3 0 4 9 72 11 9 4 17 19 7 4 5 2 3 7 4 2 3 1 1 1 0 0 0 0 0 0 0 0 
0 0 0 0 1 0 0 1 0 2 1 1 1 11 52 18 6 4 11 6 5 2 7 8 11 5 10 4 1 0 1 0 0 0 0 1 0 0 0 0 
0 0 0 0 0 0 0 0 0 1 0 0 0 4 7 7 5 4 10 4 6 1 2 2 83 7 7 4 2 0 1 1 1 0 0 1 0 0 0 0 
0 0 0 0 0 0 0 0 2 1 2 3 6 9 14 23 13 6 9 12 1 3 0 15 90 15 8 0 4 0 0 0 0 0 0 0 0 0 0 0 
0 1 0 1 0 0 0 0 2 0 1 4 3 1 14 15 9 6 9 4 2 0 3 10 110 11 4 5 3 0 1 1 0 1 1 0 0 0 1 0 
1 0 0 0 0 0 1 1 0 0 0 1 0 2 2 13 4 7 7 6 2 4 7 22 174 11 8 3 6 1 2 1 0 2 0 0 0 0 0 0 
0 1 1 0 0 0 1 2 2 0 2 3 4 3 6 11 11 6 7 2 7 6 10 55 67 5 7 0 3 0 0 1 1 0 0 0 0 0 0 0 
0 1 0 0 0 0 0 1 2 2 3 4 1 4 2 12 11 8 6 6 2 7 15 91 31 10 2 3 1 2 1 0 1 0 0 0 0 0 0 0 
0 0 0 0 0 0 0 1 0 3 2 4 2 3 8 13 7 3 5 0 1 2 5 26 27 7 6 1 1 2 0 0 1 0 0 0 0 0 0 0 
0 0 0 0 0 0 0 0 1 1 1 5 5 5 15 9 16 7 8 4 4 5 19 38 15 4 2 0 0 0 0 1 0 1 0 0 0 0 0 0 
1 0 0 0 0 0 0 1 0 3 1 1 3 7 11 42 13 3 7 11 1 7 14 17 18 2 2 3 0 1 0 0 1 0 1 0 1 0 0 0 
0 0 0 0 1 0 0 1 0 1 2 3 1 3 8 53 32 7 8 5 5 5 7 15 13 4 5 3 2 0 0 0 0 0 0 0 0 0 0 0 
0 0 0 0 0 0 0 1 1 1 2 1 3 5 8 26 59 17 10 4 7 6 11 19 9 4 1 1 2 1 1 0 0 0 0 0 0 1 0 0 
0 0 0 0 0 0 1 1 1 2 1 2 2 4 4 10 24 21 9 6 7 4 15 13 6 5 2 2 0 1 0 1 0 0 0 0 0 0 0 0 
0 0 0 1 0 0 0 0 0 2 1 1 1 2 1 7 11 11 6 1 3 2 8 9 3 3 2 0 0 1 0 1 0 0 0 0 0 0 0 0 
0 0 0 0 0 0 0 0 0 0 2 2 0 2 5 8 11 15 9 5 4 4 6 8 8 1 1 2 0 1 0 0 0 0 0 0 0 2 0 0 
0 0 0 0 0 0 0 0 0 0 1 1 0 3 2 4 6 3 7 5 2 4 3 2 3 0 0 1 0 0 0 0 0 0 0 0 0 0 0 0 

0 0 0 0 0 0 0 0 0 0 1 1 1 12 3 3 1 0 1 2 4 6 7 3 0 3 1 0 1 0 3 0 0 1 1 0 0 0 0 0 
0 0 0 1 0 0 1 0 0 0 1 1 6 4 9 4 5 6 4 0 4 2 4 3 3 3 3 2 1 1 1 1 2 0 0 0 0 0 0 0 
0 0 0 0 1 0 0 1 0 1 0 1 1 5 4 2 5 2 5 2 5 2 3 4 1 2 2 1 0 0 1 0 0 0 0 0 0 0 2 0 
1 0 0 0 1 0 0 1 1 1 0 2 0 13 23 6 6 1 6 4 8 5 9 1 2 1 2 0 1 2 1 0 0 0 0 0 0 0 0 0 
1 0 1 1 0 0 0 0 0 1 1 2 6 12 14 3 3 1 6 8 15 52 12 3 5 2 3 5 2 0 2 1 1 0 0 0 1 1 1 0 
0 0 0 0 0 0 1 0 0 0 3 0 2 6 9 7 4 5 7 17 34 16 9 3 4 3 1 2 1 1 0 1 0 1 0 0 0 0 0 0 
0 0 0 0 0 0 0 0 1 1 2 2 1 4 16 3 7 7 5 46 27 3 8 3 3 5 4 0 5 0 0 0 0 0 0 0 1 0 0 0 
0 0 0 0 1 0 1 0 0 1 0 1 2 9 23 5 6 4 11 48 3 2 1 2 3 1 7 4 1 3 1 1 0 0 0 0 1 1 0 0 
0 0 0 0 1 0 0 2 2 1 1 1 4 6 26 12 8 10 36 26 9 5 6 2 5 3 0 3 2 2 0 1 2 1 1 0 0 0 0 0 
0 0 0 0 0 0 0 0 2 0 1 0 3 8 37 19 7 13 48 7 6 3 1 2 5 2 4 0 2 2 0 1 0 0 0 0 0 0 0 1 
0 0 0 0 0 0 0 0 2 1 0 1 2 5 15 37 6 17 17 11 7 5 5 1 10 5 4 3 0 2 0 1 0 0 0 1 0 0 1 0 
0 0 0 0 0 0 0 2 0 0 0 1 2 3 9 33 18 7 17 8 10 2 5 11 8 10 5 3 3 2 1 1 0 0 0 0 1 0 0 0 
0 0 0 0 0 0 0 0 0 0 1 3 1 4 5 38 15 6 19 5 7 3 4 7 15 4 5 1 2 0 2 1 1 0 0 1 0 0 0 0 
0 0 0 1 0 0 1 0 3 1 0 2 2 6 8 68 15 6 2 3 3 6 6 8 20 4 1 0 1 4 0 0 0 0 0 0 0 0 0 1 
0 0 0 0 0 0 1 1 0 2 3 2 3 4 8 35 12 11 3 3 10 5 4 42 19 5 4 5 1 1 2 1 0 0 0 0 0 0 0 0 
0 0 0 0 0 0 0 1 0 2 1 3 2 5 9 79 47 11 16 5 7 3 15 289 39 3 5 1 2 1 1 1 1 0 0 0 1 0 0 0 
0 0 0 0 0 1 2 1 0 1 0 2 4 0 9 41 18 8 3 5 2 5 26 95 20 1 2 2 0 1 0 0 0 0 0 0 0 0 0 0 
0 0 1 0 0 0 1 2 0 0 3 0 3 4 8 13 21 8 3 4 12 10 27 173 19 8 5 1 0 0 0 1 1 2 0 0 0 0 0 0 
0 1 1 1 0 0 0 1 1 1 1 3 2 4 4 21 55 11 8 8 5 5 41 109 33 4 6 1 4 0 0 0 0 0 1 0 0 0 0 0 
0 0 0 0 0 0 0 0 1 0 1 2 2 0 7 19 33 17 10 3 5 13 23 103 7 1 2 1 1 2 1 0 0 0 0 1 0 0 0 0 
1 1 0 0 0 1 0 1 0 1 0 2 2 3 9 15 65 41 15 9 6 9 22 24 12 6 2 1 2 1 1 0 0 0 0 0 1 0 0 0 
1 0 1 0 0 2 0 0 0 2 0 1 1 1 4 13 33 51 15 2 7 9 20 18 8 3 3 1 1 2 1 0 0 0 0 0 0 1 0 0 
0 0 0 0 0 0 1 1 0 0 3 2 2 2 9 11 15 21 11 8 6 2 18 15 8 2 0 3 1 1 0 0 0 0 0 0 0 0 0 0 
0 0 0 0 0 0 0 1 0 1 1 1 4 6 4 1 11 7 3 6 1 5 4 6 4 1 1 0 0 0 0 0 0 0 0 0 0 0 0 0 

0 0 0 0 0 0 0 0 0 0 3 3 0 11 8 4 3 4 2 2 2 5 0 1 1 2 0 2 0 0 0 0 0 0 0 0 0 0 0 0 
0 0 0 0 0 0 0 0 0 0 0 3 3 3 11 2 1 3 0 0 1 1 4 1 0 1 0 2 0 0 0 0 1 1 0 1 0 0 0 0 
0 0 0 0 0 0 0 1 0 0 2 1 3 5 9 7 5 2 1 2 4 5 2 2 2 1 1 0 0 0 0 0 1 0 0 0 0 0 0 0 
0 0 0 0 0 0 0 0 0 0 2 0 0 5 5 11 6 2 6 1 3 24 15 0 2 1 2 0 1 0 1 0 0 0 0 0 0 0 0 0 
0 0 0 0 0 0 0 2 1 1 1 2 4 10 13 18 10 2 6 3 13 174 30 4 1 1 0 0 1 1 0 0 0 0 0 0 0 0 0 0 
0 0 0 0 0 0 2 0 1 0 2 1 6 7 7 12 8 7 2 4 4 10 12 4 2 1 2 1 0 0 1 0 0 0 0 0 0 0 0 0 
0 0 0 0 0 0 0 1 2 0 1 1 1 3 7 14 7 4 3 4 4 4 8 3 2 1 1 2 1 1 1 0 1 0 0 0 0 0 0 0 
0 0 0 0 0 0 0 0 0 0 1 4 7 3 14 19 9 4 5 6 4 7 2 3 4 1 1 1 0 0 1 0 0 0 0 0 0 0 0 0 
0 0 0 0 0 1 1 1 0 1 0 1 2 6 12 23 13 6 7 2 4 2 3 1 3 0 0 2 1 2 0 1 0 0 0 1 0 0 0 0 
2 0 0 1 0 0 0 0 0 1 3 3 4 4 2 13 20 11 15 11 10 2 2 0 4 1 1 0 2 4 2 1 1 0 0 0 0 0 0 0 
0 0 0 0 1 0 1 0 1 2 0 2 2 8 14 16 15 93 92 16 4 2 1 1 3 5 4 1 0 0 0 1 0 1 0 0 0 0 0 0 
0 0 0 0 0 0 1 1 2 1 1 1 0 2 5 7 21 19 73 13 8 3 0 2 6 1 3 1 0 0 1 1 0 0 0 0 0 0 0 1 
0 0 0 0 0 0 0 1 0 0 2 3 1 6 5 8 12 9 24 7 3 6 5 2 4 4 3 1 1 0 1 0 0 0 0 0 0 0 0 0 
0 0 0 0 0 0 0 1 0 2 3 2 5 7 8 16 12 83 18 6 3 5 1 4 1 6 1 0 1 0 0 0 0 0 0 0 1 0 0 0 
0 0 0 0 0 0 0 2 2 1 0 2 2 3 11 9 17 93 29 6 4 6 5 7 8 1 4 0 0 0 2 1 1 0 0 0 1 0 0 0 
0 0 1 0 0 0 0 0 1 0 1 1 0 1 3 23 24 71 35 5 7 4 4 11 13 5 2 2 3 0 1 1 1 0 0 0 0 0 0 0 
0 0 0 0 0 0 0 0 0 1 1 0 2 6 10 17 25 66 18 4 8 3 5 9 6 1 0 1 1 0 0 0 0 0 0 0 0 0 0 0 
0 0 0 0 0 0 0 0 1 1 1 1 1 3 2 13 18 65 15 7 9 3 5 11 9 3 2 2 1 0 0 1 1 0 1 0 0 1 0 0 
1 1 0 0 0 0 0 0 0 1 1 1 0 1 3 19 53 45 17 3 5 7 11 21 20 3 5 1 0 0 2 0 1 0 0 0 0 0 0 0 
0 0 0 0 0 1 0 1 0 0 1 1 8 3 11 15 50 37 9 5 5 9 57 30 7 3 1 0 0 0 0 0 0 0 0 0 0 0 0 0 
0 1 0 0 0 0 0 0 0 0 0 1 1 7 8 14 39 29 15 7 8 10 19 17 2 2 3 0 2 0 0 0 2 0 0 1 0 0 0 0 
0 0 0 1 0 0 0 0 2 2 0 2 1 9 3 18 82 147 28 11 9 7 46 54 14 4 4 6 2 0 1 1 0 0 0 0 0 0 0 0 
0 0 0 0 0 0 0 0 0 1 0 0 8 1 9 9 81 50 22 9 7 17 125 59 9 4 0 0 2 0 1 1 1 0 0 0 0 0 0 0 
0 0 0 0 0 0 0 0 0 0 0 2 0 2 4 5 45 104 36 12 8 29 319 44 11 3 2 1 3 0 0 2 0 0 0 0 0 0 0 0 

0 0 0 0 0 0 0 2 0 2 3 5 2 43 17 1 1 3 0 4 1 4 1 4 0 0 0 0 0 0 1 0 1 0 0 0 0 0 0 0 
0 0 0 0 0 0 0 1 0 0 0 0 4 2 26 4 7 4 4 5 4 1 3 2 0 2 0 1 0 0 0 0 0 0 0 0 0 0 0 0 
0 0 0 1 0 0 1 0 1 1 0 2 4 4 28 3 4 5 3 1 4 4 6 3 2 0 1 0 0 0 0 0 1 0 0 0 0 0 0 0 
0 0 0 0 0 0 0 0 0 1 0 1 0 5 42 15 11 2 2 1 4 4 3 0 2 1 0 1 0 0 0 0 1 0 0 0 0 0 0 0 
1 0 0 1 0 0 1 0 0 1 2 0 0 2 89 36 12 4 6 3 5 10 18 4 1 3 2 1 1 0 1 0 0 0 0 0 0 0 0 1 
0 0 0 2 0 0 0 0 1 0 1 1 6 7 23 33 10 4 2 2 3 7 11 3 0 4 0 3 2 1 0 0 0 0 0 1 0 0 0 1 
0 0 0 0 0 0 0 1 0 0 1 1 3 8 17 32 22 4 7 5 4 5 0 2 2 0 0 2 2 0 0 0 2 0 0 0 0 0 0 0 
0 0 0 0 0 0 1 0 1 1 0 0 4 5 16 67 19 5 1 5 3 2 4 0 4 1 0 1 0 1 0 2 0 0 0 0 0 0 0 0 
0 0 1 0 0 0 0 0 1 0 1 1 4 4 21 82 16 6 7 1 4 2 3 1 0 3 0 2 1 0 0 0 0 0 0 0 0 0 1 0 
0 0 0 0 0 1 0 0 0 2 1 4 2 5 9 49 23 1 12 8 5 2 3 1 1 1 1 0 1 0 0 0 0 0 1 0 0 0 0 0 
0 0 0 0 0 0 0 0 1 0 1 1 2 8 6 89 18 60 27 9 2 4 5 1 3 3 0 1 1 0 0 0 0 0 0 0 0 0 0 0 
0 0 0 0 0 0 0 0 0 1 1 4 4 0 3 20 26 18 20 9 9 2 2 0 1 6 4 0 1 0 1 1 0 0 0 0 1 0 0 0 
1 0 0 0 0 0 0 0 0 2 3 1 2 3 2 18 38 16 11 4 10 4 5 1 6 0 4 0 2 2 2 0 0 0 0 0 0 0 0 1 
0 0 0 0 1 0 0 1 0 0 1 0 3 1 7 17 37 17 11 3 6 3 5 1 1 3 5 1 1 1 0 0 0 0 0 0 0 0 0 0 
0 0 0 0 0 0 0 1 1 2 1 3 1 6 8 19 44 17 12 4 9 4 2 2 3 0 1 0 3 1 2 0 0 0 0 0 0 0 0 0 
0 0 1 0 1 0 0 1 2 2 1 5 2 3 3 16 95 25 21 8 4 1 3 2 6 3 2 1 0 1 0 0 0 0 1 0 0 0 0 0 
0 0 0 0 0 1 0 1 1 2 0 3 2 2 5 11 54 22 20 6 4 4 2 3 3 0 0 1 0 1 0 0 0 0 0 1 0 0 0 0 
0 0 0 0 0 0 1 2 1 0 3 1 2 0 4 9 21 26 11 4 2 1 6 6 3 3 1 2 0 0 1 0 0 0 0 0 0 1 0 0 
1 0 0 0 0 1 0 0 0 1 0 2 0 2 4 11 19 32 25 3 5 6 2 3 10 2 4 2 0 0 0 2 1 0 0 1 0 0 1 0 
0 0 0 0 1 0 0 0 0 0 2 0 0 1 7 10 14 28 6 1 6 7 7 8 5 1 0 2 1 0 1 0 0 0 1 0 0 0 0 0 
0 0 0 0 0 0 1 0 1 1 1 2 0 3 5 10 12 27 14 8 6 4 6 7 1 3 1 1 2 1 0 0 0 0 0 0 0 0 0 1 
0 0 1 0 0 1 1 0 1 1 0 0 1 2 0 5 14 24 37 4 9 6 10 9 7 4 2 4 0 0 0 0 0 0 0 0 1 0 0 0 
0 0 0 0 0 0 0 0 0 0 2 1 1 1 3 3 18 26 15 11 5 6 28 14 2 2 0 1 1 1 1 0 0 0 0 0 1 0 1 0 
0 1 0 0 0 0 0 1 1 2 1 1 3 4 5 15 20 29 52 15 13 17 72 21 19 8 3 2 1 0 0 0 1 0 2 0 0 0 0 0 

0 0 0 0 0 1 1 0 1 1 2 0 1 3 5 2 1 2 3 5 2 1 1 3 0 1 0 0 0 0 0 0 0 0 0 0 0 0 0 0 
0 0 0 0 0 0 0 0 0 1 1 1 0 1 0 0 4 2 5 1 0 1 0 0 0 2 1 0 0 1 0 0 0 0 0 0 0 0 0 0 
0 0 0 0 0 0 0 0 0 1 2 0 3 2 5 4 0 2 2 1 1 0 2 1 1 1 1 0 0 0 0 0 0 0 0 0 1 0 0 0 
0 0 0 0 0 0 0 0 0 0 0 0 0 3 6 6 10 4 1 2 4 4 3 1 0 0 0 1 1 0 0 0 0 0 0 0 0 0 1 0 
0 0 0 0 0 0 0 0 1 0 0 1 1 4 9 17 7 4 4 5 2 3 4 0 0 0 0 0 1 0 0 0 0 0 0 0 0 0 0 0 
0 0 0 0 0 0 0 0 0 0 1 0 1 4 7 9 0 5 5 1 0 2 2 0 1 0 1 2 2 0 0 0 0 0 0 0 0 0 0 0 
0 0 0 0 0 0 0 0 0 1 2 1 1 1 5 13 7 5 4 4 3 4 3 2 4 1 0 0 1 0 0 0 0 0 0 0 0 0 0 0 
0 0 0 0 0 0 0 0 2 2 3 4 3 4 8 15 8 2 8 2 2 3 4 1 0 2 1 0 0 1 0 0 0 0 0 0 0 0 0 0 
0 0 0 0 0 1 0 0 1 1 0 2 0 1 5 19 7 5 5 5 2 3 0 1 1 3 0 0 0 0 0 0 0 0 0 0 0 0 1 0 
0 0 0 1 0 0 1 0 0 0 2 2 1 5 3 20 19 3 7 3 5 3 3 0 1 2 2 0 1 0 0 1 0 0 0 0 0 0 0 0 
0 0 0 0 1 0 0 0 1 1 2 1 4 4 6 20 13 6 6 4 3 5 2 0 1 1 0 0 0 0 1 0 0 0 0 0 0 0 0 0 
0 0 0 0 0 0 0 1 0 0 0 3 1 4 8 7 11 6 3 5 0 3 2 0 1 1 0 1 1 0 1 0 1 0 0 0 0 0 0 1 
0 0 0 0 0 1 0 0 0 0 1 1 1 3 1 8 16 8 7 2 6 2 2 2 3 1 0 1 1 0 0 0 0 1 0 0 0 0 0 0 
0 0 0 0 0 0 1 3 0 0 1 0 1 8 3 7 10 7 4 5 1 3 0 2 2 2 0 0 0 0 0 0 0 1 0 1 0 0 0 0 
0 0 0 0 0 1 0 1 0 0 2 2 2 3 3 5 14 5 8 4 1 6 3 3 3 0 1 0 2 0 1 1 0 0 0 0 0 0 0 0 
2 0 0 0 0 0 0 0 1 0 2 0 2 4 5 12 29 14 11 3 7 4 5 3 3 1 1 1 0 0 0 1 0 0 1 0 0 0 0 0 
0 1 0 0 0 0 0 1 1 0 1 3 5 5 4 18 27 14 7 3 5 1 2 2 1 2 2 0 0 0 0 0 0 0 0 0 0 1 0 0 
0 0 0 1 0 0 0 0 0 1 0 0 4 4 4 3 12 4 5 7 3 5 1 3 1 1 1 1 0 0 1 0 0 0 0 0 0 0 0 0 
0 0 0 0 0 1 0 0 0 1 1 0 2 2 0 5 38 31 10 9 5 2 2 1 6 0 2 1 2 0 2 1 0 0 0 0 0 0 0 0 
0 0 0 0 0 0 0 1 1 2 2 3 2 2 4 10 20 67 20 11 10 7 3 4 0 2 0 1 0 0 0 0 1 0 0 1 0 0 0 0 
0 2 0 1 0 0 0 0 0 0 3 3 3 5 9 12 30 59 10 16 12 9 0 4 2 0 0 0 0 0 2 1 0 0 1 0 1 0 0 0 
0 0 1 0 0 0 0 0 0 0 1 1 4 7 2 11 16 114 33 4 8 6 6 8 8 1 2 2 2 0 1 1 0 0 0 0 0 0 0 2 
0 0 0 0 0 0 1 1 0 0 2 0 1 4 5 17 36 95 26 13 10 10 10 9 4 0 0 1 0 0 0 1 0 0 0 0 0 1 0 1 
0 1 1 0 1 0 0 0 1 0 4 6 1 4 11 19 17 110 42 23 14 29 17 16 4 4 3 1 0 2 0 0 2 0 0 0 1 0 0 0 

0 0 0 0 0 0 0 1 0 0 0 0 1 6 1 2 2 3 1 1 1 0 2 2 0 1 0 0 0 0 0 0 0 0 0 0 0 0 0 0 
0 0 0 0 0 0 0 0 0 0 1 2 2 0 1 4 1 4 4 3 3 0 1 2 1 1 1 1 1 1 0 1 0 0 0 0 0 0 0 0 
0 0 0 0 0 0 1 0 0 0 1 0 0 2 1 3 3 1 3 3 2 2 1 0 0 0 1 0 0 1 0 0 0 0 0 0 0 0 0 0 
1 0 0 0 0 0 0 0 0 2 0 1 1 1 2 7 5 2 2 1 4 2 5 2 1 0 0 0 1 0 0 0 0 0 2 0 0 0 0 0 
0 0 0 0 0 0 0 0 0 0 1 1 0 2 4 4 1 4 2 3 5 2 2 2 1 0 1 1 1 0 1 0 0 0 0 0 0 1 0 0 
0 0 0 0 1 0 0 1 0 0 0 2 0 2 3 1 1 3 2 5 1 5 5 3 1 1 2 0 0 0 0 0 0 0 0 0 0 0 0 1 
0 0 0 0 0 0 0 0 0 0 0 0 0 1 5 5 8 2 3 1 3 2 1 1 2 0 0 0 0 0 0 0 0 0 0 1 0 0 0 0 
0 0 0 0 1 0 0 0 2 0 1 1 2 4 8 8 4 3 4 1 5 5 1 2 1 0 0 0 1 0 0 0 0 0 0 0 0 0 0 0 
0 0 0 0 0 0 0 1 0 0 1 1 1 3 4 0 4 4 2 4 1 1 3 0 0 0 0 1 0 0 0 0 0 0 0 0 0 0 0 0 
1 0 0 0 0 0 0 0 1 1 0 1 1 5 6 4 10 4 1 2 2 1 2 3 1 0 1 2 0 0 0 0 0 0 0 0 0 0 0 0 
0 0 0 0 0 0 0 0 2 0 1 2 5 6 5 2 3 5 4 1 6 3 2 0 3 0 1 0 1 0 0 0 0 0 0 0 0 0 0 0 
0 1 0 0 0 0 0 0 0 0 1 1 2 2 3 5 6 5 5 2 6 3 4 2 0 1 1 0 0 0 0 0 0 0 0 0 0 0 0 0 
0 1 0 1 0 0 0 0 0 4 1 1 0 4 3 7 7 3 3 2 3 4 1 0 2 0 0 0 2 0 1 0 0 0 0 0 0 0 0 0 
0 0 0 0 0 0 1 0 0 1 1 2 1 3 4 2 10 7 7 5 3 2 1 0 0 0 0 1 0 0 1 0 0 0 0 0 0 0 0 0 
1 0 0 0 0 0 0 0 0 0 0 2 0 0 4 3 5 4 3 2 4 4 0 3 1 1 1 0 0 2 1 0 0 1 0 0 0 0 0 0 
0 1 1 1 0 0 1 0 0 0 0 3 1 3 6 6 4 9 6 5 7 1 5 3 3 0 1 0 1 0 0 1 1 0 0 0 0 0 0 0 
0 0 1 0 0 1 0 0 0 0 0 4 1 4 11 9 6 11 8 7 9 6 1 0 2 1 0 0 0 1 2 0 1 0 0 0 0 0 0 0 
0 0 0 0 0 0 0 0 0 0 0 1 2 1 9 3 5 6 4 4 2 4 1 2 4 1 2 0 1 1 1 0 0 0 0 0 0 0 0 0 
0 0 0 0 0 0 0 0 1 0 0 1 0 2 1 10 4 8 13 5 9 6 3 5 1 1 2 0 2 1 0 0 0 0 1 0 0 0 0 0 
0 0 0 0 0 0 0 0 1 0 3 0 2 1 3 11 14 16 15 16 23 8 3 1 2 3 0 0 0 0 0 0 1 0 0 0 0 1 1 1 
0 0 0 0 0 0 0 0 0 0 0 1 3 1 14 14 40 111 15 12 24 9 4 5 2 0 2 1 2 0 0 0 0 0 0 1 0 0 0 0 
1 1 0 0 0 1 0 1 0 1 2 1 2 7 6 15 38 45 25 13 38 13 9 1 1 2 0 0 1 0 0 1 0 0 0 0 0 0 0 0 
0 0 0 0 0 0 0 0 2 0 0 0 1 4 12 6 54 43 25 18 52 9 3 6 5 1 0 0 0 0 0 0 0 0 0 0 0 0 0 0 
0 0 0 0 0 0 0 0 0 0 3 2 7 1 16 29 67 48 35 33 73 13 11 3 6 4 1 0 1 0 1 1 0 0 0 0 0 0 1 0 

0 0 0 1 0 0 0 0 0 2 1 3 0 1 3 6 3 4 1 3 4 4 1 0 2 0 0 0 0 0 0 0 0 0 0 0 0 0 1 0 
0 0 0 0 0 0 0 0 0 1 1 1 0 4 2 5 5 5 3 6 2 2 3 1 4 0 1 0 1 0 0 0 0 0 1 1 0 0 0 0 
0 0 0 0 1 0 0 0 1 0 1 2 0 0 2 5 2 4 4 7 5 4 1 4 1 0 1 0 0 0 0 0 1 0 0 0 0 0 0 0 
0 0 0 0 0 0 0 0 0 0 2 3 1 3 0 5 3 5 2 3 4 2 2 0 0 0 0 0 0 0 0 0 0 0 0 0 0 0 0 0 
0 0 0 0 0 0 1 1 1 0 1 1 6 1 3 11 7 12 5 3 10 1 2 1 0 0 0 3 1 0 0 0 0 0 0 0 0 0 0 0 
0 0 0 0 0 0 0 0 0 1 2 2 2 3 5 7 6 7 5 8 8 5 5 3 0 1 0 0 4 0 1 0 1 0 0 0 0 0 0 0 
1 0 0 0 0 0 0 0 0 1 1 0 3 2 6 8 8 4 4 8 7 1 2 1 1 0 1 1 1 0 0 0 0 0 0 0 0 0 0 0 
0 0 0 0 0 0 0 1 1 1 6 4 5 4 9 9 8 9 11 20 8 4 2 0 2 0 3 2 2 0 0 0 0 0 0 0 0 0 0 0 
0 0 0 0 0 0 0 2 1 2 3 3 2 5 5 12 10 9 7 12 12 7 1 3 1 2 2 0 1 0 0 0 0 0 0 1 0 0 0 0 
1 0 0 0 0 0 0 0 0 0 1 1 1 1 3 7 10 2 8 6 8 4 5 3 2 1 0 0 0 0 0 0 0 0 0 0 0 0 0 0 
0 0 0 1 0 0 0 0 0 3 3 0 6 11 10 20 14 7 13 17 10 6 3 2 2 1 1 0 1 0 0 0 0 0 0 0 0 0 0 0 
0 1 0 0 0 0 0 0 0 1 1 4 1 12 17 17 18 8 8 12 15 8 8 1 2 0 0 1 0 1 0 0 0 1 0 0 0 0 0 0 
1 0 0 0 0 0 0 0 0 0 1 1 2 8 10 6 10 1 8 5 13 3 4 1 1 0 2 1 1 0 0 0 0 0 0 0 0 0 0 0 
1 0 0 0 0 0 1 0 3 3 4 4 2 9 13 9 11 5 10 10 13 9 2 5 2 1 0 0 0 0 0 0 0 0 0 0 0 0 0 0 
0 0 0 1 0 0 1 0 0 0 1 0 5 11 23 19 20 9 9 5 32 6 4 1 2 0 1 1 0 0 0 0 0 0 0 0 0 0 0 1 
0 0 0 0 0 0 0 0 0 3 0 2 1 4 21 9 23 9 9 9 52 6 3 5 6 1 3 1 1 0 0 0 1 0 0 0 0 0 1 0 
0 0 0 0 0 1 0 0 0 2 0 0 5 6 15 48 19 10 13 13 45 7 1 1 0 1 0 0 0 0 0 1 0 0 0 0 0 0 0 0 
0 0 0 0 0 0 0 0 1 2 1 3 4 5 4 122 44 8 10 13 81 3 3 3 6 0 2 2 0 0 0 0 0 0 0 0 0 0 0 0 
0 0 2 0 0 0 0 2 1 1 1 1 1 4 5 14 54 17 11 15 150 6 5 5 3 1 3 0 1 0 0 0 1 0 1 0 0 0 0 0 
0 0 0 0 0 0 0 1 1 0 0 2 2 2 5 23 66 21 14 29 89 16 7 4 2 2 3 0 0 1 0 0 0 0 0 0 0 0 0 0 
0 0 0 0 0 0 0 0 0 1 0 1 3 3 2 11 146 24 18 14 32 19 5 6 4 2 0 1 0 1 0 0 0 0 0 0 1 0 1 1 
0 1 0 1 0 0 0 0 0 0 0 1 0 6 0 17 119 33 14 15 78 8 9 5 7 5 3 1 3 1 1 0 1 0 1 0 0 0 0 0 
0 0 0 0 0 0 0 0 1 0 1 1 2 1 10 18 133 91 11 13 46 26 12 1 2 2 1 0 1 0 0 0 1 0 0 0 0 0 0 0 
0 0 0 0 0 0 0 0 0 2 1 2 2 7 9 13 93 119 34 34 38 20 14 10 6 7 1 2 0 0 0 1 0 0 0 0 0 0 1 0 

0 0 0 1 0 1 0 1 2 2 4 5 3 3 2 14 5 10 5 8 7 2 3 0 2 0 0 0 1 1 0 0 0 0 0 0 0 0 0 0 
0 0 0 0 0 0 0 0 0 1 1 2 3 6 1 0 6 1 11 12 8 4 4 0 2 0 0 0 0 1 0 0 0 0 0 0 0 0 0 0 
0 0 0 0 0 1 0 0 0 2 0 1 4 1 1 2 4 6 3 10 11 8 3 2 0 0 0 1 0 0 0 0 0 0 0 0 0 0 0 0 
0 0 0 0 0 0 0 1 0 1 0 3 2 5 3 6 7 4 4 13 11 6 4 2 4 0 0 1 0 0 0 0 0 0 0 0 0 0 0 0 
0 0 0 0 0 0 2 0 0 1 0 4 4 2 5 9 21 8 11 11 21 2 2 3 2 1 1 2 0 0 0 0 0 0 0 0 0 1 0 0 
1 0 0 0 0 1 0 0 0 0 0 5 7 2 7 15 12 3 7 10 16 3 4 2 3 1 0 0 0 0 2 0 0 0 0 0 0 0 0 0 
0 0 0 0 0 1 0 0 1 2 1 6 5 2 4 14 19 5 3 28 34 6 1 2 0 1 1 0 1 0 0 0 0 0 0 0 0 0 0 0 
0 0 0 2 0 0 0 1 1 1 0 2 3 3 10 39 18 12 9 41 49 8 4 3 2 1 0 0 1 0 0 0 0 0 1 0 0 0 0 0 
0 1 0 0 1 1 0 1 0 3 2 1 18 9 10 28 19 8 9 19 32 12 5 1 3 3 0 0 0 1 1 0 0 0 0 0 0 0 0 0 
0 0 0 0 0 0 0 2 1 0 1 4 6 41 8 29 39 5 9 18 65 13 7 1 1 2 1 0 1 1 0 0 0 0 0 0 1 1 0 0 
0 0 0 0 0 0 0 0 0 0 1 1 6 26 15 28 61 5 13 19 68 8 3 1 1 0 1 1 0 0 0 0 1 0 0 0 0 0 0 0 
0 0 0 0 2 1 2 0 2 1 3 4 4 35 13 15 23 15 6 22 40 8 6 1 1 3 1 1 0 1 0 0 0 0 0 0 0 0 0 0 
0 0 0 0 0 1 0 1 0 0 0 3 4 17 28 14 25 11 17 10 22 10 9 2 3 1 0 0 1 0 0 0 0 0 0 0 0 0 0 0 
1 0 0 0 0 0 0 1 0 0 3 1 3 5 21 15 39 16 17 7 26 7 3 1 0 1 1 0 0 0 0 1 0 0 0 0 0 0 1 1 
0 0 0 1 0 0 0 1 0 2 1 4 4 10 10 17 50 15 8 12 13 3 3 3 3 1 1 1 0 1 0 0 0 0 0 0 0 0 0 1 
0 1 0 1 0 0 0 1 0 2 2 0 0 3 4 14 73 19 12 6 21 6 5 0 1 0 0 0 1 1 0 0 0 0 0 0 0 0 0 0 
0 0 1 0 1 0 0 0 0 0 4 0 2 2 7 18 26 18 10 9 8 5 6 2 2 0 0 1 0 0 0 0 0 0 0 0 0 0 0 0 
0 0 0 0 0 0 0 0 1 0 0 5 2 7 8 15 24 9 20 9 8 5 0 0 1 0 0 0 0 1 0 0 0 0 0 0 0 0 0 0 
0 0 0 0 0 0 0 2 0 0 2 1 0 6 5 9 21 27 68 15 6 4 8 1 2 1 1 0 1 0 0 0 1 0 0 0 0 0 0 0 
0 0 0 0 0 0 0 0 0 0 1 0 1 4 4 4 13 16 55 11 11 8 4 0 2 0 2 0 0 0 0 0 0 0 0 0 0 0 0 0 
0 0 1 0 0 0 0 0 2 1 0 1 1 1 1 2 12 9 21 30 32 30 18 4 4 1 1 0 0 0 0 0 1 0 0 3 0 0 0 0 
0 0 0 0 0 0 0 0 0 0 0 1 4 0 4 6 3 12 70 21 18 26 8 4 4 2 4 0 1 1 0 0 0 0 0 2 0 0 0 0 
0 0 0 0 0 0 0 0 0 1 1 1 1 2 10 14 15 24 87 30 69 44 13 5 1 1 1 1 2 0 0 0 0 0 0 0 0 0 0 0 
0 0 0 0 0 0 0 0 0 2 3 3 2 3 7 6 13 24 100 50 81 33 10 6 3 2 0 2 0 0 0 0 0 0 0 0 0 0 0 0 

0 0 0 0 0 2 0 0 0 3 0 19 2 6 11 35 6 9 6 86 15 4 1 0 0 0 1 0 0 0 0 0 0 0 0 0 0 0 0 1 
0 0 0 0 0 0 0 0 1 0 3 6 3 3 17 38 15 10 7 60 16 7 3 5 1 3 0 0 0 1 0 0 0 0 0 0 0 0 0 0 
1 0 0 0 0 0 0 3 2 4 10 32 9 6 17 62 13 8 11 23 10 5 2 1 2 1 1 0 1 1 0 0 0 0 1 0 0 0 0 0 
0 0 0 0 0 0 1 0 0 0 4 12 12 3 5 38 11 4 7 35 19 7 9 0 2 0 1 0 0 0 0 0 0 1 0 0 0 0 0 0 
0 0 0 0 0 0 0 1 0 3 4 20 10 2 12 97 12 12 5 58 7 7 1 1 2 0 0 1 0 1 0 0 0 0 0 0 0 0 0 0 
0 1 0 0 0 0 0 4 2 0 6 52 45 8 5 42 11 15 18 8 12 2 2 1 1 0 1 1 1 0 0 0 0 0 0 0 0 0 0 0 
0 0 0 0 0 0 0 1 1 1 1 10 37 1 2 41 21 8 14 14 18 3 5 0 0 1 0 0 0 1 1 0 0 0 0 1 0 0 0 0 
0 0 0 0 1 1 0 0 2 1 4 6 28 2 16 106 21 18 16 24 16 10 1 2 1 2 5 0 0 0 1 0 0 0 0 0 0 0 0 0 
1 1 0 0 1 1 0 0 0 0 3 1 1 5 5 13 11 25 25 6 17 7 8 2 4 1 0 0 0 0 0 0 0 0 1 0 0 0 0 0 
0 0 0 0 0 0 0 0 1 1 2 2 5 10 6 12 18 19 37 12 20 4 11 2 4 0 0 1 0 0 0 1 0 1 0 0 0 0 0 0 
0 0 0 0 0 0 0 0 0 2 1 4 3 5 5 15 11 18 27 9 10 7 4 2 4 0 0 0 0 1 0 0 0 0 0 0 1 0 0 0 
0 0 0 0 0 0 0 0 1 0 3 0 2 4 4 6 9 33 79 8 9 9 4 3 2 0 0 0 0 0 0 0 0 0 0 0 0 0 0 0 
0 1 0 1 0 1 0 0 0 2 0 2 0 3 3 7 5 49 80 8 12 7 5 2 2 1 0 0 1 0 1 0 0 0 0 0 0 0 0 0 
0 0 0 0 0 0 0 0 0 0 1 2 1 3 4 7 9 49 32 6 13 16 3 4 1 1 0 0 0 1 0 0 0 0 0 1 0 0 0 1 
0 0 0 0 0 0 0 0 0 0 0 0 2 3 1 5 9 15 9 3 9 7 1 2 2 1 1 0 0 0 0 0 0 0 0 1 1 0 0 0 
1 0 0 1 0 0 0 0 0 1 1 1 1 4 1 7 12 20 19 6 8 8 9 1 1 3 0 0 0 0 1 0 0 0 0 0 2 0 0 0 
0 0 0 0 0 0 0 1 2 0 2 1 5 0 6 6 5 11 42 11 22 20 1 0 0 1 0 0 0 0 0 0 0 0 0 0 0 0 0 0 
0 0 0 0 0 0 0 0 0 0 2 0 1 5 1 2 4 6 21 2 50 15 4 1 1 1 3 0 2 0 0 0 0 0 0 0 0 0 0 0 
0 0 0 1 0 0 1 0 0 1 0 0 0 3 6 6 7 13 47 12 52 8 11 2 1 3 3 0 0 0 0 0 0 0 0 0 0 0 0 0 
1 0 0 0 0 0 0 0 0 0 1 0 0 1 4 3 6 8 12 4 34 9 4 2 4 2 0 0 0 0 0 0 0 0 0 0 0 0 0 0 
0 0 0 1 0 0 0 0 0 0 0 0 0 0 2 6 2 7 8 3 28 7 4 5 0 3 1 1 0 0 0 1 0 0 0 0 0 0 0 0 
0 0 0 0 0 0 0 0 0 1 0 0 0 1 2 3 5 8 18 16 56 21 15 3 8 2 1 0 0 0 0 0 0 0 0 0 0 1 0 0 
0 0 0 0 0 0 0 0 0 0 1 1 1 2 3 3 7 15 10 7 67 51 13 0 1 2 1 0 0 0 0 0 0 0 0 0 1 0 0 0 
0 0 0 1 0 0 0 0 1 1 2 2 0 2 4 12 10 8 19 20 35 27 5 3 1 2 1 0 1 0 0 0 0 0 1 0 0 0 0 0 

0 0 0 0 0 0 0 1 1 1 4 18 6 4 72 33 7 19 13 23 18 8 2 1 1 0 0 0 0 0 0 0 0 0 0 0 0 0 0 0 
1 0 0 0 0 0 0 0 0 4 11 40 10 3 6 11 12 21 26 10 8 5 7 4 0 2 0 1 0 0 0 0 1 0 0 0 0 0 0 0 
0 0 0 0 0 0 0 1 1 2 7 49 7 5 7 13 12 13 31 12 5 5 2 0 0 2 1 0 0 0 0 0 0 1 1 0 1 1 0 0 
0 0 0 1 1 1 0 0 1 2 4 53 15 6 3 10 10 21 40 3 8 3 7 2 1 0 3 0 1 1 1 1 0 0 0 0 0 0 0 0 
0 1 0 0 0 1 0 0 0 0 1 14 9 6 2 8 2 51 25 7 9 5 4 3 1 1 0 1 1 1 0 0 0 0 0 0 0 0 0 0 
0 0 0 1 0 0 0 0 2 1 2 6 7 4 1 5 3 47 27 6 6 5 3 5 0 1 1 0 0 0 0 0 0 0 0 0 0 0 0 0 
0 0 0 0 0 0 0 0 0 3 5 3 7 1 6 7 9 20 24 11 5 9 3 2 0 1 3 1 0 0 0 0 0 0 0 0 0 0 0 0 
1 0 0 0 0 0 0 0 1 0 4 0 7 3 5 5 10 29 16 9 8 8 3 2 1 2 1 1 1 0 0 1 0 0 0 0 0 0 0 0 
0 0 0 1 0 0 0 0 0 1 0 1 4 4 3 5 6 19 20 13 10 13 6 4 5 2 1 3 0 0 0 1 0 0 0 0 0 0 0 1 
0 1 0 1 0 0 0 0 0 0 0 2 1 4 1 5 9 7 21 6 8 15 12 1 2 1 1 1 0 0 1 0 0 0 0 0 0 0 0 0 
0 0 0 0 0 0 0 0 0 0 0 1 4 1 3 4 8 9 7 7 10 40 6 4 0 0 1 0 0 0 0 0 0 0 1 0 0 0 0 0 
1 0 0 0 0 1 0 0 0 0 1 2 1 2 3 2 2 5 8 3 22 15 7 1 1 3 0 1 0 0 0 0 0 0 0 0 0 0 0 0 
0 0 0 0 1 0 0 0 2 1 0 0 2 2 1 1 6 10 18 3 32 16 6 4 2 3 3 0 0 0 0 0 0 1 0 0 0 0 0 0 
0 0 0 0 0 0 0 0 0 1 0 1 1 1 8 2 12 4 6 3 57 21 4 3 1 1 0 0 0 0 0 0 0 0 0 0 0 1 0 0 
0 0 0 1 0 0 0 0 0 0 0 1 2 4 1 2 1 3 3 6 29 6 7 1 0 1 0 2 0 1 0 0 0 1 1 0 0 0 0 0 
0 0 0 0 0 0 0 0 0 1 1 0 1 1 3 3 3 4 5 3 34 12 6 1 1 1 2 0 1 0 0 0 0 0 0 0 0 0 0 0 
0 0 0 0 0 0 0 1 0 0 1 0 0 1 5 5 3 7 6 1 14 16 7 0 0 0 1 1 0 0 0 0 0 0 0 0 0 0 0 0 
1 0 0 0 0 0 0 1 0 0 0 1 0 1 0 4 3 5 4 5 11 8 1 3 3 0 0 0 0 0 1 0 0 0 0 0 0 0 0 0 
0 0 0 0 0 0 1 0 0 0 1 2 0 2 3 1 3 4 5 3 12 6 7 1 4 0 1 0 0 0 0 0 0 0 0 0 0 0 0 2 
0 0 0 0 0 0 0 0 0 0 0 1 0 1 4 2 6 5 4 3 5 10 3 1 0 0 0 0 0 0 0 0 0 0 0 0 0 0 0 0 
1 0 0 0 0 1 0 0 0 0 1 1 1 1 0 3 6 2 1 5 2 2 6 1 0 1 0 0 1 0 1 0 1 0 0 0 0 0 0 0 
0 0 0 0 0 0 0 1 0 1 0 0 0 0 1 2 6 7 5 8 3 8 9 0 2 1 0 0 0 0 0 0 0 0 0 0 0 0 0 0 
0 0 1 0 0 0 0 0 0 0 0 1 0 0 4 3 2 8 6 5 10 23 5 3 2 1 0 0 0 0 0 0 0 0 0 1 0 0 0 0 
0 0 0 0 1 0 0 0 0 0 0 1 0 1 0 6 2 5 4 11 10 9 6 3 3 1 0 0 0 0 0 1 0 0 0 0 0 1 0 0 

0 0 0 0 1 0 1 0 1 1 80 28 11 4 4 16 7 50 86 11 6 14 4 3 1 0 2 0 0 0 1 0 0 0 0 0 0 0 0 0 
1 0 0 0 0 1 0 0 0 3 4 11 3 0 1 2 4 52 40 15 8 7 10 0 1 0 1 0 0 1 0 2 0 0 0 0 0 0 0 0 
0 0 0 0 0 1 0 1 1 0 1 5 2 2 9 2 8 128 44 11 6 9 12 7 2 0 2 0 0 1 0 0 0 0 0 0 0 0 0 0 
0 1 0 0 0 0 0 0 1 5 1 6 5 2 3 2 8 111 49 10 8 11 7 0 3 0 0 1 0 0 0 0 0 0 0 0 0 0 0 0 
0 1 1 0 1 0 0 0 1 2 0 8 4 1 1 7 12 17 12 8 10 14 9 0 1 0 0 1 0 0 1 1 0 0 0 0 0 0 0 0 
0 0 0 0 0 0 0 0 0 0 2 1 3 2 0 5 5 2 8 4 13 43 6 6 2 1 1 1 2 0 0 0 0 0 0 0 0 0 0 0 
0 0 0 0 0 0 0 0 1 1 1 2 1 4 4 2 7 7 8 6 8 50 12 1 1 0 0 0 0 0 0 0 0 0 0 0 0 0 0 0 
0 0 0 0 0 0 0 1 1 1 0 0 0 2 6 1 3 1 4 3 7 46 6 3 0 1 0 0 0 0 1 0 0 0 0 0 0 0 0 0 
0 0 0 0 0 0 0 0 0 0 1 1 0 1 2 3 3 4 2 3 5 14 1 0 2 1 0 0 0 0 0 1 0 0 0 1 0 0 0 0 
0 0 0 0 0 0 0 0 0 0 1 2 0 4 2 2 5 3 6 5 10 32 8 0 1 0 0 0 0 0 0 0 0 0 0 0 0 0 0 0 
0 0 0 0 0 0 0 0 0 1 0 0 1 5 1 1 6 6 2 2 6 13 4 0 1 0 2 0 1 0 0 0 0 0 0 0 0 0 0 0 
0 0 0 0 0 0 0 1 0 0 0 0 0 0 1 2 2 2 2 4 8 4 3 3 0 1 0 0 0 1 0 0 0 0 0 1 0 0 0 0 
0 0 0 0 0 0 0 1 0 0 0 0 1 0 3 1 2 6 4 5 6 4 8 0 1 0 3 1 0 0 0 0 0 0 0 0 0 0 0 0 
0 0 0 0 0 0 0 0 0 0 2 0 0 1 3 3 3 0 1 1 3 5 2 1 0 0 0 0 0 0 0 0 0 0 0 0 0 0 0 0 
0 0 0 0 0 0 0 0 0 0 0 0 1 0 0 1 1 4 2 1 1 0 0 1 1 0 0 0 0 0 0 0 0 0 0 0 0 0 0 0 
0 0 0 0 0 0 0 0 0 0 1 1 0 0 2 0 2 2 2 3 3 3 3 0 1 0 0 0 0 0 1 0 0 0 0 0 0 0 0 0 
0 0 0 0 1 1 1 0 0 0 0 0 0 1 3 1 2 2 0 4 2 3 0 1 3 0 0 0 0 0 0 1 0 0 0 0 0 0 0 0 
0 0 0 0 0 0 0 0 0 1 0 0 0 1 3 3 1 5 1 6 2 2 0 1 1 0 3 0 0 0 0 0 0 0 0 0 0 0 0 0 
0 0 0 0 0 0 0 0 0 1 1 1 1 0 1 2 1 1 4 5 4 1 3 1 3 1 0 0 0 0 0 0 0 1 0 0 0 0 0 0 
0 0 0 0 0 0 0 0 0 0 0 0 0 0 0 3 1 3 1 0 0 2 1 1 1 0 0 1 0 0 0 0 0 0 0 0 0 0 0 0 
0 0 0 0 0 0 0 0 0 0 1 1 0 1 0 1 2 3 0 5 3 0 3 0 1 1 0 0 0 0 0 0 0 0 0 0 0 0 0 0 
1 0 0 0 0 0 0 1 0 0 0 1 0 0 1 3 0 2 2 1 1 2 1 0 4 1 0 0 0 2 0 0 0 0 0 0 0 0 0 0 
0 0 0 0 0 0 0 0 0 0 1 0 1 0 2 3 1 2 1 4 2 4 1 1 1 0 0 0 0 0 0 0 0 0 0 1 0 0 0 0 
0 0 0 0 0 1 0 0 1 0 0 1 0 2 4 4 5 7 11 6 4 7 8 3 3 1 1 2 0 1 0 0 0 0 0 0 0 0 0 1 

0 0 0 0 0 0 0 0 0 3 2 6 1 2 0 5 3 13 13 19 11 20 9 2 1 0 1 0 1 0 0 0 0 0 0 0 0 0 0 0 
0 0 0 0 0 0 1 0 0 0 0 3 3 0 3 4 4 13 29 12 7 16 9 6 3 1 0 2 0 1 0 0 0 0 0 0 0 0 0 0 
0 0 0 0 1 0 0 0 0 2 2 3 3 1 2 2 7 13 43 6 17 18 7 2 1 1 0 1 0 1 0 0 0 0 0 0 0 0 0 0 
0 0 0 0 0 1 0 0 0 0 2 2 1 0 0 5 4 8 18 8 8 39 17 2 2 2 1 0 0 1 1 0 0 1 0 0 0 0 0 0 
0 0 0 0 0 1 0 0 1 0 1 1 2 0 3 2 3 3 4 4 4 45 15 4 1 1 0 0 0 0 1 0 0 0 0 0 0 0 0 0 
1 0 0 1 0 0 0 0 0 0 1 1 3 2 1 2 3 4 1 5 11 14 10 3 2 0 1 2 0 0 1 0 0 0 0 0 0 0 0 1 
0 0 0 0 0 0 1 0 0 0 0 2 0 1 2 1 2 4 4 2 6 7 6 0 2 2 0 0 0 0 1 0 0 0 0 0 0 0 0 0 
0 0 0 0 0 0 0 0 0 1 1 2 1 0 4 0 3 5 0 3 4 5 5 1 2 0 0 1 0 0 0 0 1 0 0 0 0 0 0 0 
0 0 0 0 1 0 0 1 1 1 0 0 0 1 2 4 4 2 1 4 1 3 1 4 1 2 0 0 0 0 0 1 0 0 0 0 0 0 0 0 
0 0 0 0 0 0 1 0 0 0 0 0 0 3 0 2 1 2 5 1 2 1 1 1 2 0 0 0 0 0 0 0 0 0 0 0 0 0 0 0 
0 0 0 0 0 0 0 0 0 0 1 0 2 2 4 1 1 2 3 3 2 2 2 2 1 0 1 0 0 0 0 0 1 0 0 0 0 0 0 0 
0 0 0 0 0 0 0 0 0 0 0 1 1 2 1 1 2 1 1 0 1 1 0 0 2 0 0 0 0 0 0 0 1 0 0 0 0 0 0 0 
0 0 0 0 0 0 0 0 0 0 0 0 0 0 0 1 0 3 0 3 1 2 2 0 1 0 0 0 0 0 0 0 0 0 0 0 0 0 0 0 
0 0 0 0 0 0 0 0 0 0 0 2 2 0 0 2 3 1 3 4 1 4 2 0 0 1 0 0 0 0 0 0 0 0 0 0 0 0 0 0 
0 0 0 0 0 0 0 0 0 1 0 1 0 0 0 1 0 2 0 1 2 1 1 2 0 1 1 0 0 0 1 0 0 0 0 0 0 0 0 0 
0 0 0 0 0 0 0 0 0 0 0 0 0 0 0 2 1 1 3 0 2 1 2 0 0 0 0 0 0 0 0 0 0 0 0 0 0 0 0 0 
0 0 0 0 0 0 0 1 0 0 1 1 0 0 1 3 2 3 1 2 3 1 0 0 0 0 0 0 0 0 0 0 0 0 0 0 0 0 0 0 
0 0 0 0 0 0 0 0 0 0 1 1 1 0 0 1 0 1 1 1 0 2 1 1 1 0 0 0 0 1 0 0 0 0 1 0 0 0 0 0 
0 0 0 0 0 0 0 0 0 0 0 0 0 0 0 0 2 3 2 1 4 0 0 1 0 0 1 0 0 0 0 0 0 0 0 0 0 0 0 0 
0 0 0 0 0 0 0 0 0 0 0 0 2 2 0 0 1 3 0 1 5 1 2 0 0 0 2 0 0 0 0 1 0 0 0 0 0 0 0 0 
0 0 0 0 0 0 0 0 0 1 0 0 0 0 0 1 1 1 1 1 2 1 1 1 0 0 0 0 0 0 0 0 0 1 1 0 0 0 0 0 
0 0 0 0 0 0 0 0 0 0 1 1 1 1 1 0 0 4 0 3 1 0 2 0 0 2 2 0 0 0 0 0 0 0 0 0 0 0 0 0 
0 0 0 0 0 0 0 0 0 0 1 1 1 1 2 3 5 2 3 3 3 5 5 1 1 0 0 0 1 0 0 0 0 0 0 0 0 0 0 0 
0 0 0 0 0 0 0 0 0 1 0 0 2 0 0 3 2 1 2 1 1 1 0 0 1 0 0 0 0 0 0 0 0 0 0 2 0 0 0 0 

1 0 0 0 0 0 0 0 0 1 0 4 1 3 1 1 8 4 6 24 5 28 4 1 1 1 0 0 0 0 0 0 0 0 0 1 0 0 0 0 
1 0 0 0 1 0 0 1 0 0 0 1 1 2 2 3 1 4 78 76 26 67 14 1 4 1 0 0 0 1 0 0 1 0 0 0 0 0 0 0 
0 0 0 0 0 2 1 1 0 0 0 0 2 2 2 1 5 7 19 48 34 271 15 6 6 5 0 1 1 0 1 0 0 0 0 0 1 0 0 0 
0 0 0 0 0 0 0 0 1 0 0 1 0 0 1 2 4 7 11 6 9 33 12 4 3 1 4 0 1 0 0 0 0 0 0 0 1 0 0 0 
0 0 0 0 0 0 1 0 0 0 0 0 2 0 2 3 4 10 8 4 16 14 5 1 1 2 0 0 0 0 0 0 0 0 0 0 0 0 0 0 
1 0 0 0 0 0 0 0 0 0 0 1 1 2 0 1 1 0 1 2 3 3 3 1 0 0 0 1 0 0 1 0 0 0 0 0 0 0 0 0 
0 0 0 0 0 0 0 0 0 0 0 0 0 1 0 0 5 1 4 0 2 2 5 1 5 1 1 0 0 0 0 0 0 0 0 0 0 0 0 0 
0 0 0 0 0 0 1 0 0 0 1 0 1 2 2 2 3 2 6 1 2 3 2 1 1 0 0 0 0 0 0 0 0 0 1 0 0 0 0 0 
0 0 0 0 0 1 0 0 0 1 1 1 0 0 0 1 2 1 3 0 6 2 2 1 1 1 1 0 0 0 0 0 0 0 0 0 0 0 0 0 
0 0 0 0 0 0 0 0 0 0 0 0 2 0 2 2 0 1 2 0 2 2 0 1 0 1 0 0 0 1 0 0 0 0 0 0 0 0 0 0 
0 0 0 0 0 0 0 1 0 0 1 1 0 1 2 0 1 2 1 4 1 0 1 1 0 0 0 0 0 0 0 0 0 0 0 1 0 0 0 0 
0 0 0 0 0 0 0 0 0 0 0 0 0 1 1 2 0 0 2 1 0 0 1 0 2 0 0 0 0 0 0 0 0 0 0 0 0 0 0 0 
0 1 0 0 0 0 0 0 0 0 0 0 1 0 1 0 0 3 2 2 2 2 3 1 0 0 0 0 0 0 0 0 0 0 0 0 0 0 0 0 
0 0 0 0 0 0 0 0 0 0 0 0 1 0 2 0 1 0 1 2 4 0 0 1 0 0 0 1 1 0 0 0 0 0 0 0 0 0 0 0 
0 0 0 0 1 0 0 1 0 0 0 0 1 0 0 1 1 2 1 4 1 1 2 0 1 1 0 0 1 0 0 1 1 0 0 0 0 0 0 0 
0 1 0 0 0 0 0 0 0 0 0 0 0 0 0 2 1 1 1 1 0 0 0 2 0 0 0 0 0 0 0 0 0 0 0 0 0 0 0 0 
0 0 0 0 0 0 0 0 0 0 0 0 1 0 0 2 1 0 0 1 0 2 1 2 0 0 0 1 0 0 0 0 0 0 0 0 0 0 0 0 
0 0 0 0 0 0 0 0 1 0 0 0 1 2 0 0 0 3 1 1 2 0 1 1 0 1 0 0 0 0 0 0 0 0 0 0 0 0 0 0 
0 0 0 0 0 0 0 1 0 0 0 0 0 2 0 1 1 2 0 0 0 1 1 2 0 0 1 0 0 0 0 0 0 0 0 0 0 0 0 0 
0 1 0 0 1 0 0 0 0 0 0 0 1 0 0 0 0 1 5 2 0 0 1 2 0 0 1 0 0 0 0 0 0 0 0 0 0 0 0 0 
0 0 0 0 0 0 0 1 0 0 0 2 0 1 0 2 1 1 0 1 1 0 0 0 2 0 0 0 0 0 0 0 0 0 0 0 0 0 0 0 
0 0 0 0 0 0 0 0 0 0 0 0 0 0 0 3 1 4 4 1 3 1 0 1 0 0 0 0 0 0 0 0 0 0 0 0 0 0 0 0 
0 0 0 0 0 0 0 0 0 0 0 0 0 0 1 0 2 4 1 0 0 1 0 2 0 0 0 0 0 0 0 0 0 0 0 0 0 0 0 0 
0 0 0 0 0 0 0 1 1 0 0 1 0 0 1 2 3 2 1 3 3 1 3 1 3 0 0 0 0 0 0 0 0 0 0 0 0 0 0 0 

0 0 0 0 0 0 1 0 0 0 0 0 0 1 1 7 2 8 7 13 12 84 11 3 0 0 1 0 0 0 0 0 0 0 0 0 0 0 0 0 
0 0 0 0 0 0 0 0 0 0 0 0 1 1 0 3 0 3 4 27 28 46 19 7 4 1 2 0 1 0 0 1 0 0 0 0 0 1 0 0 
0 0 0 0 0 0 0 1 0 1 1 2 0 1 1 1 3 8 12 79 29 135 19 12 7 5 2 0 0 2 1 0 0 0 0 0 1 0 0 1 
1 0 0 1 0 0 0 0 0 1 0 2 1 2 3 0 1 5 12 11 27 19 9 3 2 3 1 1 0 0 1 1 1 1 0 0 0 0 0 0 
0 0 0 0 0 0 0 0 0 0 0 0 0 0 1 0 3 4 3 6 3 3 1 2 3 0 0 0 0 1 0 0 0 0 0 0 0 0 0 0 
0 0 0 0 0 0 0 0 0 0 3 1 0 0 1 3 2 3 2 2 1 2 3 1 2 1 1 0 2 0 0 0 0 0 0 0 0 0 0 1 
0 0 0 0 0 0 0 0 1 0 0 1 0 0 2 1 1 2 7 0 4 1 3 0 0 1 0 0 0 0 0 0 0 0 0 0 0 0 0 0 
1 0 0 0 0 0 0 0 0 1 0 0 1 0 3 1 1 3 2 2 1 0 1 0 3 0 0 0 0 0 0 0 0 0 0 0 0 0 0 0 
0 1 0 0 0 0 0 0 0 2 0 0 0 0 1 0 0 0 0 1 0 0 0 0 0 2 0 0 0 0 1 0 0 0 0 0 0 0 0 0 
0 0 0 0 0 0 0 0 0 1 0 0 1 0 0 0 0 0 1 1 1 0 1 1 0 0 0 0 0 0 0 0 0 0 0 0 0 0 0 0 
0 0 0 0 0 0 0 0 0 0 2 0 0 0 1 2 0 0 1 2 1 2 1 0 1 0 0 0 0 0 0 0 0 0 0 0 0 0 0 0 
0 0 0 0 0 0 0 0 0 0 0 0 0 1 1 0 1 2 1 1 0 3 0 1 2 0 0 0 0 0 0 0 0 0 0 0 0 0 0 0 
0 0 0 0 0 0 0 0 0 0 1 0 0 0 0 0 1 2 1 1 0 1 0 0 0 0 0 0 0 0 0 0 0 0 0 0 0 0 0 0 
0 0 0 0 0 0 0 0 0 0 0 0 0 0 0 1 0 1 0 3 3 0 1 0 1 0 0 0 0 0 0 0 0 0 0 0 0 0 0 0 
0 0 0 0 0 0 0 1 0 0 0 0 0 0 0 1 0 0 0 0 1 0 0 1 0 0 0 1 0 0 0 0 0 0 0 0 0 0 0 0 
0 0 0 0 0 0 0 0 0 0 0 0 0 0 1 0 2 0 0 1 1 0 0 1 0 0 1 0 0 0 0 0 0 0 0 0 0 0 0 0 
0 0 0 0 0 0 0 0 0 0 0 0 1 2 1 0 1 1 1 2 1 0 1 0 0 1 0 0 0 0 0 0 0 0 0 0 0 1 0 0 
0 0 0 0 0 0 0 0 0 0 0 0 0 0 0 0 0 0 1 0 3 0 0 0 0 1 0 0 0 0 0 0 0 0 0 0 0 0 0 0 
0 0 0 0 0 0 0 0 0 0 0 0 0 0 0 0 0 1 0 1 0 2 1 0 1 1 0 0 0 0 0 0 0 0 0 0 0 0 0 0 
0 0 0 0 0 0 0 0 1 0 0 0 0 0 0 1 0 0 3 0 2 1 1 0 0 0 0 0 0 0 0 0 0 0 0 0 0 0 0 0 
0 0 0 0 0 0 0 0 0 0 0 0 0 0 0 0 0 1 1 2 0 1 0 0 1 0 0 0 0 0 0 0 0 0 0 0 0 0 0 0 
0 0 0 0 1 0 0 0 0 0 0 0 0 0 0 2 0 0 0 1 0 1 0 1 0 0 0 0 0 0 0 0 0 0 1 0 0 0 0 0 
0 0 0 0 1 0 0 0 0 0 1 0 1 1 0 0 1 0 1 0 0 1 0 1 0 0 0 0 0 0 0 0 0 0 0 1 0 0 0 0 
0 0 0 0 0 1 0 0 0 0 0 0 0 0 0 1 1 0 0 0 0 0 0 0 2 0 0 0 0 0 0 0 0 0 0 0 0 0 0 0 

0 0 0 0 0 0 0 0 0 0 1 1 0 0 2 4 4 4 3 9 5 19 5 3 2 0 0 0 0 0 0 0 0 0 0 0 0 0 0 0 
0 0 0 0 0 0 0 0 0 0 0 1 1 0 0 0 0 1 2 2 3 10 2 0 1 1 1 0 0 0 0 0 1 0 0 0 0 0 0 0 
0 0 0 0 0 0 0 0 0 0 1 0 0 0 1 0 0 1 0 1 4 1 3 2 0 0 1 0 0 0 0 0 1 1 0 0 0 0 0 0 
0 0 0 0 0 0 0 0 0 1 0 0 0 1 0 3 2 3 0 3 7 2 5 1 2 0 0 0 0 0 0 0 0 0 0 0 0 0 0 0 
0 0 1 0 0 0 1 0 0 0 0 0 0 1 0 1 0 3 3 5 2 2 3 2 2 0 0 0 0 0 0 0 0 0 0 0 0 0 0 0 
0 0 0 0 0 0 1 0 0 0 0 0 1 0 2 0 0 0 2 2 1 2 0 1 0 0 0 2 0 0 0 0 0 0 0 0 0 0 0 0 
0 0 0 0 0 0 0 0 0 0 0 0 0 0 0 1 0 0 0 0 1 1 3 0 2 0 0 1 0 0 0 0 0 0 0 0 0 0 0 0 
0 0 0 0 0 0 0 0 0 0 0 0 0 0 0 0 3 0 0 1 1 1 0 0 0 0 0 0 0 0 0 0 0 0 0 0 0 0 0 0 
0 0 0 0 1 0 0 0 0 0 0 0 0 2 1 0 0 1 2 1 0 1 0 1 1 0 0 0 0 0 0 0 0 0 0 0 0 0 0 0 
1 0 0 0 0 0 0 0 0 0 0 0 0 0 0 0 0 0 3 0 1 1 3 0 1 0 0 0 1 0 0 0 0 0 1 0 0 0 0 0 
0 0 0 0 0 0 0 0 0 0 0 0 0 0 1 0 0 1 1 0 0 1 1 0 0 0 0 0 0 1 0 0 0 0 0 0 0 0 0 0 
0 0 0 0 0 0 0 0 1 0 0 1 0 0 0 0 3 1 1 0 0 0 0 0 0 0 0 0 0 0 0 0 0 0 0 0 0 0 0 0 
0 0 0 0 0 0 0 0 0 0 0 0 1 0 0 0 0 1 0 1 0 2 0 1 1 0 0 1 0 0 0 0 0 0 0 0 0 0 0 0 
0 0 0 0 0 0 0 0 0 0 0 0 0 1 1 0 0 1 0 0 1 1 0 0 0 0 0 0 0 0 0 0 0 0 0 0 0 0 0 0 
0 0 0 0 0 0 0 0 0 0 0 0 0 0 0 0 1 2 0 0 0 0 0 0 1 0 0 0 0 0 0 0 0 0 0 0 0 0 0 0 
0 0 0 0 0 0 0 0 0 1 0 0 0 0 0 0 0 0 0 0 0 2 1 0 0 0 0 1 0 0 0 0 0 0 0 0 0 0 0 0 
0 0 0 1 0 0 0 0 0 1 0 1 0 0 1 0 0 0 1 2 0 0 0 0 0 0 0 0 0 0 0 0 0 0 0 0 0 0 0 0 
0 0 0 0 0 0 0 0 0 0 0 0 0 0 1 0 0 1 0 0 0 0 1 0 0 0 0 0 0 0 0 0 0 0 0 0 0 0 0 0 
0 0 0 0 0 0 0 0 0 0 0 0 0 1 0 0 1 1 0 0 0 0 2 0 1 1 0 0 0 0 0 0 0 0 0 0 0 0 0 0 
0 0 0 0 0 0 0 0 0 1 0 0 0 0 1 1 0 2 0 0 0 0 0 0 0 0 0 0 0 0 0 0 0 0 0 0 0 0 0 0 
0 0 1 0 0 0 0 0 0 0 0 0 1 1 0 0 1 1 0 2 0 0 1 1 0 0 0 0 0 0 0 0 0 0 0 0 0 0 0 0 
0 0 0 0 0 0 0 0 0 1 0 0 0 0 0 0 0 0 0 0 2 0 1 0 1 1 0 0 0 0 0 0 0 0 0 0 0 0 0 0 
0 0 0 0 0 0 0 0 0 0 0 1 1 1 0 0 0 0 2 0 0 4 0 1 0 0 0 0 0 1 0 0 0 0 0 0 0 0 0 0 
0 0 0 0 0 0 0 0 0 0 0 0 0 1 1 0 1 2 1 1 1 0 0 1 2 1 0 0 1 0 0 0 0 0 0 0 0 0 0 0 

0 0 0 0 0 0 0 0 0 0 0 0 1 0 1 0 0 3 1 6 1 6 1 0 3 0 0 0 0 0 0 0 0 0 0 0 0 0 0 0 
0 0 0 0 0 0 0 0 0 0 0 0 0 0 0 0 0 1 1 3 3 2 0 2 0 0 0 0 0 0 0 0 1 0 0 0 0 0 0 0 
0 0 0 0 1 0 0 0 0 0 0 0 0 0 0 0 1 0 1 0 2 0 0 2 1 0 0 0 0 0 0 0 0 0 0 0 0 0 0 0 
0 0 0 0 0 0 0 0 0 0 0 0 0 0 1 0 0 0 1 0 4 4 4 1 0 0 0 0 0 0 0 0 0 0 0 0 0 0 0 0 
0 0 0 0 0 0 0 0 0 0 0 0 0 0 0 0 2 2 0 1 3 2 2 1 0 0 0 0 0 0 0 0 0 0 0 0 0 0 0 0 
0 0 0 0 0 0 0 0 0 0 0 0 0 0 0 1 1 1 0 0 1 3 3 5 1 0 0 0 0 0 0 0 0 0 0 0 0 0 0 0 
0 0 0 0 0 0 0 0 0 0 0 0 1 2 0 1 0 1 1 1 1 2 0 0 0 0 1 0 0 0 0 0 0 0 0 0 0 0 0 0 
0 0 0 0 0 0 0 0 0 1 1 0 1 0 0 0 1 1 0 0 1 0 1 0 0 1 0 0 0 0 0 0 0 0 0 0 0 0 0 0 
0 0 0 0 0 0 0 0 0 0 0 0 1 1 0 0 0 0 1 0 1 1 0 0 0 0 0 0 1 0 0 0 0 0 0 0 0 0 0 0 
0 0 0 0 0 0 0 0 0 0 0 0 0 0 0 0 0 0 1 1 1 0 1 0 1 0 0 0 0 0 0 0 0 0 0 0 0 0 0 0 
0 0 0 0 0 0 0 1 0 0 0 1 1 0 0 0 1 0 0 1 1 2 1 0 0 0 0 0 0 0 0 0 0 0 1 0 0 0 0 0 
0 0 0 0 0 0 0 0 0 0 0 0 0 0 0 0 1 0 0 0 0 0 0 0 0 0 0 0 0 0 0 0 0 0 0 0 0 0 0 0 
0 0 0 0 0 0 0 0 0 0 0 0 0 0 0 0 0 0 0 1 1 0 0 0 0 0 1 0 0 0 0 0 0 0 0 0 0 0 0 0 
0 0 0 0 0 0 0 0 0 0 0 0 0 0 1 3 0 0 1 0 0 0 0 0 0 0 0 0 0 0 0 0 0 0 0 0 0 0 0 0 
0 0 0 0 0 0 0 0 0 0 0 0 1 0 1 0 0 0 0 0 0 0 0 0 0 1 0 0 1 0 0 0 0 0 0 0 0 0 0 0 
0 0 0 0 0 0 0 0 0 0 0 0 0 0 0 0 1 1 1 0 0 0 0 1 1 1 0 0 0 0 0 0 0 0 0 0 0 0 0 0 
0 0 0 0 0 0 0 0 0 0 0 0 0 0 0 0 0 0 1 0 0 2 0 0 0 0 0 0 0 0 0 0 0 0 0 0 0 0 0 0 
0 0 0 0 0 0 0 0 0 0 0 0 0 0 0 0 0 0 0 0 0 0 0 0 1 0 0 0 0 0 0 0 0 0 0 0 0 0 0 0 
0 0 0 0 0 0 0 0 0 0 0 0 0 0 1 1 2 0 0 0 1 0 0 0 0 0 0 0 0 0 0 0 0 0 0 0 0 0 0 0 
0 0 0 0 0 0 0 0 1 0 0 1 0 0 1 0 1 1 0 0 2 0 0 0 0 0 0 0 0 0 0 0 0 0 0 0 0 0 0 0 
0 0 0 0 0 0 0 0 0 0 0 0 0 0 1 0 0 0 0 0 0 1 0 0 0 0 0 0 0 0 0 0 0 0 0 0 0 0 0 0 
0 0 0 0 0 0 0 0 0 0 0 0 0 1 0 0 0 1 0 0 1 0 0 1 1 0 0 0 0 0 0 0 0 0 0 0 0 0 0 0 
0 0 0 0 0 1 0 0 0 0 1 2 0 0 0 1 0 0 3 2 1 2 1 0 0 0 0 0 0 0 0 0 0 0 0 0 0 0 0 0 
0 0 0 0 0 0 0 0 0 0 0 0 0 0 0 0 0 1 1 0 0 0 0 0 0 0 0 0 0 0 0 0 0 0 0 0 0 0 0 0 

0 0 0 0 0 0 0 0 0 0 0 0 0 0 0 1 0 2 0 1 3 2 1 0 0 0 0 0 0 0 0 0 0 0 0 0 0 0 0 0 
0 0 0 0 0 0 0 0 0 0 0 0 0 0 0 0 0 1 0 1 4 3 2 0 0 0 0 0 0 0 0 0 0 0 0 0 0 0 0 0 
0 0 0 0 0 0 0 0 0 0 0 0 0 0 2 1 0 0 0 0 3 0 0 0 0 0 0 0 0 0 0 0 0 0 0 0 0 0 0 0 
0 0 0 0 0 0 0 0 0 0 0 0 0 0 0 1 0 1 2 1 0 1 0 1 0 0 0 0 0 0 0 0 0 0 0 0 0 0 0 0 
0 0 0 0 0 0 0 0 0 0 0 1 1 0 0 0 0 0 0 1 1 1 1 0 0 0 0 0 0 0 0 0 0 0 1 0 0 0 0 0 
1 0 0 0 0 0 0 0 1 1 0 0 0 0 1 1 0 0 0 1 0 2 0 0 0 0 0 0 0 0 0 0 0 0 0 0 0 0 0 0 
0 0 0 0 0 0 0 0 0 0 0 0 0 0 2 0 0 0 1 0 3 1 1 0 2 0 0 0 0 0 0 0 0 0 0 0 0 0 0 0 
0 0 0 0 0 0 0 0 0 0 0 0 1 0 1 0 1 0 0 1 0 2 0 0 0 0 0 0 0 0 0 0 0 0 0 0 0 0 0 0 
0 0 0 0 0 0 0 0 0 0 0 0 0 0 0 0 0 0 1 0 0 0 1 0 1 0 0 1 0 0 0 0 0 0 0 0 0 0 0 0 
0 0 0 0 0 0 0 0 1 0 0 0 0 0 0 0 0 1 0 0 0 0 0 0 1 0 0 0 0 0 0 0 0 0 0 0 0 0 0 0 
0 0 0 0 0 0 0 0 0 0 0 0 1 0 0 0 0 0 1 0 0 1 0 0 0 0 0 0 0 0 0 0 0 0 0 0 0 0 0 0 
0 0 0 0 0 0 0 1 0 0 0 0 0 0 0 0 0 0 2 0 0 0 0 0 0 0 0 0 0 0 0 0 0 0 0 0 0 0 0 0 
0 0 0 0 0 0 0 0 1 1 0 0 0 0 0 1 0 0 1 0 0 0 2 0 1 0 0 0 0 0 0 0 0 0 0 0 0 0 0 0 
0 0 0 0 0 0 0 0 0 0 0 2 0 0 1 0 0 0 0 0 0 0 1 1 1 0 0 0 0 0 0 0 0 0 0 0 0 0 0 0 
0 0 0 0 0 0 0 0 0 1 0 0 0 0 0 1 1 0 0 0 0 2 1 0 0 0 0 0 0 0 0 0 0 0 0 0 0 0 0 0 
0 0 0 0 0 0 0 0 0 0 0 0 0 0 0 0 0 0 1 0 2 3 0 0 0 0 0 0 0 0 0 0 0 0 0 0 0 0 0 0 
0 0 0 0 0 0 0 0 0 0 0 0 0 0 0 0 0 1 0 0 0 0 0 1 0 0 0 0 0 0 0 0 0 0 0 0 0 0 0 0 
0 0 0 0 0 0 0 0 0 1 0 0 0 0 0 0 0 0 0 0 0 0 0 0 0 0 0 0 0 0 1 0 0 0 0 0 0 0 0 0 
0 0 0 0 0 0 0 0 0 0 0 1 0 0 0 0 0 0 0 0 0 0 0 0 1 0 0 0 0 0 0 0 0 0 0 0 0 0 0 0 
0 0 0 0 0 0 0 0 0 0 0 0 0 0 0 0 0 0 0 0 0 1 0 0 0 0 0 0 0 0 0 0 0 0 0 0 0 0 0 0 
0 0 0 0 0 0 0 0 0 0 0 0 0 0 0 0 0 0 0 0 0 0 0 0 0 0 0 0 0 0 0 0 0 0 0 0 0 0 0 0 
0 0 0 0 0 0 0 1 0 0 0 0 0 1 0 0 1 0 0 0 0 0 1 0 0 0 0 0 0 0 0 0 0 0 0 0 0 0 0 0 
0 0 0 0 0 0 0 0 0 0 0 0 1 0 0 0 0 1 1 0 0 0 0 0 0 0 0 0 0 0 0 0 0 0 0 0 0 0 0 0 
0 0 0 0 0 0 0 0 0 0 1 0 0 0 0 0 0 0 0 0 0 0 0 2 0 0 0 0 0 0 0 0 0 0 0 0 0 0 0 0 

0 0 0 0 0 0 0 0 0 0 1 1 1 0 0 0 1 0 1 0 0 1 0 0 0 0 0 0 0 0 0 0 0 0 0 0 0 0 0 0 
0 0 0 0 0 0 0 0 0 0 0 0 0 0 0 0 0 0 2 0 0 0 0 0 0 0 0 0 0 0 0 0 0 0 0 0 0 0 0 0 
0 0 0 0 0 0 0 0 0 0 0 0 0 0 0 0 0 0 0 0 0 0 1 0 1 0 0 0 0 0 0 0 0 0 0 0 0 0 0 0 
0 0 0 0 0 0 0 0 0 0 0 1 0 0 0 0 0 0 1 0 1 1 0 0 0 0 0 0 0 0 0 0 0 0 0 0 0 0 0 0 
0 0 0 1 0 0 0 0 0 0 0 0 0 1 1 1 0 0 1 1 1 0 1 0 0 0 0 0 0 0 0 0 0 0 0 0 0 0 0 1 
0 0 0 0 0 0 0 0 0 0 0 0 0 0 0 1 1 1 0 1 0 0 1 0 0 0 1 0 0 0 0 0 0 0 0 0 0 0 0 0 
0 0 0 0 0 0 0 0 0 0 0 0 0 0 1 1 0 0 0 0 1 0 0 0 0 0 0 0 0 0 0 0 0 0 0 0 0 0 0 0 
0 0 0 0 0 0 0 0 0 0 0 0 0 0 2 0 2 0 1 1 0 0 0 0 0 0 0 0 0 0 0 0 0 0 0 0 0 0 0 0 
0 0 0 0 0 0 0 0 0 0 0 0 0 0 0 0 0 0 0 0 1 0 1 0 0 0 0 0 0 0 0 0 0 0 0 0 0 0 0 0 
0 0 0 0 0 0 0 0 0 0 0 0 0 0 0 1 0 0 0 1 0 0 1 0 1 0 1 0 0 0 0 0 0 0 0 0 0 0 0 0 
0 0 0 1 0 0 0 0 0 0 0 0 0 0 1 0 1 2 0 1 0 1 0 0 0 0 0 0 0 0 0 0 0 0 0 0 0 0 0 0 
0 0 0 0 0 0 0 0 0 0 0 0 0 0 0 0 0 0 0 0 0 0 0 1 0 0 0 0 0 0 0 0 0 0 0 0 0 0 0 0 
0 0 0 0 0 0 0 0 0 0 0 0 1 0 0 0 0 0 0 1 0 1 0 0 0 0 0 0 0 0 1 0 0 0 0 0 0 0 1 0 
0 0 0 0 0 0 0 0 0 0 1 0 0 0 1 2 0 0 0 1 0 1 0 0 0 0 0 0 0 0 0 0 0 0 0 0 0 0 0 0 
0 0 0 0 0 0 0 0 0 0 0 0 0 0 0 0 0 0 0 0 0 1 0 0 0 0 0 0 0 0 0 0 0 0 0 0 0 0 0 0 
0 0 0 0 0 0 0 0 0 1 0 0 0 0 0 0 0 0 1 1 0 0 0 0 0 0 0 0 0 0 0 0 0 0 0 0 0 0 0 0 
0 0 0 0 0 0 0 0 0 0 0 0 0 1 1 0 0 0 0 0 0 0 0 1 0 0 0 0 0 0 0 0 0 0 0 0 0 0 0 0 
0 0 0 0 0 0 0 0 0 0 0 0 0 1 0 0 0 0 0 0 0 0 0 1 1 0 0 0 0 0 0 0 0 0 0 0 0 0 0 0 
0 0 1 0 0 0 0 0 0 0 0 0 0 0 0 0 1 0 3 0 0 0 0 0 0 0 0 0 0 0 0 0 0 0 0 0 0 0 0 0 
0 0 0 0 0 0 0 0 0 0 0 0 1 0 0 0 0 0 1 0 0 0 0 0 0 1 0 0 0 0 0 0 0 0 0 0 0 0 0 0 
0 0 0 0 0 0 0 0 0 1 0 0 0 0 0 0 1 0 0 0 0 0 1 0 0 0 0 0 0 0 0 0 0 0 0 0 0 0 0 0 
0 0 0 0 0 0 0 0 0 0 0 0 0 0 0 0 1 0 0 1 1 0 0 0 0 0 0 0 0 0 0 0 0 0 0 0 0 0 0 0 
0 0 0 0 0 0 0 0 0 0 0 0 0 0 0 0 0 0 0 2 0 1 0 0 0 0 0 0 0 0 0 0 0 0 0 0 0 0 0 0 
0 0 0 0 0 0 0 0 0 0 0 0 0 0 0 1 0 0 0 0 0 1 0 0 0 0 0 0 0 0 0 0 0 0 0 0 0 0 0 0 

0 0 0 0 0 0 0 0 0 0 0 1 0 0 0 0 0 0 0 1 1 1 0 0 0 0 0 0 1 0 0 0 0 0 0 0 0 0 0 0 
0 0 0 0 1 0 0 0 0 0 0 0 0 0 0 0 0 0 1 0 0 0 0 0 0 0 2 0 0 0 0 0 0 0 0 0 0 0 0 0 
0 0 0 0 0 0 0 0 0 0 0 0 0 0 1 0 0 0 0 0 0 0 1 0 0 0 0 0 0 0 0 0 0 0 0 0 0 0 0 0 
0 0 0 0 0 0 0 0 0 0 0 0 0 0 0 0 0 0 0 0 0 0 1 0 0 0 0 0 0 0 0 0 0 0 0 0 0 0 0 0 
0 0 0 0 0 0 0 0 0 0 0 0 0 0 0 0 0 0 0 1 0 0 0 0 0 0 0 0 0 0 0 0 0 0 0 0 0 0 0 0 
0 0 0 0 0 0 0 0 0 0 0 0 0 0 0 0 1 0 0 1 3 0 0 0 0 0 0 0 0 0 0 0 0 0 0 0 0 0 0 0 
0 0 0 0 0 0 0 0 0 0 0 0 0 0 0 0 0 0 0 0 1 0 0 0 0 0 0 0 0 0 0 0 0 0 0 0 0 0 0 0 
0 0 0 0 0 0 1 0 0 0 0 0 0 0 0 0 0 0 0 0 0 0 0 0 0 0 0 0 0 0 0 0 0 0 0 0 0 0 0 0 
0 0 0 0 0 0 0 0 0 0 0 0 0 0 0 0 0 0 1 0 1 0 0 0 0 0 0 0 0 0 0 0 0 0 0 0 0 0 0 0 
0 0 0 0 0 0 0 0 0 0 0 0 0 0 0 0 1 0 0 0 2 1 1 0 0 1 0 0 0 0 0 0 0 0 0 0 0 0 0 0 
0 0 0 0 0 0 0 0 0 0 0 0 0 0 1 0 0 0 0 0 1 0 0 0 0 0 0 1 0 0 0 0 0 0 0 0 0 0 0 0 
0 1 0 0 0 0 0 0 0 0 0 0 0 0 0 0 0 0 0 0 0 0 0 0 0 0 0 0 0 0 0 0 0 0 0 0 0 0 0 0 
0 0 0 0 0 0 0 1 1 0 0 0 0 0 0 0 0 0 0 0 0 0 0 0 0 0 0 0 0 0 0 0 0 0 0 0 0 0 0 0 
0 0 0 0 0 0 0 0 0 0 0 1 0 0 0 0 1 0 0 0 0 0 0 0 0 0 0 1 0 0 0 0 0 0 0 0 0 0 0 0 
0 0 0 0 0 0 0 0 0 0 0 0 0 0 0 0 0 0 0 0 0 0 0 0 0 0 0 0 0 0 0 0 0 0 0 0 0 1 0 0 
0 0 1 0 0 0 0 0 0 0 0 0 0 0 0 0 0 0 0 0 0 0 0 0 0 0 0 0 0 0 0 0 0 0 0 0 0 0 0 0 
0 0 0 0 0 0 0 0 0 0 0 0 1 0 0 0 0 0 1 1 0 0 0 0 0 0 0 0 0 0 0 0 0 0 0 0 0 0 0 0 
0 0 0 0 0 0 0 0 0 0 0 0 0 1 0 0 0 0 0 0 0 1 0 0 0 0 0 0 0 0 0 0 0 0 0 0 0 0 0 0 
0 0 0 0 0 0 0 0 0 0 0 0 1 0 0 0 0 0 0 1 0 0 1 0 0 0 0 0 0 0 0 0 0 0 0 0 0 0 0 0 
0 0 0 0 0 0 0 0 0 0 0 0 0 0 0 0 0 1 0 0 0 0 0 0 0 0 0 0 0 1 0 0 0 0 0 0 0 0 0 0 
0 0 0 0 0 0 0 0 0 0 0 0 0 0 0 0 0 0 0 0 0 0 0 0 0 0 0 0 0 0 0 0 0 0 0 0 0 0 0 0 
0 0 0 0 0 0 0 0 0 0 0 0 0 0 0 0 2 0 0 0 0 0 1 0 1 0 0 0 0 0 0 0 0 0 0 0 0 0 0 1 
0 0 0 0 0 0 0 0 0 0 0 0 0 0 0 1 0 1 0 0 0 0 1 0 0 0 0 0 0 0 0 0 0 0 0 0 0 0 0 0 
0 0 0 0 0 0 0 0 0 0 0 0 0 0 0 0 0 0 0 1 0 0 0 0 0 0 0 0 0 0 0 0 0 0 0 0 0 0 0 0 

0 0 0 0 0 0 0 0 0 0 0 0 0 0 0 0 0 0 0 0 0 0 0 0 0 0 0 0 0 0 0 0 0 0 0 0 0 0 0 0 
0 1 0 0 0 0 0 1 0 0 0 0 0 0 0 0 0 0 0 0 0 0 0 0 0 0 0 0 0 0 1 1 0 0 0 0 0 0 0 0 
0 0 0 0 0 0 0 0 0 0 0 0 0 0 0 0 0 0 0 0 0 0 0 0 1 1 0 0 0 0 0 0 0 0 0 0 0 0 0 0 
0 0 0 0 0 0 0 0 0 0 0 0 0 0 0 0 0 0 0 0 0 0 0 0 0 0 0 0 0 0 0 0 0 0 0 0 0 0 0 0 
0 0 0 0 0 0 0 0 0 0 0 0 0 0 0 0 0 0 0 0 0 0 0 0 0 0 0 0 0 0 0 0 0 0 0 0 0 0 0 0 
0 0 0 0 0 0 0 0 0 0 0 0 0 0 0 0 0 1 0 0 1 0 0 0 0 0 0 0 0 0 0 0 0 0 0 0 0 0 0 0 
0 0 0 0 0 0 0 0 0 0 0 0 0 0 1 0 0 0 3 0 0 0 1 0 0 0 0 0 0 0 0 0 0 0 0 0 0 0 0 0 
1 0 0 0 0 0 0 0 0 0 0 0 0 0 0 2 0 0 0 0 0 0 0 1 0 0 0 0 0 0 0 0 0 0 0 0 0 0 0 0 
0 0 0 0 0 0 0 0 0 0 0 0 0 0 0 0 0 0 0 0 1 0 0 0 0 0 0 0 0 0 0 0 0 0 0 0 0 0 0 0 
0 0 0 1 0 0 0 0 0 0 1 0 0 0 0 0 0 0 0 0 0 0 0 0 0 0 0 0 0 0 0 0 0 0 0 0 0 0 0 0 
0 0 0 0 0 0 0 0 0 0 0 0 0 0 0 0 1 1 0 1 1 0 1 0 0 0 0 0 0 0 0 0 0 0 0 0 0 0 0 0 
0 0 0 0 0 0 0 0 0 0 0 0 0 0 1 0 0 0 0 0 0 0 0 0 0 0 0 0 0 0 0 0 0 0 0 0 0 0 0 0 
0 0 0 0 0 0 0 0 0 0 0 0 0 0 0 0 0 0 0 0 0 0 0 0 0 0 0 0 0 0 0 0 0 0 0 0 0 0 0 0 
0 0 0 0 0 0 0 0 0 0 0 0 0 0 1 0 0 0 0 2 0 1 0 0 0 0 0 0 0 0 0 0 0 0 0 0 0 0 0 0 
0 0 0 0 0 0 0 0 0 0 0 0 1 0 1 0 0 0 0 0 0 0 0 0 0 0 0 0 0 0 0 0 0 0 0 0 0 0 0 0 
0 0 0 0 0 0 0 0 0 0 0 0 0 0 0 0 0 0 0 1 0 0 0 0 0 0 0 0 0 0 0 0 0 0 0 0 0 0 0 0 
0 0 0 0 0 0 0 0 0 0 0 0 0 0 0 1 0 0 0 0 0 0 0 0 1 0 0 0 0 0 0 0 0 0 0 0 0 0 0 0 
0 0 0 0 0 0 0 0 0 0 0 0 0 0 0 0 0 0 0 0 0 1 0 0 0 0 0 0 0 0 0 0 0 0 0 0 0 0 0 0 
0 0 0 0 0 0 0 0 0 0 0 0 0 0 0 0 0 0 0 0 0 0 0 0 0 0 1 0 0 0 0 0 0 0 0 0 0 0 0 0 
0 0 0 0 0 0 0 0 0 0 0 0 0 0 0 1 0 0 0 0 0 0 0 0 0 0 0 0 0 0 0 0 0 0 0 0 0 0 0 0 
0 0 0 0 0 0 0 0 0 0 0 0 0 0 0 0 0 0 0 0 0 0 0 0 0 0 0 0 0 0 0 0 0 0 0 0 0 0 0 0 
0 0 0 0 0 0 0 0 0 0 0 1 0 0 0 0 1 0 0 0 0 0 0 0 0 0 0 0 0 0 0 0 0 0 0 0 0 0 0 0 
0 0 0 0 0 0 0 0 0 0 1 0 0 0 1 0 0 0 0 1 0 0 0 0 1 1 0 0 1 0 0 0 0 0 0 0 0 0 0 0 
0 0 0 0 0 0 0 0 0 0 0 0 0 0 0 0 1 0 0 0 0 0 0 0 0 0 0 0 0 0 0 0 0 0 0 0 0 0 0 0 

0 0 0 0 0 0 0 0 0 0 0 0 0 0 0 0 0 0 1 0 0 1 0 0 0 0 0 0 0 0 0 0 0 0 0 0 0 0 0 0 
0 0 0 0 0 0 0 0 0 0 0 0 0 0 0 0 0 1 1 1 0 0 0 0 0 0 0 0 0 1 0 0 0 0 0 0 0 0 0 0 
0 0 0 0 0 0 0 0 0 0 0 0 0 0 0 0 0 0 0 0 0 0 0 0 0 0 0 0 0 0 0 0 0 0 0 0 0 0 0 0 
0 0 0 0 0 0 0 0 0 0 0 0 0 0 0 0 0 0 0 0 0 0 1 0 0 0 0 1 0 0 0 0 0 0 0 0 0 0 0 0 
0 0 0 0 0 0 0 0 0 0 0 0 0 0 0 0 0 0 0 0 0 0 1 0 0 0 0 0 0 0 0 0 0 0 0 0 0 0 0 0 
0 0 0 0 0 0 0 0 0 0 0 0 0 0 0 0 0 0 0 0 0 0 0 0 0 0 0 0 0 0 0 0 0 0 0 0 0 0 0 0 
0 0 0 0 0 0 0 0 0 0 0 0 0 0 0 0 1 0 0 0 0 0 0 0 0 0 0 0 0 0 0 0 0 0 0 0 0 0 0 0 
0 0 0 0 0 0 0 0 0 0 0 0 0 0 0 1 0 0 1 0 0 0 0 0 0 0 0 0 0 0 0 0 0 0 0 0 0 0 0 0 
0 0 0 0 0 0 0 0 0 0 0 0 0 0 0 0 0 0 1 0 0 0 0 0 0 0 1 0 0 0 0 0 0 0 0 0 0 0 0 0 
0 0 0 0 0 0 0 0 0 0 0 0 0 0 0 0 0 0 0 0 0 0 0 0 1 0 0 0 0 0 0 0 0 0 0 0 0 0 0 0 
0 0 0 0 0 0 0 0 0 0 1 0 0 1 0 0 0 0 0 0 0 0 0 0 0 0 0 0 0 0 0 0 0 0 0 0 0 0 0 0 
0 0 0 0 0 0 0 1 0 0 0 0 0 0 0 0 0 0 0 0 0 0 0 0 0 0 0 0 0 0 0 0 0 0 0 0 0 0 0 0 
0 0 0 0 0 0 0 0 0 0 0 0 0 0 0 0 0 0 0 0 0 0 0 0 0 0 1 0 0 0 0 0 0 0 0 0 0 0 0 0 
0 0 0 0 0 0 0 0 0 0 0 0 0 0 0 0 0 0 0 0 0 0 0 0 0 0 0 0 0 0 0 0 0 0 0 0 0 0 0 0 
0 0 0 0 0 0 0 0 0 0 0 1 0 0 0 0 0 0 0 0 0 0 0 0 0 0 0 0 0 0 0 1 0 0 0 0 0 0 0 0 
0 0 0 0 0 0 0 0 0 0 0 0 0 0 0 0 1 1 1 0 0 0 0 0 0 0 0 0 0 0 0 0 0 0 0 0 0 0 0 0 
0 0 0 0 0 0 0 0 0 0 0 0 0 0 0 0 0 0 0 0 0 0 0 0 0 0 0 1 0 0 0 0 0 0 0 0 0 0 0 0 
0 0 0 0 0 0 0 0 0 0 0 0 0 0 0 0 0 0 0 0 0 0 0 0 0 0 0 0 0 0 0 0 0 0 0 0 0 0 0 0 
0 0 0 0 0 0 0 0 0 0 0 0 0 0 0 0 1 0 0 0 0 0 1 0 0 0 0 0 0 0 0 0 0 0 0 0 0 0 0 0 
0 0 0 0 0 0 0 0 0 0 1 0 0 0 0 0 0 0 0 0 0 0 0 0 0 0 0 0 0 0 0 0 0 0 0 0 0 0 0 0 
0 0 0 0 0 0 0 0 0 0 0 0 0 0 0 0 0 0 0 0 0 1 0 0 0 0 0 0 0 0 0 0 0 0 0 0 0 0 0 0 
0 0 0 0 0 0 0 0 0 0 0 0 0 0 0 0 0 0 0 0 0 0 1 1 0 0 0 0 0 0 0 0 0 0 0 0 0 0 0 0 
0 0 0 0 0 0 0 0 0 0 0 0 0 0 0 0 0 0 0 0 0 0 0 0 0 0 0 0 0 0 0 0 0 0 0 0 0 0 0 0 
0 0 0 0 0 0 0 0 0 0 0 0 0 0 0 0 1 0 0 0 0 0 0 0 0 0 0 0 0 0 0 0 0 0 0 0 0 0 0 0 

1 0 0 0 0 0 0 0 0 0 0 0 0 0 0 0 0 0 0 0 0 0 0 0 0 0 0 0 0 0 0 0 0 0 0 0 0 0 0 0 
0 0 0 0 0 0 0 0 0 0 0 0 0 0 0 0 0 0 0 0 0 0 0 0 0 0 0 0 0 0 0 0 0 0 0 0 0 0 0 0 
0 0 0 0 0 0 0 0 0 0 0 0 0 0 0 0 1 0 0 0 1 0 0 0 0 0 0 0 0 0 0 0 0 0 0 0 0 0 0 0 
0 0 0 0 0 0 0 0 0 0 0 1 0 0 0 0 0 0 1 1 0 0 1 0 0 0 0 0 0 0 0 0 0 0 0 0 0 0 0 0 
0 0 0 0 0 0 0 0 0 0 0 0 0 0 1 0 0 0 0 0 0 0 0 1 0 0 0 0 0 0 0 0 0 0 0 0 0 0 0 0 
0 0 0 0 0 0 0 0 0 0 0 0 0 0 0 0 0 0 0 0 0 0 0 0 0 0 0 0 0 0 0 0 0 0 0 0 0 0 0 0 
0 0 0 0 0 0 0 0 0 0 0 0 0 0 0 0 0 0 0 0 0 0 1 0 0 0 0 0 0 0 0 0 0 0 0 0 0 0 0 0 
0 0 0 0 0 0 0 0 0 0 0 0 0 0 2 0 1 0 0 0 0 0 0 1 0 0 0 0 0 0 0 0 0 0 0 0 0 0 0 0 
0 0 0 0 0 0 0 0 0 0 0 0 0 0 0 0 0 0 0 0 0 0 0 0 0 0 0 0 0 0 0 0 0 0 0 0 0 0 0 0 
0 0 0 0 0 0 0 0 0 0 0 0 0 0 0 0 0 0 0 0 0 0 0 0 0 0 0 0 0 0 0 0 0 0 0 0 0 0 0 0 
0 0 0 0 0 0 0 0 0 0 0 0 0 0 0 0 0 0 0 0 0 0 0 0 0 0 0 0 0 0 0 0 0 0 0 0 0 0 0 0 
0 0 0 0 0 0 0 0 0 0 0 0 0 0 0 0 0 0 0 0 0 0 0 0 0 0 0 0 0 0 0 0 0 0 0 0 0 0 0 0 
0 0 0 0 0 0 0 0 0 0 0 0 0 0 0 0 0 1 0 0 0 0 0 0 0 0 0 0 0 0 0 0 0 0 0 0 0 0 0 0 
0 0 0 0 0 0 1 0 0 0 0 0 1 0 1 0 0 0 0 0 1 0 0 0 0 0 0 0 0 0 0 0 0 0 0 0 0 0 0 0 
0 0 0 0 0 0 0 0 0 0 0 0 0 0 0 0 0 0 0 0 0 0 0 0 0 0 0 0 0 0 0 0 0 0 0 0 0 0 0 0 
0 0 0 0 0 0 0 0 0 0 0 0 0 0 0 0 0 0 0 1 0 0 0 0 0 0 0 0 0 0 0 0 0 0 0 0 0 0 0 0 
0 0 0 0 0 0 0 0 0 0 0 0 0 0 1 0 0 0 0 0 0 1 0 2 0 0 0 0 0 0 0 0 0 0 0 0 0 0 0 0 
0 0 0 0 0 0 0 0 0 0 0 0 0 0 0 0 0 0 0 0 0 0 0 0 0 0 0 0 0 0 0 0 0 0 0 0 0 0 0 0 
0 0 0 0 0 0 0 0 0 0 0 0 0 0 0 2 0 0 0 1 0 0 0 0 0 0 0 0 0 0 0 0 0 0 0 0 0 0 0 0 
0 0 0 0 0 0 0 0 0 0 0 0 0 0 1 0 0 0 0 0 0 0 0 0 0 0 0 0 0 0 0 0 0 0 0 0 0 0 0 0 
0 0 0 0 0 0 0 0 0 0 0 0 0 0 0 0 0 0 0 0 0 0 0 0 0 0 0 0 0 0 0 0 0 0 0 0 0 0 0 0 
0 0 0 0 0 0 0 0 0 0 0 0 0 0 0 0 0 0 0 0 0 0 0 1 0 0 0 0 0 0 0 0 0 0 0 0 0 0 0 0 
0 0 0 0 0 0 0 0 0 0 0 0 0 0 0 0 1 0 1 0 0 0 0 0 0 0 0 1 0 0 0 0 0 0 0 0 0 0 0 0 
0 0 0 0 0 0 0 0 0 0 0 0 0 1 0 0 0 0 0 0 1 0 0 0 0 0 0 0 0 0 0 0 0 0 0 0 0 0 0 0 

0 0 0 0 0 0 0 0 0 0 0 0 0 0 0 0 0 0 0 1 0 0 0 0 0 0 0 0 0 0 0 0 0 0 0 0 0 0 0 0 
0 0 0 0 0 0 0 0 0 0 0 0 0 0 0 0 0 0 0 0 0 0 0 0 0 0 0 0 0 0 0 0 0 0 0 0 0 0 0 0 
0 0 0 0 0 0 0 0 0 0 0 0 0 0 0 0 0 0 0 0 0 0 0 1 0 0 0 0 0 0 0 0 0 0 0 0 0 0 0 0 
0 0 0 0 0 0 0 0 0 0 0 0 0 0 0 0 0 0 0 0 0 0 0 0 0 0 0 0 0 0 0 0 0 0 0 0 0 0 0 0 
0 0 0 0 0 0 0 0 0 0 0 0 0 0 0 0 0 0 0 0 0 0 0 0 0 0 0 0 0 0 0 0 0 0 0 0 0 0 0 0 
0 0 0 0 0 0 0 0 0 0 0 0 0 0 0 0 0 0 0 0 0 0 0 0 0 0 0 1 0 0 0 0 0 0 0 0 0 0 0 0 
0 0 0 0 0 0 0 0 0 0 0 0 0 0 0 0 0 0 0 0 0 0 0 0 0 0 0 0 0 0 0 0 0 0 0 0 0 0 0 0 
0 0 0 0 0 0 0 0 0 0 1 0 0 0 0 1 0 0 0 0 0 0 0 0 0 0 0 0 0 0 0 0 0 0 0 0 0 0 0 0 
0 0 0 0 0 0 0 0 0 0 0 0 0 0 0 0 0 0 0 0 0 0 0 0 0 0 0 0 0 0 0 0 0 0 0 0 0 0 0 0 
0 0 0 0 0 0 0 0 0 0 0 0 0 0 0 0 0 0 0 0 0 0 0 1 0 0 0 0 0 0 0 0 0 0 0 0 0 0 0 0 
0 0 0 0 0 0 0 0 0 0 0 0 0 1 0 1 0 0 1 0 0 0 0 0 0 0 0 0 0 0 0 0 0 0 0 0 0 0 0 0 
0 0 0 0 0 0 0 0 0 0 0 0 0 0 0 0 0 0 0 0 0 0 0 0 0 0 1 0 0 0 0 0 0 0 0 0 0 0 0 0 
0 0 0 0 0 0 0 0 0 0 0 0 0 0 0 0 0 0 0 0 0 0 0 0 0 0 0 0 0 0 0 0 0 0 0 0 0 0 0 0 
0 0 0 0 0 0 0 0 0 0 0 0 0 0 0 0 0 2 0 0 0 0 0 0 0 0 0 0 0 0 0 0 0 0 0 0 0 0 0 0 
0 0 0 0 0 0 0 0 0 0 0 0 0 0 0 0 0 0 0 0 1 0 0 0 0 0 0 0 0 0 0 0 0 0 0 0 0 0 0 0 
0 0 0 0 0 0 0 0 0 0 0 0 0 0 0 0 0 0 0 0 0 0 0 0 0 0 0 0 0 0 0 0 0 0 0 0 0 0 0 0 
0 0 0 0 0 0 0 0 0 0 0 1 0 0 0 0 0 0 0 0 0 0 0 0 0 0 0 0 0 0 0 0 0 0 0 0 0 0 0 0 
0 0 0 0 0 0 0 0 0 0 0 0 0 0 0 0 0 0 0 0 0 0 0 0 0 0 0 0 0 0 0 0 0 0 0 0 0 0 0 0 
0 0 0 0 0 0 0 0 0 0 0 0 0 0 0 0 1 0 0 0 1 0 0 0 0 0 0 0 0 0 0 0 0 0 0 0 0 0 0 0 
0 0 0 0 0 0 0 0 0 0 0 0 0 0 0 0 0 0 0 0 0 0 0 0 0 1 0 0 0 0 0 0 0 0 0 0 0 0 0 0 
0 0 0 0 0 0 0 0 0 0 0 0 0 0 0 0 0 0 0 0 0 0 0 2 0 0 0 0 0 0 0 0 0 0 0 0 0 0 0 0 
0 0 0 0 0 0 0 0 0 0 0 0 0 0 0 0 0 0 0 0 0 0 0 0 0 0 0 0 0 0 0 0 0 0 0 0 0 0 0 0 
0 0 0 0 0 0 0 0 0 0 0 0 0 1 0 0 0 0 0 0 0 0 0 0 0 0 0 0 0 0 0 0 0 0 0 0 0 0 0 0 
0 0 0 0 0 0 0 0 0 0 0 1 0 0 0 0 0 0 0 0 0 0 0 0 1 0 0 0 0 0 0 0 0 0 0 0 0 0 0 0 

0 0 0 0 0 0 0 0 0 0 0 0 0 0 0 0 0 0 0 0 0 0 0 0 0 0 0 0 0 0 0 0 0 0 0 0 0 0 0 0 
0 0 0 0 0 0 0 0 0 0 0 0 0 0 0 0 0 0 0 0 0 0 0 0 0 0 0 0 0 0 0 0 0 0 0 0 0 0 0 0 
0 0 0 0 0 0 0 0 0 0 0 0 0 0 0 0 0 0 0 0 0 0 0 0 0 0 0 0 0 0 0 0 0 0 0 0 0 0 0 0 
0 0 0 0 0 0 0 0 1 0 0 0 0 0 0 0 0 0 0 0 0 0 0 0 1 0 0 0 0 0 0 0 0 0 0 0 0 0 0 0 
0 0 0 0 0 0 0 0 0 0 0 0 0 0 0 0 0 0 0 0 0 1 0 0 0 0 0 0 0 0 0 0 0 0 0 0 0 0 0 0 
0 0 0 0 0 0 0 0 0 0 0 0 0 0 0 0 0 0 1 0 0 0 0 0 0 0 0 0 0 0 0 0 0 0 0 0 0 0 0 0 
0 0 0 0 1 0 0 0 0 0 0 0 0 0 0 0 1 0 0 0 0 0 0 0 0 0 0 0 0 0 0 0 0 0 0 0 0 0 0 0 
0 0 0 0 0 0 0 0 0 0 0 0 0 0 0 0 0 0 0 0 0 0 0 0 0 0 0 0 0 0 0 0 0 0 0 0 0 0 0 0 
0 0 0 0 0 0 0 0 0 0 0 0 0 0 0 0 0 0 0 0 0 0 0 0 0 0 0 0 0 0 0 0 0 0 0 0 0 0 0 0 
0 0 0 0 0 0 0 0 0 0 0 0 0 0 0 0 0 0 0 0 0 0 0 0 0 0 1 0 0 0 0 0 0 0 0 0 0 0 0 0 
0 0 0 0 0 0 0 0 0 0 0 0 0 1 0 0 1 0 0 0 0 0 0 0 0 0 0 0 0 0 0 0 0 0 0 0 0 0 0 0 
0 0 0 0 0 0 0 0 0 0 0 0 0 0 0 0 0 0 0 0 1 0 0 0 0 0 0 0 0 0 0 0 0 0 0 0 0 0 0 0 
0 0 0 0 0 0 0 0 0 0 0 0 0 0 0 1 0 0 0 0 0 0 0 0 0 0 0 0 0 0 0 0 0 0 0 0 0 0 0 0 
0 0 0 0 0 0 0 0 0 0 0 0 0 0 2 0 1 0 0 0 0 0 0 0 0 1 1 0 0 0 0 0 0 0 0 0 0 0 0 0 
0 0 0 0 0 0 0 0 0 0 0 0 0 0 0 1 0 0 0 1 0 0 0 0 0 0 0 0 0 0 0 0 0 0 0 0 0 0 0 0 
0 0 0 0 0 0 0 0 0 0 0 0 0 0 0 0 0 0 0 0 0 0 0 0 0 0 0 0 0 0 0 0 0 0 0 0 0 0 0 0 
0 0 0 0 0 0 0 0 0 0 0 0 0 1 0 0 0 0 0 0 0 0 0 0 0 0 0 0 0 0 0 0 0 0 0 0 0 0 0 0 
0 0 0 0 0 0 0 0 0 0 0 0 0 0 0 0 0 0 0 0 0 0 0 0 0 0 0 0 0 0 0 0 0 0 0 0 0 0 0 0 
0 0 0 0 0 0 0 0 0 0 0 0 0 0 0 0 0 1 0 0 0 1 0 0 0 0 0 0 0 0 0 0 0 0 0 0 0 0 0 0 
0 0 0 0 0 0 0 0 0 0 0 0 0 0 0 0 0 0 0 0 0 0 0 0 0 0 0 0 0 0 0 0 0 0 0 0 0 0 1 0 
0 0 0 0 0 0 0 0 0 0 0 0 1 0 0 0 0 0 0 0 0 0 0 0 0 0 0 0 0 0 0 0 0 0 0 0 0 0 0 0 
0 0 0 0 0 0 0 0 0 0 0 0 0 0 0 0 0 0 0 0 0 0 0 0 0 0 0 1 0 0 0 0 0 0 0 0 0 0 0 0 
0 0 0 0 0 0 0 0 0 0 0 0 0 0 0 0 0 0 0 0 0 0 0 0 0 0 0 0 0 0 0 0 0 0 0 0 0 0 0 0 
0 0 0 0 0 0 0 0 0 0 0 0 0 0 0 0 0 0 0 0 0 0 0 0 0 0 0 0 0 0 0 0 0 0 0 0 0 0 0 0 

0 0 0 0 0 0 0 0 0 0 0 0 0 0 0 0 0 0 0 0 0 0 0 0 0 0 0 0 0 0 0 0 0 0 0 0 0 0 0 0 
0 0 0 0 0 0 0 0 0 0 0 0 0 0 0 0 0 0 0 0 0 0 0 0 0 0 0 0 0 0 0 0 0 0 0 0 0 0 0 0 
0 0 0 0 0 0 0 0 0 0 0 0 0 0 1 0 0 0 0 0 0 0 0 0 0 0 0 1 0 0 0 0 0 0 0 0 0 0 0 0 
0 0 0 0 0 0 0 0 0 1 0 0 1 0 0 0 0 0 0 0 0 0 0 0 0 0 0 0 0 0 0 0 0 0 0 0 0 0 0 0 
0 0 0 0 0 0 0 0 0 0 0 0 0 0 2 1 0 0 0 0 0 0 0 0 0 0 0 0 0 0 0 0 0 0 0 0 0 0 0 0 
0 0 0 0 0 0 0 0 0 0 0 0 0 0 0 0 0 0 1 0 1 0 0 0 0 0 0 0 0 1 0 0 0 0 0 0 0 0 0 0 
0 0 0 0 0 0 0 0 0 0 0 0 0 0 0 0 0 0 1 0 0 0 0 0 0 0 0 0 0 0 0 0 0 0 0 0 0 0 0 0 
0 0 0 0 0 0 0 0 0 0 0 0 0 0 0 0 1 0 0 0 0 0 0 0 0 0 0 0 0 0 0 0 0 0 0 0 0 0 0 0 
0 0 0 0 0 0 0 0 0 0 0 0 0 0 1 0 0 0 0 0 0 0 0 0 1 0 0 0 0 0 0 0 0 0 0 0 0 0 0 0 
0 0 0 0 0 0 0 0 0 0 0 0 0 0 0 0 0 0 0 0 0 1 0 0 0 0 0 0 0 0 0 0 0 0 0 0 0 0 0 0 
0 0 0 0 1 0 0 0 0 0 1 0 0 0 1 0 0 1 1 2 0 0 0 0 0 0 0 0 0 0 0 0 0 0 0 0 0 0 0 0 
0 0 0 0 0 0 0 0 0 0 0 0 0 0 1 0 0 0 1 0 0 0 0 0 1 0 0 0 0 0 0 0 0 0 0 0 0 0 0 0 
0 0 0 0 0 0 0 0 0 0 0 0 0 0 0 0 0 0 0 0 0 0 0 0 0 0 0 0 0 0 0 0 0 0 0 0 0 0 0 0 
0 0 0 0 1 0 0 0 0 0 0 0 0 0 0 1 0 0 0 0 0 0 0 0 0 0 0 0 0 0 0 0 0 0 0 0 0 0 0 0 
0 0 0 0 0 0 0 0 0 0 0 0 0 0 1 0 0 0 0 0 0 0 1 0 0 0 0 0 0 0 0 0 0 0 0 0 0 0 0 0 
0 0 0 0 0 0 0 0 0 0 0 0 0 0 0 0 0 0 0 0 0 0 0 0 1 0 0 0 0 0 0 0 0 0 0 0 0 0 0 0 
0 0 0 0 0 0 0 0 0 0 0 0 0 0 0 1 0 0 0 0 0 0 0 0 0 0 0 0 0 0 0 0 0 0 0 0 0 0 0 0 
0 0 0 0 0 0 0 0 0 0 0 0 0 0 0 0 1 0 0 0 0 0 0 0 0 0 1 0 0 0 0 0 0 0 0 0 0 0 0 0 
0 0 0 0 0 0 0 0 0 0 0 0 0 0 0 0 0 0 0 0 0 0 0 0 0 0 0 0 0 0 0 0 0 0 0 0 0 0 0 0 
0 0 0 0 0 0 0 1 0 0 0 0 0 0 0 0 0 0 0 0 0 1 0 0 0 0 0 0 0 0 0 0 0 0 0 0 0 0 0 0 
0 0 0 0 0 0 0 0 1 0 0 0 0 0 0 0 1 0 0 0 0 0 0 0 0 0 0 0 0 0 0 0 0 0 0 0 0 0 0 0 
0 0 0 0 0 0 0 0 0 0 0 0 0 0 0 0 0 0 1 0 0 0 0 0 0 0 0 0 0 0 0 0 0 0 0 0 0 0 0 0 
0 0 0 0 0 0 0 0 0 0 0 0 0 0 0 0 0 0 1 0 0 1 1 0 0 0 0 0 0 0 0 0 0 0 0 0 0 0 0 0 
0 0 0 0 0 0 0 0 0 0 0 0 0 0 0 0 0 0 0 0 0 0 0 0 0 0 0 0 0 0 0 0 0 0 0 0 0 0 0 0 

